0.029600282610736328 -0.0009468338280443911 0.26319226377059746
0.029594860604429236 -0.0007925089432449517 0.26319069422312713
0.029589958461590203 -0.0006926173990728923 0.26320542611026015
0.02957504958546122 -0.0005781923741925432 0.26319730033068445
0.02955584947655697 -0.00044455133746956754 0.26321337866460476
0.029542429176569462 -0.00033427012538556067 0.2632457162667041
0.02951825537601744 -0.0002225456527141234 0.26324183914494026
0.02950429248366023 -0.0001490200813478726 0.2632927888121843
0.02957524833380782 -0.0006418424741403417 0.2630511818723168
0.029466211684586734 -4.4518798569259665e-05 0.26318802667904667
0.029448745384962248 2.9478420002559957e-05 0.26319445765261684
0.029432189264228595 9.179249838414671e-05 0.26322512468217146
0.02936495543295127 0.0002533856653251232 0.2631768462632894
0.029328349733136735 0.00033332244685613244 0.26308696846959395
0.029263246844478077 0.00046005036746865624 0.2630316975846225
0.029192738189425776 0.0005905289534088864 0.2629584129049566
0.028599983224413997 0.0012066558966342678 0.2626260712485461
0.02824674157587622 0.0015129634978515716 0.262568429231104
0.027689366740359538 0.004561165783927901 0.26077413059679244
0.02765601435644615 0.004645995490997867 0.26065542332833047
0.02764683194250985 0.004721556429162721 0.2606771070203121
0.02762715929674584 0.004817711390185608 0.2607088449531264
0.027608742237274587 0.00483110211863752 0.2605961412184413
0.027589129561887665 0.004919802620112046 0.26060288706177925
0.02745144646723722 0.00539109509911484 0.26041394797640294
0.027413415525711145 0.005496773617484851 0.26041709390103013
0.027344855179040138 0.00563810167684764 0.2603775346720047
0.02721951704164978 0.005925709665168699 0.26038300722803187
0.027192464175519473 0.005970022739682168 0.2603056406799552
0.027155629815807908 0.0060625437300486085 0.2603320135748712
0.027115068058653567 0.006125598068886184 0.2602471516498971
0.02709131341911747 0.006191461236293105 0.26027823508567294
0.027021812069830668 0.006319509076342156 0.2602248205295473
0.026953228067019767 0.0064471417126890085 0.26019405796629935
0.02688236610070218 0.006583293625365194 0.2601427910666054
0.026865538754327067 0.006623157061491636 0.26017413581216453
0.02679589109773918 0.006759656090705668 0.2601323322291191
0.026761190467287983 0.006835191793440831 0.2601545855605235
0.026692575396596557 0.006972772603336508 0.26010804538409005
0.026629969866145006 0.007117327304421661 0.2600648152632127
0.01933560713659259 0.023180925044010925 0.2702387737153482
0.019304850352725403 0.023242753864176846 0.270310196101496
0.019271801474024283 0.02329972467301311 0.2703508099348183
0.01925358799743472 0.023332598045345543 0.2703961983569325
0.01913099113347709 0.023488877957702048 0.27042484765956976
0.019107712074103514 0.02351362038973187 0.27048901423071026
0.019053378688885167 0.023571363848341187 0.270543957044968
0.019006847296547877 0.023627344897979435 0.27048579597458106
0.01898166431272945 0.023646171766345064 0.27053601541059485
0.01893585803336595 0.023706612169314717 0.27044541245556725
0.018879427285575498 0.02375640741215418 0.27036392628376876
0.0188550083396814 0.023780375030756917 0.27042267815982335
0.018799975245234413 0.023821128930545943 0.270354725564085
0.01874519853285156 0.0238695010633998 0.27040808139547856
0.018653644205597647 0.023927727335394555 0.27040542588975014
0.018588202978766705 0.023962722587804353 0.2704547578422722
0.018554214518888848 0.02397972960874023 0.2705264616248364
0.01853967022316587 0.023988855809443377 0.2706061871748354
0.018453084969103598 0.02402874442394401 0.2706747295625397
0.018400450527947365 0.024045706562187075 0.27073326866631137
0.018344911008041212 0.024072134748954005 0.270686170508462
0.018292382205177676 0.02408398250710611 0.27076726025871745
0.018319776194563583 0.024084358060652677 0.2706160845027079
0.018277741330679956 0.02409605593903036 0.27068821582225594
0.01818333525511666 0.024123474401984285 0.2707701041858126
0.01814611213718971 0.024143429157906543 0.27069385767961146
0.018109744600029815 0.02414650298052967 0.2707844656674238
0.018034651620963557 0.024178499666654613 0.2707026770015099
0.02542472530611927 0.009292949068196166 0.25989535633479965
0.02539939630348209 0.009386335548578761 0.2599287577705046
0.02537647816315458 0.00946510946123802 0.25993264869947985
0.025358472377945043 0.009546007663861322 0.25997586897957276
0.025128593895921224 0.010180365808830083 0.25996868991876215
0.024683881861794085 0.011339031777821751 0.26031445489226734
0.024652665488165984 0.011413654832255926 0.26034782155024255
0.024626514631458096 0.011486955546384292 0.26037585885042847
0.02450411315485801 0.01175972982907908 0.26053346397923605
0.02448039035742359 0.01181346363372665 0.26056422346265146
0.024442415523833583 0.011897223648479727 0.2606260618693449
0.024416555481469954 0.011958498022455077 0.2606707710731275
0.024284058503736092 0.012217638752442028 0.26073800564424393
0.02076025509829775 0.02041755364808892 0.2656432170955241
0.020738920153613657 0.02045009250998761 0.2656768078085511
0.020698232273177283 0.02052003489300666 0.26575266734679914
0.02068216444130644 0.020544580108874805 0.26581117452718717
0.02062476372637498 0.020607597176498932 0.26587406885931186
0.020597342995082854 0.020627663412523395 0.2659071154168817
0.020975361325464473 0.02010764126593481 0.26521581919459136
0.020944023898393935 0.02016140259369842 0.2652801410089446
0.020906348917745746 0.020219264992993286 0.26530570747880255
0.02086752700573502 0.02026424587485781 0.2653749429531963
0.02083623070466184 0.02029921511355809 0.26544458275563615
0.020804121002843096 0.020345245235204146 0.26549376503751043
0.020592340471335555 0.02064303387371444 0.2657832459986263
0.020547880329194024 0.020677865090344583 0.265840150148816
0.020492269730404675 0.020712791031017558 0.2659179765226902
0.02044067436451119 0.020740539247079637 0.26596477265205676
0.0223257291943504 0.016549239920650383 0.2631964383584294
0.022285894467341104 0.016600595666755535 0.2632492933654399
0.021070203642571353 0.019922856637956343 0.26496858273035384
0.02104650975248132 0.019965051029430192 0.2649931266359222
0.021003609378445018 0.020043338967097007 0.2650560144823111
0.02096864778422708 0.02011413006447832 0.2651027962037553
0.0209568271103555 0.020146434776033173 0.26514531276265396
0.020916217816117313 0.020220636064599007 0.2651828913389529
0.020877606279640873 0.02025887444637603 0.26525718011273464
0.02044940021603149 0.020745227004039135 0.26583082470003827
0.020396827170386003 0.020770691665996377 0.2658844746913054
0.020349952886781056 0.02079356703497945 0.26596639221647805
0.020310153820244523 0.020812184646682108 0.26602735626684637
0.022880744142752762 0.015530781140673633 0.26225486145708876
0.02284805533562473 0.015602144852209676 0.26230663936226406
0.022827110279115284 0.015658894567256276 0.26233478789952536
0.022792405424187354 0.015730323999163964 0.26237964706694716
0.022772294952017186 0.015777807596678906 0.26240140940542733
0.022397028671325127 0.01645652639018491 0.2629649221226018
0.0223587371959494 0.016511195685437297 0.26301735361285483
0.022317192338528448 0.01657255207187336 0.26303550244106466
0.022137028000332792 0.016794509842850636 0.2633472565126424
0.022121615195035707 0.016799636258016115 0.26340755635012497
0.021230708300087192 0.01954924655907922 0.26458142359088127
0.02119889187501179 0.019621340816586008 0.26462233298870097
0.021174255806804584 0.01968669315883409 0.26465832553245633
0.02115539648658997 0.0197512590184393 0.2647142604438666
0.021131700627377237 0.01980411571171642 0.2647528616968512
0.021093510486688324 0.019863055046584838 0.26479545738042864
0.021067282566294185 0.019914797705645165 0.2648591718907474
0.02026435847943521 0.020834114239929646 0.26595314964113037
0.020210373509705795 0.020854757480422287 0.26603051611749623
0.023320851498482953 0.014117706463858348 0.2615187288501655
0.023279722911941768 0.014254616842420575 0.2615887707298595
0.023249111699008 0.014346258560562097 0.26162029305431056
0.023226140924837192 0.014410663274046387 0.26163958980831226
0.023211844801424644 0.01447128515655638 0.261686990226204
0.02318539541945528 0.014549533188652097 0.2616911183936662
0.023163958313461852 0.014627567280852238 0.2617587647153779
0.02313905614086506 0.014708750216873678 0.26178722316401615
0.02311902909391661 0.0147810707085555 0.26179673974288814
0.02310024198570204 0.014864008773423532 0.2618658971449568
0.023068175747248232 0.014954751650601339 0.26184474239388483
0.023049052315812654 0.01503034637878714 0.2619071401145214
0.02303387289078606 0.015086947730173383 0.26194708065253863
0.023009856128390724 0.015171004864202753 0.26196416861153976
0.022984803503302488 0.015258558024147606 0.26198309063468345
0.02296749141566702 0.01530769293496742 0.2620132283661911
0.022926041765877633 0.015408919822355094 0.26205925092915916
0.022896205664011307 0.01548073095287722 0.2620849216899302
0.022874260336421155 0.01553198290852914 0.26213276870173663
0.022855948791968075 0.015575474132477451 0.26218961530039675
0.02282494633609794 0.015650974527094574 0.2622181449331088
0.022802727785270135 0.015708514114315897 0.26224921273640267
0.02276357150910635 0.015797310465785253 0.2623016186616662
0.022743120413063103 0.015848432244865818 0.26232323230490995
0.022717185360258324 0.01590657973399473 0.26236050532925753
0.022685742173196702 0.015975769532581896 0.26241745974224606
0.022661364826985983 0.016024243889585454 0.26243955068620095
0.02261681180510261 0.016101018527621414 0.2625141165966125
0.02259836520266162 0.016139232768580647 0.26256451700183203
0.022575605919560753 0.016186459849162782 0.2626031628203953
0.022538559427032437 0.016253285009226626 0.26262307795217454
0.022493778029381094 0.01632775505994838 0.2626806095788672
0.022473826773766817 0.016363056310429502 0.26273532977636205
0.02243112412721058 0.016434393688219084 0.2627847757024552
0.022405851942069857 0.01646702042511966 0.2628153288151842
0.022368770907720492 0.01652045510387612 0.26289203503004177
0.02205611086716837 0.01685847915454164 0.2633391202590682
0.021299921688603174 0.019348555205383505 0.26433031053068345
0.021249841245838 0.019489002246556947 0.2644007144707583
0.021229552146097758 0.019551846349039004 0.2644641859518735
0.020114838098311313 0.02088358657347375 0.2660170867480579
0.023334445393916117 0.014027360504429598 0.261365795171985
0.023323527485301865 0.014078058461369614 0.26139574013038525
0.023292958748727645 0.01417678473345202 0.2614290084763761
0.023207618775617556 0.014453386867853912 0.2616034136501351
0.022975035688118796 0.015255496369555144 0.26187018450084787
0.022961075492669847 0.015311246898706332 0.26191844309637646
0.022560299629031 0.01620125069218592 0.26250161861508114
0.02241123178666688 0.01645743509466102 0.26269807841428033
0.02199598418749253 0.0168893471192344 0.26324898786673956
0.02196964432680794 0.01689973316301957 0.26330251546180605
0.021450267786741944 0.01888312967478556 0.26394402945537426
0.021386426837756496 0.019074964436426672 0.26407861577584824
0.02137089823510621 0.019128393902638735 0.26408964041824684
0.019996212471629457 0.020907711579088883 0.26606349624491366
0.021908141997349827 0.01693128603788152 0.26323779011546344
0.021511636903636493 0.018715485641940588 0.2637553810706924
0.021482080841916842 0.018798199596425702 0.2637827301958898
0.02145078551509287 0.01887608887345088 0.2638269687836099
0.0214332141859587 0.018936694169570445 0.2638603248306588
0.02184286936120519 0.0169618782095039 0.2631793699048668
0.021592522683075453 0.0183750791645772 0.2634473201043991
0.021571520521883658 0.018449596534670265 0.2634815764786918
0.021568209991496876 0.018509811109233054 0.26352886851712093
0.021558084690077646 0.018568966982886792 0.2635578454266081
0.021536031147960488 0.018640376424247485 0.26360795850538643
0.021512177828899123 0.018708373054855343 0.263651353963625
0.021599112443610208 0.018337335669623644 0.26334300931615173
0.019092433165496442 0.021504950049845734 0.26773415300743364
0.01907806417328936 0.021339268591544336 0.2676481946009915
0.01907301939336592 0.021218918478951465 0.2676164391212373
0.019111486777760617 0.02165104277322802 0.2678771847438925
0.01905957197760949 0.021104316311849697 0.2676262586632352
0.01926974938638143 0.022171040583528145 0.2690174346198827
0.01901484934178206 0.0209784122649129 0.26761911932786153
0.019151783885237403 0.02196503564328428 0.268232720106104
0.029443885385726343 -0.0022193682311229534 0.26354516560537655
0.029475890384950472 -0.002099948199541013 0.26355375088822675
0.029508810881210247 -0.0018420560721738033 0.26340998620700073
0.0295012016929643 -0.0019370727623479467 0.2634893371051845
0.029497878391648684 -0.002021008038601446 0.263571641160787
0.029551229196425756 -0.0015043412331030015 0.26320782714906454
0.029548927981414896 -0.0016032126872513874 0.2633133002449897
0.029537322298663217 -0.0017355649885226199 0.26340729901932264
0.029537825911556417 -0.0018092821692607397 0.26350753000025207
0.02957367891640353 -0.0012690300424890166 0.26310601975373016
0.02957344443413356 -0.001369563496545989 0.26319840947195383
0.029569751615401332 -0.0014675826436610362 0.26329799913250473
0.029568588762426698 -0.0015466539107843458 0.2633670724217595
0.029561034411817122 -0.0016693660132722221 0.26347501255095096
0.02958560721634878 -0.001234999089687605 0.26319215850117783
0.029586577976370883 -0.001336839533808254 0.2632917253057177
0.02958654715137294 -0.0014241211622754713 0.26337313805522256
0.02959221174785274 -0.0011066783663530866 0.26319336855346065
0.029597523771267738 -0.001195399924686813 0.2632843933928951
0.029600199326149837 -0.0010103599037264432 0.26320927017445317
0.029605166115960986 -0.001063169583840895 0.2632871616283181
0.02958287027603363 -0.0007044078660941588 0.2630733367775609
0.029588430920017623 -0.0007624768123604131 0.26312744034045654
0.029602720498544823 -0.0008618157928824144 0.2632385762527188
0.029607357814268008 -0.0009557515322819454 0.26327052175578813
0.027693258708274396 0.0038845075459544853 0.2607153625759944
0.029581635784612717 -0.0006557879455186266 0.2631387329277088
0.029600383099708923 -0.000750220938026791 0.2632732748598439
0.02771904725233687 0.003994365029010127 0.26067874792575946
0.027718670133146057 0.003928106468806147 0.2607626213827099
0.027708082536711524 0.0038473828692924816 0.26083574259839515
0.027674764681751965 0.0020466570496179837 0.26250884041343725
0.027745180247900042 0.001987063166331293 0.2625109784075573
0.02785940613857902 0.00189136251498917 0.2625160733198513
0.027916509440210423 0.001844969395533469 0.2625095731806246
0.027972572271337925 0.001799341767359297 0.2625054537858673
0.029566438597580916 -0.0005121889593390772 0.26321583498782725
0.02774021078717579 0.00411365514766493 0.26070052942672756
0.02774516042597703 0.004043795221901403 0.26078195463626397
0.02773617159244135 0.003953702025662198 0.26086676505698614
0.02831337703761857 0.001453477071843623 0.2625999800228403
0.027730003738155 0.004263049224187743 0.2607236474489223
0.028843962657412778 0.0009962999417759688 0.262722128282798
0.02890607377520551 0.0009309882927024948 0.26273580076398595
0.02952596744116938 -0.0002577627605132582 0.26324159202278385
0.01916471054304189 0.02199313037762085 0.26833228964622824
0.027717979771546566 0.0043775444581301 0.26076987555759523
0.028908808180580232 0.0009449408442519514 0.26281583972407735
0.028949091213115175 0.0009043712853789021 0.2628419960174431
0.02900914216882114 0.0008419815015565657 0.26283582063134947
0.02906686528621149 0.0007814634611627569 0.2628719691279382
0.02911333623648208 0.0007176413328913167 0.2629025275674247
0.029432483244781454 7.49620987882671e-05 0.26317094011956477
0.029462133801452774 -1.3867681102397444e-05 0.26321125240545457
0.02948935584956755 -9.77059803173308e-05 0.2632845988428675
0.027636657973837485 0.004723477699626666 0.260620668947336
0.027664537524944154 0.004616556126975646 0.2606772784591862
0.02768818924920647 0.004549130837869952 0.26073630600045666
0.027706984497799396 0.0044762540391979355 0.2607940157452633
0.029299721336585996 0.0003937104621106191 0.26311962842098024
0.029338158251691955 0.0003161581187577922 0.263146659301425
0.02937094894350753 0.00023928075610929467 0.2631984491512265
0.029404939030800763 0.00016059583220229268 0.263228870604439
0.027529885998668735 0.00514445048725426 0.26048122345298197
0.02755651923597159 0.005048356184930158 0.26052745065202776
0.02757880966700091 0.004956086490972067 0.26057769064368186
0.02759906158625417 0.004893788776475616 0.26062823709395366
0.027624823169169685 0.004811100178263417 0.2606678312080539
0.027647859710591992 0.004731778420103305 0.26071702273518704
0.027387961758629176 0.00554565384104766 0.26040172817013996
0.027429413807114326 0.005462451840957283 0.2604250413564804
0.027460608216209256 0.005383454478959548 0.26045105492291454
0.027486843151826576 0.005307460641754302 0.26049798834980814
0.02752080594710045 0.0052121433081281365 0.2605248002044173
0.02729202934082927 0.005754837980404159 0.26035958123363545
0.027316517483325156 0.0057135108014687574 0.260426163551546
0.027352394225683044 0.005633488783635121 0.2604393246654658
0.027389957220352167 0.005560934010186869 0.26046839021003965
0.026922337780328667 0.006500388844180804 0.26016378195473844
0.026969744878291332 0.006407688288961322 0.2601792697378191
0.026996368208865106 0.0063674335485619515 0.26021844183049414
0.027041583351216848 0.0062840701188727754 0.26024238308135034
0.027067811514795773 0.006233856501699442 0.2602570291793168
0.027115327529469616 0.006147247099395903 0.2602902688466159
0.02714549843409906 0.006084663922526101 0.26031721126459784
0.027176847896519134 0.006021381627560607 0.2603747204755982
0.027260916031549086 0.0058438395249765795 0.2604323146643903
0.026750137601268542 0.006852680779861009 0.26012046663312605
0.026778179084115408 0.006796466891473396 0.2601493879970651
0.026561165073854684 0.0072526943853695736 0.2600510863319532
0.02660870382932185 0.007169000819318483 0.2600747520250614
0.02664479563686739 0.007091681973537822 0.26012525780804946
0.026529018163392704 0.007313967155115397 0.26012898705554044
0.02655385868740768 0.007276058321543821 0.26014930784794393
0.025562361991782835 0.008688980235005639 0.2598364579044814
0.026433516902477597 0.007463931511729693 0.26018468801342154
0.025534574082212116 0.008868124124419785 0.2598387849556731
0.025551685434249842 0.008793524754590554 0.259866623862845
0.025519012548707115 0.008973983208990233 0.25989374905567375
0.025472461528273205 0.009137444353662372 0.25988897426991364
0.02549829128297628 0.009065069983320628 0.25994447214004957
0.02541585756764078 0.0093240013915738 0.25990420096182
0.025444676509596288 0.009242643384077542 0.2599550854250754
0.02537221251043502 0.00947884692015255 0.2599267019920339
0.025391641622300586 0.009419703239853916 0.2599475307244209
0.025086422957897175 0.010297906267475232 0.259989765631506
0.025031454874711298 0.010464556837258887 0.26001778853502555
0.02506208388837955 0.01037139455385766 0.2600483350728521
0.02497415591318758 0.010620307023808562 0.2600682504860189
0.02490843423230287 0.010789789498243885 0.2600959365623201
0.024940252672927724 0.010718654079600654 0.2601373508732603
0.024884923129929626 0.01087204339178549 0.2601597257068703
0.02481353671751703 0.011025222258492673 0.2602028127991043
0.02483312284125857 0.010976428984216857 0.260226868765978
0.02477894049067196 0.011115480218913953 0.2602524757789651
0.02467775696988074 0.01135412388833773 0.26030846292270593
0.024707922261865342 0.011273336682091628 0.2603210427266165
0.02461761358143706 0.011498790954721005 0.26034995939641825
0.024648188256478874 0.011429883125244178 0.26036843100931134
0.024395921774917347 0.011989812484886286 0.2606249023071038
0.02435964896426908 0.012069298579533982 0.26072499918899994
0.024394151191431367 0.01201101767322904 0.26073573187184834
0.024287647636417227 0.012211854963273372 0.26077319897471224
0.024310800783318293 0.012167929758352125 0.26079041011532533
0.024189131175889347 0.012361562352797117 0.2608737470722927
0.02422718240281506 0.012311698918592795 0.2608692662064388
0.023468000330825446 0.013464342376634852 0.2612944157939988
0.02340633923823081 0.013750281801712005 0.2612744547332406
0.023427403823321778 0.013658370655602603 0.2612821480664457
0.023452291185738085 0.013573784066683525 0.26134621670750346
0.023384349318584338 0.013843855624883938 0.2613083848725114
0.023412297842720198 0.013757290236240616 0.2613353713744645
0.023358586280333896 0.013954172870938975 0.2613732334652712
0.023384051492979625 0.013883465944003026 0.2613991475604354
0.023312739309120853 0.01411733752870814 0.2614127775898115
0.02334565144610612 0.014032544779650546 0.2614508078862384
0.02329062494390073 0.014197111660228912 0.2614785312459154
0.023316549220432067 0.014129183480999619 0.26148865344690786
0.02325921932182537 0.014295606320039789 0.26154122632938115
0.02322590718007915 0.014397609077593243 0.2615945808490002
0.023172390628165646 0.014563274745563903 0.2616470713969791
0.023207437838644304 0.014471708594781751 0.26164673380461534
0.023145037681468875 0.014660990465813928 0.26171275607497196
0.02317484057516024 0.014583546379646872 0.2617146591370755
0.023121372200556017 0.014749054725285371 0.2617509199953274
0.023072688696499477 0.014921114454712503 0.26179129519244454
0.023102338399070124 0.014839175222058631 0.26180471255394244
0.0230355205571117 0.015052063409022376 0.2618429580928625
0.02305026516318963 0.015005339142402319 0.26183810299240845
0.02307560264820681 0.01494505641830618 0.2618859656702332
0.023000789428433782 0.015179275627759059 0.2618883892771399
0.02303224764292465 0.01508595688250658 0.2619213697717624
0.022972833838429282 0.015289784314796162 0.26196369504768136
0.022999609028672707 0.015209591292074442 0.2619955276346666
0.022916128082546755 0.015423637050737404 0.26200298810598466
0.02294239955443285 0.015366101924944975 0.2620311374641476
0.022976816980996836 0.01527884830698567 0.2620498488804949
0.02291352527735807 0.015446434580955126 0.2621041421989376
0.02294351963220087 0.015375535284903596 0.26212488526276534
0.022871820556629494 0.015542506886442597 0.2621759805075708
0.022700476296738006 0.015932890446907655 0.2623005831448657
0.022730427595063427 0.01586428375380361 0.2622787416021101
0.022664529033710405 0.01601473048349411 0.262380033628139
0.022701197008676753 0.01594060947926612 0.2623906899288154
0.022731498222902657 0.01587681086249626 0.26240919981305844
0.02261323380946552 0.016103749015497992 0.2624646648536384
0.022657742582356734 0.01602259800190503 0.2625102105474914
0.02253816293250159 0.016248867701319503 0.26254519305837004
0.022579916011279802 0.016174692507593402 0.2625606164318087
0.022613243760413425 0.01610828242532214 0.2625844977343363
0.022500527361112133 0.016315862109748336 0.26263659205784745
0.022527167558317684 0.016272774219980024 0.26266491204104236
0.022399963209877485 0.016474858168738338 0.26274220526967296
0.02244442004847301 0.01641494333504051 0.26273244164815956
0.022483922731392075 0.01633778542394365 0.26276991395389815
0.022356596048515434 0.016539060840840503 0.2628356007872866
0.02238458717821762 0.016498606213824873 0.26284159408446095
0.022434046269869584 0.016421463883647736 0.2628422864339409
0.02233565901216082 0.016552787727152518 0.26294948647427524
0.02237565100503712 0.016494074869350728 0.26295170803555773
0.019237626631225746 0.022135542986125523 0.26880743577945765
0.02162506505263584 0.018260690960561654 0.2633871348332317
0.02157659855334012 0.018422307793372728 0.26341107795746677
0.021557549559801437 0.018506856618691447 0.26347721134451435
0.021576321626226358 0.018439563396295156 0.26350106499919584
0.021536649740376806 0.018616472764506786 0.2635404286920117
0.021567075676254932 0.018535079757716066 0.2635545694477027
0.021511849580027595 0.01869689438458061 0.2636186664525328
0.021535928103361864 0.018640865014329988 0.2636640529646631
0.021506008339146072 0.018731179656547636 0.26371412956808593
0.021529255009279248 0.01864963215434229 0.2637018615889619
0.02147362808294019 0.01882093580724825 0.2638087617936724
0.021450263927827076 0.01890071022141432 0.2638818757164253
0.021379003539528985 0.0190982898192531 0.26403870279851727
0.021402873329428147 0.019002093178610957 0.26404835364611406
0.02138271136694777 0.019110553611002584 0.2641364606479604
0.02135746304530039 0.019188285402158334 0.2642125676640477
0.02137335131128016 0.0191385865585256 0.2642302357523916
0.021323634314876556 0.019277512621091064 0.26428568834032634
0.02129601908958352 0.019379489361525087 0.2643996106324489
0.01925591000547046 0.022152561424159223 0.26891259189717376
0.021231857925121625 0.01954396130411118 0.26444739302331477
0.021191866500272563 0.01963674180979169 0.2645544358568171
0.021222076525932443 0.01956976256056739 0.26456263231477034
0.019200659321938873 0.023411989383588294 0.27046303286989015
0.01913428699308152 0.023484883110228116 0.270451335200096
0.021157645530960584 0.019727800227765324 0.2646335859160432
0.021185664156208844 0.019654762517713753 0.26465930992136166
0.021117912189824783 0.019818483547332094 0.26470956754378655
0.02116044577859385 0.019736780372060198 0.2647545377681234
0.021113989658666642 0.019831404921857754 0.26485055265445323
0.021033637934819938 0.019982082355415598 0.26493626674192594
0.02107305911669556 0.019914318482964044 0.26492355976313875
0.021030995831382765 0.01999226052769182 0.2650437712097333
0.02094081297113816 0.02015186880785408 0.26508211499178114
0.02098744340316086 0.02007918643841408 0.2651242138858516
0.01942343962864186 0.02249282393607402 0.26960013853067977
0.019392931891987902 0.022446591373909947 0.26949672235979727
0.02089234818371878 0.02024715873607824 0.2652031916602992
0.020955148267273724 0.02015573781402802 0.2652174999801511
0.020843330849798655 0.020294139808560346 0.26533990717625766
0.020881262296446462 0.020248788510193794 0.265350086964648
0.020828707702926344 0.020311954276000688 0.2654840238304839
0.01930982343339345 0.022249191393640677 0.26922515317450607
0.02077009033121388 0.020398419199479684 0.2655782055083268
0.020814920066113074 0.020333329560735525 0.2655590132208909
0.019300410831988163 0.02228466030742382 0.2690506230711146
0.025430078047335672 0.009284746976934988 0.2599331782009674
0.025466014709451396 0.009174852307668235 0.25995715983733203
0.025455615381775196 0.009196576478360363 0.2599109185214812
0.02540468964882009 0.009361693530932857 0.2599090780941488
0.02541375296277714 0.009352976835787064 0.25998236557511145
0.025486637168932236 0.009101203728570095 0.259916857908572
0.025381299184846794 0.009458654861732696 0.2599610506852391
0.025505586751955647 0.009025354811908914 0.2598872644203597
0.025340693910920198 0.009583990125272168 0.2599329285401779
0.0255374689082027 0.008898323675980258 0.25992455639828677
0.025523804904248236 0.008927401272779023 0.2598415413824141
0.01914730789378706 0.02347044152429864 0.2704803553541386
0.019239289196159262 0.023354693679429273 0.2704684127864915
0.01921383653986307 0.023392038153210754 0.27039570136809343
0.019287194975383365 0.02328017120911094 0.2703871066862616
0.019354053689091377 0.02315314252013803 0.27028666158195513
0.019379665120388564 0.023090064091037116 0.2702005327780097
0.019415052929594875 0.022988529976547545 0.270115489191218
0.01944030942311499 0.0228897596626296 0.27006109874698725
0.019453839506236414 0.022803868563864044 0.2700063957068197
0.025543116425109043 0.008838380414103064 0.2598639092004264
0.019472085521833715 0.022700018492732704 0.2700405484964692
0.0194631070588598 0.022721508656954964 0.2699566769336822
0.019474424127398554 0.02261416107373959 0.26999888634184577
0.019467636532007074 0.022646991203134403 0.2699133744470432
0.01945417343749943 0.02266379729227949 0.26982640565635413
0.019471581486551787 0.02255194854616413 0.26996017293195096
0.019466227898347482 0.02256763439096851 0.2698873583017856
0.019454830063267925 0.022581330883633233 0.2697908643017432
0.01944541263368456 0.022500851383155523 0.26976336823797215
0.019433513275583417 0.022516032273655867 0.2696592562370289
0.02555151439288046 0.008770392506466551 0.25983213077452894
0.019416924611315264 0.022444364714532483 0.26962447706384884
0.019409438079298236 0.022479855070501903 0.26954631282732394
0.01938902376881628 0.02239154455891018 0.26955095269477375
0.019376325272774678 0.02240370074573106 0.2694622391985048
0.019352922128419978 0.022337474349006237 0.26940622875562875
0.01935577541598535 0.022369556049267852 0.26933481323729835
0.019327050565046175 0.022283693297761975 0.2693072218375086
0.019322916561813536 0.022298638833323114 0.26920530204363097
0.019307644592239284 0.02228057401058861 0.2691264790233584
0.019291190319977267 0.022231311418352467 0.26907007817823614
0.019287251819932613 0.022251261462652216 0.26900568156613713
0.01926755728452649 0.02218933263798009 0.26895247085434076
0.019256394711582095 0.022203033916947612 0.26887502976821775
0.01924497340389665 0.022126135969814276 0.2688677812264727
0.019232054559252892 0.02215707868218325 0.2687504141352404
0.01922504965267574 0.0221586436211047 0.26869372751997705
0.025286983493456816 0.00973376637069362 0.26000226785271685
0.01922262555541715 0.02208761430679304 0.2687338980298182
0.019211360423033882 0.022090643617219297 0.2686403459701363
0.019197080694228263 0.02208195277213379 0.2685420068692814
0.01919022268486488 0.022006160797043955 0.26851311646915355
0.01917893241798864 0.02201075539322528 0.26842150969833506
0.019155141928291833 0.021989653511678392 0.26827138002207096
0.019159072945830566 0.021916512136429367 0.26826768856872635
0.01914751613898681 0.021842060799733 0.26821242481858487
0.019135756135682733 0.021844025221112756 0.26811608521265395
0.019130452420003913 0.021771237718159392 0.268078019573111
0.01912173113189447 0.021691276089677858 0.2679662685569891
0.019102240319833846 0.021562288715900713 0.26780096097775785
0.025420897173559734 0.008238478535707194 0.25972390430998366
0.019098002920957674 0.021410769820243453 0.26772871122682695
0.019100813191985908 0.021315478260889698 0.2677157549274834
0.01909020555493228 0.021241198495609542 0.2676672028790605
0.025571498877177648 0.008645750934308416 0.25988815904843887
0.019073123783143145 0.02117166912318086 0.26762956265666177
0.0190530053168749 0.0210533016571412 0.2676387196211345
0.025562737351993464 0.008558366563176656 0.25983937857838835
0.025550103563941023 0.008588892932453629 0.2597724601184672
0.025269708690705453 0.00979288432480524 0.26006194737761074
0.0287296571696138 -0.0033596874950929667 0.2635287915518878
0.028747031901580393 -0.003384616922421202 0.26361508731274647
0.02880160372107201 -0.0032811726631755134 0.2634970938390011
0.0288183169363085 -0.0033075222019136596 0.263584506684995
0.028869898625352032 -0.003202559569388974 0.2634683742492635
0.02888668854266773 -0.003229265943647308 0.2635559131317702
0.028901077197682562 -0.0032539583484375023 0.2636453398612896
0.028952130233425376 -0.0031485333053069 0.2635293244816093
0.028967450730179763 -0.0031745463411531616 0.2636178473280687
0.029011716727672568 -0.003068916981138037 0.2635082966422252
0.029028258001042 -0.003095333352198082 0.26359592482385263
0.029040826267751542 -0.0031211116637805403 0.26368709499618925
0.02908287770052559 -0.003017113515009273 0.26357978641939406
0.029096017286771768 -0.003042857297638313 0.2636706043109641
0.029145928014477247 -0.0029640111398955282 0.26365805281427634
0.029193361691800243 -0.002885408279348689 0.26364847170946126
0.029238564703927675 -0.0028064694251127564 0.26364017190906985
0.029282034823797654 -0.0027271338126990674 0.2636330923411859
0.02932036201404912 -0.0026480360964472593 0.2636305898881526
0.029328588658664313 -0.0026722061333420144 0.26372253920753497
0.029352810647065665 -0.0025694498906711494 0.2636325597300412
0.02941006486682019 -0.002413252892621842 0.2636471397856203
0.02943536620329753 -0.0023359520007606993 0.2636573125428639
0.029454907871632484 -0.0022274804777087653 0.26360445568346536
0.029458861252112646 -0.002140342370483772 0.26352139276422926
0.029472770517556465 -0.00215079572748067 0.26359781189967524
0.029477557750978586 -0.0020548916896393488 0.26351492462126724
0.029494797102986955 -0.002064128496551132 0.2636095018576426
0.029502842064001646 -0.001972210362636617 0.26353881670531243
0.029510458754936325 -0.0018761561282014672 0.26345877122407657
0.029521944887494447 -0.0018916336701969572 0.263529635236471
0.02952180536495834 -0.001784381487204223 0.26339141251483394
0.02953141830719859 -0.0017917404213464994 0.26344747593722123
0.029547311177453232 -0.0016839167108682607 0.2634013449689486
0.02955119968303837 -0.0017252784700932389 0.26348307920962
0.029565445776966466 -0.001610073239041776 0.2634197294207793
0.029579451655905704 -0.0015342351800288756 0.26341878313314204
0.029580321858212362 -0.0014804433317701648 0.26337734669496426
0.029564263556653946 -0.000472427860935265 0.2632568683541367
0.02955525259817715 -0.0003987586223463402 0.2632700047087704
0.02953328951556585 -0.00029204775576818776 0.26323859588745624
0.02950271249560117 -0.0001715798948530578 0.26322390754729796
0.02951261884734399 -0.00018408463523134078 0.2632885898088788
0.029470355497630607 -6.774951560956088e-05 0.26317247575626856
0.029486212244974115 -0.00010573940403041382 0.2632289832933008
0.029458020159078974 9.696528563085671e-06 0.2632252163901748
0.029475033229558648 -3.620150195504657e-05 0.263294362341086
0.029417588301315828 0.00011191896960971448 0.26315318016578537
0.025553009382401723 0.00848628624128206 0.25982833841520125
0.025534497229348016 0.00849308120469211 0.25975867372140615
0.029274972533971814 0.0004408654438431969 0.2630185486412665
0.02920006973198333 0.0005746548909630889 0.2629299229554095
0.029218719163839516 0.000539134495123661 0.26299520015717903
0.026981562472287772 0.002730588627519792 0.26106254310750643
0.02699856011120272 0.002705551000825923 0.26115124780873955
0.027007269340464483 0.0026827367484087428 0.2612466586394262
0.027002501626545022 0.0026620406402763086 0.2613554119424204
0.026986362860572273 0.002643577212747439 0.2614844473289497
0.027059676887801976 0.00280800174616902 0.2610254198365045
0.027079453975452097 0.0027822191024257092 0.26111171858380533
0.027090775049974536 0.0027576311713379265 0.2612054842919106
0.0270887760973001 0.0027363804979360085 0.2613109515762606
0.02707438438434235 0.002716765818757738 0.26143914665010853
0.02704209855462751 0.00268799447921092 0.26152385190036087
0.02715482257579989 0.0028595323965606156 0.26107719129703655
0.027169660610435943 0.002835337382946501 0.26116725846388633
0.027171380295492334 0.0028125997255877833 0.26126920664151176
0.02715716141095969 0.0027925587251217965 0.26138483168431376
0.02714741706457037 0.0027843821625968546 0.2614960036247427
0.02722541433404492 0.0029373661235788107 0.26104752452764135
0.027242635608361786 0.002913669570773103 0.2611346803880067
0.027248673123656246 0.0028898327166999027 0.2612326383014031
0.027236887038328918 0.0028673361136590247 0.26134718867959655
0.027217407416565503 0.0028507115250596127 0.2614626130392
0.027289955806049385 0.0030154202830723342 0.2610232207094795
0.02730862248386544 0.002990777834460112 0.26110929597285815
0.027316830060368905 0.0029671976878926087 0.26120459794280526
0.02731057175142488 0.002943633886613284 0.2613163570173291
0.02729197670619528 0.0029245285619271533 0.2614507095139994
0.0273680326195234 0.0030684301906133693 0.2610895694509916
0.027376473932558654 0.003044670241216574 0.26118442640613404
0.027373946855337616 0.0030209661365108165 0.26129147923748763
0.02736570033947569 0.0030066304007845823 0.2614258127320351
0.027405216912817373 0.003168093606067124 0.26098850059697454
0.027421656459240586 0.0031449094928159838 0.2610759612641693
0.027429723439570064 0.0031214085434001504 0.261170772458682
0.02742852421103182 0.003098086399588862 0.2612734824886642
0.027456453484903984 0.003244889788340255 0.2609771804967505
0.027472164996296372 0.0032211922884041733 0.2610657023421139
0.027479569604880245 0.0031975095438761536 0.26116096288527496
0.027503876752071006 0.0033222495076488667 0.26096958851020496
0.02751854974413742 0.0032980054542775528 0.26105896905048054
0.027548195786966878 0.0033996607749561814 0.2609638554708912
0.02756169322494005 0.003375599507127347 0.2610537231066598
0.027588833548805376 0.0034775850513766304 0.26096067900160913
0.027600589197653208 0.003453711316816821 0.2610518202157679
0.02762564046076519 0.003556601472923082 0.260960382255965
0.02763584043243189 0.003531489224792961 0.2610506092750438
0.027662265350041924 0.0036416558616215733 0.26097152919942945
0.027664108049459575 0.003604990533196295 0.26104828290650817
0.027682633959217065 0.003756211659301456 0.26087771958223493
0.027683005841769116 0.0037182669727572892 0.26094926840309474
0.02769383032987037 0.0038508677407873004 0.26076754093220716
0.02770589465606621 0.003818398966490888 0.26088862353594994
0.02770565395492776 0.003795600163661428 0.2609580830871471
0.02770675118936245 0.003943587579849417 0.2606961812556785
0.02772266041538298 0.003910192377204524 0.2608209937757545
0.02772452062445825 0.003894770216126553 0.2608939150509071
0.02522497220688552 0.009903261840788935 0.2600079884081922
0.027735485906987746 0.0040189957467831605 0.26072985800377985
0.027739819048447356 0.003996962714046481 0.2608202022230388
0.02428274357734582 0.012221003715589429 0.2608062683704685
0.027735822022966275 0.004187500893846452 0.2606852522077524
0.024343597933794085 0.012106093310347177 0.26077517682550344
0.02431734756381937 0.012144590206317807 0.2607329891925192
0.027718571424321117 0.004346797923866275 0.2607360533226343
0.024379123082323116 0.0120366580499221 0.2607151567577619
0.024358711130857642 0.012060659059865197 0.2606654398314784
0.0276982402815936 0.004465678902861647 0.26072806354989103
0.027716538678411333 0.004428776301331705 0.2608105151797975
0.025146364338873933 0.010139492500992775 0.26001473071983794
0.024432243976486148 0.011925940889226994 0.26066399857727296
0.027677113361790726 0.004558081021609428 0.26069169263554226
0.027696458835052867 0.004525593969749109 0.26076753754523097
0.02767040571511445 0.004637051536648118 0.2607352203018086
0.024467002079954607 0.011841384583486603 0.2606372927276739
0.02445214271655241 0.011867977192441703 0.26056668248714004
0.02762522653792355 0.004779642542050544 0.2606154254324414
0.027638418791638725 0.004768744326917984 0.2606978908721652
0.02765278271067724 0.004715927123108976 0.2607489054790112
0.02450934007990757 0.011751271639395544 0.2605860685881768
0.024491578601567643 0.011788697454375274 0.26051207021008455
0.027595827292266874 0.004880065982864723 0.26059589485411294
0.027609565318317014 0.00485851584477881 0.26064389292999857
0.02758563385140443 0.004961798166568665 0.2606287805973822
0.027598301628064967 0.00491316902475164 0.26066280526197444
0.024559397402584428 0.011632624166874772 0.2606070082875741
0.024537503266555905 0.011666699991466578 0.26053865103568413
0.027537406809411073 0.005103338989692507 0.2604908111155755
0.02756606938410834 0.005045541931013253 0.2605776373628729
0.027531555392032815 0.0051646386345435835 0.26050673274412894
0.024583678167054326 0.01155766978825895 0.2605521474408519
0.0274953874043214 0.005274281606477638 0.2604784898712159
0.02743671967067394 0.005428152846522816 0.26040051453976015
0.027465386532874843 0.005374328009463691 0.2604891370991179
0.02463068799749589 0.011474203070078903 0.2604425161820882
0.024623840001888567 0.011493432823362293 0.260394486564717
0.027427305107364554 0.005477637949121206 0.2604639450388794
0.024656752431047348 0.011406423700483781 0.2604094631979426
0.0246393422894947 0.011445753784074753 0.26033684348714836
0.027366247923924995 0.005594782571400947 0.2603983440105234
0.027316717598799264 0.0056973925756178545 0.2603748371173311
0.027336365751072976 0.00567044802274097 0.2604514884948954
0.024696935477873265 0.011306256924980607 0.2603554162671039
0.027276087955263956 0.00580004824167768 0.2603827242455796
0.027229726954648745 0.005892166686904732 0.26035489277470736
0.027242440152357293 0.005880052994639451 0.2604198785113249
0.024724848678062336 0.011231524390997782 0.26030028047365067
0.027181178126980822 0.00600283512725186 0.26030469324639083
0.027197002645246326 0.0059737656434435404 0.26039587795088004
0.027101064129272476 0.006152827410778605 0.2602407362619903
0.027132129284848476 0.006107731226769719 0.26028518463312894
0.024777035657415902 0.011126515210489962 0.26030481998849386
0.024761622961820245 0.011152600366188425 0.2602641896664835
0.027054141017317124 0.006240258406593202 0.26021075594285753
0.02706972414463585 0.006235300810965516 0.2603019961340485
0.024804564643619867 0.01105601733241457 0.2602554424125564
0.027019085514120633 0.006332685283467865 0.2602699286580802
0.026941827818900345 0.0064663287302810235 0.2601800376810405
0.026968016678533636 0.006423523030081535 0.2602308734712039
0.02483613558384265 0.010968543583978863 0.2601811179403548
0.0268900633496564 0.0065738244538522395 0.26017089060840587
0.026836149388641484 0.00667547775170535 0.2601452323320945
0.024890085691154286 0.010858361729410515 0.26019514336173705
0.02487108639703612 0.010886512915639412 0.260125400306621
0.02492046465430342 0.010767596645011923 0.2601568922578039
0.025530856564565635 0.008398675724422988 0.2598141800008266
0.024946765489931993 0.010695295867748866 0.2601016184796411
0.026655781256422276 0.007061045290153112 0.26010028269054863
0.026586253653808935 0.007207558352926968 0.2600445915008373
0.0266040178874802 0.007182167587956867 0.26012574988337606
0.02499175506035188 0.010585486968358981 0.26010744290821475
0.026557875107998855 0.007266817377144186 0.2601028993518227
0.0265069842047629 0.007350084524613665 0.26015622289934276
0.025015006275761552 0.0105161698825873 0.26004557500375614
0.02504286403862592 0.010425576823104632 0.2599964394817609
0.02518358082777561 0.010023094218307715 0.2599514885397537
0.025191043262862797 0.010013071423227604 0.26001529803623624
0.025517920581233443 0.00835449269998284 0.25981613930849734
0.025490855514243224 0.00835431641484874 0.2597327987141128
0.025076957811345224 0.010329635132540538 0.2600378285488375
0.025461225242491323 0.008227029759157234 0.2598833416245363
0.02510674212192124 0.010240329893239586 0.2599691167137804
0.025463765381237347 0.008240429400805271 0.2598400718949455
0.019128368867451742 0.023486608251100022 0.2705459833605536
0.019175376416037074 0.0234425872467246 0.27047858039511596
0.019272997867511243 0.023304339573671784 0.2704386891879702
0.019307158382505588 0.02324624462083777 0.270368078497062
0.01932447392669466 0.023207810180553762 0.27028527382793344
0.019474440253984274 0.02259117247310269 0.2699466190578079
0.020938810057821375 0.02019062826234827 0.265189437682884
0.021006970060893873 0.02003856616342728 0.2651345062032669
0.0212781436154795 0.01944889225487112 0.2644782442233675
0.01904548033647885 0.021003933684863613 0.26768707652532864
0.019017670919030824 0.020955111414636934 0.2676528048689474
0.02138504731716713 0.01911257159041141 0.2642013840127506
0.021391045683309497 0.019076985623470516 0.26412623099577515
0.01899190039203337 0.020894422022791043 0.26764419484248714
0.02141591432176873 0.018981063551870625 0.2641382181681343
0.021427644300541997 0.018924407639449914 0.2640561018391507
0.0214352391826116 0.018907408785557522 0.26396525484672556
0.01897495574415352 0.020827005157572354 0.2676840734256154
0.01894381301197294 0.02079208391680959 0.2676130001579551
0.021563415644869147 0.01857012341297487 0.2636038317831768
0.021557792139571055 0.018538938843226715 0.26351686311526823
0.021580137995787105 0.01844339612216339 0.2635334003055311
0.021578952292963374 0.018418496948414687 0.26346391834704225
0.02158933760272118 0.01838714035153277 0.26337589685095625
0.021606869644148485 0.018331336856983682 0.26340705200493597
0.021641875441461185 0.0181714828823748 0.2633472781071524
0.02164574675133192 0.018131482961866452 0.26326485492886376
0.021678838401551784 0.018076045016621023 0.2633645123481194
0.02168394197014445 0.01806238853657216 0.263282602183669
0.02166680424804361 0.01802526435602969 0.2632135045295826
0.021696761443657217 0.017946848387760117 0.26330641425647555
0.02168867089052294 0.017868533312595636 0.2633207050490346
0.021669415801438968 0.01785223646772166 0.2632796987752277
0.021613449639455662 0.017816321692553205 0.26311513895012617
0.021562796722410377 0.017722051112783355 0.26307054308501904
0.022302072016199506 0.016582636951359364 0.263131830109252
0.022341796724572552 0.01653842252728982 0.26305576925566176
0.02236125871789397 0.016509916903264032 0.26297748325490267
0.02240678191234647 0.016460653732025432 0.26287249167178117
0.022450029497109003 0.01640369518205187 0.2627931494774763
0.022470610265695336 0.01636769475345151 0.2626965519189927
0.022526961944319947 0.016265202761117148 0.2627115779272289
0.02262142846468141 0.016088321835936836 0.26254332053084406
0.022640940059438577 0.016058221603712952 0.26245157162681737
0.022694370892215696 0.015950071971281843 0.2624662357399429
0.022713857122517486 0.015912747338833633 0.2623990838580539
0.022754915267891335 0.01582380447725401 0.26241191571577155
0.022762136728266498 0.015805744293949875 0.2623550717443316
0.02277745179411675 0.015759550519505394 0.2622622448588911
0.02281136102293417 0.015691198530485284 0.26236475224983435
0.022825054792312463 0.015663636712907658 0.2622791320127871
0.022878545816670676 0.015531869192565939 0.26220925698794906
0.02289494210624575 0.015493024998411375 0.2621209165738191
0.022931576546109333 0.015408951800916892 0.2621428868669201
0.022942163859757544 0.01536973648668788 0.2620788833028035
0.022948786127124657 0.015350653816751936 0.2619765913887387
0.022975038154206415 0.015284616031247034 0.26208453619852456
0.022985986281044306 0.015253256966674456 0.26201784701433495
0.022990219021638836 0.015236649504714761 0.26193322873903746
0.023022835805084324 0.01512113893393463 0.2619406857073024
0.023021054825407096 0.015105615843417464 0.2618706997560537
0.023043411968031752 0.015054583620467354 0.2619487394497642
0.02305538760759772 0.01500169953667374 0.26187038060126394
0.023055807038380657 0.01497201314940283 0.26179666919448974
0.023086117749063766 0.014895087421138875 0.26182268604573944
0.02311625520487768 0.014809021318400006 0.26184669457998044
0.023113119744053306 0.014775367285974839 0.2617508679219622
0.02315161591181733 0.01466621857624828 0.2617676577174498
0.02315789598162117 0.01462428457035081 0.2617054286296159
0.023192062484339263 0.014511637520552734 0.26164281097824027
0.02321924237128327 0.014436610835008912 0.2616548468538637
0.023234803778719407 0.014366268500494828 0.2615764692819843
0.023268390626876224 0.01429034240589716 0.26160009411404783
0.023265275152629564 0.014270482181068855 0.2615118310380195
0.023301819812247895 0.014177446823881779 0.2615369898469433
0.023307607178073758 0.014145970931286167 0.26145476510685794
0.023335378286955963 0.014069821342142574 0.26149432364303815
0.023346292547200283 0.014013845881792664 0.2614027709753439
0.02337124452745319 0.013940652119233066 0.2614421317667973
0.023371933758880428 0.013894764964794248 0.2613405887152499
0.023400897088106068 0.013815600086997504 0.2613760182267281
0.023399612019840768 0.01379345891149969 0.2613060274734308
0.023424508181042747 0.01369505856090003 0.2613228271478105
0.02343952642275645 0.013626382743542775 0.26132795263570474
0.023468714454647085 0.013507087939345241 0.26136675483391325
0.023454466008150654 0.013523592853869781 0.26128441619614834
0.023486423111983804 0.013421049105415916 0.2613811736484073
0.02348037653628056 0.013404240486610763 0.2612971057296979
0.023493337253122 0.013329634515137079 0.26132459955153886
0.023477958269794506 0.013292075083613797 0.261245965677315
0.023455095270370034 0.013197704229998108 0.26119854979026047
0.023428857152471977 0.013173582961712504 0.2611342691548758
0.02344865278581306 0.013136348105760642 0.26124418503772656
0.02340363696704352 0.013084092862106822 0.2611558446043385
0.023366754604563236 0.013047540589660622 0.2610974655274625
0.023360213456000728 0.012983237046084284 0.2611405691579246
0.023325084108403185 0.012978558449094069 0.2610469233140896
0.026451925995612045 0.007443069024929749 0.2602065515820801
0.026467193537068084 0.007414614972396649 0.260170043361467
0.02653300823781183 0.007308287876358011 0.2601552618590397
0.02658618063220118 0.007216196928517882 0.26008852282997275
0.026627800712117303 0.007129607357810097 0.260122885243922
0.0266767420756443 0.007011297390677962 0.26012319703442655
0.026723488041889204 0.006908602922771623 0.2601309174425285
0.02680832036578197 0.006739036656001618 0.2601688764216592
0.026809863401928202 0.0067237821637101125 0.2601142613055797
0.026861292533506234 0.006618569466780133 0.2601239160572517
0.02690091607113395 0.006544349711750053 0.26014586721506017
0.026940695643797856 0.006473267638429092 0.2602277793152108
0.02704498661236436 0.006284267219358486 0.2602856538378142
0.027033331482439624 0.006280660705101637 0.2601996084573377
0.027084748490444455 0.006209018579704073 0.2603150706609212
0.027127367991126403 0.006126729587904167 0.26032798961947745
0.027171139722128673 0.00602977240122915 0.26032503292924725
0.027207296177294754 0.005947613379563399 0.2603491447315183
0.02724959368504557 0.005854440269884242 0.26038327070067346
0.027299052344760495 0.005753537747673287 0.2603963027492718
0.02733383499010443 0.005669162117398485 0.2604155033507888
0.02737227661324603 0.005590965738186571 0.260440788895837
0.02741104140601649 0.005515193156945097 0.2604607355866271
0.02744751261734127 0.005425146594301877 0.260467356447646
0.02747687850294843 0.005340965643060358 0.26049100611805753
0.02750528970182088 0.005250573825708038 0.2605072838677293
0.027537017902388654 0.005164626533501637 0.2605435934594527
0.02755402403799969 0.00510094482449186 0.2605648341159674
0.02757526975143427 0.004999537418741984 0.26059509634026984
0.027595192596638174 0.004906179816744516 0.26062071247167706
0.027618682952459388 0.004821359758077737 0.2606325807079045
0.027637609034567953 0.004755864577429991 0.2606587844104663
0.027661447546769122 0.004681439944011323 0.26076516377207615
0.027658434929923217 0.004675725364179373 0.260701041948045
0.027681234066177028 0.004603875119543688 0.26078212749380913
0.02767955299798449 0.004586560865838363 0.2607278884550238
0.027693698093195517 0.004510918041372214 0.2607301488727395
0.02771181732897999 0.004422234961644567 0.26077173399705833
0.027719263955570443 0.003858365997569113 0.2609508428332583
0.02770960946211691 0.003788105203273384 0.2610229233156449
0.02769617541457274 0.003715310916279857 0.2610369131672411
0.027088134969459214 0.002729229070363326 0.2615582028829079
0.027872725363430342 0.0018808588903673207 0.2625550225203458
0.028008512117371535 0.00176531904124827 0.26251300732643135
0.028084549644463247 0.0016790520127824005 0.26261877527655547
0.028100119196646574 0.0016522275046683688 0.2625502613662215
0.028524293771759746 0.0012727976268180896 0.2626442188237336
0.028620442857214323 0.001192958714005543 0.2626836058643327
0.02874772463953513 0.0010889474452532855 0.26268191990413864
0.028941534568444248 0.0009015405382131747 0.26277821052699424
0.029032743357500855 0.0008236082517829035 0.26288805399985715
0.029093849255564644 0.000745602532945755 0.2628841157704935
0.02914307464980962 0.0006690843589075013 0.26296589609944415
0.02919323040026396 0.0005898470911911979 0.26299385925021823
0.029242785195481007 0.0004916240629835866 0.26299076394720966
0.029279902414235844 0.00043373405205182625 0.2630916301145118
0.029284513650343402 0.0004209926155934185 0.26302950535134495
0.029315129748153285 0.00036109465232336824 0.2631455357019046
0.02935280005752263 0.00028596687594745207 0.26316149655115617
0.029386056540181178 0.00020111934847444335 0.26318095001724573
0.029420126840249895 0.00011759286647683442 0.26319265473246345
0.02945280842426095 4.191359700217445e-05 0.2632887610337049
0.02945024161283468 3.9343084678677975e-05 0.26324043955767723
0.02947406862939385 -5.4532763146486474e-05 0.2632362596680868
0.02949993646504579 -0.0001439250073196896 0.26326148295614304
0.029524944255903983 -0.00023601161454617214 0.26329191602641067
0.029539224033384402 -0.0002982794360538721 0.26328644730080086
0.021581298968614715 0.018411423696762408 0.2633875184044739
0.021458184945280324 0.01884364653879128 0.263772323277347
0.02148773511575476 0.018774772617989877 0.2637198930669871
0.021512716448673058 0.018709154490990032 0.26367967457354613
0.02154047831974379 0.018633083377355142 0.26364521496697574
0.0215675197969009 0.01855362378386105 0.2636149194373563
0.021575136337877297 0.018492138931619773 0.2635503858860173
0.021584527094803782 0.01841524366883618 0.26351370721584266
0.021603787609251225 0.01835039014455553 0.26346823576906997
0.02142643973976263 0.018954866904965784 0.2639158777132751
0.021460356626097646 0.018859759956671496 0.2638843572198227
0.022641278379131692 0.01605131188020581 0.2623850196061055
0.022684565573699036 0.015971688489752167 0.2623459692414572
0.022720924461632402 0.015894253769491773 0.2623044966485019
0.021336162901935296 0.01924287231136068 0.2642110499564472
0.021359035746033733 0.019178565437041828 0.264164041581468
0.021383498860849712 0.019098143810067802 0.2641205600160826
0.021401009555530794 0.019024500839257996 0.2641022745649785
0.021434998061379787 0.018903178604078863 0.26400349388862265
0.022559285426073633 0.016216391005983266 0.26257141420871344
0.02259476587004383 0.016142581912177767 0.2625164402169783
0.02263434256531764 0.016068206010432295 0.2625061473393073
0.022677590168183874 0.015987421081751052 0.2624752236567276
0.022710575230778962 0.015918279042419825 0.2624323380012853
0.022744566291303586 0.01584924524164083 0.2623766565397885
0.022779158912623852 0.015763087126501985 0.2623371116356172
0.022805236906334195 0.015708890204118364 0.2623128954520164
0.02284000624588678 0.015620494637266502 0.2622596651731517
0.021278641088703795 0.01942109506072448 0.2643882609064806
0.02130619542231365 0.019344527613105095 0.26437834505228797
0.021400817506442973 0.019065415660548674 0.26421889070886906
0.022498273936615014 0.016314162544436017 0.2627250686177703
0.022544569429846548 0.016242072053100853 0.26267841381560053
0.02257972200564809 0.016174070769587212 0.26264131227311216
0.021183985222446883 0.019656357840713345 0.2646336780286116
0.021213830133342847 0.019586385325639638 0.2645901513916192
0.021119024510852617 0.019823134577192425 0.2648304954796127
0.024266347372689887 0.012249669226816473 0.2607702724173769
0.02430014676808144 0.012182132098685017 0.2607462116901452
0.02433734704960422 0.01210247135850856 0.26070520674252706
0.024390172668498897 0.012010049469477868 0.26067912265319293
0.024418525633751346 0.011945720334312626 0.2606189904610635
0.024449224636920855 0.011878577744981744 0.2605971972671181
0.024496840080056974 0.01178419040531209 0.26055210748462776
0.024516814627900466 0.01171927048490462 0.26053495989083914
0.02460857283009074 0.011520400969778022 0.26040809544946913
0.024637506944994877 0.011458736430417726 0.26038163165192985
0.024672077219022828 0.011365615531917561 0.26033827789642766
0.022285078291238478 0.016600401378331686 0.2631821483260953
0.022339539615868577 0.01653564547697478 0.2631317636998788
0.02408224752843735 0.012483066124955366 0.26097940819739873
0.024157706411960272 0.012395844280092327 0.2609871138561093
0.024212454088747656 0.012333126980320464 0.26093795095245514
0.024256074303444897 0.01227215948917565 0.26088553576388085
0.02429841107706235 0.012195301247214851 0.2608522512082679
0.024499598314863966 0.01177255986702419 0.2606512799244479
0.02453567650668171 0.011689015741634445 0.26059811688758927
0.024562219536321636 0.011611799910858478 0.2605366683712922
0.02460606074966397 0.011515231485538513 0.260510097051342
0.024723511935558884 0.011249408456113608 0.26037261031212977
0.02475608616697697 0.011168574654693453 0.260319799561373
0.024822567869202602 0.011007540450822806 0.26025640595796584
0.024849044554107233 0.010937343135254518 0.2602217103581949
0.02486663020894256 0.010906115350110268 0.26018184461501864
0.024897719957238162 0.010830273480973263 0.2601335727211599
0.02492269640928945 0.01075030296633317 0.2600894810061657
0.024952786633828786 0.010667829756506875 0.2600619504640691
0.024984998445642143 0.010583877265458064 0.26002747042598345
0.020984202390535917 0.020087213307804275 0.2651800736075208
0.02220098940456526 0.01670970409498984 0.26331588166924214
0.022263179174201717 0.016627597462538057 0.2632764792180494
0.022320755437174086 0.01654994271484428 0.26326949162885493
0.02501263736213105 0.010531958955479481 0.2601100896627525
0.02503298409305789 0.01047022412538512 0.2600694878032655
0.025048933395427818 0.010410320556886066 0.2600246835988312
0.02506695847218235 0.010353000700201231 0.25999709618253997
0.020931588740378357 0.020174915332250215 0.2653302886005314
0.025093918950526053 0.01028610920311035 0.2600574081740874
0.025111982314808982 0.010235378903489523 0.26001456447477034
0.025129536240735037 0.010188193157085745 0.260013517373581
0.02517360204207285 0.010061040332202842 0.2600271437185332
0.025203922234012868 0.009968627340562253 0.2599904221399077
0.025219287732961213 0.009923991593388193 0.2600749890164983
0.02524569979869641 0.009846673728037214 0.2600322464735092
0.025267358005794403 0.009786120666146036 0.2599932759184593
0.025291633706937586 0.009734538644357582 0.26006382932774774
0.025313715198555478 0.009665763116178894 0.26002525282645905
0.025339480011512802 0.009597381289220996 0.25998793681843063
0.025364241763261866 0.009516194782060339 0.25994042354443947
0.025399653127991778 0.009401486481985799 0.25998315067682587
0.025416755046836992 0.009331793897602247 0.25994191467127536
0.02543530265993702 0.009256713435777941 0.2598881563119204
0.025477244025676804 0.009134810316606234 0.25994363346646254
0.02548900540386445 0.009081520656990527 0.25988295053096033
0.025526997951926297 0.008947037887436227 0.25992456516642404
0.025534972485414323 0.008885443768850088 0.2598756846276458
0.025550386933984016 0.008851125585107922 0.25995228887974664
0.025557207059938136 0.008781706472708484 0.25990236506963926
0.02556390683564451 0.00871225408157672 0.2598714036699362
0.025562583407242975 0.008636126989344572 0.25982106317167153
0.025547938027281704 0.008562956349180306 0.259765920799001
0.026577700205960585 0.007235715639768714 0.2601379746568539
0.026904545158686045 0.006546775950740491 0.2601910875212057
0.027127723927864923 0.006127842494306424 0.260303667488642
0.027188767098991526 0.0059962799546724455 0.2603448109197566
0.02723370740300942 0.00589342293879469 0.260392161868633
0.027290533050165017 0.005782041519552028 0.26043509869633175
0.018902547158588426 0.023739429485538865 0.27041937553606044
0.0189619269739124 0.023674236803992915 0.27049347612853414
0.019109823244534585 0.023512443801283006 0.2704453278449702
0.01916704078436117 0.023449635772654687 0.27042589903193337
0.019288163981309586 0.023273433288917872 0.2703395581315098
0.01901075894428604 0.023607127062040684 0.2705877706024153
0.019088177931498404 0.02353392690484002 0.2705410864048232
0.019158384307682394 0.023457099884777954 0.2705145124809224
0.0275862415878326 0.0021300890927382077 0.26255945131763525
0.02768652372936988 0.0020396646979536914 0.26255390939409273
0.02777637094999446 0.0019634583917846338 0.2625225836659111
0.02793909992757073 0.0018289247136705766 0.2625804697014471
0.028006554310577497 0.001766194187884318 0.262570546614843
0.028059030520372556 0.0016993246432986941 0.26255969290983244
0.028127835969433697 0.0016343101714293984 0.26262241763882394
0.02819202170069328 0.0015703158489400182 0.262603946591431
0.02827821873448024 0.0014854901470882642 0.2625888064140313
0.02841294814114255 0.0013656853167752225 0.26264542774759103
0.028509508523450945 0.0012813062951113618 0.2626130314673801
0.028559272832532852 0.0012414406701159453 0.26269243149814414
0.028675282954758227 0.001147417738000922 0.2626821230609327
0.028719963574721577 0.0011064167246807033 0.26263772946222297
0.028800733461211467 0.0010414019516465922 0.2627425808352408
0.02886871436837373 0.000968416111951198 0.2627204022066683
0.028865573659793926 0.0009843266456782684 0.262786878517984
0.028926389353742303 0.0009216318968555681 0.2627969517617331
0.029048024717580778 0.0008002625477111502 0.2628440216125098
0.029094327189408478 0.0007447647846404171 0.2629598755873954
0.029134802913005728 0.0006805096649257214 0.26290629761160567
0.02917257420477331 0.0006248631903786328 0.26296664936625025
0.029209820379855075 0.0005571204147097886 0.26294993764023356
0.029193628777917327 0.0005830269662121523 0.2630573168990126
0.02923504853803413 0.0005115891293605568 0.26304538591674675
0.029275353634032684 0.00043528595003072823 0.26300346259435087
0.029256708682310013 0.00047473323287705593 0.2631089978711606
0.029304283808711244 0.0003846086905192614 0.26306650106642526
0.029324909951912802 0.0003410026058238702 0.26317135506250633
0.02935701118080212 0.00027008954866913903 0.26311283925243106
0.029377942732105596 0.00022231998622801452 0.26321513286202725
0.029402973265928667 0.0001547866478449067 0.2631678196843348
0.0294243357976839 0.00011861231638571335 0.26325272573877434
0.029463940771729542 -1.5035544994046468e-06 0.2632648246681636
0.02652260070429087 0.007324474624319843 0.2601551601908053
0.02642303021753003 0.0074859235400419055 0.2602289235074227
0.02631680775439524 0.007631065339338272 0.260242419066788
0.026373395441172384 0.007564899176290996 0.260270275832085
0.026171591643285093 0.007764100207124203 0.2602710761902869
0.029066865991526795 0.0007845484682280635 0.2629240325011569
0.029121219089947387 0.0007029730465476502 0.26295254008382796
0.029164918719128956 0.0006372000486373208 0.26301322968471047
0.02783503455092417 0.0019129520110781617 0.2625150803577145
0.027689132488229767 0.0020357870030046077 0.2625267601462377
0.02776856916869907 0.001971557963297621 0.2625684713815867
0.02781429003636704 0.0019302672069628768 0.2625943425025711
0.024271805486711776 0.012242967151159134 0.26073281908543955
0.027611697537825323 0.0021123418847350806 0.262565995782324
0.024259608393452717 0.0122624290549046 0.26083450264270736
0.02742465601388372 0.0022320133338780135 0.26257664823188387
0.02414197690025252 0.012419405150803642 0.2608870963459785
0.024200519855273897 0.012347851687099287 0.26090511426897967
0.027195944730464786 0.0023263436209836064 0.2625541803621262
0.02400602239541784 0.012551420559478998 0.2609026972237567
0.02413016134903216 0.01243083356021335 0.26096744718671916
0.023836402436447406 0.012652706056550889 0.26088103974232935
0.02391998860653098 0.012614303198066501 0.26095907239146415
0.02399780436697252 0.012555676745145183 0.2609721024929518
0.0226090936267382 0.01611697733961831 0.26254466465943793
0.02256465185542697 0.01620704348898694 0.2626219000360514
0.02259290748227505 0.016147144044972528 0.2626162563175797
0.022469050434714852 0.016366763860072686 0.2626480712572312
0.02251171808990904 0.016296712174040995 0.2626826165823034
0.022465274707131007 0.01637723349295428 0.2627688850017661
0.0224002776687542 0.01646193515612898 0.2629228655396847
0.022335592530602952 0.016547502702981498 0.2629958771177253
0.022386914008453634 0.01646640589000803 0.26301222565395244
0.02231646179381913 0.016570247077254963 0.2630816004345593
0.022367250425218962 0.016494683727379167 0.26308114912969177
0.022313478716201526 0.016566969628278583 0.26316033633282776
0.02230419432824155 0.016578587837740022 0.26322561441375175
0.022232010251840795 0.01666584574567115 0.2632826406640024
0.022035779152294308 0.016870204055595528 0.26327412279245943
0.02211087217990953 0.016820151325999677 0.2633045696586953
0.022168057502182287 0.01675392149592031 0.26335246539049073
0.022000629124655335 0.01688498063068561 0.26334296226504306
0.022081622560537424 0.01683866037036358 0.2633920013946001
0.021502727368762978 0.018746181892107305 0.2637445040024273
0.02146461804182649 0.018840554842387502 0.26381238024905196
0.021443214733198435 0.018923434361042546 0.26390487356052517
0.021398820765758657 0.01902302486153007 0.2640661858439
0.02141965373057369 0.018955813925228104 0.26409221495872237
0.021345833372791265 0.019207655786746297 0.264135800714009
0.021376742833160017 0.019131801612850136 0.2641540685672557
0.021405182407734424 0.0190380576540759 0.26416114787452094
0.021319818192351264 0.019280450867912663 0.26421592106064246
0.021355390935990023 0.019197643251433638 0.26425523187293465
0.021316666997708705 0.01929682909367475 0.2643203133165488
0.02125607128521957 0.019497092718156833 0.2644594641973841
0.02122161109022662 0.019574008152061256 0.2645288966760114
0.021158665095147924 0.019741651668550297 0.2646987875247431
0.02117976828548522 0.01967682041952834 0.2647028541951063
0.02111748767673123 0.01982543004177842 0.26477516216249525
0.021146602683668123 0.019770617120742323 0.26478745559401606
0.021058034701133307 0.019925593764084593 0.2648292150766288
0.021097926143733084 0.01986119892078253 0.2648570504707056
0.021055244094079023 0.019948098015000165 0.2649403262232478
0.021015868850955313 0.02001456423806025 0.26498650547855884
0.020972689730221622 0.020096761398844032 0.26506692657835085
0.021017773300304743 0.020017458143200717 0.2651030865597243
0.020924437155778172 0.020193687781859565 0.26513490964856024
0.020972616043878733 0.0201161773837725 0.26517590503768834
0.02092366632032655 0.020209598242064503 0.26523673206293336
0.020863526007123753 0.020272594398896226 0.2653069756238645
0.020911751297074177 0.020205605452959824 0.26535570661843183
0.020840215898451753 0.020294986421808187 0.26538443018630997
0.020887125129859158 0.020232792225731433 0.265412501147874
0.01765897635762448 0.024221898886875093 0.2711328313746126
0.017709224383648303 0.02422520975054887 0.27103547550492596
0.02084052343056912 0.02029505966185996 0.26548715713438054
0.01786990298944663 0.024185724794433178 0.2710434198852828
0.017755444600250456 0.024223029305771 0.27097852100257697
0.017931441918589835 0.024173357131301892 0.27100491608016464
0.017783800040367878 0.02422364128308835 0.2709100436559614
0.02079161721818555 0.0203678828730417 0.26555070313742934
0.0179616434246217 0.024177732975985244 0.2709150709928381
0.018026752265360227 0.024167244102805463 0.27083280843454394
0.018049364237228194 0.02416894567790276 0.2707614568664432
0.020721555872436917 0.020480763113379707 0.2657150613041662
0.018223286277893755 0.024112394087632105 0.27073920697861
0.018082040541503627 0.024165661487579704 0.27068359485624044
0.020610994215037245 0.02062044007444333 0.2657433230355548
0.020661181804706094 0.020568148089784938 0.265758919864839
0.018336596141202408 0.024070776645411268 0.270737941601209
0.018219508720815764 0.024117706917792442 0.2706725489378481
0.018384208354632448 0.02405830877094911 0.27066378423179305
0.020530254977234805 0.020690292245334335 0.2657951524856859
0.02059444928885247 0.020640671867273974 0.26583285941127105
0.02066278194736275 0.020567919848185123 0.26585888788797274
0.01848288365600957 0.024016306970275708 0.27062373762097114
0.018601538831440653 0.023960626690703674 0.270566424069256
0.02052671732739815 0.020692258138160863 0.26588078120749714
0.018632900882644146 0.023943026222841612 0.27049680609546084
0.019073943778101426 0.023541042162359305 0.27059819577434785
0.019018496830342943 0.02360882785948895 0.27053191609760674
0.01894953966454653 0.023680724028061012 0.2705299171904089
0.018888446997742545 0.02375096604326518 0.27046397106722614
0.01880458347960809 0.0238234228926249 0.2704311804404104
0.019077061437328457 0.02354819161258942 0.27050176059942527
0.01898376528879958 0.023657757534905594 0.27043809826568954
0.018922599429888082 0.02371960557646688 0.2703865697584469
0.020342667727215977 0.02079571000171962 0.2660066604960994
0.020390043634020763 0.02076825064889093 0.26600761495754627
0.017232190417573554 0.02426660545613543 0.2711056778216255
0.017187347445689866 0.024279850238703188 0.27102847367078264
0.0171410348264589 0.024289868895556233 0.27094990744448383
0.017093743827784516 0.024298560292786542 0.2708707638486686
0.017044427825105526 0.024305449078291158 0.27079060297720353
0.017324110297214965 0.024266120625208387 0.2710840765354211
0.017279234757922743 0.024280195904525514 0.2710068830856642
0.017232624986189438 0.024291908698655967 0.270928461425183
0.01718656397689068 0.024301469218696248 0.2708498461774321
0.017139493293344424 0.02430940024901862 0.27077079204339394
0.017455341916638487 0.024248481255719073 0.27113740876589665
0.017413313745142017 0.02426328411605036 0.27106101689115414
0.01736981860419977 0.024277159315286845 0.27098438617433274
0.01732333068545508 0.024289838226701638 0.2709061898341618
0.017583538237443477 0.024227608553132163 0.2711688199329998
0.01753990281533309 0.024242205725394372 0.271110171985046
0.017498112097493676 0.02425780722815085 0.27103571106499924
0.01745662910164182 0.02427156416726514 0.27096012183110074
0.01741209007814505 0.024284515444992272 0.27088274513957683
0.01763208256388582 0.024232973855449758 0.27107691307144255
0.017582903159813756 0.024248089540067908 0.27100923090470985
0.0177063307220989 0.02422078525309823 0.271077582604626
0.017675450537509532 0.02423642919682406 0.27098089783786083
0.01778951958781952 0.024207805610501065 0.27103576411591385
0.017736637016167858 0.02423038787627399 0.2709441522330161
0.017873974058986816 0.02419244329937459 0.2709828734759413
0.017824755149757704 0.024211035350378274 0.2709397684818713
0.017937699387991682 0.02417901979992909 0.2709520487049631
0.01790118849474552 0.02419600820851009 0.2708919909423653
0.01797118993379203 0.02417982030376553 0.27087292444107647
0.017939450335048387 0.024194702129619494 0.2708040543769641
0.01799683531895481 0.024184782005405775 0.2707535745586438
0.018085137001255774 0.02416135687791726 0.27072573151454005
0.02764445764088226 0.00207774965718982 0.26256483180588386
0.01886763374836313 0.0208548313760204 0.2663256988330282
0.018986753805131665 0.020881481456218376 0.26630612386429503
0.019094576351226633 0.020903670250058792 0.26631156067232037
0.019199657618151886 0.020926747753081926 0.2662863887694205
0.019300711526612113 0.020940722555214508 0.26629479316649984
0.019402429677529434 0.020946007767800284 0.26627130440106006
0.019485603128199372 0.02094961074176499 0.26623879233434217
0.019592107121294902 0.020944063761120235 0.266221598606985
0.019540250071896303 0.020946609953409245 0.2661605997386964
0.01968886736668564 0.020938465277118568 0.2662149874279065
0.026387953761320478 0.007532252846356224 0.2602138047079926
0.019771525185023203 0.020936496051254944 0.2661833258389196
0.019745847647424916 0.0209418147961615 0.26611425329650584
0.01985854091636613 0.02092626454147073 0.26616064706456144
0.019797149559083974 0.020935487267454728 0.2660801691236305
0.01994135865506802 0.020911860821905104 0.26613749066762715
0.019895037262996892 0.02092293706049292 0.26605256958146273
0.020015920818913138 0.020897866342995647 0.26612528309281525
0.019979580967614874 0.02091120832789467 0.26600924161080747
0.0200915461592861 0.02088606814746999 0.2660830989989432
0.0200549491843368 0.020897457459793017 0.26601348405522157
0.020161617106191312 0.020869349070818277 0.26605097776958125
0.020260415890037728 0.02083602704588114 0.26601504251440533
0.020216799536624877 0.020852389061297993 0.2659539111283057
0.02030569201505726 0.020815326008866902 0.26598061329905337
0.020374462625887033 0.020780835217119875 0.26593451246423705
0.02634097218652076 0.007608352315998601 0.2602817015271338
0.0204458964501915 0.020744779238915434 0.2658800308188787
0.02053502266039907 0.02068039693185214 0.26592309246992984
0.02049322590738023 0.02071641138768962 0.26583870847021535
0.020574799125265067 0.020653268631573907 0.2658819640811117
0.0205609323782006 0.020668129049326994 0.2657975864151683
0.020635403627295462 0.0206008722002953 0.2658138679481604
0.026273268741723088 0.007677346133694196 0.2602496611279117
0.026174687057757592 0.007754827235351203 0.26021159461411625
0.026219340184126534 0.0077255840599002035 0.2602863158868237
0.026077573050912628 0.007810849551345422 0.26018860602596555
0.02611498407404811 0.00779583720179905 0.2602798292511281
0.021167089651360257 0.019718176995603326 0.2647217389840138
0.021145451580678945 0.019766222643350345 0.2646792059024213
0.021176774995203193 0.019674117778554434 0.2646103730048833
0.02121018195916241 0.019598938237727903 0.2645560180087916
0.021239195827370938 0.0195365571332278 0.26450213665531075
0.02127112737408022 0.0194535064023737 0.2644271713411358
0.025983887130112432 0.007854161644668789 0.2601725646290262
0.026026628837780508 0.007840695769850747 0.2602520941200406
0.021290224822820183 0.019383601022679248 0.2643605094161605
0.02589471340969307 0.007886263509137958 0.26019263258567793
0.025949801599520234 0.007868260857236964 0.260269150377505
0.02582172241046827 0.00790622266159935 0.2602067022859301
0.02587463409966847 0.007887046728769997 0.2602998840885855
0.025781094363505744 0.007913119414484138 0.26025486739259107
0.02578879496571654 0.007902607207915024 0.26032264948933226
0.02125585539123391 0.017056365592319045 0.2632497657466992
0.02129295883809424 0.01705801025825554 0.2632344564029824
0.021447515535142264 0.017025960561816766 0.26328850510468543
0.021399494307353592 0.017036419265458347 0.26322887131393047
0.021509444466307148 0.017024792331650385 0.2632761583349438
0.021488173864405574 0.017030423893574842 0.26321139647267106
0.021597009949223568 0.017020217380558533 0.2632539047863701
0.021577643174801472 0.01702667925390966 0.2631628121184913
0.02171250401554463 0.01699323086403609 0.26327959906531717
0.021676141895593075 0.017010915022313722 0.2632135538075113
0.02166637468308899 0.017016420356378015 0.26314630317066123
0.021830556362430753 0.016947018652293533 0.2633285053765719
0.02179236748270509 0.016972601344380778 0.2632542180127011
0.02175930606686257 0.01699049567922256 0.2631836726906517
0.021952873566822073 0.016898878314314136 0.2633621046365209
0.02190775760221765 0.016923248582540684 0.2633014997038472
0.021865732179062278 0.016948072225054234 0.263241345665072
0.02182729687157428 0.01696979098684437 0.2631363657187746
0.02201396566185395 0.01688181353007684 0.26330534956041707
0.02194544058678978 0.016913478622513023 0.26323847406259865
0.02190761581724046 0.016933652927152598 0.2631890165450624
0.025684875002590507 0.007919649894068792 0.2602669355789279
0.02210639772046004 0.016824919278005945 0.26335899495838494
0.022068581918426908 0.016848904511281848 0.26326453529820504
0.02543734211202174 0.00795600597443652 0.26004890057323626
0.025540153208647567 0.007923711409242251 0.2602466022281851
0.025569646861786463 0.007920009319440813 0.26031865149504896
0.02214778208141767 0.016779676465093207 0.2633093822780716
0.022229500476377895 0.016674974378738217 0.2633528824164396
0.025420339898931596 0.007959177585064703 0.2602007982099396
0.025447850975362778 0.007923364805326849 0.2602607885348349
0.02548291066327009 0.007920433141498318 0.2603094135492929
0.02540734218419049 0.007937599710681531 0.26026868409100934
0.025398032517856994 0.007924102492229246 0.26035707739509284
0.02283812192413477 0.015628314110812447 0.26230768695013884
0.02282109702901898 0.015666693169347712 0.26223756882614624
0.022860588408115702 0.015570513718689949 0.2622335087709483
0.02290336338818015 0.015477181209297697 0.2621708437203138
0.022884656121648125 0.015509888226913793 0.26210577378195854
0.022931959229164856 0.015402260036712967 0.26210174631459615
0.02290990494237314 0.015445856234129252 0.26205440988459827
0.02295947369060826 0.01532523902395494 0.26206162659494103
0.027152976884961176 0.0023370317900496262 0.2625707449386313
0.027212044189052986 0.002322606936663918 0.2625315024604714
0.027356130779743824 0.002267832288566085 0.2625833471102325
0.027491671222247355 0.0021883149731199425 0.26257884971207507
0.027798302052131657 0.0019453651266679306 0.2625409404035424
0.027706146950033872 0.0020204665773218555 0.2625119841370872
0.018946904718004323 0.020872379042969208 0.2663669161165001
0.01903836114586846 0.02089111657986001 0.2663621628951083
0.019039094282534988 0.020891274904518448 0.26629630866712
0.01917007067311137 0.020920953423196637 0.2663237403065288
0.019249553017552698 0.020934542929457928 0.26631909528320447
0.019337452179186587 0.020942022020314394 0.26625702562568954
0.01945567569154312 0.020948696640151948 0.26626706043391446
0.019443591573626892 0.020946870898950226 0.2662132830626208
0.019513153123537005 0.020948313138905272 0.26627086262251853
0.01951085344221029 0.02094852546565587 0.2662061746701383
0.01971243985421607 0.020943519370298008 0.26613959198392106
0.02123969510838171 0.019532058874293934 0.26445922976792613
0.02130961186172326 0.01706200234195393 0.2632072753567966
0.021368714266122177 0.017035524940450575 0.26326334518294126
0.02136285229939011 0.01704056858344477 0.26316936984409445
0.021429556526158675 0.01703114818685242 0.263252641070573
0.021443789391595983 0.017031895287445975 0.26319669935820966
0.021543141423129644 0.017028252217244633 0.2632003341442618
0.021617424266344318 0.01702258075321683 0.2631883477102748
0.021712386481598234 0.017007146319827804 0.26313633616790166
0.02176629607606101 0.01699174407418036 0.2631323282315403
0.02339141786254332 0.012742381421872395 0.2609122521075367
0.02342238612767413 0.012737762296419708 0.2608222448698564
0.023437938585282078 0.01274120284551733 0.2607606659230948
0.023492409521518 0.012730508726191747 0.2608502837969674
0.02352542428636352 0.01273504291970351 0.26076671960133674
0.023585181237287756 0.012725703770701424 0.2608729108726925
0.023582558213339773 0.012731811170416163 0.26077897641514847
0.02366373161978843 0.012700525967925591 0.2608967276851656
0.02367176497593579 0.012710289061883817 0.2608201660904501
0.02374432802484812 0.012678997360659194 0.2609101239331712
0.023764545211438205 0.012678479055265646 0.2608200837553287
0.023824135050529355 0.012655822407217687 0.2609070056989122
0.023826133104094843 0.012653773413965785 0.2608430265530238
0.023895958642186868 0.012627598203624468 0.26097964483032865
0.02387894096465823 0.01263366788810566 0.26091822350437566
0.023952486095644 0.012587847069269797 0.2609866198732083
0.023963466812276776 0.012582320792651591 0.26091442797110725
0.024040453672227777 0.012522505520580263 0.2609398788025656
0.024106389721581002 0.01245788555958982 0.26092891111195726
0.02417074938164923 0.012383847480975041 0.2609299494139041
0.024166968211851984 0.012392021707692769 0.2608806262309925
0.02706506663807754 0.002356030600709713 0.26256638468790905
0.027238398010218767 0.0023111331559194093 0.26253777409226786
0.027299381637758795 0.002289581252936157 0.2625531430073193
0.027109919310321723 0.002345936044628627 0.26255723900969025
0.02392778409512137 0.012606677088966067 0.2609246308102341
0.02386479562203568 0.012639088452883418 0.26086895387113584
0.023832563551606414 0.012649670743464625 0.2609405379207691
0.023781055908691076 0.012672190210297474 0.2608763000990838
0.023702276228392834 0.012685221184835338 0.2609291235207327
0.023717792415750692 0.012696102422921518 0.2607992198029738
0.023667979796221462 0.012705903804125118 0.2608604394629054
0.02357960510426267 0.01271820864086376 0.26091667098888527
0.023617799859199484 0.012725658407811036 0.26080130858050304
0.023544012745351048 0.012729231260493301 0.260864965893937
0.023462002080041774 0.01272175847193091 0.26091692807544076
0.023324727877787763 0.014098320161616384 0.26145813730068157
0.023306771192399448 0.014156821938020259 0.2614991296037086
0.023280323142859202 0.014238751277189043 0.2615334444118659
0.023253227486429523 0.01432611733783773 0.26158663857554365
0.023239614593032074 0.014377019539251856 0.26164590831086065
0.021291267788632703 0.019403627305640103 0.2644435106927356
0.021263564517926138 0.019486350966981147 0.26451335822344707
0.02123287368540403 0.019546665648758732 0.2645470680700972
0.021204379038921292 0.01960873001094679 0.2645825646694837
0.02117975307249636 0.019667809451339946 0.26464065343690457
0.021163696248179126 0.019722790017161596 0.26468452652176055
0.021142601761246216 0.01978082729344796 0.2647329176788277
0.021264061807625877 0.01945541216583896 0.26438793816848444
0.021233097919232446 0.019532827030409983 0.2644288585968669
0.021634557854539244 0.018220130264009038 0.2633731252826611
0.02161625660633694 0.01831925232747489 0.26345297926032346
0.021590375864161286 0.018386810453256963 0.2634827638490441
0.021571458306290203 0.01847224397546493 0.2635096809010248
0.021592656488605436 0.018371057249609024 0.26332898118055714
0.018934166820541762 0.020745916961777744 0.26764791760708817
0.018965604496231345 0.02084247913922893 0.2676174318360936
0.02347154844794118 0.01320645682480498 0.26125017406683615
0.023417406040047647 0.013083783037106334 0.2612064872853208
0.023445347929392506 0.013189973393828658 0.26117189723098394
0.02338207029822459 0.013042294800952203 0.2611438629608883
0.02341020493116297 0.013133594961679484 0.26111784554401823
0.023344342629226078 0.012996420613566706 0.26108642683616123
0.025511892668962012 0.009012637203165863 0.2599351380753128
0.0255635895549165 0.008748325105974397 0.259922538525288
0.02554805381544875 0.00883562768742674 0.25990561791741074
0.02552796459442582 0.008927283427329069 0.25988761526644916
0.025569563645640225 0.00864047812725538 0.2598583138195961
0.025557464931799334 0.008739587104659718 0.2598491458415607
0.025540705075906098 0.008815151098897467 0.259813777781036
0.025445815791747192 0.008158672467728001 0.2599444907875414
0.025551668512890494 0.008541987010801444 0.25978921372550406
0.025423829522659425 0.008168183498277581 0.2599049138918889
0.025493673332942224 0.00829325152458904 0.2598251596126324
0.025531675467544562 0.008428252126994162 0.2597904313227821
0.025462911597694468 0.008272756190501829 0.2597606594612744
0.023342621669335525 0.012954028537915996 0.2610968214654996
0.02147539344129202 0.017597236002960037 0.2630490354187223
0.021198517313630413 0.01722426453129483 0.2630655624195102
0.021595407236137135 0.01776764986748952 0.2630986544717462
0.021223450354425064 0.017295331818783177 0.2630285431187904
0.021217048344964795 0.017241945444755657 0.26307544613727607
0.02121653216684502 0.017229327531700367 0.2631036512366426
0.023435142690858307 0.013146499946057544 0.2611757658929431
0.021621658071436817 0.017790142910501794 0.2632256250036113
0.02130936723274464 0.017367150318363 0.2630341088746179
0.02135657431074052 0.017455204540921254 0.2629808401307172
0.021650764824804755 0.01784758803728881 0.26325001883309335
0.02141456071075698 0.01752115043130037 0.26300262475959235
0.023387197579467778 0.013064613718253681 0.26113057402874384
0.023381186176943 0.013103467131564572 0.26107626091878144
0.021469381451473188 0.018832507162396095 0.2638438166829352
0.02150073817498066 0.018753854589046826 0.2637790675269839
0.021516289407330122 0.018691132986800307 0.26371397601306656
0.02154360849270362 0.018622721896411787 0.26366665371297227
0.02157010414395827 0.018536468105199932 0.2635917723330026
0.025567386672476614 0.008673720636349025 0.25986230461863935
0.025569794816238597 0.00860059216339859 0.25986671408431616
0.02552393748175645 0.008382315792949513 0.2597993248086278
0.025490708826395966 0.008311177072852727 0.25978269141252475
0.025479370038412205 0.00824356293613493 0.259907860560892
0.025436737149901828 0.00820718494738959 0.2598287245460056
0.02542341274370255 0.008132655833071933 0.259933531272977
0.025430923475743383 0.008161021109562683 0.2599274604086385
0.023789246095970246 0.012662355090476252 0.26093914121818934
0.021393696447161617 0.019061267008092603 0.26411231535056556
0.021434933075500887 0.018923280534724085 0.26394289214391864
0.021278133556619006 0.017032122644918657 0.2632841016193169
0.021273997916425355 0.017066913751772828 0.26318686959648463
0.021401292552955302 0.017032715700256273 0.2632570425726448
0.023424845135186015 0.012732530401140418 0.26087265615781696
0.02346775564237205 0.01273630403606002 0.2608040549409726
0.023536437272249945 0.01272106825401459 0.26090436720524157
0.023558162974637885 0.012732385693868753 0.26082466060444276
0.02361557320630356 0.012710061756251778 0.2609215162037098
0.02363521971736205 0.012717080632265065 0.260861315046057
0.02371215594229696 0.012692517747098897 0.26086585755253255
0.025427106314834663 0.007928135329300867 0.2602559474853013
0.025440318065831108 0.007959916351044038 0.2601604372947844
0.025515654696425347 0.007921290797889835 0.26029985446888515
0.025633395534455643 0.007919813053142322 0.260315757170869
0.02573575051349848 0.007916837400907761 0.26028235924490173
0.02574922128064904 0.007915363647682083 0.26021826810835536
0.02583640971709327 0.007902939626362404 0.26025251797324067
0.02584644493986056 0.00789851096814076 0.2601625184582955
0.021588305045406785 0.018387834901948563 0.26342115865190485
0.021565182560008708 0.01846195540825385 0.263452288298772
0.021548253000116452 0.018540024887836015 0.2634788369213281
0.02333493426500899 0.012967541876101052 0.2610739787115978
0.021314284065825286 0.019312230474356956 0.2643562627047038
0.021283122453963632 0.01938807823576985 0.26432516565122854
0.02136708408902971 0.019157851324789976 0.2642560898624331
0.021338818734509782 0.01924098100031657 0.2642623644923592
0.021318120423404446 0.019289786110637114 0.2642506202799979
0.021392516668521752 0.019087264741242005 0.2641646319845691
0.021372143187669515 0.01914968694016142 0.26419131668168216
0.02133996270174285 0.019227207970366755 0.26416613245047627
0.025460379383266403 0.007931689719852142 0.260214868272493
0.025480934709563023 0.007922672108349738 0.2602724353971705
0.025414875141855406 0.007941411659769415 0.26023492280559285
0.02543808652799196 0.007922419009793291 0.26030807134078326
0.02132536310257991 0.017042825995287836 0.26326046347896703
0.02131371924845442 0.017053945913169388 0.26317021415161546
0.021403347666410902 0.01702683303071134 0.2632893540273894
0.0213944062964175 0.017037403391987727 0.26319300418636654
0.027160280780054925 0.0024236915082775368 0.2621622120684077
0.02119835397280735 0.01722121403596999 0.2630732538691816
0.021182939054734146 0.01723413961933784 0.2630462772701484
0.02546345247218624 0.008301168489334154 0.2597248867422018
0.02544228840908956 0.008217440808497734 0.2598135794301473
0.02542840425044296 0.008189486510061461 0.25986732938770646
0.025514343385294187 0.008374941506625933 0.25977909003622257
0.025495695991203604 0.00828175274831966 0.2598588822696728
0.025454996794147713 0.008201474073816717 0.25991997988565785
0.021493004825822934 0.01764464459481596 0.26302167144143207
0.02144488570476677 0.017544912568587534 0.26304847325542213
0.021434055371449226 0.017568814639612573 0.2629833295697654
0.02140044815557926 0.01748514771463955 0.2630225040321996
0.02139494907395534 0.017515563969143277 0.2629706689816715
0.021348279194211547 0.017410970592316777 0.2630155936202201
0.021287574827474995 0.017370890415740636 0.2629937334508533
0.02702827798030611 0.0023626322640071806 0.2625821521385934
0.02149568914125599 0.018740794646703307 0.26365129598216874
0.02152453957413525 0.018671348233402274 0.2636604636810237
0.021515115976916493 0.018669940981430266 0.2635617649173164
0.021553332619495533 0.018600948890313218 0.2636424786335812
0.021553175820798194 0.018597573248251786 0.2635875078790399
0.02153979785936215 0.01857569653271146 0.26349570930843563
0.021573072772416588 0.01851290140570533 0.26356274236882754
0.021334876693863206 0.01702962953522097 0.26329580103296557
0.021347792934712215 0.01704833884798035 0.2632178112904451
0.021465706638429685 0.017030593123959437 0.2632456037850183
0.021665301765845135 0.01806152558340779 0.26321788133621227
0.021676805058979988 0.01798856655164638 0.26324395076143586
0.021674358183556293 0.017886363240569025 0.2632721188587358
0.021629838055526776 0.017817149652973874 0.2632292965048487
0.023438673066109944 0.013192725899054958 0.2611533729762044
0.023390936720174255 0.013086476031716199 0.2611159207363887
0.02338767491144779 0.013032636039800483 0.2611807001071354
0.021590717870208158 0.017779379670349205 0.26304058712746337
0.021656797951947 0.01809575176637057 0.26322341527233284
0.021690453410257438 0.018019493805665032 0.2632718925521136
0.025525341392639983 0.008395767588252556 0.25979309641899984
0.02545180752076917 0.008242149294905687 0.25979010472435016
0.02546752425128801 0.008194011440252114 0.25995076925911487
0.021605249340042307 0.01778090820324224 0.26316883679518865
0.021609528837689393 0.01780663325027171 0.2630674642996328
0.021505907192342105 0.017648032806757807 0.263052378384589
0.021561910330774224 0.017754330143619546 0.2630029800671902
0.021425116419588025 0.01752153272992424 0.26303065689755645
0.021329461564546723 0.01740941068158408 0.2629923211559694
0.0254853248783357 0.008232761483159434 0.2599465954417502
0.025483583717308966 0.008257054831918353 0.2598773732822609
0.025441756839274493 0.008051559354314008 0.259980580857361
0.025446538678565632 0.008085091580176451 0.26009100213086256
0.025435179740825237 0.007980029108647868 0.2599311407771534
0.025414658249470014 0.008073930841291321 0.25992937315187603
0.02542105382144 0.008018511679797558 0.2601661174124158
0.025439182171082028 0.008011568991742546 0.2600342684787006
0.025462131447268402 0.008129451969058232 0.2600249487693853
0.02546238480251073 0.00815863917354337 0.2599717927320475
0.025441841715494205 0.00798171152357774 0.26009937820008155
0.021271514990897564 0.019418529191288753 0.26434114117341584
0.021263086966169922 0.019444385050676305 0.2643597106816086
0.023343043914334977 0.012835825015654168 0.261036191396771
0.023366097264272592 0.01277149556209306 0.26097709365010335
0.023327552389581896 0.012920540649037915 0.26104885581626813
0.021224070509867424 0.017125301545467264 0.2632133268076359
0.02122235037684113 0.01707700578816096 0.26325422444899316
0.021246952861988064 0.017076459702330793 0.26321272040804694
0.02151942414140918 0.017691845022545616 0.26300900981491376
