0.02962152375654581 -0.0024387547128517095 0.26493806514386115
0.029622234082678014 -0.002285295812498145 0.26492080556567793
0.02961962989378826 -0.0021843278650406917 0.264925056669823
0.029610081006776978 -0.002070951578343805 0.2649041754444836
0.02959442424046979 -0.001935890659212569 0.2649048807757637
0.029581877453879017 -0.0018225687810941027 0.2649245911990458
0.029562566299091986 -0.001711191465416484 0.2649071574572435
0.029546082099113233 -0.0016325170718072823 0.2649488162083205
0.02962342432068453 -0.002149086562066249 0.26476590448262727
0.029523441065897008 -0.0015381804741365634 0.26483077486024786
0.029508244554899928 -0.0014634595980644316 0.2648279687717752
0.02949091732088062 -0.001397921932580093 0.26485037853670285
0.029435477986470733 -0.001240273101631828 0.26477940761518676
0.02941177042002515 -0.0011688944804900125 0.2646786558021156
0.029357854727870593 -0.001046686019114118 0.2646044169119864
0.029300634428061086 -0.000922427309081153 0.2645113987074743
0.02877084089083924 -0.0003271192699877967 0.26405714219204623
0.02843779880453965 -1.8627577096697046e-05 0.2639312753768392
0.028192606817845467 0.002845886210149695 0.26179676064849067
0.028175395835987563 0.002919114480124052 0.2616673725544478
0.02816686230610376 0.002996710421258375 0.2616804110891507
0.02814762470630411 0.003096095837295143 0.26170022370465573
0.02814186706479884 0.0030984792548296447 0.2615854116827018
0.028125069395972514 0.0031879129625955183 0.2615812412346132
0.02802654461159313 0.0036412060741538577 0.261333069046049
0.02799248401458443 0.0037476657532602986 0.2613216492800285
0.027934017663406543 0.0038860835328698995 0.2612611407833697
0.02781995548106298 0.004176105629763838 0.26122460375595546
0.027803035273697096 0.004213064920776666 0.2611407657795336
0.027767179530497323 0.0043087648553647995 0.26115373965711236
0.02773835751178179 0.004363972865255583 0.26105916683342045
0.027713970143621633 0.004433280575514953 0.2610808490213366
0.02765553700751528 0.0045571112814875026 0.2610078330877116
0.027595582263129706 0.004682803211596032 0.2609573637115391
0.027535879518634968 0.004814948538985397 0.2608855288220428
0.027517347836417384 0.004858236370619662 0.26091077731876217
0.027457855121055363 0.004991654047090677 0.2608484021552438
0.027423906265702916 0.005069985938014943 0.2608591992374646
0.027365986459375928 0.005203970126930524 0.26079214680756324
0.027313952188894194 0.005345059916446515 0.26072834662425803
0.019598277335849956 0.02255332307360458 0.2684160232063924
0.019562473613575528 0.022622906586566738 0.26847722915540995
0.019527493346106803 0.022684594824285864 0.26850818601434173
0.019505817355484213 0.022722395140158946 0.26854785698295136
0.019386959456087885 0.022884094798750643 0.2685474044761258
0.01935793441457513 0.022915855044441047 0.26860588768020066
0.01930030768286401 0.02298035273132637 0.26864860002945395
0.01926243364096391 0.023031401602699897 0.2685804727354989
0.019232777885763067 0.023055915793280868 0.26862553065426603
0.019199257340078123 0.02310808612180898 0.2685249583775778
0.019153799032540803 0.023150888571388806 0.2684332769493286
0.01912418946248816 0.023181360068417034 0.26848635496577755
0.019078328279796386 0.02321650660717295 0.2684090985755202
0.01902007033098154 0.02327153607565613 0.2684511100644054
0.018931627390985584 0.023331692810731663 0.2684327100945706
0.018862689102410596 0.02337330502802637 0.26847087813277226
0.018821922269159297 0.0233984330008718 0.2685363955876018
0.018799315365489247 0.02341600232540375 0.2686127581055143
0.018707507646467593 0.023465013490896636 0.2686671218350136
0.018649618149310106 0.023489274321805143 0.26871757124930634
0.018600478075144054 0.023512305506205533 0.26866228887005156
0.018540090748915126 0.023533766533384737 0.26873555541933114
0.018583453638418734 0.023518039235141175 0.2685890051112323
0.018534442694745523 0.023538152655490974 0.2686545800692734
0.018432961370850834 0.023576333117940718 0.2687225048547917
0.018404881057781722 0.023589463175143655 0.26864104087431084
0.018359197945510136 0.023602719768608116 0.2687263589238836
0.01829454619118516 0.02362830597468768 0.2686340679382937
0.026218163397915065 0.007524624865405005 0.26021511724499785
0.02619302205428719 0.007621581896146756 0.26023622402187974
0.026172863456092606 0.007700945368546375 0.26022983810240763
0.026153470503078237 0.007786278297807425 0.2602626850909623
0.025950216197799927 0.008422723661271558 0.26016818166133804
0.025515999856078796 0.00962231604673569 0.26034780158010795
0.02548429186086377 0.009700772448355766 0.2603700634799432
0.025458134558728696 0.009777233268187357 0.2603877408885681
0.02533018679722887 0.010067866000286196 0.2605034530001207
0.02530539956724867 0.010125077870366872 0.26052600591238895
0.025264289722483423 0.010215696962486642 0.26057479092450087
0.02523618027485637 0.010281882506450513 0.26061016798379516
0.02510732127958317 0.01055006200429276 0.26063671927141463
0.021397921103984308 0.01929952577448374 0.2642978841392106
0.02137438980673404 0.019335881869934013 0.2643255753972774
0.021328557357373726 0.019414258030621467 0.264389283121468
0.021307293323970744 0.01944504894501725 0.2644429812915868
0.02124597322221366 0.019515682674044632 0.26449270463966584
0.02121597421254863 0.019539747804781515 0.26452040940823973
0.0216453367171809 0.01894201956284386 0.2639291563774602
0.021609403774766146 0.019002875557603327 0.26398406522967227
0.02157146714170205 0.019064050465918303 0.2639995425764867
0.02152723630702333 0.019116879762333505 0.26405934784551793
0.021490054690712718 0.01915958660805611 0.26412136123872426
0.021454672852371168 0.019211238751202453 0.2641619676855519
0.021224812061103285 0.019542596871550744 0.26439583539669853
0.021175905192063735 0.019584236428428214 0.26444381732729527
0.021113690942229965 0.019628401279411956 0.2645112573566191
0.021058501301493504 0.01966216769105633 0.26454915004720775
0.023065739987066 0.015161157200064168 0.26242877415232035
0.02302249570221236 0.015218691126841266 0.26247164196072137
0.021758848214107965 0.018730549370786553 0.2637131429726987
0.02173430954123714 0.018775654099475902 0.26373068114203313
0.021687983692875848 0.01886107373422391 0.26378049806960924
0.021650975944940476 0.01893718440841241 0.26381599192636396
0.021635936102270978 0.018973951524704935 0.2638535813236989
0.02159443015065407 0.019052674898514366 0.26387901716055256
0.021549610043787477 0.019099306260234983 0.2639445039578826
0.02108164390139229 0.019652991919608342 0.26441716370439816
0.021024663802617125 0.019685210122818986 0.26446195155348073
0.020970229916257195 0.019717565790432046 0.26453557916167947
0.020924897836444127 0.019743365355616216 0.26458967705051195
0.023678511110557465 0.014037473668915168 0.26165824588376724
0.023643250370080658 0.014114598311006366 0.2616988754132171
0.02362161744524202 0.014174467776376487 0.26171885613840984
0.023585094454072128 0.014251011010457726 0.2617524141483686
0.023564616121666437 0.014300994497291497 0.26176707741696126
0.023157720909526648 0.015043491910362305 0.2622167044206219
0.023116182432365524 0.015104235485705109 0.26225899866455304
0.02307532664590125 0.015168238678711532 0.2622663714047065
0.022871587636011895 0.015425576260871154 0.2625331725041374
0.022850036957861218 0.015437220017020914 0.2625906172281246
0.02194527331117682 0.018315288135619334 0.26338444520095355
0.0219120671196519 0.018392011967890642 0.2634143491823945
0.02188626055496813 0.0184613343004299 0.26344083999458545
0.021864035295000105 0.018531739670096692 0.263487768240253
0.021838404370391785 0.018588874570267366 0.2635181662564089
0.021798180178859268 0.018652863272716147 0.26355032499821374
0.021767311012351034 0.018711509343557198 0.2636053929411024
0.02088815882544423 0.019758902593572325 0.2645090942799748
0.020827059982518638 0.019788772491276918 0.2645776567522484
0.024140031129270448 0.012545384505467772 0.26111691886388905
0.024096954808760347 0.012689778768263327 0.26116826674391386
0.024066698804653022 0.012784955531842224 0.26118710462304373
0.024044291902284173 0.012851594810691591 0.26119735769773705
0.02402735952509298 0.012917085993947308 0.2612367327014631
0.024003646947616628 0.012996047897643248 0.2612302444402059
0.02397812837856285 0.013081106651620655 0.26128715406070424
0.023953469636503563 0.013165414308807855 0.26130461361338053
0.023935335222972615 0.013238851547166142 0.2613047419418723
0.023912476747104595 0.013328867432499114 0.2613629575305811
0.023886361477595472 0.013417843186700307 0.2613296206926568
0.02386360797587788 0.013499879563400763 0.2613818323307985
0.023846439515720567 0.013560639607435754 0.2614141252948108
0.023823984199704565 0.013646626900226444 0.261420154329655
0.023800438333876295 0.013736305547446759 0.2614275411581438
0.023781910085093907 0.013788704256957496 0.2614506346623964
0.023739706631554426 0.013895183619639151 0.2614816837579108
0.023710083146603278 0.013970024448012042 0.2614967608580234
0.02368514322862124 0.01402645380920825 0.26153665352133426
0.023662555144223052 0.01407597889928941 0.2615866072889167
0.023631609533014956 0.014154810872632428 0.26160402253872256
0.02360843018056754 0.014215797257812746 0.2616266732548868
0.023567346528492773 0.014310499815141153 0.26166550553743184
0.02354668543210528 0.01436409559439672 0.2616796280280784
0.023519174786610128 0.014426418819404263 0.26170794791171337
0.02348451573819719 0.014501872748913402 0.2617540473941913
0.023459801067385877 0.01455299244086733 0.26176846926096475
0.023410528977797093 0.01463813815428161 0.2618298032684543
0.02338829178226324 0.014681764902649663 0.26187388297083103
0.023363370320007577 0.014733280132990079 0.26190497932370405
0.02332700553677844 0.014802777096357356 0.26191405851548727
0.023279235636135237 0.014883908149391778 0.26195874451918033
0.023254930621369685 0.014925118033232487 0.2620072166001247
0.02320996847305859 0.015002255725894365 0.262044440499572
0.023182852842362045 0.015038499362930835 0.2620686855268208
0.023139879321149998 0.015100445941655993 0.2621352438415447
0.022794518756112714 0.015490594691072779 0.262509959460709
0.02203312368083374 0.0180883122149757 0.26316333544178605
0.021981250522829468 0.018236506966209487 0.26321371031732366
0.021956734360458613 0.018306004568481693 0.26326810423941993
0.020734681695431093 0.019818711174559966 0.26455104084125425
0.02416638460529224 0.012439640799165763 0.2609759945608783
0.024154289909418328 0.012493398107494169 0.26099944779590023
0.02412416201940236 0.012595796193444864 0.2610193236490099
0.0240313910737805 0.012890919589764793 0.2611553550755003
0.02380266355242714 0.013722068949190425 0.26131509140637665
0.02378578618412866 0.013782793657919012 0.26135582916268635
0.023359566397410575 0.014738102977123801 0.26180141027645853
0.023200340873285326 0.015016916857187201 0.2619542440919283
0.02274558368534034 0.015513799029611752 0.26241117274843717
0.02271410118494991 0.015530286910982238 0.2624602019594963
0.022205834096534358 0.017582113928399812 0.2628433786480215
0.022135415183687716 0.017788305702151175 0.26295069057350384
0.022120863392434353 0.017842985825283153 0.26295465511705785
0.020612796309916026 0.019850682421437504 0.26458153163938986
0.02266111459745812 0.015556789339959298 0.26238632683713237
0.022280495339658646 0.017394558967682272 0.2626799536230547
0.022251389934646343 0.017480404793022264 0.26269565404886924
0.022218568909134526 0.017563215084391515 0.2627283408279657
0.02219988042585909 0.01762735438560581 0.26275346591567905
0.022603672324941843 0.01558308033011846 0.26231836737741837
0.022380650921979425 0.017022540509807116 0.26241748121606656
0.02235899223877149 0.017100700649166467 0.26244175718066154
0.022352970489305443 0.017165473045593738 0.26248227343288755
0.0223420915744202 0.01722752124350524 0.2625040282196447
0.022317576882514345 0.0173042292826589 0.26254417662322405
0.022291859694021927 0.01737691113443135 0.26257781682297043
0.022396878374437636 0.016974236197744297 0.262318728493963
0.019559529343842738 0.020639102285257338 0.2660760642284668
0.019548059013952207 0.020466010236456222 0.26600568500302313
0.019541810848947502 0.02034324325720749 0.2659855048360213
0.01956881136694391 0.02079837868106721 0.2662053278172494
0.019522998859891012 0.020230644176512713 0.2660049591207527
0.019624363148418762 0.02142687739847593 0.2672996394353412
0.01947448876687608 0.020105946284458 0.2660053053761522
0.01958297610702129 0.021145609670605026 0.26653067497513333
0.02937958258626415 -0.0036640970521022997 0.2653945125403513
0.0294150536616085 -0.003545349961141697 0.2653948322312905
0.029473011571300327 -0.0033043891907260092 0.2652310055551207
0.029453333358677142 -0.0033906141973760184 0.2653179575670362
0.029438024062361838 -0.0034656375950801177 0.2654072170076756
0.029549704149773287 -0.002990237856509148 0.2650026503530408
0.029532364175127696 -0.003077790853818041 0.2651164010978363
0.02950571764548532 -0.003199547321770635 0.2652210572876663
0.029492690304780758 -0.0032626950040739455 0.26532746868044865
0.029591914123368403 -0.0027671851260165914 0.2648813825104407
0.02957795974762962 -0.0028577759520073687 0.2649825826489981
0.029559897689724744 -0.0029450402486615457 0.26509027756621184
0.029548333589615235 -0.003016629211351707 0.2651662119379391
0.029524595060607686 -0.003127495414704917 0.2652841592439473
0.02959588164800573 -0.002724927719686132 0.26496456210083685
0.029582308686409167 -0.002816122952903788 0.26507312162898555
0.029570237147917747 -0.0028946553490973304 0.2651621893566233
0.029607245119809403 -0.002597377994882799 0.2649539210806241
0.029599400970318275 -0.002676513845911943 0.26505322485850114
0.029617185376572354 -0.00250019977844812 0.2649610970646029
0.02961177951877257 -0.0025449466196199033 0.2650438563952346
0.029626228996020798 -0.0022092659861991937 0.2647947823774135
0.029623749363713495 -0.002261673993845914 0.2648545935047906
0.02962227092283313 -0.0023495742940459197 0.2649758163060176
0.02961986012950179 -0.0024398739537151992 0.26501712130013594
0.028176744201739455 0.0021669087609456072 0.2618053163239518
0.029619892570903993 -0.002154243387179011 0.264854569001451
0.02962053407530038 -0.0022350118128492413 0.26499895263378814
0.028210494554613802 0.002271729413218626 0.2617611813861145
0.028198624189164433 0.0022143627948102984 0.26185058642689235
0.028177200729869914 0.0021418012941750164 0.2619296495214271
0.027896377703421037 0.0005218189032376586 0.2637571547434905
0.027963820941268674 0.0004608321445025987 0.2637728512025695
0.028073088932480617 0.00036303175953672495 0.26379982744576663
0.028128734763252082 0.00031466253387402165 0.26380422288960603
0.028183122212897517 0.0002673248954547791 0.26381078369824157
0.02960208399006449 -0.002003195548404113 0.2649150979684826
0.02823378102001023 0.002391985625283033 0.26177337340765516
0.02822732590354128 0.0023306423045537095 0.2618612955400979
0.028205883571768536 0.002249905696063925 0.26195301367929463
0.028498351962328625 -7.641761001692116e-05 0.2639756375147144
0.02822691342403104 0.0025431789700326446 0.2617804885695584
0.028994913550641606 -0.0005332810680414579 0.2641995897313454
0.029052655429805382 -0.0005985541578445996 0.26422634114884413
0.029568901771971676 -0.0017464508269436907 0.26491120972920906
0.019586274317937816 0.021183299635911534 0.2666278299761366
0.02821443369655264 0.002662063039947149 0.26181367903087827
0.029047367752791667 -0.0005766296008712923 0.26430444198157543
0.029083041000969027 -0.000615429088724917 0.2643387170834246
0.02914096614936755 -0.00067975450602481 0.26434532432734353
0.02919213422777278 -0.0007378581146291752 0.26439335456489715
0.02923259226737253 -0.000799504846549004 0.2644349413293223
0.02949634446974938 -0.001420167347900514 0.2647984651169312
0.029518088947826607 -0.0015052293648635806 0.26485029750683675
0.02953408747103735 -0.0015819073684749108 0.26493404791708797
0.0281628500314145 0.0029931723737632865 0.26162328105439014
0.028180400764446514 0.002891822060142213 0.26169280957083446
0.028195010561345504 0.002830110897753091 0.26176039736981593
0.02820472636016385 0.0027629785299446152 0.26182668124602837
0.029382162137773893 -0.0011047372091462226 0.26470189723184456
0.029414486808414436 -0.0011801746751470277 0.2647404554383817
0.029438585714176208 -0.0012522720245627394 0.26480281537622896
0.02946608693786154 -0.0013283690673203674 0.26484434886728564
0.02808782219761962 0.003400597188628951 0.2614323904236936
0.0281056585367322 0.0033089945204129445 0.26149045258333975
0.028118898863248518 0.0032217222606129026 0.26155163152516725
0.02813123279094476 0.0031643430036503717 0.2616099546269196
0.028149425991974564 0.003085422370947666 0.2616600475253194
0.028164017010583277 0.0030108992309513805 0.2617190037266985
0.027970712279528888 0.003795416495726789 0.26129886476013936
0.02800621224080596 0.003713900239872836 0.26133463070177226
0.02803139416253452 0.003637122089689304 0.2613715274017934
0.028049531763928923 0.0035655910499405863 0.2614282761415867
0.028076751940500216 0.0034725882030726685 0.2614678649476041
0.027887933926152284 0.004001805572024952 0.26122614137602523
0.027903571421155807 0.00396679158323987 0.2612987382026733
0.027934737515203138 0.0038875607744639495 0.2613235380499017
0.02796616882461797 0.0038173237776257807 0.261363523255461
0.02757016788388327 0.004733532912162719 0.26091880582638016
0.027612054504437336 0.004641612328078748 0.26094841688073867
0.02763277942864395 0.00460482357527775 0.260994032271606
0.027671944983700243 0.004523106838279833 0.26103084922682435
0.02769451167218768 0.0044739357083790066 0.26105313771387456
0.027734846341138618 0.004389871480943164 0.2610997226454107
0.027759542957310486 0.004329538955550216 0.2611358182812878
0.027782122032754597 0.004271581548082826 0.2612023455033231
0.027852680184574576 0.004098553984935138 0.2612859442455562
0.02741723738198759 0.005084219086073649 0.26082252397078076
0.02743985188924935 0.0050304800818347095 0.2608597190616493
0.027252257697939444 0.005480178555264503 0.2606939435309408
0.027293748592154166 0.005398041508145768 0.2607307758874751
0.027321247367373604 0.005325283808082226 0.26079227215600337
0.027214360180881483 0.00554990502715097 0.260761458686418
0.02723541547064824 0.005513584701700547 0.2607880025111615
0.026337989551770018 0.00691423467245128 0.2602311403220506
0.027119293842261277 0.005707323488122307 0.26079136211777215
0.026317016153357166 0.007093386795182288 0.2602128441563323
0.026328180100219353 0.007021555626268994 0.2602495663371363
0.026299757668546857 0.00720466690015964 0.260255131770811
0.02626029741805235 0.007368019432949402 0.26022928258200245
0.026277257659985072 0.007300968324723822 0.2602941033994865
0.026209602280825674 0.00755664712614601 0.26021984937889453
0.026229679504906955 0.007480111533222311 0.2602813155768329
0.02616978772543089 0.007714120523229728 0.2602221418643678
0.026184596377497676 0.007656883832445782 0.26025067196166984
0.025910584906974767 0.008542913621375547 0.26017287925410026
0.025859384774168527 0.008712999135353061 0.26017823182690275
0.025882976976145222 0.008622610362996497 0.2602209368188565
0.025803055599482212 0.00887458675496855 0.26020658963651777
0.0257413160073805 0.009047750616478112 0.2602101487282829
0.02576577668916946 0.00898033693078365 0.26026157708745856
0.02571431054784082 0.009136671375763794 0.26026260188474765
0.025644672947554417 0.009295341533639534 0.26028236721363573
0.025659690946382235 0.009248721102489477 0.26031309317188916
0.025608468771106535 0.00939109349148226 0.26031884501616015
0.025511133763709226 0.009636884980076976 0.2603397233917995
0.02553665788444899 0.009556991612711008 0.2603633948537607
0.025452509311709053 0.00978661925999863 0.26035998576194813
0.025478267948616393 0.009719126167735626 0.26038836665907034
0.025221777371788323 0.010308935735900637 0.2605594632674511
0.025178111972410294 0.010399141331662587 0.2606466952867468
0.025209006938881257 0.010341322399496145 0.2606668131974209
0.0251069097093461 0.010547783867304483 0.2606724900038897
0.025126389147916303 0.010505211383997515 0.2606963615421323
0.02500405233521017 0.010709582312852794 0.2607464449834653
0.025040420203598562 0.010658492029300026 0.2607510814881168
0.024285060640234488 0.011868819690089127 0.2609752140720113
0.02423691443838568 0.012152845925137323 0.26092068948900604
0.024253490548425877 0.012061645093035978 0.2609396157591079
0.024268130684358707 0.011983345499637865 0.2610140059647371
0.02421504141714085 0.01224995091099329 0.26094266820515444
0.02423660378095842 0.012165834927377994 0.2609809111596301
0.024186763825693 0.012366948951234913 0.26099317370289
0.024206582686557204 0.012298563032722698 0.26102852997253595
0.024143262638049508 0.012534486053815519 0.2610112666305828
0.024168646273712298 0.012453117147121162 0.2610608054493404
0.024117339996737666 0.01262110173380182 0.26106605934130184
0.024139406806668366 0.012553863462256065 0.26108557434422336
0.024083231739790073 0.01272627966386719 0.2611149716550393
0.024048360746618952 0.012834050609626113 0.26115409202295026
0.023995954114150835 0.01300560039587062 0.2611839015551978
0.024027292829965345 0.012913542098057784 0.2611963889726606
0.023965523449366394 0.013110195499113797 0.26123629298215223
0.023991955230287736 0.01303255289718519 0.2612490369188702
0.023941322209058494 0.01320229742985557 0.26126281444367294
0.023895255899814977 0.013378842791271162 0.2612805463672946
0.023920134119967087 0.013297903016973645 0.2613051023319209
0.023857846538124228 0.01351533390805626 0.2613147350963825
0.023871218714466604 0.013467969664627544 0.2613161300316118
0.023888969192994852 0.013412181644557875 0.26137216081090964
0.02382337983651983 0.013647409277947165 0.2613433940487133
0.02384753016183762 0.013557089131903899 0.2613886129994506
0.023791815362098644 0.013765719627125916 0.2614039827376884
0.02381193971623302 0.013688464920907362 0.26144626590263337
0.023736425942276894 0.013904381164582202 0.2614235027864091
0.023757313467632164 0.013849298663105636 0.2614598689329689
0.023786159544846627 0.01376347999625216 0.26149070609316294
0.02372392226394838 0.013937392113558822 0.2615210352824088
0.023748785428322615 0.01386816516915651 0.26155179401167417
0.023678512652107485 0.014041373074312746 0.2615780952609676
0.02350997850832802 0.01444696133962109 0.2616442647276779
0.02353943097880063 0.014375692702379761 0.26163267400169427
0.023468930080341996 0.014537403031576912 0.26171088081819693
0.02350137632221018 0.01446376443391817 0.26173271241739354
0.02352705549834979 0.014401363633185893 0.26176060081786334
0.02341235573594945 0.01463593224857801 0.26178022979334226
0.02344859918712347 0.014558628188390987 0.2618381212661652
0.023334752578492976 0.014790489120834194 0.26183741182278486
0.023371740362032267 0.014717140406660278 0.2618645232483815
0.023399753043864366 0.01465260447560951 0.2618983131545665
0.0232901813309363 0.014867426956884089 0.26191711400202233
0.02331197212519953 0.014826718708108033 0.26195227488322514
0.023185105917927065 0.015039033134786217 0.26199494409316165
0.023228015544593986 0.014977234433216025 0.261996044331111
0.023260300109804018 0.014903219750841967 0.2620450087318759
0.023134519750850395 0.01511355533649189 0.2620762638180347
0.023160136313510868 0.015073162132080653 0.2620892322626156
0.02320623825415913 0.014995155034871033 0.26210291159203614
0.02310209307307924 0.015139343590732157 0.2621852602083968
0.02313933396724449 0.015080079854164707 0.26219760605101017
0.01961349160556551 0.021371144952556875 0.2670918723353761
0.022415010079482434 0.016901780645917963 0.2623727326130809
0.022370511495948993 0.01706626703962355 0.26237525803369016
0.0223477773949289 0.017157584999210274 0.26243029605516366
0.022361297323510644 0.01709256914035212 0.26246254376404476
0.022324478767321403 0.017273586221928705 0.262479791763861
0.022350072011200726 0.017193241684078153 0.2625050951471394
0.022294580422217505 0.017362187074611568 0.26254657357249117
0.022311507714681288 0.01731041215233592 0.26259960021950185
0.02227990787047323 0.01740613359234361 0.2626369960597636
0.02230118017827832 0.01732315250805383 0.26263540399483387
0.022241087639825213 0.017505890286758585 0.2627182456586046
0.022213137905549303 0.01759328782993791 0.2627801808537697
0.022133194965242527 0.017807654694318165 0.26290811227231436
0.02215218463579613 0.017712313542949665 0.2629297029339065
0.02212691884488946 0.017829671679254255 0.2630040112211493
0.022096699235639228 0.01791539368246914 0.26306889958976487
0.02210869005811661 0.01786732617576059 0.26309298918036195
0.02205871494326976 0.018012480657697783 0.263128764651981
0.02202304022316394 0.01812621697366451 0.26322842161197735
0.01962109025306031 0.021398239539780373 0.2671962268369534
0.0219605141731454 0.01829639507134051 0.2632525201584157
0.021912923816385203 0.018400628890732018 0.2633449115721861
0.021939490672446507 0.018334020698001607 0.2633629004081741
0.019449149176964248 0.02280958903694158 0.2686003662517245
0.019387254196066663 0.02288272003667341 0.26857435692420706
0.021873976813344367 0.018500159758913448 0.26341051781680647
0.021896263336288718 0.018429366324718588 0.2634461951971747
0.02182987667905622 0.01859914788967909 0.26347242047202657
0.021864197878955022 0.018521290746216834 0.26352957951811207
0.021811432131749665 0.018626417084679603 0.26361017147666427
0.02172824243230781 0.01878717381560896 0.2636713575916551
0.021766161367384275 0.01871740960617685 0.26366976111272067
0.021714537198538587 0.018808281118961323 0.263776402509726
0.021626977608261426 0.018973381516454058 0.26378877885402624
0.021666022224714844 0.018904090770207993 0.2638426653208864
0.01972724872350891 0.021801790697018042 0.26786138995044073
0.019706196383526456 0.021746157539719424 0.2677602720638417
0.021569567501762088 0.019081768918677577 0.2638938731755236
0.021626922816081723 0.01899057694805323 0.2639238857714285
0.02150808342171949 0.01914371817271754 0.2640191051615543
0.021542941293827167 0.019098606499416138 0.2640377874709423
0.021478861162911894 0.019176466083972554 0.26415829724322065
0.019645016931559324 0.02152457585899592 0.26750184949531347
0.021413894710870886 0.01927362710553565 0.26423653702656663
0.02145798207437563 0.019205714924510175 0.2642288591266217
0.01965565118206468 0.02154239085094578 0.26732471413272874
0.026219130657070072 0.007520160063124504 0.26025391865799175
0.026248053835433084 0.007412319053999306 0.26029235259357275
0.026243490528687734 0.007429515338771342 0.26024334433996593
0.026199434308147057 0.007594933017187333 0.26021975409623804
0.026200284065778602 0.007593454326759008 0.2602940929870462
0.02627001374089262 0.0073344196654983596 0.26026197015911817
0.026174374721838145 0.007697276804840836 0.26025909275359654
0.026289084371595987 0.007255465259839833 0.26024221080002724
0.026141848165382453 0.007820181108186941 0.2602145379901684
0.02631190046146415 0.007132045709822454 0.2602950417920361
0.02630830003402794 0.007152911696762965 0.26020858167399735
0.019396539576641808 0.02287094557346897 0.2686059071432843
0.01948475418199079 0.022752092734207197 0.26861554739756177
0.019468659368387223 0.022782550525381418 0.26853717216083584
0.01953816314775865 0.02266841010433618 0.2685476950281596
0.019610427461509136 0.02253004742190645 0.2684681385609867
0.019642640262443077 0.022457870176605943 0.2683919428575855
0.01968297292166577 0.02234729131562896 0.2683216614432211
0.019710074985551405 0.0222428517200568 0.2682803137128136
0.019726054532268285 0.022151511315787353 0.2682361056679052
0.026321679607164312 0.007066123036637839 0.260241546547672
0.019736548152390225 0.022051201360016537 0.2682820617785979
0.019737402888588766 0.022064305933265416 0.2681960128472507
0.019740018195033293 0.02196152663977563 0.26824951790123575
0.019743660428540075 0.02198568138745599 0.26816097720268656
0.019740209974321403 0.02199393705535574 0.2680718300860017
0.019738934320166754 0.02189580775701 0.268217005427271
0.0197419876842262 0.021904162705465358 0.26814285997020026
0.01974148606727473 0.02190830220865464 0.26804482319396916
0.019731970975903387 0.021825737542893908 0.2680244710318233
0.019731840988300803 0.02183059372688284 0.2679186988073015
0.026330801901828252 0.006995055017331719 0.26021769554828067
0.019716316671010467 0.02175625043397117 0.2678894912043235
0.019718582663342754 0.02178381577334937 0.2678078806734852
0.0196944116737061 0.021697028704103782 0.26781887097701845
0.01969172838303465 0.02170046208817933 0.26772853758936493
0.01967190811093468 0.021629562378203626 0.2676770477802835
0.01968359611159433 0.02165413809235406 0.26760358365356457
0.019654701494390164 0.02156674242662121 0.2675815402144561
0.019662043796433798 0.021571373097607816 0.2674788136313001
0.01965458704263212 0.021545828016626245 0.2674009388275419
0.01964236429351937 0.021491566884776436 0.2673481663406334
0.01964608922066824 0.021504977895006605 0.2672820852584515
0.019629820016506816 0.021438533917798652 0.2672333518531862
0.019627519285596105 0.02144460575934548 0.26715418564020676
0.019613990352114558 0.021367713327862137 0.2671532890692834
0.019614867482352673 0.021386926469108725 0.2670327508266134
0.01961401665172055 0.021382921505408048 0.2669757584898215
0.026086840525367375 0.007977645275395184 0.2602625470360387
0.01960459252612514 0.021316430719755253 0.26702217907663434
0.019603498953646138 0.021310257193612125 0.26692811123157456
0.01959947069424 0.021292025668858627 0.2668301244731257
0.019592827408634494 0.021213910455021245 0.26680821577340386
0.019591561437157907 0.021209491690595383 0.26671591597526123
0.019583133207301415 0.021173922807364076 0.26656687230385195
0.019584622330953275 0.021100704115883495 0.26657081517445924
0.019576176247672036 0.021021374431678286 0.26652217251539234
0.01957484752451797 0.0210138725972408 0.26642539734670295
0.019570842994238113 0.020937770977558334 0.2663942902716404
0.019571029880554605 0.0208471494042749 0.2662906277999877
0.019564347689444067 0.020702634297298572 0.266137608316661
0.026192137159964254 0.00645870512805824 0.2601483616926251
0.019562024991580565 0.02054473861152134 0.26608051615180806
0.019562538093828456 0.020448583018624844 0.26607734073360056
0.01955432547638191 0.020370079102279337 0.2660354242102107
0.026339889644452545 0.00687624156900396 0.26028751564589214
0.01953869868045853 0.020297585298700682 0.26600312314843444
0.019513184702945843 0.020181358386044124 0.26602155685196355
0.02633303206231387 0.006784631679679909 0.2602468594207202
0.026328793288524888 0.006808543974000936 0.2601762918142915
0.026065580656808064 0.00804296941071797 0.2603138868094427
0.028627893477235003 -0.004780070397759906 0.2654113960603875
0.02863499001065578 -0.004796580456402799 0.2655011032127056
0.028705775034349804 -0.004707191417429035 0.2653802713533638
0.028712040553335677 -0.0047249820846155255 0.26547114968319496
0.02877971449969595 -0.00463381178026312 0.2653516809421439
0.028786029065885732 -0.004651946623273451 0.265442727311774
0.0287898338059248 -0.004667820860324801 0.26553517957378675
0.028856987787335198 -0.004576164259683102 0.2654157231765552
0.02886176406102408 -0.004593469234463188 0.2655075132362431
0.02892149282963713 -0.004500766184496019 0.26539368436588606
0.02892756197072492 -0.004518596716235557 0.2654847633111168
0.028929330307969507 -0.00453532369380516 0.2655788460630152
0.028986556877304115 -0.004443954181688192 0.2654671509394972
0.02898893176481579 -0.004460698326078483 0.2655609447241417
0.029042889406956547 -0.004384939070192717 0.265546300769681
0.02909405967629746 -0.00430905197571213 0.26553434612929055
0.0291428898615161 -0.004232639214322542 0.26552338051903185
0.029189883375440796 -0.00415566027545633 0.26551339234502314
0.02923126959972311 -0.004078311563157411 0.26550738887558
0.029228702985494806 -0.00409324045154652 0.2656016071672376
0.02926631832432946 -0.004000855542068638 0.2655052122955631
0.02932764917912268 -0.0038456227739716575 0.2655106381465821
0.02935467204156974 -0.003768415296240224 0.2655159145835919
0.029383895694455084 -0.0036664495138820086 0.2654551630153808
0.029400035046706845 -0.0035883354478264406 0.2653649086997324
0.029405298595770672 -0.003591356814936719 0.2654430482607245
0.02942258450647999 -0.003504530594676536 0.2653522010936455
0.02942926584072989 -0.003504590700056931 0.26544854798596684
0.02944833327491772 -0.0034205794099644304 0.2653705185582457
0.02946813292455587 -0.0033333933284632744 0.26528277877213546
0.029471388682248648 -0.0033419081351642177 0.2653556491495785
0.029490120243511636 -0.0032492780535232635 0.26520841679040486
0.02949340614861902 -0.0032511700759244033 0.2652656469658271
0.029518261967083362 -0.003149065214993474 0.2652112099585367
0.02951181461912341 -0.0031820078432975296 0.2652965306280412
0.02953715525329422 -0.003074264910633062 0.2652241586381509
0.029554085786208342 -0.0029993295698074185 0.26521733785736157
0.02956143878094261 -0.002950066312634503 0.2651711819957494
0.029597072319264305 -0.00195942977716812 0.2649515514089774
0.029589548494858987 -0.0018845874072738744 0.26495633989881545
0.02957517891995195 -0.001781051551774937 0.2649124087931715
0.029550995432178574 -0.0016619003391951104 0.26488272117858447
0.029553455454545588 -0.0016680428098478917 0.26494901233669954
0.029528324874074842 -0.0015629750930477582 0.26481812401479254
0.029536589927886957 -0.0015954551347403534 0.2648794795815908
0.029513417264276656 -0.0014802650248528226 0.26486134938453415
0.029521178730903756 -0.0015193582800095973 0.2649361070820445
0.029484860758232742 -0.0013848078300811584 0.26477564156616923
0.026321775241906632 0.0067120985969496005 0.2602419271490366
0.026311077197864068 0.006712294352628989 0.2601703202050062
0.029370170648696778 -0.0010674224010057687 0.2645945798209405
0.029310348734377933 -0.0009413073697396857 0.26448558030004254
0.02932054757599213 -0.0009705183685033147 0.2645556753361076
0.027388255065902894 0.0010742458629646734 0.2621834001746303
0.02739471573567065 0.0010578831285584234 0.2622754591077596
0.02739231132717966 0.001044640583021561 0.26237302150424263
0.02737517460873662 0.001035230219057437 0.2624820908346296
0.027344661793676436 0.0010304123444388469 0.26260975149850563
0.027472801293429286 0.0011453085213204983 0.2621476954956866
0.02748225157931851 0.0011278840792260936 0.26223775343600453
0.027482549554406092 0.00111263872137779 0.2623341496567548
0.02746849305892956 0.0011022670041499483 0.26244032770258663
0.027439761454087518 0.0010961708193757969 0.26256746214093596
0.027397539928488916 0.0010770472342498394 0.26265050896789555
0.027563788867402066 0.0011991866533659357 0.26220432413040295
0.027567990861812483 0.0011838596753256936 0.26229741058208705
0.027557947381029846 0.0011715495213910354 0.2624006625937085
0.02753071239406102 0.001163748633265238 0.26251542482847784
0.027508854130115272 0.0011671710260511836 0.2626251130791016
0.027640081489359265 0.0012716318030511764 0.26217512586466724
0.0276469811509854 0.0012564393175332755 0.2622655461386838
0.027641611186851316 0.0012425120234578202 0.26236543404568424
0.027616813619221164 0.0012320930231998761 0.2624796414148565
0.027584504525562888 0.001227814197283461 0.2625932918856684
0.027709799077720074 0.0013450072872046026 0.2621505448720427
0.02771821377656103 0.0013287246296891375 0.26224014796354994
0.027715293138806045 0.0013147232124958719 0.26233762248992315
0.027696244521754475 0.00130280725636589 0.26244978161829857
0.027662699248278133 0.0012979584745503314 0.2625824940383741
0.02778232927632373 0.00140230658826479 0.2622195691792723
0.027779681443502575 0.0013880747509647517 0.262316646863054
0.027764836772982818 0.001375438714981192 0.26242457529189356
0.027741758557066162 0.0013750459544042415 0.26255794038398755
0.027833887738791432 0.0014901329340613056 0.26211393471883443
0.027839997882103992 0.0014755025289774348 0.2622045202998934
0.027836992966639204 0.0014615339254758775 0.2623014861804868
0.02782394565301216 0.0014488003013202189 0.26240522784628695
0.027888952505243814 0.001563942048170286 0.2621008553163253
0.02789420635108241 0.0015489288874157014 0.2621924606781119
0.02789048840433729 0.0015348433640417491 0.2622898159378737
0.027939852415439233 0.0016387950997502898 0.2620909886800565
0.027943961814327074 0.0016233542026831138 0.26218338263731855
0.02798747174359794 0.001713973660399104 0.2620826141648775
0.027990368221006333 0.0016987963754613311 0.26217534268174547
0.028031180463595262 0.0017900233489733797 0.262076313120206
0.028032217698587707 0.0017752098375428127 0.26217009134487823
0.02807081773462753 0.0018675570141917786 0.2620723320144658
0.02807035928955287 0.0018514619303013902 0.2621651561358065
0.02810928506442903 0.001952261817847023 0.2620790585793889
0.028101517016406202 0.0019235403715313626 0.2621587681105094
0.028143933974466184 0.0020560982197036504 0.26197729606181636
0.028135210828138843 0.0020256166962190347 0.2620518209217237
0.028170451845405307 0.0021387364378441243 0.2618602824095213
0.028168270607843222 0.0021184064103773603 0.26198455106359747
0.028159743740266294 0.0021027915522717766 0.2620554590415384
0.02819446649899429 0.002223342146741636 0.2617820437296056
0.02819567175534371 0.00220236349770786 0.2619105153289646
0.02818914630389767 0.0021943778649854973 0.26198435613037846
0.026031131719332697 0.008148490090183258 0.26024478705320575
0.02822231986868476 0.002300958673981557 0.26181113090025
0.028216138258071552 0.0022880992971637815 0.26190312401259047
0.025098860157005888 0.01056037388881742 0.26070376348251656
0.028233888221331493 0.0024639918842857544 0.2617505493836386
0.02515822411900482 0.01044126781474547 0.26069095718582475
0.025138123977962945 0.010475992088811281 0.2606425722871404
0.02821744911210014 0.002628037463457966 0.2617833012361318
0.025197256481043206 0.01036514610121586 0.26064229858388194
0.025183203503982163 0.010384529709749346 0.26058852815933514
0.028202669648684793 0.0027460082168012656 0.2617615217086627
0.028210634011280947 0.0027171757301809873 0.2618487006123248
0.02596138865935637 0.008386260979616977 0.26021967748883235
0.025251239212247187 0.01024838616173357 0.26060838310417367
0.028189110514206757 0.0028347879536643195 0.26171417564341193
0.028198989833581878 0.002809647019303807 0.26179450271648297
0.028180835933613452 0.002917923741744821 0.26174875836389844
0.025285373662966813 0.010160630148178529 0.26059407162769477
0.025279166451777565 0.010180317082471524 0.26051999282676364
0.028154209972103703 0.003048808410047066 0.26161133774907996
0.028158098870935275 0.0030459781721974277 0.2616954223589655
0.028164897118022503 0.0029982366170688834 0.26175263247214875
0.025329441818234683 0.010064650584081902 0.26055688719053216
0.02532112900953159 0.010094846675417435 0.26047807719764093
0.028130943152181967 0.003147502401345148 0.2615789529104609
0.02813864284791264 0.0031305655059875592 0.26163004902930864
0.028120446930721424 0.0032324003366912546 0.2616023558613223
0.028127533816156708 0.0031871457034514106 0.2616421646295166
0.0253723828174644 0.009947407406800668 0.26059472285183394
0.02535923335641533 0.009974958608018947 0.26052136583522645
0.028092691739363275 0.0033604797347463466 0.26144672634212196
0.028109683755158918 0.0033110271530941704 0.2615414182317806
0.02808753457123394 0.0034232167918398226 0.26145582848934856
0.025399480759667845 0.009866630772012053 0.2605504705784395
0.02805882658387497 0.0035303813163879427 0.26141317898008787
0.028014770177015362 0.0036771004601314217 0.2613145334547266
0.028031727408086612 0.003631780290770714 0.2614106136018097
0.02545467831564467 0.009771202912679078 0.2604553791299422
0.025453738401518787 0.00978563922040071 0.26040523701011464
0.028000549447172625 0.0037330093317565205 0.2613713912291848
0.02548149710644062 0.009699726048542523 0.2604321906036103
0.025473459427678494 0.009731946111610268 0.26035459644045333
0.027951387401360432 0.0038445275525126887 0.2612883182685361
0.027908627698825225 0.003945547106462666 0.26124957168599183
0.02791893465839479 0.00392599144898087 0.26133018704026684
0.025523339104092074 0.00959352126777846 0.26039296149865754
0.027871363104462712 0.004049553595491806 0.26124285151137916
0.027831810598268017 0.004139613462620928 0.2612012034539646
0.027837042000313554 0.004133813326630653 0.2612680652798081
0.02555408390795122 0.009512837235891192 0.2603488151722636
0.027793183941581215 0.004245910132696151 0.26113537424825684
0.02779805950836578 0.004225821980464228 0.2612301518594761
0.027726174766723177 0.0043907858480882744 0.26104861463106965
0.02775056382113098 0.004349595697422715 0.2611004114737653
0.02560141485156099 0.009407433224259909 0.2603693283901738
0.02559143937096764 0.009429674031211477 0.26032489140228
0.0276861129555636 0.004475981629006476 0.2610052382872824
0.0276916692576408 0.004479883895138259 0.26109768331920014
0.02563132620444729 0.009331555462481433 0.2603304205871516
0.02764852106899187 0.004574868461886261 0.26105085923035676
0.027586488858219224 0.0047007747582327175 0.2609403634409937
0.027605439519712054 0.004662645151684575 0.2609977173199685
0.025667263101420756 0.009236152252774521 0.26026894477797824
0.027540164892753738 0.00480817216277557 0.2609150959219027
0.02749324264003286 0.004908142733014487 0.2608738328320316
0.02571513484524128 0.009126518588210453 0.2602995409107052
0.025704781768898594 0.009147957568598541 0.2602257117827802
0.02574591177707561 0.009031536957117503 0.26027393624078377
0.026297909730377003 0.006624147334352959 0.260234064359005
0.025775162782314155 0.008953301618497111 0.2602292379479362
0.02733364987647738 0.005291979111357037 0.26077177772641924
0.027276143103395614 0.005433942231366173 0.26069469908276877
0.027284157082935058 0.0054164411650663435 0.26077941289988443
0.02581502122080949 0.008843453288213343 0.2602507002174939
0.02724400291846983 0.005499573408231262 0.260743446764111
0.02719094997906151 0.0055891939595482665 0.26078243708344506
0.02584206055574023 0.008767599760123312 0.260198852058001
0.025871500586467394 0.008671753800336024 0.2601621874499541
0.02600064072983422 0.00826306307296193 0.26017261634393535
0.02600086109993059 0.008259367533757223 0.2602375323714402
0.026283150427549418 0.0065807647779501655 0.26023890532791627
0.02626514607340131 0.006572875413078438 0.26015351326298264
0.025897271442601025 0.008579606183840849 0.2602162700529647
0.026214752350442308 0.006462393001954114 0.2603116180482312
0.025930763966296892 0.008483000617201586 0.2601603284534989
0.026222408074495086 0.0064712560008549636 0.26026778758690905
0.01937134110567198 0.022894206434817488 0.268667152995308
0.019423546107959516 0.022842292132660813 0.26860996679795457
0.019519482186211926 0.022698071780880513 0.268594786734651
0.019558724539016817 0.02263219001909733 0.2685343924864921
0.019583287211370412 0.022585086104358332 0.268458159004064
0.01974472807298487 0.02193335946443109 0.26820007326267103
0.021615025061173243 0.019022875488078517 0.2638909157738493
0.02168276383625445 0.018864202491026272 0.2638589709189122
0.0219995562588814 0.01820370957607853 0.26329743563803487
0.019498651403878187 0.02013738035105961 0.26607339243681716
0.01947280239628535 0.02008611635395463 0.2660412154946491
0.0221223896128028 0.01783820446396006 0.2630682860205801
0.02213500110731862 0.017795021815245282 0.26299809680163544
0.019445784909411012 0.0200255997908797 0.2660358066226233
0.022154744434397203 0.017700163344334552 0.26302208131397853
0.02217298397750969 0.017635162834614082 0.2629476983246387
0.022189570515850354 0.017608827099680258 0.26286034195617386
0.019422103877054953 0.019963071933412735 0.26607998729653337
0.019397404120440283 0.019921987978945177 0.2660096822262433
0.022342525592753022 0.01723319242665894 0.26254998636048743
0.02234502011189831 0.01719350762347399 0.2624664008104779
0.02236178600029401 0.017099557793061326 0.2624945710403622
0.02236706528273162 0.017067776300437376 0.26242815430148153
0.022385571059704908 0.017027372387055484 0.2623453054354541
0.022397521345243726 0.01697455786730878 0.2623835135926913
0.022432537137058686 0.016808558314707733 0.26234389464823515
0.022443641457658522 0.016760306819982806 0.26226671273117663
0.02246375546963862 0.016714380703103382 0.2623743521412941
0.022477041593212115 0.01669234463339203 0.2622952338030149
0.02246596103103063 0.016648884559335997 0.26222863924464274
0.022482797903628553 0.01657950930367119 0.2623315095932499
0.0224702254263313 0.016503302276140164 0.2623524226649873
0.022454843948289352 0.016483463909962304 0.26231134092377983
0.022415418234622064 0.016432586183644016 0.2621459350941773
0.022366228426593686 0.016335707491244633 0.2621054834793132
0.02305041273918996 0.01518846251944228 0.26235899776228616
0.023096298298610436 0.015135677705735817 0.2622924658144818
0.023122892917158057 0.015098847068877597 0.2622199656892893
0.023177432609515596 0.015037944962953353 0.26212595074764944
0.023226678763413666 0.014972056547011614 0.26205780864046946
0.023256050889688594 0.01492588304350545 0.26196805356834507
0.02330649742198862 0.014823931971694237 0.2619991506330849
0.023411511778176464 0.014628349162326026 0.2618604398322288
0.02343953096569521 0.014588564776329194 0.26177478520327246
0.02348689672102787 0.014481031204262806 0.261805756951696
0.02351198848668299 0.014436560036968915 0.2617451357080942
0.023547994906725267 0.01434828166060631 0.2617710533947678
0.02356054135756812 0.014324352422008746 0.2617173920966901
0.023583887730527033 0.014268569988924062 0.2616317853578851
0.02360401372282757 0.014210068235769036 0.2617435980794856
0.02362569619955522 0.01417359062976975 0.2616631166992569
0.02368123500313323 0.014033986954698596 0.26161279033038587
0.02370545929923331 0.013985938957911781 0.26153102045828597
0.02373628255328996 0.013903552782052242 0.2615650134507492
0.02375212422822645 0.013857766239770641 0.2615067123171316
0.02376888558832326 0.013828223276818152 0.2614081328641624
0.023780912505617674 0.013772785856483893 0.2615242547212224
0.02379770110818301 0.013734529422831265 0.26146256770631593
0.023810297601178518 0.013709307838540463 0.2613809639291357
0.023837469797571884 0.013594296149026353 0.2614032380378333
0.023842571694649706 0.013571803972338037 0.2613353392585068
0.023854496466842755 0.013528360539579398 0.26141998434908087
0.023872724074584586 0.013467485587379868 0.2613489755756039
0.023879865491020454 0.013430469871983375 0.26127902083319865
0.02390424866715605 0.013355776549743903 0.26131562072028014
0.023928322788659653 0.013271794467051179 0.2613511101054596
0.023934139603518742 0.01322868616048245 0.26125927867309745
0.02396640184245777 0.013120786395031558 0.2612908077319841
0.023977670253787026 0.013072595066814019 0.2612340540687478
0.024013969515892415 0.012953275030321454 0.2611869078020661
0.02403680687904984 0.012879137285124409 0.2612091487930763
0.024057928290906506 0.012800800211500485 0.2611402254004057
0.02408586011784114 0.012726767881253098 0.26117472189330326
0.024091419739390087 0.012698144093373553 0.2610890231495805
0.024121469194393598 0.012607171613539414 0.26112703753720984
0.024134783566457887 0.012567364203439013 0.26104942806035536
0.024155228383053465 0.012494887317098746 0.26109906657988197
0.02417369052173797 0.012429628081045085 0.2610151937848594
0.024191469075579945 0.012360148239989766 0.26106403715503607
0.024201225820999372 0.012304189000805599 0.26096817023285357
0.024223179892244387 0.012228261560173592 0.2610141511540584
0.024228520716283265 0.012199173857020185 0.26094695018885816
0.024247682643407334 0.012102338613482755 0.2609759404123471
0.024259418231322223 0.01203415017891879 0.2609893865816164
0.024279693696656286 0.011918651591484308 0.26104265743580624
0.024274957324356493 0.011927099404840324 0.2609580330721339
0.024292443529867536 0.011834065681602779 0.26106729166610887
0.0242947605737502 0.011808983196459066 0.26098512107558736
0.02430183723408931 0.011737224814495406 0.26102104595410347
0.02429350490174221 0.011692315415264387 0.2609452552666916
0.02427222276775349 0.011594284920973141 0.2609050814684905
0.0242520861571352 0.011564495389791762 0.26084097705955633
0.02425859475488807 0.011538079128728063 0.2609555179789114
0.024221287862889004 0.011478386845871047 0.26086830505683734
0.02418946830223645 0.011437127665641478 0.26081008401676886
0.02417589914487256 0.011377736538525862 0.26085829425726165
0.024150809163671585 0.01136454598333786 0.2607622629785179
0.027134449573808353 0.00568828879140898 0.2608170552651524
0.02715242088477702 0.0056558658927687855 0.26078541085449536
0.027215302633113336 0.0055468144518902585 0.2607884420206884
0.027271714792103344 0.005446994369555036 0.26073729748353447
0.02730607252628682 0.005363226311634994 0.2607843423437646
0.0273501188370709 0.005244255581032864 0.26080161921750744
0.027391793397634104 0.005141626275637412 0.2608244534128272
0.0274655124519829 0.00497451607448085 0.2608879341799566
0.027472287093335865 0.004953759698042848 0.2608355780105808
0.027518311437195297 0.0048486934312642616 0.26086108723945045
0.027552485159638825 0.004776021723636947 0.2608944253513477
0.02758053633930401 0.004712552629362932 0.2609867804978824
0.027670716652301287 0.0045276014754481175 0.26107400323983243
0.027668179619127764 0.004515601685768589 0.26098796705552413
0.027704191663976335 0.004454660618244177 0.26111484156917764
0.027741995743566297 0.004372965015432773 0.26114036566656895
0.02778207501170365 0.004275039295439431 0.26115175022318515
0.02781226840661981 0.004194787233793351 0.2611876213620715
0.02784707145790559 0.004104429487561123 0.2612351515063699
0.027890943285510603 0.0040040466169405375 0.2612633623966176
0.027920210612083857 0.003921129565526926 0.2612944417897926
0.027952701449664746 0.003844874337497417 0.26133133727151414
0.0279861761879259 0.0037704786090086984 0.26136275034492285
0.028018245604356277 0.0036805985805646313 0.26138212820643286
0.028041663862602692 0.003598476026335673 0.2614169931740598
0.028064681564926572 0.003509455044151011 0.2614450697142775
0.028089028147983287 0.003426795956510076 0.2614928893893479
0.02810121113060291 0.003365154996420483 0.26152200469758474
0.028115194095828286 0.003266796560063845 0.2615642035030296
0.028128667799996135 0.003176008103325356 0.26160087315286484
0.028147481018561897 0.003092215968785117 0.261623501347587
0.02816097229616578 0.003029222486633232 0.26165791436743413
0.02817044605063651 0.002965352344259542 0.261773043521819
0.028174075413153123 0.002953243476803813 0.2617098490311045
0.02818531439542247 0.0028893945091684192 0.2617995937725073
0.02818876645959094 0.002866716821542603 0.26174745656470977
0.028199672547601445 0.002791333256002948 0.26175865501955103
0.02820982992374329 0.0027068641069596944 0.26181046340178626
0.02817645025213915 0.002164099191519109 0.26204364933659013
0.028156466955953002 0.002101811097450723 0.2621207612397625
0.028138829706550975 0.0020312109383744947 0.2621402482295745
0.02744119831448389 0.001120271402831774 0.2626855125331813
0.028081762547592322 0.00035617308952767823 0.2638408456752092
0.028216716863921486 0.00023326724536038013 0.2638255400627203
0.028277663045541482 0.00015611985593394495 0.26394696661768513
0.028299412201888446 0.00012206024101241164 0.2638835391951489
0.02869624481943099 -0.000257416462360438 0.2640602887678545
0.02878450297503369 -0.00033546394909633737 0.26411764140845473
0.02890714684221049 -0.0004425769662541601 0.26414016077787883
0.029082230575436394 -0.0006245107570371777 0.26427507298463204
0.02915813551391886 -0.0006933740165619429 0.26440138357326814
0.029216270046299717 -0.0007730307213815735 0.26441184866390943
0.029253511283586227 -0.0008421794414049666 0.264505644918443
0.0292973149589019 -0.0009195207934212246 0.26454657943929183
0.029343106130030515 -0.0010188787710492808 0.2645585870547227
0.029366996538342377 -0.0010672315864242998 0.2646681049922307
0.02937771746395993 -0.0010863357043210953 0.26460841254435585
0.02939345344705596 -0.0011349668613690467 0.26473241070200415
0.029426290849323883 -0.0012090958034255417 0.2647596978539604
0.029453996745663756 -0.0012924144086203793 0.2647909056612592
0.029483388800112073 -0.001375228299296205 0.2648144093959928
0.02950269654921097 -0.001441632630571732 0.2649204732188194
0.02950520367342692 -0.0014490232629453814 0.26487264797463517
0.02952571583160657 -0.0015434592753109655 0.264880326772412
0.029545290454639023 -0.001630508078299342 0.2649168736263317
0.029563351142042713 -0.0017196837521315511 0.2649587426526768
0.029575729711002773 -0.0017825548061594088 0.26496100145676876
0.0223772772902823 0.017052922256551084 0.2623535382088339
0.022230504965879833 0.017525201737528084 0.26267828182268577
0.022262812593709227 0.017450573352517706 0.2626364180216784
0.022289402912940466 0.01738054821864704 0.26260581135002703
0.022317739676173155 0.017300636043155293 0.26258223016350735
0.022344786164500537 0.017217796732429236 0.2625630201747626
0.02235687708863414 0.01714989225499125 0.2625060485195516
0.022367166386258103 0.01706944150893175 0.262478332090978
0.022388662694052826 0.016999801160991312 0.26244182551362627
0.02218792019551262 0.0176512521748321 0.26280588836087343
0.02222132719930659 0.017552538492962677 0.26278775525829023
0.02344670303577613 0.014574928361798578 0.2617096726867376
0.02349081831503646 0.014490589765983275 0.261683606618916
0.023528392552002286 0.01440837274640161 0.2616541682254893
0.022077795948113516 0.017970110703530884 0.26305971027385733
0.022103066281526737 0.017900758412344897 0.2630220274083024
0.02212892109399612 0.017815694943389804 0.2629895857141187
0.022145440258029267 0.017740121778187457 0.2629806367912266
0.02218508810854484 0.017608508675058865 0.26289855168700915
0.023351692956358513 0.014760272205798675 0.26186885074521404
0.023389974397723994 0.014680314380871362 0.2618256065377422
0.02342753618151304 0.014604215590558522 0.2618270623576172
0.023470700334886928 0.014519547930642251 0.26180914372966135
0.02350539193830181 0.014445527125052926 0.2617771245417827
0.02354245258504322 0.01437028733202994 0.26173254915609767
0.02357773106436615 0.014279639662172716 0.26170567726472177
0.023604142296613034 0.014222566550357474 0.2616899007499316
0.023640970679366866 0.014128299767737273 0.26164973123763446
0.022008584100649584 0.018166918661247422 0.2632112100301281
0.022034076651756995 0.018089010061338173 0.2632119307230063
0.022134378052201684 0.017792652635850614 0.2630919540005672
0.023278436244928154 0.014874780176741209 0.262004544266876
0.023326641293693655 0.014797077865033481 0.2619705500581223
0.023362913064499932 0.014724718901207634 0.26194437866922865
0.021897391587022128 0.018428397171275812 0.26342050189859534
0.021928999784342033 0.018353571965818882 0.263387584575033
0.021818256916126655 0.018616017864672096 0.2635916967062612
0.025087512151529254 0.01058567827553647 0.26066354947395654
0.02512106578684313 0.01051514195628378 0.2606500823798565
0.025159340554680533 0.010430735548946912 0.260621417056773
0.02521105737201316 0.010334722801698115 0.2606104783881741
0.025243171990886687 0.010263865155021923 0.26056041988278167
0.0252734184405244 0.010194036802747664 0.2605488158790339
0.025321911180024942 0.010094283819202854 0.2605186980223765
0.025341092064926865 0.010027432921568546 0.2605102914927796
0.02543815383721193 0.00981425993313878 0.26041437732508366
0.025467355654503504 0.00974945376577141 0.26039742310619796
0.02550275081226539 0.009651495916007724 0.2603674631967072
0.02302884204127216 0.015211704513071744 0.26240515834312594
0.023085840054995692 0.015140692459243266 0.2623676551720249
0.024891252461063336 0.01084408319654373 0.2608272982751658
0.024962050785592146 0.010756047927183376 0.2608517616987319
0.025019281272394278 0.010687179292240112 0.26081529882170007
0.02506587036264503 0.010620027266061094 0.26077422362054836
0.02510853236187001 0.010539049958577684 0.26075348518051855
0.025313622520011667 0.010092708785303217 0.260618231270507
0.02535193054988865 0.010003237288929656 0.26057779723183144
0.02538189220329378 0.009919480689634608 0.2605274994336712
0.025424575243658293 0.00981954253789924 0.2605154964468364
0.025545725019195942 0.009538001135328156 0.26041845811407327
0.0255806182486951 0.0094513572494615 0.2603777216564823
0.02564724775320608 0.009282949177401745 0.26033810081734776
0.025674558502288877 0.009208889677593979 0.26031356969277586
0.0256950846551756 0.009173303729016424 0.26027913098473526
0.02572821047349534 0.009092125732297618 0.26024223179356043
0.025754657750987578 0.009007434790594238 0.2602091989068163
0.025784322481003437 0.008921795238557795 0.26019335423515394
0.02581677981528669 0.00883392070179917 0.2601710140954794
0.021657150038098254 0.018917832749232477 0.263896773412861
0.02293522558763412 0.015336293465968542 0.26251748013185955
0.0229980636339707 0.01524892875314332 0.2624933885029075
0.023053030172555167 0.015169408800252526 0.26250041481262887
0.025833429575325577 0.008789915413827565 0.2602608566189367
0.02585560531631754 0.008723840838348096 0.26022898066112105
0.02587393077796076 0.008659281968484978 0.26019228509902487
0.025892580780919466 0.008598982951265821 0.26017259396365777
0.021592217068995764 0.019021746504553017 0.2640309748524163
0.02591036143715661 0.00853784182304329 0.26024176394850274
0.025930930604068966 0.008482546088168952 0.260206341892136
0.02594666990954811 0.008435032056869074 0.2602118575509964
0.02598411160200184 0.008308753441648276 0.2602426332557668
0.026014603613584084 0.008212289926404714 0.26021869632078065
0.026019131150961418 0.008176062734172984 0.2603084019340292
0.02604696274303183 0.008094107119282046 0.2602766017112206
0.02607031283906549 0.00802933720906479 0.2602463678370781
0.02608492148973432 0.007984534223483941 0.2603238731788855
0.026108334146800305 0.007911615794672089 0.2602948807276487
0.026135286987148947 0.007839115332293256 0.2602675016909235
0.02616183932318856 0.0077528737375421874 0.2602311799992556
0.026188055392543444 0.007642163131784729 0.26028856855369287
0.026206769150170506 0.007568199992676772 0.26025648757133923
0.02622804844576304 0.007487567879582324 0.2602127073838453
0.026259115434695092 0.007370816670014824 0.2602841297932364
0.02627522847025146 0.0073113385788147744 0.2602306203244262
0.026303367952180037 0.007180779136460869 0.26028912868681175
0.026314140105081943 0.007114345071164374 0.2602476894374213
0.026319962376658984 0.00708756857317594 0.2603285144008247
0.02632939822040465 0.007013278831396297 0.2602866824367408
0.02633668982677568 0.006940884186908691 0.26026359612421485
0.026337821369896798 0.006860105794956994 0.2602211129227833
0.02632634289969575 0.006782147137684047 0.2601721251337126
0.027258762320752167 0.005471658362570131 0.26078336593081075
0.0275513588245554 0.004782924809354161 0.2609393142339007
0.02774498744090071 0.004371592999272589 0.2611162389465532
0.027796191311282387 0.0042432545355209905 0.261176531192156
0.027831836835206708 0.004144536240979102 0.2612383810421712
0.027879434480047253 0.00403656522073137 0.2612980071177783
0.01917020065057664 0.02313899635218819 0.26849232743745777
0.019218785436475566 0.023080050897550275 0.26857853589386826
0.019364648311630983 0.02291019219765661 0.26856302513883157
0.019421156462081743 0.022844183582061472 0.2685562527168236
0.0195439406706006 0.022656856202283193 0.2685014313147639
0.019254661981012125 0.02302153957183456 0.26868374532745243
0.01933375021245315 0.022941873076733232 0.2686532547042086
0.019403387140351065 0.022860839994678472 0.26864221669779215
0.027806231165856857 0.0006123651283052034 0.2637893058008791
0.027902983115398246 0.000519116242140738 0.26380371057401264
0.027992665056746344 0.00043767682015721787 0.26379007256304926
0.02814299796926714 0.0003052810237935688 0.2638784025823985
0.028208665583576986 0.00024003230473568227 0.2638821508342789
0.02825939192575544 0.00017098582259722495 0.2638837360829971
0.028318562240680148 0.00011080307685762403 0.26395971222363973
0.028381845842347805 4.351994415968674e-05 0.2639547698745707
0.028465842871205786 -4.474747346633334e-05 0.2639575833117347
0.028589057766743885 -0.00016185290509923567 0.2640401399177671
0.028685209756343512 -0.00025171337703877583 0.2640269817956044
0.028724648780488783 -0.00028466934385440457 0.2641148941782687
0.028837397572167904 -0.00038241407993994114 0.264126667055677
0.028884951485581373 -0.00042892533754740336 0.26409168762265084
0.028951513905979886 -0.0004851618172000416 0.26421064731434074
0.029018618319226953 -0.0005618675316634292 0.26420333573507004
0.029009015872380188 -0.0005392106946844888 0.2642671837565951
0.029065955295933442 -0.000602211060723945 0.26428997643797136
0.02917711970713472 -0.000721481063177154 0.26436179838236906
0.02920862875148586 -0.0007661866119063054 0.2644869169586753
0.029252091388439705 -0.0008366394092891305 0.26444466761986446
0.029281040948980187 -0.0008868917776592711 0.26451396521951775
0.02931722704783539 -0.0009569815913559321 0.26450816631741403
0.029290677454242166 -0.0009198724760181576 0.2646100567253967
0.02933035809935511 -0.0009932665741017588 0.26460980738644185
0.029371944657468826 -0.0010745128313130459 0.2645802465208692
0.029343674602434353 -0.0010240576725218942 0.26467871731826464
0.02939201439776122 -0.0011193071812315436 0.2646507423387592
0.02939964346390401 -0.0011525960474512709 0.26476099177247925
0.029435056701885474 -0.0012299403077261073 0.26471358904493947
0.02944310243185435 -0.0012676378771086516 0.26482174727621155
0.029470425081948845 -0.0013402891356977809 0.26478431622470056
0.029481199893608784 -0.0013682326836702563 0.26487418857673606
0.029514642915172938 -0.0014875454988172443 0.26490227374987724
0.02720559506695055 0.005563187894503718 0.26078561157263613
0.027104999701880197 0.005733972855706426 0.26083180822460744
0.027003599558740703 0.005882606690697345 0.2608192592100168
0.0270543072751257 0.005818075886794061 0.2608595162547
0.026861374336182006 0.006021814376900414 0.2608186020417693
0.029186698043953067 -0.0007295052856852169 0.2644445482193293
0.029234524049605047 -0.0008092322249539929 0.2644867119399694
0.029268938540354575 -0.0008696840184735377 0.26455798743356096
0.028049810112533005 0.0003850723206557105 0.2637940501793363
0.027908323005425444 0.0005124322455601904 0.26377752405908206
0.027980328384566926 0.00045060452327322364 0.26383380852435895
0.02802140710045585 0.0004109090370038593 0.2638684704151145
0.02509667398471932 0.010575061076453618 0.26062776125248305
0.0278301426168232 0.0005946791919327898 0.26380031711176005
0.025074453254278983 0.010605073044088476 0.26072508854329807
0.027647769545610434 0.0007199225430994938 0.263778558711429
0.024958000451112156 0.010769758787395778 0.26074879742530255
0.02501149366960817 0.01069881794378219 0.26078006551738264
0.027426555950565264 0.0008177515801989221 0.26372193818275447
0.02482633107375773 0.010906372102019557 0.2607363451068596
0.024938126425777793 0.010789605825328785 0.26082585319473156
0.024664008323188366 0.011009571613599778 0.26068634596329504
0.024737253101654352 0.010976999446294544 0.26077648351398564
0.02481092371785608 0.010917876477819388 0.2608036727031451
0.023400214175647728 0.014657322068265921 0.2618576065128848
0.02335127849423519 0.014755953473603645 0.26192029168390474
0.02337765241663023 0.014695034754541259 0.2619236830383983
0.02325963848490177 0.014920079025791344 0.2619200211132864
0.02329565297933229 0.014852746811571171 0.26196574283809126
0.023243397973400907 0.014942858438005024 0.26203807692367026
0.023165644423669557 0.015044511972967689 0.26217493428420957
0.023096873829734438 0.015138798831551725 0.26223165514816765
0.023143003596877043 0.01505839712508461 0.2622614120293978
0.023069593357605722 0.015170646011233468 0.26231211204151283
0.023117198965148633 0.015094056404014122 0.2623246518499825
0.02305810207444478 0.015175461432964665 0.26238998208854547
0.02304235851379398 0.015193897428962266 0.26245238933852183
0.02296790803152992 0.015288449253511804 0.26249230869178575
0.022781704304251638 0.015496216950000474 0.2624422859605184
0.022851140739876243 0.015447463152681418 0.2624855629619709
0.02290030153054229 0.015384886721610425 0.26254571243857305
0.02274000333005996 0.015518868103659933 0.26250506094430465
0.022813461634651498 0.015475550770760182 0.26256701113039793
0.022273983418314436 0.017424226332359793 0.26266520938507854
0.022232503477687245 0.017526016095135266 0.26271891244010964
0.022204553372248158 0.017618414684131445 0.2627999273847647
0.022147059725240517 0.01773505093871397 0.262944845325582
0.022162398284480897 0.01767028094707529 0.2629794634419888
0.022094080318254043 0.01792718448546976 0.2629897936864686
0.022119926412171198 0.01785275367229544 0.263018690024981
0.02214382502268264 0.01775946462768835 0.2630379997730873
0.022062480864301584 0.018008425689913066 0.26305905063276647
0.022090447580728582 0.01792908756902778 0.2631099543334835
0.022048840147246465 0.018035396762180134 0.2631603541939032
0.021981482346550132 0.018250344559538112 0.26327171261700766
0.021942791137812376 0.018334831058766154 0.26332906573300496
0.021868564694486052 0.018520524882948086 0.2634737643376002
0.02188660667794754 0.01845588452272129 0.26348645622329636
0.021822722544231454 0.018612726060549645 0.2635365729437695
0.02184823176510456 0.018558662766476552 0.2635573023500421
0.02176173419205793 0.018719459445644293 0.26357368831127925
0.021795923731467416 0.01865714807478136 0.2636119139657033
0.021747970186540982 0.018753194658399308 0.26368107733898927
0.02170647537130401 0.018825064922652623 0.2637159132059171
0.021658151898391098 0.018916159577795244 0.26378265875835377
0.02169603894039808 0.018839724441605143 0.263831149179094
0.021606680870716884 0.0190207789761494 0.2638351015586048
0.021647196187086215 0.01894653229491783 0.2638885396392738
0.0215956613960838 0.01904695841595966 0.26393417097421845
0.02153083436870587 0.01911839286741729 0.263990864065211
0.021570974641908602 0.019055393236133422 0.26405092829937166
0.02150027026896495 0.019149165462317208 0.26406271708400736
0.021541491740984305 0.019088873050120636 0.2641017323140602
0.017877062747581662 0.023725482145702192 0.2690139528506078
0.017937502153519858 0.02371750733032313 0.2689228623910113
0.021489617147198298 0.019159657636843908 0.2641643504991341
0.01809477915847009 0.023674619922302687 0.2689522631264982
0.01798941770643029 0.023708283808929587 0.26887182730387404
0.01815955436499389 0.023656716477194084 0.26892216028322646
0.01802492059012753 0.023701159845709974 0.268807156236949
0.021437044001765257 0.019239875175323717 0.2642146927587131
0.018199316074611283 0.02365111558909 0.2688361890368662
0.018272379631166596 0.023630540181235893 0.26876301338931097
0.0183025246648933 0.02362436628549719 0.26869476089592775
0.021354234224668985 0.019370743967752235 0.26435849834895764
0.018475525760127003 0.023561076937517356 0.26869742464896246
0.01834317221675566 0.02361229605743037 0.26862166434661106
0.021246737274568037 0.019515561771681844 0.26436061220420254
0.021292927494131808 0.01946376004768885 0.2643866804206357
0.018586640434514273 0.02351643935945663 0.2687127136502603
0.01847908946869177 0.023559697936852808 0.26863055770018784
0.018641379345510398 0.023495200851555598 0.26864582371375934
0.02116367254543941 0.01959251264547679 0.2643961545169718
0.02122152251178045 0.019545226112769654 0.2644453710692574
0.021283841449859398 0.019473636733141064 0.26448575671994057
0.018742077265037044 0.023446647656577446 0.268621182008047
0.018863943027786483 0.02338218849519108 0.26858299903038857
0.02115109624238158 0.01960325729634771 0.26448026781425027
0.01890185502873059 0.023356754475475194 0.2685193138058423
0.01931378744100777 0.02295513829731971 0.2687074786821059
0.019268375252105896 0.023017347904414454 0.26862918463262414
0.019202838874006804 0.023090542633391442 0.26861258161495727
0.01915187618354021 0.023155384374343113 0.2685337558665576
0.01907483680506815 0.023226421788965723 0.2684850020996429
0.019327449819687495 0.022952373035065532 0.26861173804217975
0.019245758738352797 0.02305743982257691 0.2685277779755265
0.019192862360597265 0.02311539970290244 0.2684640264650111
0.020958777274631205 0.019723985265506505 0.26457439703822566
0.02100469055070367 0.019695469556837486 0.2645832417563894
0.01745764569295108 0.023778945560381348 0.26893576570987576
0.01742183904691679 0.02378551564050746 0.26885317324383373
0.017384593613491983 0.023788779726663767 0.2687693877586315
0.017346386721980953 0.02379069226882935 0.2686850535228578
0.01730620717566174 0.02379076473938252 0.2685996668283112
0.017551258840298276 0.023773737579305065 0.2689245598865297
0.01751545060662084 0.023781135532963238 0.26884189310430995
0.0174779596085613 0.023786107222304786 0.2687580520369885
0.017440951788791542 0.02378890380310511 0.26867429060366915
0.017402925028118257 0.0237900632062093 0.2685901435427749
0.017675275146556417 0.023757993385870535 0.26899347496655707
0.0176422383342976 0.023766117785722407 0.2689118430269573
0.017607733858168377 0.023773335851747013 0.2688299042946635
0.01757037700674824 0.023779287813382344 0.2687462048991779
0.017798490586616658 0.023736892233189755 0.2690406906894288
0.017761955623725574 0.023746657564508056 0.2689764525069297
0.017728979377964624 0.023755765644137783 0.26889667839019393
0.017696358388938162 0.02376291637710609 0.2688160027266209
0.017660860863366483 0.02376916868983181 0.26873330177823535
0.017856734789577736 0.023731560538862773 0.26895460122923165
0.01781567553499422 0.023741077221308582 0.2688807666589528
0.017929964112342066 0.023717461411989327 0.2689646252109198
0.0179102010322265 0.02372405508556008 0.26886406574078797
0.018016579747972848 0.023698016288021206 0.26893368553868263
0.017974681540578907 0.023712631076948487 0.26883504371002065
0.01810554272469575 0.023675042901284638 0.2688921669841022
0.018061955289424454 0.023690512584085277 0.26884229684974786
0.018171630262594662 0.023656808723867495 0.2688700033537953
0.01814241617756801 0.023668612581411175 0.26880492038841153
0.01821337844402758 0.02364864996121918 0.26879534794180737
0.018189764241473512 0.023657332899278516 0.26872227994180464
0.018251784250856412 0.02364076220335165 0.26867963503856124
0.018341587101069215 0.02361220728889224 0.26866410365890997
0.027861486360851312 0.0005592579102747242 0.26380615696758036
0.019461488962088394 0.019855812685118157 0.26472189373873545
0.01958295322002035 0.01987704521091266 0.26471302762383503
0.019690352553126664 0.019896691476810613 0.2647280944876291
0.019798328546107857 0.01991418997394473 0.2647124978201078
0.01989837063696196 0.019926155580665073 0.26473055953966473
0.0200021419520533 0.019926224020249683 0.2647179997912501
0.020088386410181305 0.019924214645068883 0.2646946396830827
0.02019582475413323 0.01991401810332194 0.2646898934650865
0.02015090901114422 0.019911787230768918 0.2646236054734183
0.02029245102694567 0.01990511309313714 0.26469454749516663
0.027073542996714217 0.0057794770758310965 0.2608084590886289
0.02037787831983512 0.01989766297007417 0.26467251746348425
0.020359941213834214 0.019896648266382433 0.2646008524671141
0.02046635942181571 0.01988278814807054 0.26466066072014316
0.020414305944979463 0.01988548219438452 0.2645734034335493
0.02055056026597546 0.019863831463706072 0.2646482782462103
0.020514024849086203 0.019867502424678718 0.26455810268046065
0.02062540623075209 0.019846620669037918 0.26464577690586105
0.02060219571721366 0.019849110707928774 0.2645256965549805
0.020704591549610532 0.01982852175847921 0.2646135278436441
0.020676096594754903 0.019833789801757262 0.264539530677024
0.02077699547078058 0.019806703811605986 0.26459110268158353
0.020877710890514642 0.019767196184518387 0.2645696912073303
0.02084152768205535 0.019778463949613634 0.26450282596153435
0.02092557323509854 0.019741867368533894 0.26454264535086847
0.0209974940335382 0.019700993054520055 0.26450799007990283
0.02702254370591905 0.005863341311636128 0.26086299566343174
0.021072894995475537 0.01965763810837773 0.26446549163188504
0.021154377401882835 0.019595528029380138 0.26452419277440364
0.02112323836198622 0.019623928700737703 0.26443260439598826
0.021197243440894006 0.019563279127904953 0.2644905450812712
0.021193040690772755 0.01956987406637095 0.264404106936462
0.0212627098108783 0.019502590796321773 0.2644349892011978
0.026961347016972156 0.005930565727452375 0.26081710085239496
0.026870440453229297 0.006006469565699668 0.2607610175838757
0.026905708682530546 0.005983743034270572 0.26084269983636155
0.026778558661238933 0.0060625237703306745 0.26072211041430726
0.026805417485589636 0.006055823811764838 0.26081792453753405
0.02187358385395933 0.018499278072317993 0.2634996908486696
0.02185847002156295 0.018543335958487395 0.26345053672232627
0.021893397062381123 0.018443891593461825 0.26339491882696553
0.021929499693046715 0.018362690898136802 0.2633521929409273
0.021961678806964605 0.018294386785844885 0.26330819907917963
0.021998212317507322 0.018203307068837327 0.2632456960099969
0.02668885315170126 0.006106548998670969 0.26069169633157957
0.026722315470010333 0.0061000530039221346 0.2607763792614155
0.02202161362719829 0.01812649633695612 0.26318870673843975
0.02659934693094495 0.006142967300094115 0.26069859189300526
0.026645223111323876 0.006131313737609501 0.2607820984625388
0.026526092485568822 0.006166255407702381 0.2607025238742689
0.02656798299123867 0.006155186616164154 0.2608023881771434
0.026480852116599472 0.006179122756044597 0.26074501882999496
0.026480866415222223 0.00617533721568897 0.26081393826034494
0.022016564829927865 0.015700366156178203 0.2623141643661303
0.022055125664382863 0.015699425164410308 0.26230294281184274
0.02220168639229282 0.015668780527138715 0.26237654360695395
0.02216074009647133 0.01567445113631527 0.2623112530498261
0.022264488330481558 0.015664658842979684 0.2623712588856339
0.022250481775065056 0.01566427135368087 0.2623043117568126
0.0223536876142542 0.01565543721622098 0.26235932935193096
0.02234441413702743 0.015653150126598903 0.2622664666912907
0.022464657855074566 0.015628025886713137 0.2624000917373725
0.022436257213314895 0.015639909743806524 0.26232903481098085
0.022433940541723686 0.01563882708533587 0.26226090393557644
0.02257495428984551 0.015583781265529506 0.26246597695857676
0.022545921646875515 0.015602733526071 0.26238579345302515
0.02252128866852638 0.015614278632646916 0.2623106280767419
0.02269104731733923 0.015535947865357336 0.2625173800294511
0.02265362571183087 0.015555274225568627 0.26245008639422335
0.022619244015595855 0.015575012047401027 0.26238353434577016
0.022593093118345196 0.015587012997784533 0.26227334417214804
0.022757145590510536 0.015511532981812515 0.2624696356963291
0.022697415312256455 0.015538122274025457 0.26239285028365644
0.022665887145190286 0.01555420659318818 0.26233779548224434
0.026384216759794625 0.006189493627296316 0.2607457305495189
0.022841070902153482 0.015457852674949812 0.2625384356732241
0.022814500033906462 0.015473158366628603 0.2624384972998992
0.026162943360311303 0.006210336707168362 0.2604992813480543
0.02624275444736368 0.006195456760311524 0.26070929987691555
0.026264227535031485 0.006198276155490845 0.2607841706683955
0.02288574373702739 0.015406684195926834 0.2624983467710341
0.022958270063657762 0.015304726653693645 0.2625606145518463
0.026129964469154124 0.006229378398204144 0.26064734158289316
0.026149520681529398 0.0061990957606686825 0.26071321092341987
0.026179052981059575 0.006200150124884507 0.2607654497978389
0.02610897772873908 0.006215169505294604 0.26071517005913314
0.02608977749172381 0.006210976518299938 0.2608028968552596
0.023634274809383717 0.014141002484229281 0.2616962564159673
0.023626316416749865 0.014172520117485543 0.26162127206239527
0.02366229056871033 0.0140753737728882 0.2616310182371371
0.023707889977166892 0.013975019093827812 0.2615828809632312
0.02369750345506167 0.014001454953953552 0.2615132600385176
0.02374079554354968 0.013892711414128622 0.26152501884035656
0.023725609753681376 0.013931868414016613 0.2614715036205976
0.023769453956597297 0.013811286868600503 0.2614959050524352
0.027382508499190855 0.0008312460213156792 0.26373254855439565
0.02744482780108775 0.0008112899270430463 0.26370164460946194
0.0275803479624515 0.0007581111966270537 0.26377413863607996
0.02771243836955891 0.0006748432808282856 0.26379238747573414
0.028011800676002972 0.0004209429469074766 0.26381241344176354
0.027926215683177692 0.0004952280148785571 0.26376628109107947
0.019536524643403837 0.01987526245998905 0.26476966427868426
0.019628618167275444 0.019890893234835005 0.26477318966357466
0.019636379635830217 0.01988434561305752 0.2647081187011188
0.01976472425438639 0.019913034687820852 0.26474675443686824
0.01984471159562995 0.019923886949736902 0.26474957359491447
0.019938954156679574 0.019922601568450438 0.26469711857340317
0.020055600593124986 0.019926999838536352 0.26471939660933175
0.020049262605819504 0.019920058292009324 0.2646650550069563
0.020112286730833914 0.019925420484155854 0.2647295181868465
0.02011691257671959 0.019919128530802688 0.2646652618434021
0.02032411070017845 0.019901836154776364 0.2646220726321742
0.02196658040430126 0.018285544241404383 0.26326625544615423
0.022074724991350034 0.01570017703667259 0.2622774993397815
0.022126445748847604 0.015677909440272253 0.2623420523396686
0.022130843046605675 0.0156735472072857 0.26224796302042463
0.022187869461094023 0.015670793723392473 0.2623385869757403
0.02220800846588733 0.015665465810937806 0.26228474794125034
0.022306191642360966 0.015659474012196195 0.26229962987678945
0.022381056300307595 0.015650570208069592 0.26229650159249795
0.022480362649495093 0.015627324768035966 0.262257015606013
0.02253376026005699 0.015610115496897226 0.2622604902676013
0.024222010022301448 0.011114180608651159 0.26065948308803166
0.024262205218065144 0.011099597057732391 0.2605743165518797
0.024284360317018874 0.01109633905193258 0.2605147831999788
0.024328506208850437 0.011093300279598595 0.26061046348267647
0.024370398907713073 0.011088416908734244 0.2605309986296217
0.024418080307760236 0.01108826228651455 0.26064352044609085
0.024425732162748133 0.011084872801667367 0.26054972373288765
0.02449261506048181 0.01106347713542144 0.26067818443059965
0.02450914123676598 0.011065192921244138 0.26060238553762327
0.024570434780460115 0.011041206761563616 0.2607024092635347
0.02460010935110806 0.011030994212768097 0.26061562585150244
0.024649169132590375 0.01101564454202475 0.2607103740564932
0.02465790246075429 0.011007057328410397 0.26064751301576433
0.024711693851289462 0.010992971218597769 0.26079288622139263
0.02470157316287523 0.010993241318986546 0.2607296681827343
0.024765584894896484 0.01095259086849426 0.2608098962080024
0.024783985659128344 0.010939464442961233 0.26074024065956286
0.024855461688447572 0.010880442921194666 0.26077974034818335
0.024919659629168242 0.010813251051949357 0.2607824733528572
0.024980648364157365 0.010737955479831252 0.2607978301762212
0.02498246871447582 0.01074118176437322 0.2607478284861221
0.027296360733534544 0.0008521194283313549 0.2637167042667189
0.02746990149667823 0.0007997901792614615 0.2637118705808288
0.02752802359256054 0.0007782373657243546 0.26373589117821694
0.02734151202614632 0.0008399164585506935 0.2637135811266295
0.02474838035400738 0.010965704650047148 0.2607440218206718
0.02469298468788579 0.01099402026449775 0.26067884888186105
0.024653728820277526 0.011012698590517178 0.2607450702107169
0.02461027330701615 0.01102999178089381 0.2606736613503858
0.024526866099158266 0.011050483556504731 0.26071596599563496
0.02455656166527647 0.011047690314356373 0.2605881203838557
0.024500914605240995 0.011065024451334171 0.2606422327050464
0.024407582729469662 0.011085404489591777 0.2606869238082507
0.024458127056543308 0.011080049933080205 0.26057629188100895
0.024378160747560294 0.011092098218780155 0.2606307876169827
0.024290847450997508 0.011092201584305905 0.26067389257793744
0.02414960301149517 0.012519848269919254 0.2610593126954287
0.024129636004345034 0.012582681496220272 0.26109215433969424
0.02410284513649029 0.012668368495986793 0.2611151632395071
0.02407360522139844 0.012761396348883625 0.26115624204366256
0.024055711675133665 0.012818407795030629 0.2612083837976634
0.02201456271036449 0.01815480824976623 0.26326895679678763
0.021982763720708128 0.0182449266840487 0.26332689508256923
0.021950991462435683 0.01830917443942487 0.26335095524327934
0.021921277795582353 0.01837528302099517 0.26337685296412283
0.021892882455201663 0.01844060995892366 0.26342581436959245
0.02187436035612983 0.018500181580258623 0.2634620591702885
0.021850468449299887 0.018563390411351743 0.26350191926762745
0.02199545194399402 0.01820141441017381 0.26320592674823295
0.021963296053709606 0.018283406960662052 0.2632354144657512
0.022424377995117734 0.016859761240429094 0.2623638916505194
0.022401482729432598 0.016966943768404963 0.26243115597543176
0.02237518669791795 0.017037863779006734 0.26245115361836335
0.022356801759563366 0.017126077054444744 0.2624673307775144
0.02239325668426642 0.01700652463026714 0.2623008412531047
0.019382320351917975 0.019879887420416964 0.2660476781194263
0.019420518539035425 0.01997195298547516 0.2660115285131843
0.024283397533047868 0.011607775934623477 0.26095709587102767
0.024229552362931235 0.011482840036846853 0.26091994062238266
0.024265085225216615 0.011584160080953143 0.2608784041653827
0.02419953277105101 0.01143619871750462 0.26085817407938927
0.02423377023993227 0.011523576062242857 0.2608265959500733
0.024166414549274998 0.01138578834696613 0.2608017054648449
0.02628975257310532 0.007247504078871647 0.26029150138842233
0.026332304260401132 0.006981954560887738 0.26031060659207894
0.026322028838310398 0.007067483370431171 0.26028361316067544
0.026307512041631155 0.0071573568352627515 0.2602546223029212
0.026340948930176272 0.006868021751755327 0.26025829924949984
0.02633371476916771 0.006965983717808211 0.26023819601041887
0.02632374051455732 0.007038000189147853 0.2601939709971259
0.026190290796359525 0.006401046805885713 0.26037709832923084
0.02632675810499891 0.006763555783656783 0.2601976276680962
0.026173034895195013 0.006407093513670581 0.2603346029459526
0.02625574394382641 0.006521447169671124 0.26025115614413374
0.026302393914832536 0.006651126373481586 0.26020776878071766
0.026231275650848096 0.006495365835780753 0.2601859819217661
0.024161966635381615 0.011344734015019564 0.26081594821705134
0.022276888080177665 0.016211810142677308 0.26208681600974015
0.021985703572121165 0.015850215334633155 0.26210922198134134
0.02239738102327922 0.016383008218534723 0.2621324111419963
0.02201715662222479 0.015916443469409958 0.26206839081306077
0.022003739780151105 0.01586829079333474 0.26211930536830347
0.021999732467775347 0.015858620199998563 0.26214838159350634
0.024252862575814153 0.011541601730832407 0.26088536460908873
0.02241077837695532 0.01641754185942601 0.2622586826663447
0.02210468486528317 0.01598606089055099 0.2620763158266757
0.02216065485367462 0.016066918429040455 0.26202019958777034
0.022439301693772527 0.016476342430048363 0.2622803879166824
0.02221847653826499 0.016133111893340157 0.26204166889551733
0.02420690256241327 0.011456903570881416 0.2608434087814946
0.024208218355179965 0.011490193789446768 0.2607852222827404
0.022233572498700158 0.017521072902714763 0.26275131809768304
0.02226861377657454 0.017435419828861876 0.26269842590180803
0.02228860021308121 0.01736601016202094 0.2626418963882351
0.02231816389508258 0.01729242202749587 0.26260479403030945
0.022349164550196768 0.017198315338738446 0.26254208958378755
0.02633963749437375 0.006901544954985017 0.26025875210858823
0.02633874965667945 0.006829203385530946 0.260270538760918
0.026291991789930205 0.006606560877738865 0.26022021183848965
0.026258018917560716 0.006535044027060066 0.26020706973394137
0.026230799062052612 0.006480823356149967 0.26033624695179414
0.0261954876447356 0.006437788926189236 0.26025684561839835
0.026168202050212717 0.006374679365605207 0.26036634109042545
0.026177402038915568 0.006402064061633628 0.2603583853358227
0.024611327275930628 0.01102636452073863 0.26073768124677194
0.022138515656570018 0.017777904768511488 0.2629861636019526
0.022192262462523024 0.017622349201386833 0.26283663535817775
0.022034103919771703 0.01567912919265002 0.2623529504590961
0.02204170694458335 0.015703971247673087 0.26225291717855437
0.02215937841625984 0.015673578225647522 0.2623396775771567
0.02425906818766914 0.011099443672022147 0.26062496092879484
0.024309166931799006 0.011095050150964958 0.26056145902560024
0.024366116172576613 0.011088188884711025 0.2606697251454173
0.024396641664907008 0.011090753816067944 0.26059216969270693
0.024442488714899027 0.011076803440596306 0.26069647086734665
0.02446870193108089 0.01107713094895002 0.26063840031167784
0.024543713234518476 0.011051045251314673 0.2606537623797506
0.026129609735883387 0.0062039200796287775 0.2607056733647931
0.026154148836630628 0.006225465477774916 0.2606095463209748
0.026212638706202704 0.00619913033373759 0.26075951326748625
0.02632786619737229 0.006196030413786746 0.2607883403446024
0.02643301016883807 0.006186860384903792 0.2607668584095246
0.02645317624171236 0.0061785176915529205 0.26070509242962886
0.026535670114964757 0.006167236588952962 0.2607497772212245
0.026555073823397946 0.00615342009729869 0.2606622967545053
0.02237974218965924 0.01703268606623093 0.2623898920734481
0.022356295250894394 0.01711019258017804 0.2624108810004888
0.022339641836849118 0.01719099047934286 0.2624276335015318
0.024157285512027574 0.011356065469342258 0.26079118568230475
0.02204322840069868 0.018054427599098533 0.2631941413948359
0.022018500476201658 0.018127556691551028 0.26315252864093586
0.02210044474888285 0.0178892812369153 0.2631159855815006
0.02207488645233431 0.01797336563573132 0.26311094261082024
0.022057450170442763 0.018021278253069928 0.26309227063787777
0.022132759993275374 0.01780910146097675 0.26303523439692544
0.02211206911829213 0.017874447597871934 0.26305327470693673
0.02208576226021839 0.017949868965597082 0.26301723437107866
0.026167188061100938 0.006202367874667436 0.26066835456747056
0.02618112156312844 0.0061986774708751025 0.2607284382677652
0.026120211055755897 0.006215325609155109 0.2606822324090087
0.026134737578718578 0.006203223975607075 0.26075899651517875
0.022083962320412452 0.01568607212710621 0.26233371796194455
0.022082450929800372 0.015688290025002383 0.2622420829815749
0.02215774643557239 0.015670951491411345 0.2623724387783906
0.022159549931717447 0.015671929143887486 0.26227512092752403
0.027436687653218925 0.000875753555360459 0.263320788844878
0.0219846033546309 0.015847967021709986 0.2621171102771316
0.021972663093525857 0.015858507306716285 0.26208746639316316
0.026236721896322167 0.006519974329766198 0.2601478768153629
0.02620301322467388 0.006446297534956569 0.26024147216974697
0.026182409122603355 0.006424337079803055 0.26029584569259884
0.02628433539319972 0.006597437856383559 0.26019986428653724
0.026253713338322687 0.006513379628178051 0.26028585948713623
0.026203672633976542 0.006440869872294364 0.2603496738437516
0.02229912736600998 0.01625569270182403 0.2620570459262937
0.02224462665924693 0.016160560614117803 0.2620880269358156
0.022241735790925032 0.01617801581524242 0.2620200617702229
0.02220095042914312 0.01609971574627922 0.26206330400958067
0.022202186621460826 0.016124853038530118 0.26200845103093
0.02214700521319425 0.016026686278143465 0.2620579926764105
0.022087485038344783 0.01598628227687876 0.2620336170088773
0.0272583806366612 0.0008612988325820137 0.2637276061279864
0.02227672936515033 0.017409601379088535 0.26257277094817166
0.022301746964471937 0.0173406757660568 0.26259181243163215
0.022302861751725113 0.017329517097798675 0.26249329100314023
0.02232956826569102 0.017268047814732346 0.2625840842504172
0.022335148427978138 0.017259115136209258 0.26253002620343757
0.02233081154841933 0.017228409965057645 0.2624398989487349
0.02235430612787334 0.017171850728529614 0.26251601029151406
0.02208913676579556 0.015676273815286246 0.2623710089246628
0.022111010467695424 0.015686606661116376 0.26229345867603493
0.022224515917849727 0.015668531173718192 0.26233565778195655
0.02246539453842595 0.016685430331576545 0.26222925252881374
0.022471238451686436 0.016615205325928917 0.26226344694735826
0.022461874564755305 0.016516495735605707 0.2623010458848404
0.0224195515389772 0.01644454606238588 0.26226056968797684
0.024260535823686633 0.011585200863003742 0.2608590780737333
0.024213021208857634 0.011477054110902829 0.2608271859949727
0.02420079937976735 0.011430178425891002 0.26089617184894554
0.02239936870489083 0.01638890776321572 0.262073312585378
0.02245767021956078 0.01672026274851579 0.26223043934313756
0.022483005580534288 0.016648421275088865 0.2622895573207772
0.02629456812312185 0.0066192671202527364 0.26021288868968173
0.026215925201967853 0.0064682237153741995 0.2602168813573437
0.026212547133457845 0.006436228839173441 0.26038223636316465
0.022400180263689333 0.016403045992008036 0.2622016127379848
0.02241623758136281 0.016418220078198986 0.2620992976137001
0.022308800090998206 0.01626182362285511 0.2620885057037661
0.022373797377643542 0.01636097356540167 0.26203539910604284
0.022225987660473352 0.0161360467243028 0.2620705191937895
0.022130732345774964 0.016023291201002987 0.26203305653121595
0.026232167232468087 0.006473849699184575 0.2603762721778178
0.026238757121324896 0.006491029525643233 0.26030523463332395
0.026178291261924246 0.00629830323374253 0.2604228362441001
0.026172548203551242 0.00634272653903839 0.26052929619444354
0.026174283584602206 0.006222332368612138 0.26038021556867347
0.02615769124877481 0.006316099297410505 0.2603670152294536
0.026136654290017644 0.006284843229664716 0.2606073078350313
0.02616846785194315 0.006264055491086162 0.2604795708141548
0.026196793124338577 0.006379706071997837 0.2604613350065631
0.026203838368883806 0.006403328515229623 0.26040592863414025
0.02616301543992236 0.0062408996485576185 0.2605471866078716
0.02200643330146506 0.01815978027801729 0.2631640713862387
0.021997071695159548 0.018187609956322404 0.26317897953947167
0.024164313768186722 0.011221019999896331 0.2607675995911174
0.02419105257219647 0.011150413087924915 0.2607179812523505
0.0241508260013509 0.011306978170364856 0.2607701267388145
0.02199152208001194 0.01576609670267748 0.26226787617612934
0.02198359331572884 0.015722267777100896 0.2623128674650612
0.02201244477263125 0.015716833658340423 0.26227457608629384
0.022328540940264555 0.01630061796210308 0.2620428072452302
