0.029460791315216242 -0.0011439206432944937 0.2621661610121766
0.029457351455390392 -0.00098953194461332 0.26216673440899724
0.02945347136557991 -0.0008898055141289274 0.2621828267694799
0.029440150034900102 -0.0007750934597640646 0.26217611290827286
0.029422380281825485 -0.000641458451342003 0.2621938048301499
0.029409823424742215 -0.0005314852133278536 0.26222750917647014
0.029387134493595153 -0.0004194141920865202 0.2622248519031799
0.02937326078298303 -0.0003464480027214334 0.2622766234780389
0.029441966545697987 -0.0008366523299820905 0.2620291122811109
0.029338250061462234 -0.00023998187038160035 0.2621727727103807
0.02932161824504452 -0.00016586456747041955 0.26217998558025435
0.029305346336529786 -0.00010378532907673321 0.2622112747054219
0.029240975088971152 5.9333508634240584e-05 0.26216424139093536
0.029206881041309314 0.000141008557812905 0.2620749404035069
0.029144314617744367 0.00026934072865725245 0.2620204471078765
0.0290766899656955 0.0004017493076004519 0.2619479098708358
0.028497382532917427 0.001030147092111633 0.26161483186488277
0.028149054307820054 0.0013417778201822994 0.2615558373912211
0.02766018167605413 0.004422176276697498 0.25979690010632167
0.027629880497081448 0.0045091121541980805 0.25967890066540744
0.027621297528059932 0.004584468653663132 0.2597015211258616
0.027602320690151748 0.004680407478901694 0.25973431910346473
0.02758594702257996 0.004695639303100463 0.25962153379395225
0.027567350329712748 0.004784480383079659 0.2596292388521959
0.027438801871139208 0.005260154676174966 0.25944490091799177
0.027402065718251892 0.005366259608427848 0.2594489502417195
0.027335966882915418 0.005509009962277989 0.2594103192367776
0.02721420856754684 0.005798104245188729 0.2594178929232607
0.027189006444170924 0.005843860624358599 0.2593407418011521
0.027152914603446564 0.0059364640592601825 0.25936784191512896
0.027114568287184594 0.006001239365565347 0.2592832465735184
0.02709113747850607 0.006066953996805513 0.2593148852230731
0.02702415947639831 0.006196636152238477 0.25926219473535567
0.026957717565518367 0.006325568576091789 0.2592321598696502
0.02688944627245459 0.006463340262772843 0.2591817113861007
0.026872607558272824 0.006502966850984948 0.2592133489810057
0.026805397711426662 0.006640935077872667 0.25917238649260027
0.026771292315606682 0.006716587528707019 0.25919515742931165
0.02670520711316917 0.0068556915028056276 0.25914949206378396
0.02664516357045068 0.007001643364694887 0.2591073353989625
0.019387091753889127 0.02301143439879083 0.26939146468177577
0.019355939999195798 0.023072631000211286 0.26946325941803206
0.019322946222474574 0.023129439055317808 0.2695041451181322
0.019304400148629997 0.023161894651322124 0.26954969921380934
0.019183334396064747 0.02331931950854904 0.2695785900857741
0.019159309314735265 0.02334344346684336 0.269642717158866
0.019104807739120946 0.02340109452137762 0.26969759038336255
0.01905996052044609 0.023458494421832565 0.26963948929124815
0.01903418837593855 0.023476927210558413 0.26968955578970044
0.01899066081127762 0.023539238545340346 0.2695990969500418
0.018936224997182338 0.023590913885796955 0.26951742447589977
0.018911140292248732 0.023614355037100743 0.26957610824370615
0.018857762773298786 0.023656779830316027 0.26950785830237733
0.01880272558285835 0.023705089624588227 0.2695610021415856
0.01871197284473229 0.023764524434203155 0.2695576871410331
0.018646170766324133 0.023799654775840035 0.26960643966890235
0.018611215586573776 0.02381607555435275 0.2696778145947633
0.018595467422713938 0.02382425175083963 0.2697574144223137
0.018508269210491105 0.02386427367440505 0.2698250966512905
0.018454889944878608 0.023881077777534676 0.2698830034843992
0.018400478663977093 0.02390888888670717 0.2698353875362594
0.01834676611228704 0.023920256868992462 0.26991576740233114
0.018376666891038826 0.023922432941708982 0.2697650826684077
0.018333592713427133 0.023933643301349866 0.2698366762467496
0.018238196007440338 0.023961108135380493 0.26991739263095094
0.018202498705098005 0.023982625979511424 0.269840842206462
0.01816467484608046 0.0239848774704578 0.2699308763115419
0.018091360419981314 0.024019002679595197 0.2698483378700308
0.025470552829932228 0.009194830726159176 0.2589496025784346
0.025445858200040333 0.009288050871468667 0.25898393082865206
0.025423878379234363 0.009367050531759902 0.25898858388691615
0.025406184280424793 0.00944755029683797 0.2590326682014701
0.025184510780116576 0.010084859967547322 0.25903089214364067
0.024748836928513623 0.011244123808046291 0.2593860325117222
0.024718019099641553 0.011318660463716768 0.2594199580844525
0.02469233734703087 0.011391885593331763 0.2594486195599152
0.02457080327121588 0.01166394328886855 0.2596081231213645
0.024547256022101872 0.011717535003873958 0.25963926302890994
0.02450932460384314 0.011800888453635416 0.25970167477877926
0.024483504671026154 0.011861848155863941 0.2597468350419931
0.024353203833465953 0.01212169277921149 0.25981562688779214
0.020852664152020625 0.02029567112558109 0.2647804223568431
0.02083118877628455 0.020328000658611317 0.2648141255159093
0.02079013725592556 0.02039737425431956 0.2648903107309758
0.02077341322181278 0.02042128861615855 0.2649488952253478
0.020715779873360235 0.020484138586761486 0.26501174399813904
0.020688071066174957 0.020504084086250485 0.265044622932953
0.02107088818238806 0.01998913014777426 0.2643521744837656
0.021039171513433333 0.020042369416095107 0.26441674416487887
0.021001813572193884 0.020100343003143367 0.2644425230948626
0.02096242130430266 0.020144830017000126 0.2645117555029422
0.02093041947642113 0.02017920436258741 0.26458137084304545
0.020898083929421676 0.020224939541468007 0.26463068014960117
0.02068531932844407 0.020521281269040986 0.26492092332121747
0.020640366063121862 0.020555868959831414 0.26497758808789534
0.02058391887150275 0.02059039712844407 0.2650549885054043
0.020531909904049003 0.02061813923232514 0.26510132818577276
0.022409386883274755 0.0164427346304937 0.26230397709590547
0.022369334526666562 0.016493841804568893 0.26235690851746374
0.021167470701751706 0.01980667863394947 0.2641038811992079
0.021143909293187046 0.01984882126053733 0.26412864063075886
0.021100966679346286 0.019926752252488633 0.2641919416331997
0.021066133348726507 0.019997314838949287 0.2642391622057281
0.021054019125330253 0.02002916030456184 0.2642819417851022
0.02101373520395916 0.020103336467559962 0.2643199180661451
0.020974384020394476 0.020141007508403808 0.26439410852061057
0.02054291542881928 0.020624622136044435 0.26496762321285144
0.02048978636214105 0.020649996064021348 0.26502076605576486
0.020441853058397283 0.020672304855836043 0.26510222572738207
0.020401287112049388 0.02069056393997651 0.26516279144741617
0.022967000204886484 0.0154307183539788 0.26135700435066406
0.022934363533321872 0.015501752929389878 0.2614092654802476
0.022913674939802862 0.015558361355409278 0.2614378842485966
0.022879138273807872 0.01562958623969657 0.2614831961693262
0.022859272650102166 0.01567701048718234 0.2615053099714686
0.022483337213943855 0.016352417011065268 0.2620723453670454
0.02244487677359347 0.016406823241785995 0.26212492660596964
0.0224038171175686 0.01646844580246762 0.26214327670030635
0.022221331716178974 0.016688245317647843 0.2624552098556557
0.02220498683614454 0.01669271047107715 0.26251531653083837
0.021329630601809868 0.01943658297499737 0.26371404558585543
0.021298055684644476 0.01950849156839435 0.26375546568365427
0.021273655726477103 0.019573636893684437 0.2637919904195778
0.02125469045170103 0.019637637178365808 0.2638485361569358
0.021231028929364903 0.01969023985961041 0.26388750371763214
0.021192887068471764 0.019749054182948172 0.2639303149091354
0.021166263296436172 0.01980021787360023 0.26399433207028344
0.02035701062937796 0.02071413781030579 0.2650881683322309
0.020302015414741748 0.020734371493298293 0.265164929106326
0.023401323817717243 0.014022714562670568 0.2606078354345982
0.02336077652602972 0.014159132361029336 0.2606791655034875
0.023330809909115194 0.014250703005942833 0.26071150320069714
0.02330833986053181 0.014315117285059908 0.26073134975864787
0.023294028414571497 0.014375237043301348 0.2607793808796375
0.02326850752405534 0.014453753108592426 0.26078420558050586
0.0232469413434793 0.01453108552683191 0.2608526123845869
0.02322260086495096 0.014612169307224587 0.2608818293704384
0.023203336428930008 0.014684599271582832 0.26089206084969924
0.023184456721586713 0.014766779028174248 0.2609620927606914
0.02315389792079165 0.014858220366698649 0.26094172911163627
0.023134701083897632 0.014933158801947288 0.2610048912559614
0.02311957935741466 0.014989376465907867 0.26104539165283586
0.023096349141397937 0.015073484504776746 0.26106329695544284
0.023072097147584743 0.015161075157304638 0.2610830694410179
0.023054911269438587 0.015209994960870166 0.26111362642240443
0.023013989439739153 0.015311082255007658 0.26116042167128733
0.022984643636228597 0.015382899353059087 0.2611866351724612
0.022962558549137604 0.015433743261352828 0.26123485179633305
0.022943858840792017 0.015476652745556374 0.26129201325251794
0.02291334624294443 0.015552132741238789 0.26132111915268225
0.0228913460078337 0.015609505730801054 0.26135264701692584
0.022852453687248392 0.015698044235268882 0.2614056819829963
0.022832296067771818 0.015749112506316665 0.2614276941448445
0.022806484896668894 0.015807052827129797 0.2614653735619096
0.02277498015743984 0.01587582405754745 0.26152279896284814
0.022750855688318194 0.015924289260875746 0.2615451856141373
0.022706047878152225 0.016000562159422638 0.261620112891516
0.02268725323663378 0.01603828923003392 0.26167075117538585
0.02266445603331385 0.01608525061788768 0.2617096972531298
0.022627933735460043 0.016152257724664054 0.261729966108572
0.02258315100383984 0.016226472129218267 0.26178782610516116
0.022562743471161745 0.016261244611968206 0.26184271634066253
0.022520133495760722 0.016332415309938064 0.2618924813770516
0.022494773244225212 0.016364926792271306 0.2619230843370155
0.02245710462473878 0.01641773712561803 0.26199993650157705
0.022141377530562965 0.016753362933200483 0.2624466729799263
0.02140045258888404 0.01923861363987825 0.2634612261441597
0.021350994185795696 0.019378677807214445 0.2635328224589557
0.02133045260104452 0.019440867715402488 0.2635968546095948
0.020207088806045367 0.02076461944626526 0.26515035242279666
0.023416307448873887 0.013934389018681603 0.26045385496383516
0.023405537354788356 0.013984791812885422 0.2604843467251788
0.023375673982864387 0.014083420275465053 0.2605185331652758
0.023290963113467136 0.014358587473800366 0.2606954961500106
0.023064165785408798 0.015159748908905202 0.2609699857836698
0.02305011424871413 0.01521498165090679 0.2610188099490749
0.022651025056840857 0.016101683143726286 0.2616081400861472
0.022501975673485705 0.016356944502305182 0.2618058116383186
0.02208315026705368 0.016786285386629796 0.26235602202932784
0.022056059690471586 0.016796246701740014 0.2624092548618818
0.021551278494036014 0.018776838075586694 0.26307077407609203
0.021487648758625313 0.01896754350863436 0.2632070547232055
0.02147261746408123 0.019021006400196855 0.26321859454599894
0.02008802469859805 0.020789609507898127 0.26519515344663946
0.02199604425108409 0.01682950966748209 0.26234399221525173
0.0216136402621617 0.018611121125419683 0.2628807535361402
0.021584684706430143 0.0186938115039679 0.26290880724868987
0.021553648951852217 0.018771459884089542 0.2629536480850142
0.021536295799241892 0.018831805441084787 0.262987584219818
0.021932142554668216 0.016861770919842672 0.26228495744760333
0.021695307005013334 0.018274123306378315 0.2625691710411675
0.02167468506406499 0.018348409810798993 0.2626041521676858
0.021671353456081094 0.01840798211747105 0.26265224927951186
0.02166149899793604 0.018466844830895918 0.2626819085280344
0.021639523472960998 0.018537811607294064 0.26273268037702313
0.02161581677611174 0.018605485147696582 0.2627766573352387
0.021703147722433952 0.01823778806642859 0.2624644475462482
0.01916429174441521 0.02137459532127592 0.2668592189113383
0.01914925314266086 0.02121035471995364 0.2667706495795435
0.019143211736615914 0.02109054442944472 0.26673707867545704
0.019182818958759756 0.02151837712099819 0.26700464152992714
0.019128152610006652 0.020975997054014817 0.26674501810792306
0.019328717508053317 0.022019989199175888 0.26815473434880754
0.019081963256733225 0.020850795123137034 0.2667353261809393
0.01922118650492577 0.021826725954217224 0.2673652933031845
0.029282453574682274 -0.002419230140004225 0.26249801179476306
0.029315821937007998 -0.0023003675151970215 0.2625088469144965
0.029354387186944997 -0.002040899373137006 0.2623693858204479
0.029344259594216188 -0.002136930977818974 0.2624472189687057
0.02933850833682783 -0.0022219806027927724 0.2625282351203687
0.029404428109608867 -0.0017009137769314342 0.2621728543697036
0.029399125136715824 -0.0018012401432498382 0.2622768348135372
0.029384285959746535 -0.001934757603564985 0.2623687068969896
0.02938219281452678 -0.00200989584512562 0.26246785622526897
0.029431542748325643 -0.0014644851255943836 0.2620748422209963
0.029428502057102443 -0.001566313430588273 0.2621657522913899
0.029421916186347728 -0.00166568585679705 0.2622638402000014
0.029418606019878446 -0.0017457117266045374 0.26233173452789044
0.029407708124021187 -0.0018698416993099265 0.26243775049622553
0.02944247050132432 -0.0014318417751659207 0.26216164815274756
0.02944049916576927 -0.0015350946475283234 0.2622597344677208
0.029438012063835846 -0.001623519793802819 0.26233986515616353
0.029450679035206297 -0.0013036472348406658 0.2621648217787987
0.029453355912945123 -0.00139371795351112 0.26225462909400044
0.02945962119000904 -0.0012076762280056608 0.2621822434008404
0.0294626257091887 -0.0012616501130253699 0.26225943409004826
0.029448426724662753 -0.0008996202009664 0.2620504822462827
0.0294523529865907 -0.0009585210915396547 0.2621038244280618
0.029463537324219857 -0.0010596096822157453 0.2622137317687034
0.029466453714157854 -0.001154043094114543 0.26224438741071077
0.027656476117135856 0.0037464302401338245 0.25972842557381814
0.02944672348029284 -0.0008519251600930255 0.2621165455427089
0.029462038425359452 -0.0009484997048809785 0.26224999738105
0.02768425810938159 0.0038564563543937447 0.25969383130712964
0.027681650277547057 0.003789019797693305 0.25977672042483224
0.027668829334953064 0.0037074058434612978 0.2598484831923765
0.02758495122566469 0.0018836028796409 0.26149459590654356
0.027654561069355252 0.0018230808698193601 0.2614970269327748
0.02776746525117879 0.00172585128266034 0.2615026108389018
0.02782407625907657 0.0016788224690429954 0.2614963782732551
0.0278796172236338 0.0016325385088912792 0.2614925198812676
0.029432069538896773 -0.0007092552209794212 0.2621954562610866
0.02770656679889545 0.003975140961525847 0.2597176797410836
0.027709279560171274 0.0039040698507442073 0.2597981565143696
0.027697744418323685 0.003812900841364819 0.25988149643776376
0.02821439827465054 0.001280992927001734 0.2615876137166834
0.027697870911460643 0.004124309739991172 0.2597427849989571
0.02873705052123226 0.0008153128761812511 0.2617118270211676
0.028798093938752094 0.000749016967501126 0.2617255708514116
0.029394402861900475 -0.00045472079074992955 0.26222422213099916
0.019232814384240154 0.021853229925423795 0.2674654573577796
0.027686533022087928 0.004238280277292394 0.2597904603730179
0.028799676650293773 0.0007617911848205039 0.26180583728397255
0.028839003055260305 0.0007203365928247218 0.2618320615890133
0.02889835304797967 0.0006572714056758966 0.2618259707488333
0.028954697268361564 0.0005955045853774932 0.2618621825430414
0.02899984265711933 0.0005306591433131835 0.26189257323269133
0.029306325972153227 -0.00011984433991568677 0.2621568645585288
0.0293341760290163 -0.0002096147360488021 0.2621963691913056
0.02935911330113497 -0.0002948339367409569 0.2622689324085211
0.0276120864195004 0.004587325041042367 0.2596449574137288
0.02763766630659968 0.00447925683122119 0.2597004647132671
0.027659479496213703 0.004410697709697486 0.2597588912133741
0.02767639007287944 0.004336769533429541 0.25981584172654587
0.029178482026074058 0.0002012894782378316 0.26210799606060803
0.029215479723210425 0.0001228702972438378 0.26213452968755274
0.029246430227181257 4.4846044792934414e-05 0.26218573348851926
0.02927891146877911 -3.469643557868496e-05 0.26221556754390235
0.027512983818968058 0.0050115848193272305 0.259509880755503
0.02753762706156339 0.004914505898895916 0.25955514433912485
0.027557910320594785 0.004821249743628575 0.2596044038093596
0.027576530100996755 0.004757981968321556 0.25965436961252025
0.027600581739898225 0.004674412037304232 0.259693181242168
0.027621792360071756 0.004594106736458936 0.2597415919656494
0.027377491609028026 0.005415678211617814 0.2594338773848368
0.02741749389143311 0.0053316244824167525 0.2594566619807247
0.02744724923277221 0.0052518685061042625 0.2594820388186729
0.027471737168887463 0.005174881413187893 0.25952829257753735
0.02750404031475235 0.005078761381814678 0.2595542769466089
0.027284929170039073 0.005626662199909649 0.25939319140724126
0.027307783862692718 0.0055840779246983385 0.2594595619762342
0.02734242075894093 0.00550342019264588 0.2594721514392267
0.027378574278271603 0.005429979943707308 0.2595007771702367
0.026928010800426012 0.00637963589119156 0.25920215424941595
0.026973976334103686 0.00628612001908696 0.25921707566618
0.026999434069517977 0.006244970997251631 0.2592560931034302
0.02704318616142566 0.006160698358326722 0.2592795650181866
0.02706852954621057 0.006109946868762095 0.2592939118385527
0.027114386630057406 0.006022266673024135 0.2593266707585047
0.027143311208697826 0.005958921821200391 0.2593531967815368
0.027172898130205167 0.005894427227616461 0.2594102915139922
0.027253743430724307 0.005715012424115151 0.25946668394050987
0.026761029433015136 0.006734702072871468 0.25916111821324217
0.026787872906791292 0.0066777246136886514 0.2591896798721698
0.02657831630772895 0.007138068941936249 0.2590944383085557
0.02662439189596015 0.00705344016908116 0.2591176680798456
0.026658658506531735 0.0069749502125379115 0.2591676358967059
0.026545660210097688 0.007198635225130368 0.2591726789854927
0.026569677986787832 0.007160123293696197 0.2591928543030879
0.025601485813675426 0.008590036616075158 0.2588842430192582
0.026451155368275983 0.007349010582248072 0.2592289682619491
0.025575934676350796 0.008769472830529035 0.2588887040195807
0.025591635458609853 0.008694269758789841 0.2589157383040625
0.02556080566171745 0.008874729986224128 0.2589449303789792
0.025516414657901013 0.009038829675519389 0.25894175663460195
0.025540401267544338 0.008965344575064094 0.25899661847807165
0.025461933649953694 0.00922586571810402 0.25895874861645574
0.02548887153069279 0.00914342580290256 0.25900891729555786
0.025419886332223245 0.009380925232249315 0.2589827672601456
0.02543821645443116 0.00932124497196346 0.2590030545604109
0.02514348834053208 0.01020262259211313 0.25905297056763127
0.025090178397684584 0.010369552402710314 0.25908249469382655
0.02511911382934026 0.01027557682872754 0.25911218931942637
0.025034027739606085 0.010525294190655177 0.2591342566410956
0.024970008003356456 0.010695198951416296 0.25916330854191505
0.025000231334449258 0.01062307596862766 0.2592042063622888
0.02494648572346559 0.01077683211566749 0.25922788608246194
0.024876340459931076 0.01093028993380496 0.25927200662933253
0.024894905134941518 0.010880910156027546 0.2592956726342427
0.024842071215609128 0.011020270016183109 0.25932239525472367
0.02474300395846972 0.011259377547224225 0.259380159718387
0.02477193059951443 0.011178036754412646 0.259392063241506
0.02468401783356504 0.01140420271740894 0.25942275140477883
0.02471340650680895 0.011334649871245217 0.259440723819071
0.0244640331003403 0.011894076679426158 0.2597010915254686
0.024427114487145907 0.011972589892720487 0.25980171872426694
0.02446069286302996 0.01191372159446652 0.2598121721607196
0.02435613506134121 0.012115362275603725 0.25985078705313897
0.024378441204553472 0.012070901168537318 0.25986773878265035
0.024257868409237035 0.012264880598736316 0.2599518595594493
0.02429535403308506 0.012214599195977394 0.25994728302786785
0.023543885378930082 0.013370768559449742 0.26037654261878035
0.023486191041050153 0.013657735271284499 0.2603597093548261
0.023505959110698305 0.013565459661000978 0.2603664174148441
0.02352870664505071 0.013479654635455363 0.2604296559305762
0.023464828368669685 0.01375109210222697 0.2603946236734524
0.02349122652250893 0.013663797520917842 0.26042081052793975
0.02343939256274758 0.013860797397021118 0.26046062925633157
0.023463526626033557 0.013789405673298727 0.2604859325302946
0.023394966449850292 0.014023960071617436 0.2605017710867651
0.023426166374051705 0.013938216387263946 0.2605391061617392
0.023372776598985512 0.014103067915759049 0.2605682997273183
0.02339766681317182 0.014034673519920382 0.2605778625959063
0.02334158540140284 0.01420105630879942 0.2606318887878769
0.02330868749833523 0.014302709846987671 0.26068615896612946
0.023256410376824174 0.014468287568705218 0.2607401544579538
0.023290295628478494 0.01437629088384329 0.26073906790619095
0.023229211507095143 0.014565402269994643 0.2608067876244621
0.023257995304885648 0.014487560788207954 0.26080805935478046
0.023206033607260514 0.014653211850734094 0.2608458275538885
0.023158870471295105 0.014825292715253402 0.2608878823428215
0.023187253146793978 0.014742794828025874 0.26090059810605126
0.02312251215354129 0.014955960964414872 0.2609408166029107
0.023136742208653534 0.014909124241013982 0.2609355289406131
0.023160516495608657 0.014847843698143959 0.26098292418557845
0.023088646364005268 0.015082950515529603 0.2609875065869197
0.02311836845457197 0.014988773126928756 0.2610196459289893
0.023060847424917555 0.015192726506000676 0.2610639336430039
0.023086072826728005 0.015111749202727731 0.2610950383172208
0.023005197746545372 0.015326726379701672 0.26110422246583614
0.023030267665631883 0.015268461768573549 0.261131964159135
0.02306326187766833 0.015180513518560868 0.2611499740867249
0.023001206155734713 0.015348111946888121 0.2612056393146282
0.023029951724816353 0.015276543125131548 0.2612258443192199
0.02295953573217522 0.015443681056378888 0.26127816541552645
0.022791106874139905 0.015834428126657585 0.2614055720234773
0.022820544914964686 0.015765758825036336 0.26138323505037797
0.02275488607945382 0.015915584835037133 0.2614855971402677
0.022790430342385842 0.015840852506593617 0.2614957806984882
0.02281960970095337 0.01577641091251547 0.26151386076724525
0.022703325653436232 0.016004042949430308 0.2615706537559239
0.02274604113885697 0.01592168359280266 0.26161574534916643
0.02262877347820163 0.016148956126282588 0.2616520294626328
0.022669321965030353 0.016074036072115994 0.26166706159819564
0.0227014050064646 0.016006867902333077 0.26169052369359097
0.022590478459001938 0.016215121483012823 0.26174375787248083
0.022616097204267237 0.016171294248694457 0.2617718851052461
0.022490198197442017 0.016373881010978725 0.26184999499980227
0.02253404835094476 0.01631354267883517 0.2618400967266237
0.022571943357334617 0.016235355324870804 0.26187709247057844
0.02244610435024557 0.01643730066212179 0.2619435850472876
0.022473477489726182 0.0163964069023472 0.2619494511743292
0.02252193711116051 0.0163186307194646 0.2619498393323584
0.022423456402763095 0.016449672443395402 0.2620572984858204
0.022462659075709893 0.016390422705392566 0.2620593266575135
0.019299635955260408 0.021987904948018278 0.26794374542038996
0.021727391731604817 0.018160193874927344 0.26250788002331993
0.021680585874147063 0.01832206511181783 0.262533359226117
0.021661514911312255 0.018405901799676994 0.26260038684016784
0.021679034712710862 0.018338038880196 0.26262356971786815
0.021640959445700783 0.018514866610068015 0.26266483121796724
0.021670113103677113 0.018432894523293386 0.26267829083595645
0.021615885476148594 0.018594478596680092 0.2627438062756663
0.021638496035012306 0.018537502150599267 0.2627887667952348
0.021608896090475213 0.018627472663363953 0.2628396464887899
0.02163130820973841 0.01854581505060418 0.26282658366794187
0.02157608993909707 0.018716281669047402 0.2629350227051191
0.021552528467653542 0.018795301047699636 0.26300888935158984
0.021481184709282897 0.018991529092071996 0.2631673667848204
0.0215036706105268 0.01889490468704169 0.26317601594650164
0.021483425282510113 0.01900234982490087 0.26326533942014607
0.02145790452458876 0.019079308623780655 0.26334213799558925
0.021472866650776426 0.019029162183318266 0.26335934388669957
0.021424000390106585 0.01916791400385978 0.26341597639471903
0.021395793015551334 0.01926860498792085 0.26353089294987764
0.019316386392689205 0.02200318594145015 0.26804942243863744
0.021332936587164925 0.019433193654079556 0.2635799895096614
0.021292353345188378 0.019524947835974304 0.2636876922258551
0.02132157234343851 0.019457474329274388 0.26369541384711503
0.019251379920592768 0.02324100201400467 0.2696167973657086
0.019186139505105726 0.0233149054488013 0.26960506759962666
0.021257980226932302 0.0196153032260519 0.2637675786097091
0.021284640774652974 0.019541550908090843 0.26379270002867006
0.02121814375040655 0.019705399868009177 0.26384420145777704
0.02125888703449444 0.019622522140257698 0.2638886773292636
0.021212046818778543 0.01971636058540535 0.2639852753380628
0.021132199329609594 0.019866825735957577 0.2640718294266011
0.021170964325198383 0.01979874673767884 0.2640587923866624
0.021127903239599094 0.019875504298259294 0.2641794120119344
0.02103912576004459 0.02003570048690781 0.26421857496976997
0.02108412690205891 0.019961829943812542 0.264260377852209
0.01947678345257181 0.02233142688812917 0.2687444733641129
0.019447412377475604 0.022287070125661806 0.2686399128851014
0.020989869969150615 0.020129873004629678 0.26434020543334436
0.02105126091186932 0.02003745469709836 0.264354218715799
0.02093919034679373 0.020175529887297122 0.26447676339701864
0.020976370154680443 0.02012955243356454 0.26448690729339897
0.020922405162373897 0.020191476257932633 0.2646208632670656
0.019366326764189215 0.022094648665398953 0.26836419075061035
0.02086333339441257 0.020277339640319608 0.2647153109959689
0.020907647231826476 0.02021195699581904 0.2646959176024606
0.0193602609678053 0.02213271935709571 0.2681900608380509
0.025475173040698226 0.009186022155098506 0.2589873846168701
0.02550931191666765 0.009075342337813208 0.25901036104159736
0.025499957189656412 0.009097855581151781 0.2589642742988515
0.025451164721926656 0.009263625514181861 0.2589639863821347
0.025458899804931677 0.009253749204194361 0.2590372789894832
0.025529665539662606 0.009002015506389405 0.25896934213956035
0.02542814539833306 0.009360130214331186 0.25901696484276154
0.025548141125023766 0.008926357747730651 0.25893896985449166
0.025389603213925346 0.009486367016296793 0.25898999557412894
0.025577788482431668 0.008798407293578947 0.25897493912583697
0.025565873015070795 0.008828838719046161 0.2588921402461247
0.019198493185333107 0.023299884997632275 0.2696340856152638
0.0192891863265892 0.02318314174197575 0.26962198128183223
0.019265418560502595 0.02322184382769857 0.26954940966440527
0.01933748651270112 0.02310917336993812 0.2695404029994302
0.019404387891430133 0.022982736615119098 0.2694392420042049
0.01943062356397092 0.022920566584469754 0.2693526418813678
0.01946612833934172 0.02281980635278008 0.26926673104540566
0.019491030482543914 0.022721503375523838 0.2692113397669722
0.01950437710494128 0.022636233010588203 0.2691556298115394
0.02558368156627 0.008739266388677447 0.25891353231326447
0.019520737020180437 0.022531680034634904 0.26918857212160835
0.019513424168450658 0.02255447717013878 0.2691048840590642
0.01952267868214165 0.022446401944548278 0.26914571680805205
0.01951772708389858 0.022480532050659252 0.2690605887249555
0.01950592262460152 0.022498747980640832 0.26897366286726276
0.019519690831075298 0.0223847892211414 0.2691060664315042
0.019515745103426962 0.022401578783278808 0.2690334081984087
0.0195061240853434 0.02241679476443076 0.26893694832836623
0.01949614538385927 0.022336843452680666 0.26890814060776685
0.019486168138146243 0.022353658577632024 0.26880407779480825
0.02559174366345602 0.0086716354823268 0.25888091616856357
0.019469252217085897 0.02228271389630443 0.268767998472392
0.019463513635803814 0.022319408060499035 0.26869024328993496
0.01944190811523655 0.022231311190870018 0.2686932701600327
0.019430838129305655 0.022244893071270422 0.2686045453211414
0.01940753036532808 0.022179779006997746 0.2685472066843223
0.019411974210387192 0.02221283555352943 0.26847631895638235
0.019382625682811544 0.02212775249590082 0.2684470213159703
0.019380372750099698 0.02214420086505542 0.26834527418408766
0.019366182940914925 0.022127459601173155 0.26826595824118254
0.019350043902578176 0.022079222097901086 0.26820858859659896
0.019347427317353172 0.02210013686279469 0.2681444312447895
0.019327835346825334 0.02203923182561146 0.26809001465690907
0.019318133513093014 0.022054178072545616 0.268012607073141
0.019305860834128205 0.021977545005659654 0.2680040609447382
0.01929528388997087 0.022010321066589983 0.2678869574000345
0.019289240762499868 0.022012783834692157 0.2678301920454276
0.02533665146779869 0.009635820676566487 0.2590606028606803
0.01928525099487788 0.021941226541041997 0.2678692860997044
0.01927557871625883 0.021945733679235246 0.2677756153970721
0.019262823448570054 0.02193862993973192 0.267676939867019
0.01925548612138471 0.021863352126996777 0.2676468479156104
0.019245776269895598 0.021869396867742336 0.26755514425814036
0.01922421429913583 0.02185074507701726 0.2674043550389644
0.019227279175358616 0.021777619089582673 0.2673996713443265
0.019215698590031555 0.02170411809506867 0.2673431546454763
0.01920556430400991 0.021707606646607314 0.267246673546006
0.019199971208227376 0.02163544343084589 0.26720747749428464
0.01919209284338029 0.021557201455277203 0.2670944538811481
0.01917371476371056 0.021430844892997042 0.26692700091624033
0.025456212299778166 0.008143047463813169 0.25876288119898494
0.019168757527528696 0.021280438160641596 0.2668525079738122
0.019170575015133084 0.021185312559168834 0.26683822297177373
0.019159834219307392 0.021111875221246718 0.2667884344228499
0.025609215376643506 0.008545960711199674 0.25893545660989326
0.01914249984856506 0.021043115461674283 0.26674951756333476
0.01912073441969775 0.020924899010467596 0.2667566306829255
0.02560015807602857 0.008459400620782653 0.2588852804905478
0.02558902391130506 0.008491037897861542 0.25881861216842295
0.025319139230355225 0.009694300258407562 0.25912083953594883
0.028554207501082327 -0.003549888633217202 0.26245343482636396
0.028569831007918677 -0.003576267287848711 0.26253963452830065
0.028627658836129458 -0.0034718650835363074 0.2624240603957314
0.02864258444855068 -0.00349967096790077 0.2625113455278477
0.02869741115737367 -0.0033937386026763883 0.2623976048864849
0.028712406843970834 -0.0034219040423044134 0.26248501212356534
0.028724995984285656 -0.0034480517974425084 0.2625742964819232
0.028779298070664802 -0.003341651953000513 0.26246067088173736
0.028792817115854623 -0.0033691192406955506 0.2625490477651619
0.028840228981851013 -0.003262519649032458 0.26244177691627923
0.028854978270850595 -0.003290393202854125 0.2625292735451935
0.028865704739980055 -0.0033176280151802073 0.2626202553612755
0.02891084466370189 -0.0032126627032136867 0.2625151661650174
0.028922148609618212 -0.003239865345914028 0.2626058056571654
0.02897325548395034 -0.0031614989843177232 0.26259521612619574
0.029021833486891156 -0.0030833862348676466 0.2625875521191732
0.02906816431007471 -0.0030049270255031457 0.26258113737139765
0.029112747400910036 -0.002926066156247187 0.26257591987086915
0.02915210973487816 -0.002847441991449595 0.2625751905736263
0.029158502974792506 -0.0028730239020015036 0.26266690337554577
0.029185514117556044 -0.002769317108409497 0.2625788286593699
0.029244492622295754 -0.0026140955601201554 0.26259660315866945
0.029270598897706723 -0.0025372804042442243 0.2626083063510506
0.02929238727611503 -0.002428327947130382 0.26255735123005985
0.029298821637104927 -0.002340073400890541 0.26247563304624094
0.029311327662423912 -0.002351793208941577 0.2625521109517429
0.029318703824141194 -0.002254787615110998 0.2624707088018702
0.029334253379025954 -0.0022655928044438833 0.262565412691581
0.029344633633886473 -0.00217278828447226 0.262496205561299
0.02935479339397659 -0.0020757095270134696 0.2624176931219969
0.029364905329249673 -0.0020923421678064047 0.2624885048288347
0.02936841757522718 -0.0019831384777174166 0.2623518637325308
0.029377005112858685 -0.0019914189458016818 0.2624079650511047
0.02939502569962979 -0.001883162932543092 0.26236366498173924
0.029397033435537755 -0.0019257318531347711 0.26244484538390733
0.029413786770558344 -0.0018098290827814334 0.2623834103304761
0.029428765983356003 -0.0017341722930787618 0.2623837906669716
0.029431004838896074 -0.001679811189762459 0.2623431562410238
0.029429717907602473 -0.0006700580842304293 0.2622370190713975
0.029421424193404953 -0.0005964733568621372 0.26225106969782264
0.02940133873808006 -0.0004890512459921892 0.26222085108301924
0.029372538098098283 -0.00036800177380497123 0.2622074065517951
0.029381210810041088 -0.00038155369276149376 0.26227205505417645
0.029342356683427273 -0.0002630401841030583 0.26215695757761615
0.029356791277187648 -0.0003020328471110001 0.2622131624220206
0.02933013012294576 -0.0001862007684915734 0.26221060308280797
0.02934541093987187 -0.00023329511785508128 0.262279347938558
0.029292197065848596 -8.244902691217915e-05 0.26213939887297105
0.02558970229685753 0.008387616463801595 0.2588730410915249
0.025572435987741823 0.008395641708525359 0.25880318759543025
0.029156012866040464 0.00025019539501330845 0.2620072162731914
0.02908429147183241 0.00038618952038926846 0.26191931748152697
0.029101403935789305 0.0003495048971460246 0.2619843714198768
0.02692455783947028 0.0025969616666431383 0.26004716113423865
0.026939763000551745 0.0025704453739929245 0.26013576144913975
0.026946598468163177 0.0025461634470348438 0.2602309624565175
0.026939765409507405 0.0025239830696556775 0.2603393122653255
0.026921255579898724 0.0025038926995540334 0.2604677850334012
0.027004251748520544 0.002673881422089075 0.2600124477048139
0.027022266229883934 0.0026466186650487278 0.26009867746904736
0.027031717797976494 0.0026205531239691937 0.26019225095102183
0.027027700387250657 0.002597829376685068 0.26029735293349804
0.027010936587182108 0.002576577396458335 0.2604249976057085
0.02697688807064038 0.002547021045555542 0.26050873687273784
0.027099170590179453 0.0027234370576918465 0.26006651291061333
0.027112204688130442 0.0026977716772621507 0.26015645211807037
0.027111944650282202 0.002673563377303123 0.26025807534323775
0.027095556776879262 0.0026520620338501555 0.26037314966155
0.027083866637550046 0.002642428646287276 0.2604840169122895
0.027171225105937516 0.002800768172439183 0.26003913686176017
0.027186696537103795 0.0027756118892880988 0.2601262117670756
0.027190805662914645 0.0027503057334691827 0.26022390062807177
0.027176836780727562 0.0027263331600825835 0.2603379049444623
0.02715523592333527 0.0027083183436703018 0.26045274171884036
0.027237144474821326 0.0028783213382882478 0.26001702640557445
0.027254066939407115 0.002852216079326342 0.2601030310086308
0.027260392967508353 0.002827176424461064 0.26019810387622555
0.02725198344614444 0.0028021052901623933 0.2603093928158171
0.02723092153046655 0.0027813290753399 0.26044313184192996
0.027314775062848608 0.00292936851163772 0.2600854067572522
0.02732133988166585 0.0029041524119117756 0.26018003595131256
0.027316737078193813 0.002878959909517309 0.26028667896056923
0.02730608217174245 0.002862819130797112 0.26042063773904534
0.027354890480040556 0.0030299737897546697 0.25998641325939237
0.027369581788275935 0.0030053355960681927 0.2600737874831326
0.02737577639602002 0.0029803839310640345 0.260168368531173
0.0273725780373787 0.00295561806409278 0.26027069708601064
0.027407276512790894 0.0031062558993112943 0.2599770469402508
0.027421215836326715 0.0030810986880556723 0.2600654627204103
0.027426738459050623 0.003055967406347171 0.2601604795137572
0.02745579536082287 0.0031830975287736596 0.2599713534292759
0.027468675222056267 0.0031573950311314936 0.26006060275750625
0.027501180466028487 0.0032600042671449003 0.25996746823705846
0.02751287926384615 0.0032344927505706944 0.2600571879007432
0.027542849185411375 0.0033374349962842498 0.25996608602508287
0.027552787820566832 0.0033121153080436505 0.2600570530977996
0.02758065394989731 0.0034159660707969164 0.2599675357899105
0.027589036724273777 0.003389441199342036 0.2600575454543253
0.02761816336753975 0.0035003732852103564 0.259980510829143
0.027618267862399223 0.0034625972948612027 0.26005674623452635
0.027641534984581807 0.003615981754501396 0.2598887142897473
0.02764023912549865 0.003577019786633384 0.2599597034234869
0.02765575584142268 0.003712045789057705 0.2597801144007259
0.027665397481540573 0.003677702033220709 0.25990089648305126
0.02766371569518907 0.0036539208251014643 0.2599700058046732
0.027671032278457512 0.003805598556422485 0.2597103244960841
0.027684444365901832 0.0037702257797381233 0.2598348852875878
0.027684899046532485 0.0037537434132050573 0.2599075966392393
0.025276705889300075 0.009806003535185404 0.2590677555560301
0.027700157280327792 0.00388014212439336 0.2597455550189333
0.02770271156464378 0.003856769937624016 0.2598356301271334
0.02435079934340134 0.012124101417897215 0.2598839003723027
0.027703367888016334 0.0040492473800548545 0.2597034019750821
0.02441070060960048 0.012008869976151026 0.2598521530694119
0.024385643513557168 0.012048299633777015 0.25981010151370487
0.027687296170718315 0.004208013720673476 0.25975621134157756
0.024446334170643888 0.01193984433604467 0.25979172616782603
0.024427055503655606 0.011964812729162944 0.2597420332976709
0.027668607944707428 0.004327248939200556 0.2597496089275212
0.027685067017726384 0.004288942178325927 0.2598318074408085
0.025200995769306893 0.01004310886257681 0.25907662245815016
0.02449888968257931 0.01182919108828906 0.2597398507842
0.027649259533416848 0.004420424860737016 0.2597142362215693
0.027666930994435894 0.004386613460315103 0.25978991062191026
0.02764283159289315 0.004498847118119154 0.2597587853363499
0.024533012136589975 0.01174458240339571 0.2597124988999339
0.02451966429659761 0.011772367970886877 0.25964204628460463
0.027601455937844452 0.004643701735485117 0.259640339742945
0.027613139164393674 0.004631460250770103 0.25972284431051174
0.027625984556056304 0.004577740544943809 0.2597733186447715
0.024575049203901522 0.011654669651981864 0.25966067859980896
0.02455899332109758 0.011693372151150516 0.25958694769119195
0.02757365923335936 0.004744764289878967 0.25962178361406085
0.02758632499132821 0.0047223569309183255 0.25966968398921053
0.027563957790948057 0.004826144323938741 0.2596556760951085
0.02757544232501416 0.00477687588253406 0.2596891972818242
0.024623245252530006 0.011535099773734125 0.2596807189194774
0.024602921589993824 0.01157042585127599 0.2596125115453407
0.027519823148014447 0.00497024725300016 0.2595189950458403
0.02754630688341296 0.004910853818396177 0.25960543503707867
0.027514485385839352 0.005031384213113277 0.25953570325349673
0.024647481374050338 0.0114606276246908 0.2596251857192227
0.027480182740032784 0.005141876082787433 0.25950845917658877
0.027424770576203135 0.005297587029022721 0.25943176493220077
0.027451279115946935 0.005242139431130166 0.25952005831422115
0.024695242417759382 0.011378131822690374 0.2595151450201331
0.024689436318651142 0.011398130762932779 0.2594672925990624
0.027414932612010265 0.005346280659905944 0.2594957413526378
0.02472099091826277 0.011310499600679647 0.259481547480525
0.02470528754617858 0.011351081838207377 0.25940922820921763
0.027356460991506237 0.005465126289242006 0.25943084818594553
0.027308631258975063 0.005568691441994511 0.2594080180321714
0.02732666216396685 0.005540406119108554 0.25948458381744405
0.024760792974007052 0.011210602906038702 0.2594267243315974
0.02726918002156875 0.00567174005830684 0.2594167210800988
0.0272244577647228 0.00576483631305269 0.2593894676730658
0.027235936630102695 0.005751634824908702 0.25945447128266075
0.02478866811143937 0.011136309603696548 0.25937097905340967
0.027178154226741406 0.005876826088657305 0.259340083895057
0.027192094305630563 0.005846258485053268 0.2594310860731105
0.027101018770418317 0.006028735801221596 0.25927699669979154
0.02713076850033056 0.005982613729745567 0.25932129202113485
0.02483943819570182 0.011030581700227249 0.25937485525928283
0.02482503335008235 0.011057439866824947 0.2593343589766177
0.02705571079526524 0.006117183345316801 0.25924751795607587
0.027069714055115643 0.006110725498514158 0.2593389203030273
0.02486688731717819 0.01096044518086281 0.2593249217506777
0.02702085208346025 0.006209202366469546 0.2593074378697724
0.02694679545074532 0.006345098936202331 0.25921823334306116
0.026971592995007974 0.006301238837337075 0.25926886767356994
0.024898576336567044 0.010873639235625843 0.2592498681563487
0.026896555722299598 0.006453373123751105 0.25920979356839874
0.02684436688113949 0.006556068970318907 0.2591847267924575
0.02495088626841975 0.010762581697711993 0.25926318213028887
0.024933404756547352 0.010791966621575388 0.2591935511085227
0.024980743421208942 0.010671986399533817 0.2592241261285051
0.02556667937778341 0.008300509749522345 0.2588572557747785
0.02500703963905991 0.010600147177367514 0.25916825160850465
0.026669667975581915 0.006944533295945909 0.25914240398286115
0.026602935405256323 0.007092710040195516 0.259087703980838
0.026619027713815725 0.0070659383090270755 0.2591687672525181
0.02505053176488914 0.010489695012033173 0.25917322493373074
0.02657434638698189 0.007151493498808892 0.25914638917767296
0.02652363673087855 0.007234642174976547 0.25920006907176235
0.025073926219485135 0.010420972242964732 0.25911075097511016
0.02510144547253504 0.010330736563999465 0.25906077428200985
0.02523777884801301 0.00992715296460045 0.2590123228823708
0.02524405409519996 0.009916126505694178 0.2590760946212269
0.025553154014952936 0.008256473903793915 0.25885836349824654
0.025527475229022684 0.008257834425993704 0.2587745962460981
0.025133629822771425 0.010233782891141296 0.2591013254980111
0.02549374149449475 0.008128808579158764 0.25892277647286044
0.025163416287719995 0.010145088874893848 0.2590318274031611
0.025497168664425286 0.008142789512985027 0.25887975252376677
0.019178674312681318 0.02331535800576026 0.26969962097447003
0.01922623219182165 0.023271698949465763 0.2696323688136486
0.019322742901377865 0.02313278547870748 0.2695920897138219
0.019357331478778966 0.023075266565501074 0.2695212163130504
0.019375530104648014 0.023037795658160137 0.26943815977435825
0.019523270707102844 0.022424162137058806 0.2690931298755566
0.021035833792912018 0.02007294939144766 0.2643263995915545
0.021102963994781357 0.01992081853969241 0.26427040070459046
0.02137749607588113 0.01933710528449767 0.2636102180226326
0.01911178346557718 0.020874948232698642 0.2668041387077277
0.01908393021139214 0.020826982184781406 0.2667687130294914
0.021484709210464442 0.019003412198500574 0.2633303147623256
0.021491502266671042 0.01896882625234328 0.2632547635603776
0.01905753934993172 0.020766759246591326 0.26675880469728397
0.0215149515174424 0.018872430185875116 0.2632657688458223
0.021527323552908012 0.01881680344425868 0.2631830453627261
0.02153620859387395 0.018801004196563248 0.2630920988997971
0.019039082799425747 0.02069900527402685 0.2667974209004265
0.019008683586880876 0.02066550508507453 0.26672534873231146
0.02166608052845856 0.018467276997630677 0.26272798807024117
0.02166150602167588 0.01843740996974602 0.2626404970139381
0.021682362360674307 0.018341360905960308 0.262656015324718
0.021682014206518843 0.018317471678140768 0.26258617049038596
0.021693460314141225 0.018287241071423682 0.2624978870171998
0.021709764776413065 0.018230777719816155 0.2625285154441145
0.021743729627023867 0.018071353268806295 0.26246701868612543
0.021748460787885032 0.018032485225326494 0.26238410033886167
0.021779189649469094 0.017975210482842757 0.26248347521113413
0.02178547799795491 0.0179626578001299 0.26240147089582067
0.021769020062874456 0.017926746200965793 0.262331571786253
0.021796436020249887 0.017846634277572937 0.2624238168945866
0.02178711808176155 0.017768234450391607 0.26243683910331894
0.021768341038450406 0.017752773389367094 0.26239529107885945
0.021714662157347617 0.017719932266395788 0.26222933308186763
0.02166356593759644 0.01762696819965584 0.26218255370583166
0.02238722976822026 0.01647735137141279 0.2622394790874044
0.022427647577759717 0.01643371627798501 0.2621634488270235
0.022448042994872686 0.016406080267120038 0.2620850886613508
0.022494674031405357 0.01635773476520172 0.2619801567182822
0.022538506949591912 0.0163013591957063 0.261900719420699
0.022560229745093772 0.01626647624824948 0.2618039620575047
0.02261502153745154 0.016163061903231357 0.26181842697488067
0.02271001820301726 0.015987392113599508 0.26164920199108066
0.022730666359976892 0.015958352981147395 0.2615573598977868
0.022782472277941182 0.01584932489010782 0.2615713332770536
0.0228025954964199 0.01581271253845018 0.26150397744297704
0.022842305123442597 0.015723073439509905 0.2615161937420437
0.02285023927067418 0.01570573337055159 0.2614592206947649
0.02286650583009174 0.015660673183935714 0.2613659993167079
0.02289784122123279 0.015590435624666887 0.2614680501566359
0.022912603301615556 0.01556392218671876 0.2613822765202961
0.022965572717272537 0.015432484388072876 0.2613113904547255
0.022982938936018077 0.015394694543532261 0.2612227784882871
0.02301813590198753 0.015309851081371117 0.26124412887505316
0.023029285961745104 0.01527141837289564 0.2611797472675349
0.023037362073797224 0.015253711323235719 0.2610773125312075
0.023060981040315953 0.015185808874486728 0.26118470732565524
0.02307263590884838 0.015155264574987837 0.26111776026068884
0.02307806116465752 0.015139811280952487 0.2610329915241
0.023109083888900102 0.015023794900098864 0.26103931156003213
0.023108267721311117 0.015009294885938607 0.2609690886644793
0.02312867886127469 0.014956871604186406 0.26104673857301575
0.02314128194757363 0.014904959283968844 0.2609678302424963
0.023142548101184955 0.014876323279023496 0.260893714083153
0.02317144612478443 0.014798649910464479 0.26091910966246784
0.02320008846252969 0.014711868708669196 0.2609423623935647
0.0231981171297113 0.014679626784487476 0.26084602057724393
0.023234943715587937 0.014569762235908335 0.2608618596598615
0.023241723592120032 0.014528641636442685 0.2607991421258395
0.02327549450736878 0.014416466737708411 0.2607354711326227
0.023301518389549684 0.014340931676527502 0.2607468651744269
0.023317485618905807 0.014271518326177568 0.2606677445097439
0.02334971141267808 0.01419483621348322 0.26069081684617695
0.023347809317014093 0.014176277516968538 0.2606022365881295
0.023382750095850613 0.014082429276899289 0.2606266436631326
0.02338950158213618 0.014052056132921709 0.2605440783988997
0.023415645732996718 0.013974998577685416 0.2605829819817269
0.023427367395872534 0.013920197146568336 0.26049082087297193
0.023450733756127946 0.013846134068685512 0.260529523247614
0.023452526152695226 0.013801693380029179 0.2604273522644226
0.02347989256803923 0.013721664542586998 0.2604621037692658
0.023479488448206895 0.01370054133539328 0.2603917885119954
0.02350285398263316 0.013601598519712876 0.2604075697643604
0.023516913962621164 0.013532668558266181 0.26041194737531836
0.02354394072892735 0.013412466253405253 0.26044949417157515
0.023531270459515655 0.013430325224226602 0.26036718011971133
0.023560316414610462 0.013326009345634438 0.26046295595886804
0.023555452915118423 0.013310479738992576 0.26037856589197483
0.023567009607811606 0.01323532854564663 0.2604051869812214
0.02355246272028881 0.013199094961321267 0.2603257764930581
0.023529195877367154 0.013105712207597486 0.2602766322520178
0.02350372433077337 0.01308284991615255 0.26021158772539177
0.02352122047427302 0.013043800304905817 0.26032126368321357
0.02347701807907083 0.01299339437974667 0.26023145022338023
0.023440649229294737 0.01295815664868638 0.26017195145889144
0.023432579846386914 0.012893335217374846 0.2602140076403896
0.02339895246704167 0.01289044516375476 0.2601197401945324
0.026468933457068418 0.007327602858741344 0.25925082695891727
0.02648444289758075 0.007299477248175812 0.25921416651176626
0.026549141574295977 0.0071925311181810225 0.25919893084602996
0.026602243010434477 0.007100721987129355 0.259131748518476
0.026642187068970598 0.007013121705253922 0.2591655334722721
0.026689613893237214 0.006894197596582496 0.25916493738780766
0.026734920700787847 0.0067908088669833555 0.25917193792931825
0.026816956805823897 0.006619638344746437 0.25920882770957865
0.02681921233074286 0.006605144966526588 0.25915403039217066
0.026869137292682303 0.0064991504771932385 0.2591630052351398
0.02690744784213306 0.006424120336577466 0.25918452801144654
0.026944959389650927 0.006351370904808862 0.25926604532052977
0.02704587331759454 0.006160234942996556 0.259322884111413
0.027035602530868945 0.006158005553314361 0.2592366159407955
0.027084185288735498 0.006084067944911842 0.2593518581596296
0.027125538774475905 0.006001060096598232 0.2593642833693042
0.027168121805066038 0.005903598106179797 0.25936064353010013
0.027202829610937215 0.005820644120030027 0.25938415475068693
0.027243371474665497 0.0057264561430364624 0.2594176192329823
0.027291324964400475 0.005624748336922836 0.2594300005615776
0.027324712657288537 0.00553966585943555 0.2594485471647231
0.027361735858095523 0.0054606275700109785 0.2594733266382213
0.02739920143323405 0.005384084533298361 0.25949280888425086
0.027434414184533726 0.005293489629255299 0.2594987244575389
0.027462314954064905 0.005208608300715789 0.2595216330110712
0.027489304867971576 0.0051176346155358265 0.2595370659353593
0.027519335034835724 0.005030776397659309 0.25957264459842333
0.027535178388931318 0.0049665843449993585 0.2595932383524838
0.02755463283551566 0.004864490309949732 0.2596223755626348
0.02757294375232059 0.004770527863856844 0.2596469624870056
0.027595157629785802 0.004685251239428145 0.25965798678625795
0.027612815202982366 0.004619150556259499 0.25968354767617674
0.02763394090992142 0.004542916260531549 0.259789216526654
0.027631920338166013 0.00453815528054341 0.2597249779793531
0.027652459130441148 0.004464868720352788 0.2598053792362295
0.027651458922111433 0.004448352207990114 0.2597508752262608
0.02766460522195833 0.004372508618589177 0.25975227338473394
0.027680907212273814 0.004283015564427117 0.25979286348535596
0.027678237938850818 0.0037166025962940274 0.25996389816198634
0.027666499700337216 0.0036454523019447405 0.2600347870452517
0.027651914359388068 0.0035726454857319956 0.2600475005476155
0.02702286691734193 0.002587164476635928 0.2605444311803665
0.02778000235256376 0.001714622737044369 0.26154161736338444
0.02791499294003722 0.0015979506557105005 0.261500169293094
0.027988166417730838 0.001509211265046162 0.2616059120361393
0.028004529418837174 0.0014831670474266812 0.2615372820716676
0.028422246360410457 0.0010969947477621478 0.2616326897123181
0.028516709700462523 0.0010153686131642026 0.26167249032960993
0.028642674148249392 0.0009097580852878151 0.2616713890143001
0.02883247039717963 0.0007185127584285467 0.2617681264436979
0.028920849799887065 0.0006378527207283047 0.26187831316020804
0.028981019574300264 0.000559128993759983 0.26187425044445584
0.029027908209137178 0.00048082445018277076 0.2619557123802191
0.0290765853781393 0.00040055614705286624 0.26198334595455497
0.029124936477383047 0.00030175589676795234 0.2619796441110197
0.029159638915563828 0.0002419603705568485 0.26208025803068025
0.029165118391141873 0.00023004699475659418 0.2620180395388596
0.0291930441155853 0.00016811170730551828 0.2621336783203417
0.029229489738879615 9.228427401347661e-05 0.26214916704537095
0.029261341428768545 6.746077792441074e-06 0.26216793459018845
0.02929415204473927 -7.737140751729044e-05 0.26217898769132697
0.029324273433307596 -0.00015482784239129188 0.2622745128793526
0.029322476270437832 -0.00015667622686982297 0.2622261236782801
0.02934517825797745 -0.000250782642733538 0.26222097826721436
0.029369489618825365 -0.00034085158309576924 0.2622453273168003
0.029392820561035968 -0.000433677524028675 0.26227483183214106
0.02940639916925305 -0.0004960401880670928 0.26226869830681554
0.02168553824205474 0.018311458068710484 0.2625097250413706
0.021561542370272857 0.01873970669914657 0.2628986679323079
0.021591083450403975 0.0186712112514425 0.26284573916197923
0.021615895339556934 0.01860585595033698 0.2628049913083661
0.021643259207046725 0.018529931654914455 0.2627698954336714
0.02166979083176966 0.01845056946845039 0.26273890182385895
0.021677697456893547 0.018389917225257735 0.26267361960059066
0.021686720586968106 0.018313437621644862 0.2626359918720534
0.021705909736043513 0.018248995455038552 0.26258990951945665
0.021528831413680366 0.01884927066949585 0.26304327544843376
0.02156205905724716 0.018754192750758264 0.263010943709051
0.022732021171957204 0.0159523884640147 0.2614907294301322
0.022774938142099133 0.01587277761565775 0.26145124724430463
0.022810996224972895 0.015795478953286313 0.2614092613888881
0.021437325685947944 0.019134181938190303 0.26334106051431705
0.0214601587999802 0.01907026160493952 0.26329350877091373
0.021484319193314533 0.018990158722105077 0.2632492760663214
0.021501196547943385 0.01891656394226074 0.26323021740476327
0.021535279554581455 0.01879623304277686 0.26313026367252723
0.0226490449599476 0.016115839234627116 0.2616781212758105
0.022684494705965286 0.016042369245092558 0.26162267526472704
0.022723291372654317 0.015967643034211165 0.2616119586905945
0.022766019224451525 0.015886755576630662 0.2615805837979739
0.02279883270809626 0.015817811734775533 0.2615372497771432
0.022832865623578683 0.015749145456197433 0.261481141080402
0.02286701533986317 0.015663120336207037 0.2614409273351359
0.02289280285242261 0.015608941961459344 0.2614163611061681
0.022927327945161474 0.015520872524768137 0.26136243580512797
0.021379134136884692 0.01931058897383195 0.26351986244270076
0.02140587704479696 0.01923382139200805 0.2635092938686575
0.021499588175788217 0.01895581202527219 0.263347394132909
0.022586736173088512 0.016212190614383087 0.2618321517263691
0.022632882367597265 0.016140180807742155 0.26178522520210085
0.022667781384625635 0.016072267122861916 0.26174772596722284
0.021283407647782304 0.019543532829157523 0.26376706978897146
0.0213130817776003 0.019473808320304292 0.2637230314126989
0.02121730855637878 0.01970831259035033 0.26396518597537943
0.02433536700590659 0.012153486120026646 0.25984805852608617
0.024368702670423445 0.012085868149111556 0.25982358149847784
0.02440556600701417 0.012006326357002939 0.2597820447927399
0.024457642086987738 0.011913611531333912 0.25975549720724234
0.024486171569876897 0.011849785223726428 0.25969491437251774
0.024516374897223345 0.01178256941766953 0.25967265917462334
0.024563532342803965 0.011688227549949526 0.25962699654086874
0.0245829646369239 0.011623306200569117 0.2596092420220112
0.024674288324006997 0.011425097028315012 0.25948103770690484
0.02470287402651733 0.011363447585964692 0.259454163279099
0.024736976387306556 0.011270515529754777 0.25941004054553457
0.022369630001009173 0.016494614829567683 0.26228976333649545
0.02242409503714088 0.016429886027847146 0.26223934790962034
0.02415079429599426 0.01238623563527863 0.26005749877318685
0.024225004010848115 0.01229794635482262 0.2600651793771908
0.024279760892612218 0.01223523467449783 0.2600160195567039
0.024323468857812496 0.012174462414961396 0.2599634509696115
0.024365374987313643 0.012097546312152097 0.25992975760470294
0.024564497378406755 0.011675150465889572 0.2597260223389154
0.024600391378843664 0.011591913725972014 0.2596722558887766
0.024626969914673988 0.011515245216623282 0.25961014100966245
0.024670019103000096 0.011418507502376052 0.25958289894977915
0.02478635825899482 0.011153176990795655 0.25944352826452965
0.02481877755133992 0.011072690271018648 0.2593900957199207
0.024884256549278123 0.010911731206131758 0.2593254794622162
0.024910413832670432 0.010841699570612373 0.2592902115000974
0.02492826144614571 0.010810818667116306 0.2592501922573196
0.02495918451514023 0.010735277439722357 0.2592013453119926
0.024983873970740707 0.010655627655497879 0.25915651754877445
0.025013369632270938 0.010573173669032765 0.25912829470754806
0.02504508297178333 0.010489312319671096 0.2590931374496883
0.021080061565978567 0.019969101211937762 0.26431628710906696
0.022284725406998898 0.016603076911987924 0.2624236656082948
0.022346515218259956 0.01652074436979567 0.26238410563584164
0.02240321116132124 0.016442460547285043 0.26237694145595025
0.025070687535810293 0.010435869702573597 0.25917543964819334
0.025090921384812705 0.010374462250365757 0.25913428863523025
0.025106851677779193 0.010315002346733604 0.25908889061626394
0.02512460439641806 0.010257853569831998 0.25906077668413807
0.021026078291950773 0.020055325576891048 0.2644668711401381
0.02514971107211257 0.010189767141938089 0.25912054933065987
0.025167838645021784 0.010139423596061736 0.2590772786767588
0.025184808387498016 0.010092034965463181 0.2590758375208752
0.025227027806024538 0.00996414283147512 0.2590883449491985
0.025256779950603714 0.009871878894887609 0.2590507933141036
0.02527017371245835 0.009825848124884573 0.2591349466292867
0.02529630968895795 0.009748812749664548 0.2590915296257383
0.025317842635287455 0.009688546679029575 0.2590520481319395
0.025340289148326964 0.009635655613640659 0.2591222370730514
0.025362134590674656 0.00956715751908932 0.25908303758719425
0.025387646627584852 0.0094989875610344 0.2590451644160636
0.025412162789490017 0.009418173533158547 0.2589968948065364
0.025445404518248407 0.0093024206499574 0.25903853402122373
0.025462303976905173 0.0092331078224831 0.25899658070973786
0.025480788308746713 0.009158567887503466 0.25894205384966323
0.025520255952290044 0.009035355574399662 0.25899644313457065
0.025532346443456193 0.008982788655326868 0.25893519710986246
0.025567936754326698 0.008847247499992328 0.2589754805044898
0.025575940226906645 0.008786258352209586 0.2589258518436234
0.025589645726174698 0.008750656066235596 0.2590021944328069
0.025596413226648143 0.00868187313317842 0.25895139066171274
0.025602745395824925 0.008612788286468054 0.2589195423102871
0.025601293055002305 0.00853740963874472 0.2588680913474824
0.02558663877917703 0.008465227230974648 0.2588116638434746
0.02659319128309655 0.007119641890960149 0.2591813316241797
0.026910356670388845 0.006425854954644372 0.2592298321262524
0.02712631223480059 0.0060025147685937585 0.259339988987474
0.027184992956245047 0.005869602561772269 0.2593802216944252
0.02722783496662841 0.005765509922399659 0.25942681132390144
0.02728252497702486 0.005652803977479637 0.25946905962141187
0.018958204862291717 0.023572850654363986 0.2695729942815497
0.019015516579251407 0.02350584790107671 0.26964710868063024
0.019162129876218376 0.02334286233670929 0.26959905884441515
0.01921886164609625 0.023279604392955677 0.2695796652130227
0.01933915878302421 0.02310310170657978 0.26949278428445356
0.019061923449004425 0.023436776814651894 0.26974121135891205
0.019139172787440456 0.02336325633407288 0.2696947500250243
0.01920883151388965 0.023285916185782102 0.26966822337819807
0.02749666466933947 0.0019674406964873548 0.2615449487817212
0.027595871442214343 0.001875817891023257 0.26153974592340656
0.02768525342914817 0.0017989125955065188 0.26150879981972236
0.027845282406215262 0.001661479034237523 0.261567396462423
0.027912092071074167 0.0015980310315716895 0.2615576753545048
0.02796388983351214 0.0015306513205866623 0.26154671826301157
0.028030816113290467 0.001463867205221403 0.2616096167368398
0.028094483639634668 0.001399319618918704 0.2615912778112524
0.028179838530208612 0.0013136129974112287 0.2615763288653068
0.028312081597227895 0.0011912849022065464 0.2616334147142444
0.028408089514941032 0.0011061370259534686 0.2616013902766071
0.02845602073621959 0.0010645052204891203 0.26168101131779925
0.028570985554554035 0.0009691494992748462 0.2616712490907459
0.02861587354352433 0.0009282120447816067 0.2616270062860675
0.02869406277069681 0.0008606729739110697 0.26173221761796717
0.02876147225374804 0.0007871393863657095 0.26171010424650376
0.02875743093815198 0.0008021402925100785 0.26177674319669886
0.028817272075137706 0.0007385288025334447 0.2617869052372029
0.02893656259220133 0.0006149415476530695 0.2618342044387801
0.028980229939109613 0.0005572057361898364 0.2619499878701883
0.029020771742527283 0.0004932036020711683 0.2618961576453708
0.02905682866409813 0.0004362200443617237 0.26195631001404907
0.029093485832623063 0.0003682472696396877 0.261939233805678
0.029075844514243034 0.00039282793773243174 0.2620466963444621
0.029116548238561628 0.00032103880628403525 0.2620344147797218
0.02915657348123224 0.00024482697445582513 0.2619920594077066
0.029136681467791734 0.00028300380556234295 0.2620978339526971
0.02918380958743943 0.00019288752050566904 0.2620548246547947
0.029202139328175822 0.00014752926709543646 0.26215936143469587
0.02923430603982958 7.704885312781462e-05 0.26210036088801764
0.029252930857563003 2.7560433013940067e-05 0.2622022827008892
0.02927788537632 -3.960926877877302e-05 0.26215441497319425
0.029297376423311018 -7.726240811306573e-05 0.2622391281261604
0.02933525046754372 -0.00019803955987701682 0.26225013707185196
0.026538943042254577 0.0072088506272000585 0.2591988925109465
0.02644021568911225 0.007370503562954378 0.25927333913077255
0.02633563107671555 0.007516796987222407 0.25928718747239754
0.026390906125208363 0.0074495158884703705 0.25931500921865536
0.026191656416327057 0.007651272873270498 0.2593153789416321
0.028953873323676445 0.0005978471656992168 0.26191427808539003
0.029006708275250384 0.000515179218589068 0.26194249101527645
0.029048558358981368 0.0004479896928929472 0.262002931983406
0.027743388933774572 0.0017477654400142595 0.26150153044651103
0.02759888091664605 0.0018722940958513234 0.2615125898977174
0.02767679467424103 0.0018064574970425018 0.26155466568095087
0.027721553324748592 0.001764215731917207 0.2615806836686487
0.024341360380957883 0.012147248518890041 0.2598106067879749
0.027521781686183952 0.0019492750210758913 0.2615516526986119
0.0243277255542092 0.01216541534085075 0.2599123473338717
0.02733612013992618 0.002071186239893441 0.2615609643616
0.024211235672819693 0.012323130995349874 0.25996526841057827
0.024268560545412002 0.01225057855281353 0.2599832078465865
0.027109026365951423 0.002168770634725259 0.26153611354456713
0.024076724289412793 0.01245665413219793 0.25998054396491177
0.024198234448863445 0.012333564852395174 0.2600455714379359
0.02390878362711276 0.012560418362702663 0.2599575733899518
0.023990570555139194 0.012519832084200322 0.2600364034229426
0.02406741053618739 0.012460026629516952 0.2600498593511019
0.02269802674999359 0.016016182343931817 0.26165075778405883
0.022653454251408002 0.016105704824921685 0.26172854790854305
0.022681038568848816 0.016045532243336158 0.26172250297209504
0.022559462754205922 0.016266256453405736 0.2617554539384399
0.022600660620659817 0.016195174875390905 0.2617896780829371
0.022553816178717094 0.016275051408263602 0.261876328233285
0.022487351736812947 0.016358382112379888 0.2620304303569364
0.022422553367989442 0.01644372823658688 0.26210360052285564
0.022472565140465882 0.0163617511846203 0.2621196144968981
0.02240229276920873 0.01646549381384335 0.2621893183534613
0.022452120615803324 0.016389295458331177 0.26218860777553493
0.022397962598367897 0.016461133562958308 0.26226793908821183
0.02238774444706039 0.01647193929243082 0.262333217232291
0.022315735382628744 0.016559300008992334 0.262390307305347
0.022122277077420843 0.016766274181995555 0.26238152702882944
0.022196214583873303 0.016714827831332574 0.2624124748614362
0.022251753885410452 0.016647189831246245 0.26246033966613747
0.022086179847377874 0.01678052072961045 0.2624499870205347
0.02216575531302728 0.016732465096950006 0.26249967344560515
0.021605301966517027 0.01864208166244008 0.262870176760963
0.02156727035712519 0.01873596178928813 0.26293877616234573
0.021545387135823713 0.018817784259325454 0.2630320946327708
0.021499588248532417 0.018915630708233433 0.2631940800619271
0.02151913345087253 0.01884779246686588 0.26321947288125946
0.02144779632314789 0.0190999193506578 0.26326547869803685
0.021477435095607192 0.019023420026862137 0.26328315245049405
0.021504563517264638 0.018929225521543053 0.26328934112612506
0.02142137975621615 0.01917189506205194 0.26334620567841427
0.021455243610561392 0.019088083563746444 0.26338489331882664
0.021416704857219387 0.01918682344734554 0.26345075809604246
0.021356350698860743 0.019385849267463784 0.26359177733513806
0.02132172046364339 0.0194622058392743 0.2636617400312705
0.021258093341197187 0.019628209896831034 0.26383298164293056
0.02127830321128528 0.01956306035728403 0.2638364561138008
0.021216719112869403 0.019711415903523016 0.2639098738699802
0.02124492948054635 0.01965606222985089 0.26392184944372543
0.021157651188777757 0.019811558128365325 0.2639643868064919
0.021196256423649154 0.019746263782614487 0.26399193887453576
0.021153302934709295 0.01983251101653269 0.26407575100569436
0.02111401212588966 0.019898815068160824 0.2641222343067819
0.021070549470526084 0.019980408327735122 0.26420311632320576
0.021114018743205065 0.019900022706543563 0.2642388605974103
0.021022407397223497 0.0200769707864987 0.2642716930308816
0.02106891380550656 0.01999826884872921 0.2643123482640004
0.021020149046915987 0.020091437392919492 0.26437370851084696
0.020959654508740128 0.020154197090966774 0.26444385950550775
0.021006212256930584 0.02008590383810982 0.26449240139461033
0.020935348163527503 0.02017578213545801 0.2645212368958535
0.020980993627102193 0.0201125941128783 0.2645491714328555
0.01770918052399434 0.02406111252641341 0.2702728534391261
0.01776107467350832 0.024065161571761806 0.2701763931168273
0.020933952320037183 0.02017438764398083 0.26462394538048095
0.017921086295301647 0.024023497242168512 0.27018640080540207
0.017808202072192664 0.02406319662374909 0.27012017901385876
0.01798309392497227 0.024010886375833096 0.2701487370056349
0.017837695123482544 0.02406441830539985 0.2700521921039455
0.020884925032565282 0.020246923043395426 0.26468772682852754
0.018014834809202573 0.024016151874330954 0.2700594721777695
0.018081161328597953 0.024005996898527948 0.26997814582661966
0.01810497364879904 0.02400842304757214 0.2699072069084756
0.02081358217720858 0.020358344599420125 0.2648525284718525
0.018278510548567037 0.023949954574366106 0.2698869980450771
0.018138892958980107 0.02400582724459227 0.2698298521309649
0.020704345119265208 0.02049901978810334 0.2648809892424113
0.020753600609535697 0.020445867584683808 0.2648966496015981
0.018391289524221366 0.023906900650169816 0.26988699019245094
0.018275906969839606 0.023956264976078834 0.26982037079308496
0.018439963694324726 0.023894877333083597 0.2698134514189298
0.02062364848310841 0.020569162432756832 0.26493249171336175
0.020686574680814293 0.020518185547710566 0.26497052531210363
0.020753539046377598 0.020444194298560286 0.26499661666879293
0.018538749806868232 0.02385218056384908 0.26977442594948386
0.018657624624807925 0.02379579604938123 0.269718267676825
0.020618715929753506 0.020569953495799792 0.26501807034291763
0.01868991184705998 0.023778786105452643 0.2696489263897963
0.019124084426126953 0.02336974021322205 0.26975171509119694
0.019070607818455806 0.0234391733116609 0.2696855217563877
0.01900260959039804 0.02351197453164397 0.2696834316008959
0.018943514075743226 0.023583931596432323 0.2696175146321039
0.018861130679018553 0.02365792450123616 0.26958440366892256
0.01912889182859663 0.0233782222089452 0.2696554575095213
0.01903806010010768 0.02348987894104171 0.26959186406113833
0.018978545890031243 0.023553239092210826 0.2695402386832433
0.020433928582998584 0.02067396765759899 0.26514239584040095
0.020480930489279833 0.020645888418430042 0.26514373028171523
0.017283504369902405 0.024111705186787596 0.2702393508130533
0.017240119761759168 0.024126626273079405 0.2701616209329548
0.017195247555964244 0.024138360202963782 0.2700824585420323
0.017149389949227628 0.02414878797085873 0.2700026836759333
0.01710150182147259 0.024157454086826152 0.2699218324888414
0.017375756445759075 0.024110342064028706 0.2702192557565348
0.01733234962017567 0.024126093761383444 0.2701415480495604
0.017287199388936914 0.02413952329016078 0.2700625498117579
0.01724257374802428 0.024150796619506226 0.26998333591450113
0.01719692529222129 0.02416046004322242 0.26990364310852166
0.01750585124525468 0.02409025255318689 0.27027447320666004
0.017465287085714445 0.02410668353175946 0.2701976241188063
0.017423248487477533 0.02412220935436346 0.27012049876441013
0.017378228583013938 0.024136600038869055 0.2700417417621719
0.017633234118509117 0.024067281827428816 0.2703076782839765
0.01759076608184526 0.024083275064615384 0.2702485395358818
0.017550417406644203 0.024100473959770358 0.2701736363849804
0.017510371738872432 0.02411584073843251 0.27009758356645097
0.017467290157335266 0.024130466910352005 0.2700196819295796
0.017683360565593623 0.024073329274543642 0.2702166674220639
0.017635506200516723 0.0240900411983625 0.27014841315666344
0.017757427039352763 0.024060175251822913 0.27021837869385723
0.017728355750754668 0.024077592451643037 0.27012143662749966
0.017841127126870096 0.024046720369005903 0.27017774735154654
0.017790061977849048 0.024071286254513297 0.27008561630344274
0.017926246047986927 0.024031024692355102 0.2701260328168161
0.017877988489178598 0.024050862651434413 0.27008239946606893
0.017990298831348978 0.024017220552455393 0.2700960668183311
0.01795500745132697 0.024035532734204085 0.2700356700576916
0.0180251048896843 0.024018716167219928 0.27001752251211075
0.01799470327504797 0.024034986150432786 0.26994836337624456
0.018052787550588784 0.024025046620570756 0.2698986936673565
0.01814123516936557 0.024000883069807466 0.26987196726940943
0.02755411576146121 0.001914283019899654 0.26155052627522696
0.01895467206325059 0.020747566672386253 0.2654380127714205
0.019074428507857177 0.020772953569784924 0.2654207821731818
0.01918241844490809 0.02079366940242 0.2654283075086544
0.019288186755266376 0.02081574529623298 0.2654051993296628
0.019389256245588557 0.02082829371572778 0.2654154617218887
0.01949140886379523 0.020832600023335923 0.26539372382621534
0.019575149208424555 0.020835592285018634 0.2653626362104917
0.019681844973727547 0.02082891694483477 0.26534711373324615
0.01963104344568023 0.020833001022813324 0.26528531548363404
0.01977862289768831 0.020822165058619446 0.2653420106688351
0.026405984576676124 0.007417492377423729 0.25925831838657837
0.01986176302651388 0.02081958068575035 0.2653116842942456
0.019837304370064285 0.020826214012686084 0.26524228390376803
0.019949006430972027 0.020808551323737823 0.2652902906117168
0.019889080405090326 0.02081971129275506 0.265208958066487
0.02003200782925349 0.020793411501404957 0.2652682902171055
0.01998724567645288 0.02080629348077223 0.26518278963474357
0.02010657899486315 0.020778631368826572 0.26525710649945067
0.020072341195970178 0.020794093301830324 0.265140689487572
0.020182738236387276 0.020766460527474023 0.2652160026328292
0.020147448419577496 0.020779311938130762 0.2651459686020037
0.020253115016254597 0.020749298005732414 0.26518479694099295
0.02035206632907871 0.02071521923234035 0.26515000937863975
0.020309680913440833 0.020733012126819966 0.265088413618662
0.02039764153664972 0.020694428336294868 0.265116031880255
0.02046672505986044 0.020659713358203186 0.2650705716150018
0.026358850829925062 0.007493216598955799 0.25932652856097027
0.020538590426492837 0.020623518533165797 0.26501675360482585
0.020626167257877734 0.020557384415158697 0.26506033623485215
0.02058623575554286 0.020595133962351964 0.26497580744799243
0.02066627372453815 0.020530333869820394 0.26501947799787456
0.020653998066968354 0.0205465727761171 0.264935107888514
0.020727330997775212 0.020478135349876136 0.26495163480440254
0.02629256767116061 0.007563527885031618 0.2592943826994236
0.02619562048728192 0.007642809219467028 0.25925582828919436
0.02623865382083431 0.007611930524946575 0.25933084143489615
0.0260996186871262 0.007700401949784996 0.2592320619857085
0.02613531799895205 0.007683609771605204 0.2593236600969725
0.021265837930206824 0.01960430381370795 0.26385572638805516
0.021245518819350467 0.019653225861568924 0.2638135432117037
0.02127681059679734 0.019561714600886043 0.26374390885213567
0.02131015968516084 0.01948689235470219 0.2636890278537727
0.0213392709027055 0.01942491612138958 0.26363473337415044
0.021371387110593235 0.019342536854261044 0.263559108963817
0.026006767964420183 0.007745143578550218 0.2592151136657796
0.026048010388133987 0.007729995422934455 0.2592951306587727
0.021390700783860128 0.0192733478117936 0.26349176547617803
0.02591768739940227 0.00777810430275877 0.25923417799361287
0.025971266109219654 0.007758303797212096 0.25931132096759235
0.025844731721626428 0.007798801198305005 0.2592473354171835
0.025895843087014765 0.007777618270836784 0.2593410857425803
0.02580340083428847 0.007805534658438085 0.259294922171291
0.02580984209174289 0.007793959199747791 0.2593626623909431
0.02134528554238918 0.01696281287638593 0.2623470719479781
0.021382655720912816 0.016964196580146335 0.2623323987812779
0.021535876085628916 0.016929388198761247 0.26238850683971526
0.02148898712944511 0.016941314375775673 0.26232825068741683
0.021597981558048804 0.016927596953157653 0.2623771621610204
0.021577861325764336 0.016934424747568927 0.2623121482450001
0.02168583919486737 0.016922209951266698 0.26235628441537384
0.021668069720448865 0.016930218521694296 0.262264989232157
0.021800539976693012 0.016893371916716804 0.26238347716830346
0.021765505483364034 0.016912463115172416 0.26231710684572845
0.021756925823895337 0.016919051722366574 0.2622497916542882
0.021917169851441584 0.01684494797982894 0.2624336403724716
0.02188054578807505 0.016872077267055224 0.2623591141565666
0.02184888859806415 0.016891400130536444 0.26228830203777675
0.02203829317319858 0.016794759346473398 0.26246854227655225
0.021994501184618945 0.016820570864149703 0.2624075640395206
0.021953797327000257 0.016846789365795284 0.2623470938489601
0.021917387131664856 0.016870495953347886 0.26224182247591765
0.022100097352773115 0.01677771805434186 0.2624125563198344
0.022033097790297676 0.01681121447904979 0.2623450304406481
0.021996357320211282 0.01683257788079809 0.2622952559017394
0.025707084951555964 0.007813133631649871 0.25930550328841484
0.022190898584037055 0.016718877140260602 0.26246688267928386
0.022154961938777057 0.016744691883221446 0.2623721720131827
0.025463683728622205 0.007855784038994507 0.2590839850100997
0.02556278346755779 0.007819351681923048 0.2592828591662918
0.025591028503520054 0.007814243051269432 0.2593553215547174
0.02223252388310304 0.016673815572841783 0.26241730662539264
0.02231217648372602 0.016567458472369234 0.2624606230817697
0.025444205420191005 0.007857010088625493 0.25923561323538435
0.02547026160331936 0.007819994113104745 0.2592955227210859
0.025504469828328297 0.007815917709977083 0.259344668918083
0.02542981097299203 0.007834636628865854 0.2593029576211059
0.025418865915814215 0.007820002530573023 0.25939098187850423
0.022924746408382705 0.015528030610360288 0.26141052825129696
0.02290937465035771 0.015567621382235053 0.2613407025372828
0.022947706418444708 0.015471007941530057 0.2613359006178263
0.02299032939079087 0.0153780336015657 0.261272602757384
0.022973120027506323 0.015411903159528673 0.26120771440281454
0.023019116253338343 0.015303741824453654 0.26120290767794363
0.02299840434055834 0.015348289057861009 0.2611558511346713
0.023046314633231743 0.015226951648709075 0.2611621352492658
0.027065928469665046 0.0021797752781012036 0.2615521237619253
0.027125451207669224 0.00216515002196932 0.261513651168517
0.027267952441629786 0.0021077874048924805 0.26156705532455204
0.027402530671617242 0.002026599790359629 0.2615636329189784
0.02770664601720181 0.0017802781009089719 0.26152725035054025
0.02761594273187159 0.0018569674811914627 0.2614978750363768
0.019033464255657703 0.020763500844944882 0.265480774486313
0.01912521697325263 0.020781122451432932 0.2654777938154612
0.01912704447506229 0.02078220963861746 0.2654119696545386
0.019257913195438084 0.020809801621192642 0.265441972733127
0.019337627430206367 0.020822429125798875 0.26543882934280305
0.01942663191668513 0.020829656969466925 0.2653783247854329
0.01954474774586315 0.020834661759564693 0.2653903933302361
0.019533535297623028 0.02083375856499936 0.2653364041633224
0.019602144718961323 0.02083348243663974 0.2653951320617758
0.01960092139914829 0.020834646134642032 0.26533042492078196
0.01980350508040854 0.02082798833219443 0.26526709307765695
0.02134042491649843 0.019421023628148654 0.263591779895263
0.0213998066190402 0.016968360328712656 0.26230555517698745
0.021457630545096543 0.01694032620008057 0.26236219839023733
0.021453392793886444 0.01694678360492527 0.26226822228323476
0.021518581687213073 0.016935317640758507 0.2623524317527295
0.021533748986691997 0.016936678045543163 0.26229674773235256
0.021632972922332794 0.016931701772090413 0.2623019589796577
0.021707366592101776 0.016925243569798132 0.26229111211737144
0.02180297547015575 0.01690932766121081 0.2622404478213524
0.02185674470124635 0.01689328969626508 0.26223710259066896
0.023464514162516256 0.012655374700610622 0.25998277439426215
0.023496910384144407 0.012651639307059315 0.2598932299680859
0.02351352462934668 0.012655755958559778 0.25983197065828906
0.02356636147175631 0.012643083938130795 0.2599223061351651
0.023600812808004357 0.012648381956591126 0.25983936914202505
0.023658676725588926 0.012636760289670423 0.25994638036993944
0.023657690008519305 0.01264423887532451 0.2598525136556791
0.023736495931731674 0.012610234124933617 0.25997111614645185
0.023745921366752583 0.012620982669640013 0.2598948458340009
0.023816579818016048 0.012587478560458332 0.2599855201855728
0.023838279797493173 0.012587982435413314 0.2598958257381375
0.023896127616312567 0.012563322454323178 0.2599833769351052
0.023899160690459373 0.01256215969050628 0.2599194162429457
0.023966372946070263 0.012533141591378083 0.26005676894120344
0.023950454842153836 0.012540304946596192 0.25999517087297297
0.02402226881650056 0.012492568959488526 0.2600640949299008
0.024034374797134342 0.012487930661463531 0.2599920205376083
0.024110164939331644 0.01242677032167866 0.26001786343572597
0.02417544999666528 0.012361467710742258 0.26000704574217204
0.024238840524198862 0.012286597992476833 0.26000806912180385
0.024235981995906694 0.012295522305355688 0.2599588138981657
0.026978350381701925 0.002199967141344794 0.26154659698461147
0.027151549895643202 0.00215324891554608 0.26152018776181474
0.027211992255892423 0.0021306950436258965 0.26153624188430435
0.027023217134476883 0.0021894259671903504 0.2615380433980611
0.023998839125386813 0.012512597543577919 0.2600019877017088
0.02393719862840729 0.01254660908746269 0.2599457593297362
0.02390392005586723 0.0125565853636867 0.26001695046628
0.023853774605819972 0.01258068066796214 0.25995220858222157
0.023774300821900393 0.012593973166503902 0.26000391530665873
0.023792106565950863 0.012606503155155935 0.25987445456294395
0.023741413327210324 0.012616073215362844 0.2599349840631371
0.023652280883353437 0.01262871496691681 0.25998993015735444
0.02369247554565808 0.012637314265655675 0.2598753297001851
0.023617693694838432 0.012640931592367288 0.2599378128718032
0.02353474418424925 0.012633778082697722 0.25998830907059495
0.023405958986111947 0.014004145185302186 0.2605470416492406
0.02338806722943932 0.014062283775614859 0.26058857547472813
0.023362093509114598 0.014144050323057433 0.2606236328501548
0.023335227985396806 0.014230991933634085 0.2606776330555778
0.023321279583979414 0.014281215865103003 0.2607374013189431
0.021390620219252657 0.019292174255394035 0.2635750535919612
0.021362812126804798 0.019374244872774254 0.26364562608417474
0.021332332778259563 0.0194344641280155 0.26367969648790657
0.0213040416593617 0.019496378940410536 0.2637156145487895
0.021279205762584977 0.01955493754507015 0.26377413968400176
0.02126312105569174 0.01960949001074877 0.26381853385583265
0.021241963550285084 0.019667099252646952 0.26386740656921015
0.021364998101904828 0.01934509247376312 0.2635197968107732
0.02133434275202202 0.019422309532296816 0.2635613188590724
0.021736601076420226 0.018119717795458595 0.2624934430617659
0.021718234679905815 0.018217919875356647 0.2625744109806151
0.02169272125069105 0.01828537509514977 0.26260474072100903
0.021674443499468315 0.01837065341125596 0.26263257632792414
0.02169735307186585 0.018271786611417346 0.26245080445776203
0.018997875393170355 0.020618973604009383 0.2667594320012069
0.0190310351887137 0.020715546640575233 0.2667308655809206
0.023544899899768407 0.01311351527464849 0.26032864068138284
0.023489940067189435 0.012992185325305994 0.26028230221361087
0.023519794893889924 0.013098488354804205 0.26024971436093247
0.023455125402779983 0.012952053074623548 0.2602185132177165
0.02348484208823444 0.013043344021576808 0.2601942838035682
0.02341777770078938 0.012907492623438377 0.2601598085173408
0.025553490344310044 0.008912878966143678 0.2589867516219345
0.025602036792242114 0.00864812812227611 0.25897118131478974
0.02558789106432651 0.008735856151583565 0.25895527225587434
0.02556926594206957 0.00882801071309175 0.2589382696527166
0.025607708904183776 0.008541139114346064 0.2589055105242641
0.025597020395957355 0.00864051653815523 0.2588975793497651
0.02558180816112525 0.008716786802581256 0.25886303742776007
0.025476455015546115 0.008059791460195809 0.25898266975742235
0.025589716391942026 0.008443881728362801 0.25883470918829554
0.025455250597876747 0.008070148382707976 0.2589428791400939
0.02552798662399315 0.008195428413519723 0.2588660982929729
0.025568266754202942 0.008330408512333076 0.2588339538839005
0.02549804201927472 0.008176252888938806 0.2588008125172993
0.023415347663314483 0.012864982477342746 0.2601695594402097
0.021574957402236625 0.01750361050887636 0.262157812394489
0.02129314276087349 0.017134045406448528 0.2621643997673262
0.0216962806064753 0.01767173714944642 0.2622118527446349
0.0213195847705622 0.017205305299051676 0.2621288260083202
0.021311729759106085 0.017151343087099785 0.2621748408132887
0.021310585933141432 0.01713833227419556 0.26220284824461915
0.023508976993423386 0.01305509950955952 0.26025278604415614
0.021720704218855427 0.01769207808822626 0.2623395488395942
0.02140630036264657 0.017275922509587566 0.2621368385089032
0.021455496318100245 0.01736411030088711 0.26208563025924836
0.02175012763002951 0.017748789406312276 0.26236524502366554
0.02151394405472412 0.017428985313644674 0.2621093145980241
0.0234607547570373 0.012974491055783022 0.26020563431356547
0.02345613789640237 0.013014188766968249 0.26015179738456196
0.02157140925483303 0.018727406191570622 0.2629701668595897
0.021602836993173474 0.01864928611761152 0.26290481033040225
0.021618670170849563 0.018587302910397313 0.26283908257440736
0.021645901774873286 0.018519226216258955 0.2627912305811627
0.021672541304067955 0.018433713432025267 0.26271555458551754
0.025605887301030618 0.008574346708406455 0.2589099453363991
0.02560729540475254 0.008501137843298145 0.2589133358250742
0.02555980100842435 0.008284453798991342 0.25884205405489213
0.025525954382980484 0.008213994031146588 0.2588238508144849
0.025511685004641696 0.008144755183327135 0.2589478263043789
0.02546991344632335 0.008110061675443814 0.2588674837407753
0.025453909098024072 0.00803422489400979 0.25897096911228856
0.02546187822918837 0.008062574510095177 0.2589654330833598
0.023860795889384293 0.01256984625672658 0.26001502682885647
0.021494184195865754 0.018953274618117133 0.2632406674428735
0.021536474606916822 0.018817195607512993 0.26306996602722
0.021366682123063127 0.01693779767164194 0.26238141456242553
0.021364601179621204 0.016974021170098913 0.26228464101886156
0.02149027070779448 0.01693718687918852 0.26235639115824705
0.023498466258876596 0.012645658339346832 0.25994359389048116
0.023542553311731496 0.012649855034028101 0.25987576765349046
0.02360936280014589 0.012632306425125361 0.2599769624373649
0.023632549463613893 0.01264447714909367 0.25989779498878085
0.023688057565534208 0.012620036399615453 0.2599952465171739
0.02370878744356498 0.012627658253183849 0.2599354835779472
0.023785320393397646 0.012602042360565335 0.2599409320672119
0.025449662206400964 0.00782510043401119 0.2592904114655259
0.025464858178949987 0.007858066010559772 0.2591956004251292
0.025537376176751156 0.007816488870402927 0.2593356617371011
0.0256548088176951 0.007813265419862603 0.2593534709708732
0.025757657872538378 0.007809445366267653 0.2593217172811919
0.025772170305529044 0.007808711282710379 0.2592578411689901
0.025858614159512655 0.007794676413264423 0.2592933336407003
0.025870084184129408 0.007791401471383963 0.2592034562537169
0.021691685888427556 0.018287303885693246 0.26254313109601407
0.021668990930213322 0.018361265513842068 0.2625749457173889
0.0216526135713008 0.0184391607438453 0.2626023391154585
0.023408212075929496 0.012878918005030826 0.26014679142842284
0.021413921144032552 0.019201740491932517 0.2634868824939154
0.02138424302975743 0.019278419460731222 0.26345637837981506
0.021466415913636003 0.01904813587118015 0.26338536755783315
0.021439105675205558 0.019131525527145532 0.2633923790023949
0.021419224953513893 0.019180756061589588 0.2633810037317005
0.021492466072160057 0.018978537315165245 0.26329332813398926
0.02147244507160022 0.019040830659090707 0.26332057481340465
0.021441671408039792 0.01911911148408027 0.2632959895867426
0.025483654553862846 0.007828810131607855 0.25924993936454543
0.02550313613368546 0.007818708660931872 0.25930769956656896
0.025437950676214544 0.00783883172705846 0.25926938311913483
0.02545970288232488 0.007818500767743042 0.25934262034343136
0.021414429120760706 0.01694822639042398 0.2623587117116038
0.021404425899308244 0.016960780467750236 0.2622684537274525
0.02149171480830034 0.016930818372827672 0.2623886435395616
0.021484507727923985 0.01694287504681094 0.2622923228922169
0.027081106090050024 0.002272145886861532 0.2611450615183106
0.02129281321229859 0.017130887987712506 0.26217204258779125
0.02127801292966762 0.017144394491500514 0.26214500643996164
0.02549953615978602 0.00820516268070215 0.25876546806675427
0.02547584467016134 0.008120459807041625 0.25885258162203134
0.025460717712639747 0.008091923962482372 0.2589056867190695
0.02555045128185305 0.008277493005998005 0.25882156008568297
0.02552930372196742 0.008183425148955925 0.2588996797981914
0.025486582846426013 0.008102815935034424 0.2589589342522344
0.021593619470396258 0.0175511729818556 0.26213142942505596
0.02154380282622126 0.017451698439845953 0.26215599325120564
0.02153435836588681 0.017476664081558763 0.2620910330803095
0.02149904870970945 0.017392888106648213 0.26212843698396177
0.02149479606885614 0.017424108297246665 0.26207696392649704
0.021446066111574832 0.017319496370391263 0.2621195997251053
0.021385229910217615 0.017280518441837006 0.26209616928784846
0.026941391784934328 0.002206817653212123 0.2615618525544837
0.021599743346659595 0.018638114352012625 0.2627767976610892
0.02162755568243742 0.018568177842825523 0.26278543230997004
0.021619753720787088 0.018568298809498895 0.26268658219483876
0.0216557490349491 0.018497676218180686 0.26276690598554786
0.021656461471963373 0.018495086497955532 0.2627118969937133
0.021644332234634578 0.01847469449228481 0.26261958455789586
0.021675692358206877 0.018410526425029272 0.2626862394961542
0.021423187223030007 0.016934406078757347 0.2623940060784359
0.021437631498985338 0.016954056527618416 0.26231651743183726
0.021554833640411053 0.016934396456454004 0.2623459812171853
0.021767904639808447 0.017962957751324116 0.26233644723003097
0.021778048719793774 0.01788949229674655 0.26236164416684804
0.021773840398733146 0.01778693808267065 0.26238828753204707
0.0217291636213926 0.017718921966685952 0.2623437441820068
0.023513463669234985 0.013101590437783472 0.26023112482689964
0.02346501312380444 0.012996509871368578 0.26019136199866266
0.023459995314628668 0.012941798883794209 0.26025529384072676
0.021692704185873213 0.01768435269617008 0.2621538919639591
0.021759744434559414 0.0179972084939016 0.2623423352333583
0.02179162231837331 0.017919839570173346 0.2623902504007344
0.025561478344205205 0.00829797373965363 0.25883604469975474
0.025486064149734575 0.008145375377922426 0.2588296259873214
0.025498502245909924 0.00809475430468437 0.25898981388358
0.021705124195181863 0.017683866004782695 0.26228237147127553
0.021711410401206874 0.01771097552326678 0.2621814654128778
0.02160605251930091 0.01755395652836164 0.2621623896990176
0.02166420950508316 0.017660215404825763 0.2621154590557523
0.02152403725441411 0.01742883189779229 0.2621375187410459
0.021427618910746987 0.01731851118713268 0.2620960015409471
0.025516859108370378 0.008133326951656583 0.2589864934308753
0.025516574458342836 0.008158624621808663 0.25891761053997164
0.025470441347992936 0.00795223627442282 0.2590171357568405
0.025473815033435265 0.007984127211214276 0.25912809394805275
0.02546377977487263 0.00788150858958353 0.2589665652729508
0.025444481589314755 0.007975682975197351 0.2589658191976012
0.02544624616112639 0.007916818170264628 0.25920181041084134
0.025466469982980224 0.007911521535261146 0.2590701900401259
0.02549106216763354 0.008029219376132823 0.2590629536523449
0.025492567056361215 0.008059155334378398 0.2590102365288096
0.025467670557446184 0.007880707520541208 0.2591348960871215
0.02137275880291417 0.019308786942971612 0.26347259996285105
0.021364352078710652 0.019334482187754964 0.26349140062995857
0.02341527831163453 0.01274765926356114 0.2601072415864414
0.023438492168396427 0.01268388628656364 0.26004760599757776
0.023400653203825943 0.012832378697200386 0.2601208737977597
0.021314985360045557 0.017032665473323827 0.262311117056086
0.021311975319882062 0.016983818090485825 0.2623512783427698
0.02133725407780493 0.016983546012023676 0.26231017996967315
0.02162084100220385 0.017598204174733595 0.26211988678660014
