0.02400299277422613 0.055459885087607096 0.25725859863379663
0.024067960085012607 0.05534102500881106 0.2573327576649242
0.02410953892785675 0.055272371479823466 0.2573942171872563
0.024147676115864575 0.05517653044009083 0.2574465759419572
0.024191871091672312 0.05507820847590148 0.2575294413700397
0.024231427119484894 0.0550085490466456 0.2576129318202687
0.024260299818895992 0.05491384439187736 0.25767019575389133
0.02428363756491228 0.054882008202219675 0.2577516736480649
0.024111922590146495 0.055143077875996795 0.2572949033012
0.024291947586991824 0.054731641117428766 0.2577258578923229
0.024310212690104915 0.05467341699208416 0.25777166569336285
0.024325178321745217 0.05463780194980041 0.2578317091345762
0.02433613120351466 0.054465694692610804 0.257888477715707
0.024335357417597653 0.05434261488760917 0.2578628135976408
0.024332081789381177 0.05419358678341294 0.2578964754026943
0.02432481462124214 0.05402979965649097 0.25791856027131244
0.024059856257222567 0.05317256298873894 0.2581092542567903
0.023881238514876918 0.05278570444474671 0.2583101591598155
0.02467774226485739 0.04929720792566349 0.25844314519596795
0.02468067685321465 0.04915553325303835 0.25839498347228895
0.02470776760180815 0.04910754600235668 0.25845179253593786
0.02473533224069699 0.049045976626501654 0.25852982771095373
0.024719511916974524 0.0489666377013652 0.258448122852986
0.024742538361406052 0.04889677414734026 0.2585018518868118
0.024824139843642068 0.048388565210891334 0.2586106456748252
0.024838279986600514 0.0482974420810716 0.25867483936742014
0.024839301218843618 0.048144967593675016 0.25872951625355906
0.024858193452505395 0.047887564725273245 0.25890796736548005
0.0248504049193235 0.04780161222240715 0.2588728590345324
0.024860783924437496 0.0477337458496813 0.25894966310347334
0.02484908863037527 0.04762476580784258 0.2589212162639719
0.02485927250196751 0.04758417906801204 0.25898538342854477
0.024852768854334156 0.047433643827511564 0.2590224866040818
0.024847996592928412 0.04729636247815982 0.2590779054387975
0.024844055260695053 0.04714044907180088 0.25912106250331507
0.024848647826175935 0.0471220025479984 0.25917099626245566
0.024846405413929462 0.04697152723127298 0.2592218142833114
0.024850793430913704 0.04691489280299705 0.25928645385123084
0.0248497295480814 0.04676132873459193 0.25933356478677855
0.024857334570650702 0.04660647871518062 0.25938502343542047
0.02613119481706483 0.037623727751813364 0.2776180647549077
0.026135281688235396 0.03760618187984178 0.27771576521478786
0.026133628720909685 0.03757432070812467 0.2777862600254893
0.02613450605398171 0.037568467102487506 0.27784488991366696
0.026097507955831323 0.03742371993708574 0.27797888089635386
0.026091108145352204 0.03743265946093847 0.27805064842897914
0.026071552766209705 0.03740070627495872 0.27813954003517644
0.026052639959459 0.03730981904269782 0.27813156662607075
0.02604118786994139 0.037314768283974 0.27818948881574335
0.026023360416533886 0.037202709916455044 0.278156545574039
0.02599169809342769 0.03709999679683366 0.278129131999789
0.025983669059981396 0.03710610147552635 0.2781963687614598
0.025949816372970336 0.03701822001312475 0.2781754421934591
0.02592554615563225 0.03699227543754805 0.2782586589691026
0.025870267558825766 0.036914769716591946 0.2783107807999816
0.02583025036599515 0.036892890769581556 0.2783873366577305
0.025811180575852855 0.03690807712042849 0.2784647421126538
0.025806244474693235 0.036940504921357246 0.27853940843727387
0.025750553220904776 0.0369182032713151 0.2786403405300733
0.025714221642204826 0.036919525621331196 0.2787121958915963
0.025674447230412734 0.036853858391280477 0.27870184529431596
0.025636991872158343 0.036871626951680316 0.27878991666593783
0.025654192036593443 0.03679677349095204 0.27865685354309605
0.025625575564946462 0.03681335865864537 0.2787343953199848
0.025557925145581306 0.03680511788109183 0.27884267963854026
0.02553010820497925 0.03673453030512381 0.2787997739928221
0.025503532234662035 0.03676988999476808 0.2788868674124929
0.025447181741102914 0.03667382583353699 0.27885607085257763
0.024761066511500757 0.04445136712572275 0.26063437820275903
0.024782422798445725 0.04439081549437238 0.26071410058323485
0.024797873107797797 0.04432566428333377 0.26076166440815607
0.024820573166075582 0.04428255365299224 0.2608414322024451
0.024902768556053112 0.0437204889023115 0.2612056204029797
0.02504825842049596 0.04288504347421394 0.2621755135279761
0.025055876263660792 0.04283651296062544 0.2622479231531399
0.025067145855060036 0.04278779153096319 0.2623138183031993
0.025089342113381596 0.042627327637031094 0.262610442597991
0.02509404696688819 0.0425956948624396 0.26266852418392944
0.025101170434129627 0.04255377326633306 0.26277086504866265
0.025108065538196916 0.04252348728910064 0.26284473940634495
0.025110702034520177 0.042319381630219886 0.2630628306338164
0.025924743223580238 0.03764373369016973 0.2720735213621135
0.025922115755254965 0.03763046070331843 0.27212311186150845
0.025921250332373913 0.03760578775753717 0.2722312442197076
0.025920905947633993 0.037614261622567015 0.2722961426635303
0.025901394406964207 0.037581691528681065 0.2723950374493633
0.025887675223486478 0.037575354365634826 0.27243996238307755
0.025955135305773036 0.037714475051589404 0.2715086697706096
0.025954707009195638 0.037698837327063646 0.2715967883761007
0.025948606588919287 0.037656294585208396 0.2716565713652187
0.025937778625153146 0.03764736353630172 0.27174672103557923
0.025929137648467465 0.03764883741096748 0.2718302385152789
0.025923784508131403 0.037630309201674685 0.2719023270112332
0.025884150755508928 0.037493028827132686 0.27234607418927337
0.02586310749057677 0.037482877696476895 0.27242276927221487
0.02583319823732677 0.037480384940721194 0.27252007562986313
0.025802103553488998 0.03746741862788958 0.272587060093499
0.025448002740153575 0.039741419820196654 0.2677406565085836
0.025438361929077002 0.039718212305967594 0.26782057106260904
0.025943877410209704 0.037749124149625675 0.271187828699528
0.02594308094200848 0.03772271854861959 0.2712352236388561
0.02594339275689464 0.037683763437988994 0.27133723700380025
0.02594659429488566 0.03764426976408795 0.27142001515234376
0.02595276592326834 0.03763949460120789 0.27147414545183096
0.02595203525955969 0.03759032093491949 0.27155255790029614
0.025938587895398102 0.03758935040359166 0.27164360773811064
0.025805474326183908 0.03739234674971737 0.27247573614998666
0.025772808954595217 0.03738457190096788 0.27254759170597154
0.02574542092333032 0.037396497690103954 0.2726399964309422
0.02572138432343976 0.03740244430567779 0.27271094765523696
0.025435192556666764 0.04017833195264537 0.2663120870743879
0.02544092002795878 0.04014199090039234 0.26639862500187483
0.025449336287684338 0.04010761309264347 0.26645518380849786
0.025452961823962145 0.0400666586834393 0.2665365995775689
0.02545761499605048 0.04003598675295914 0.2665831860903181
0.025458235137159058 0.039707285875998206 0.2674837336534208
0.025451447894506096 0.0396818934063683 0.2675644379650978
0.025443122933549916 0.03963122815538426 0.2676208621502298
0.02539838888588483 0.03957452251985511 0.26803763352386134
0.025389923029880385 0.03959883164935347 0.26809453080503665
0.02589877681115274 0.03787096993670112 0.2706416071551555
0.02590508267036365 0.03782833204025066 0.27071923248366303
0.025914489487932235 0.03779055391800048 0.27078747948332216
0.02592965405242248 0.03776651022249929 0.2708702144528965
0.025934367495699273 0.03773991503959936 0.2709343694230781
0.025929124956352745 0.037705867302169356 0.27100893477466376
0.02593230216762482 0.03769320839193197 0.27109410755623237
0.025686928886136134 0.03732848990104142 0.2726731546337237
0.025651978027562472 0.037337056113870955 0.27276277131455223
0.025151416694749823 0.040986051926161775 0.2648980766619877
0.02518019563718016 0.040907612386149365 0.26503357901744784
0.025195967721311163 0.040845466746229374 0.26511243374844795
0.02520561540410937 0.040799686994744906 0.2651659045336549
0.025222641526388645 0.040775461963969924 0.2652383576249905
0.02523472140279795 0.04070959531098318 0.2652868862424266
0.025254258808969116 0.040681037888688855 0.26538652387232614
0.025270229307430364 0.04062706196578816 0.2654561817040891
0.025285605619087437 0.04057091640087301 0.2655044843539148
0.025309796177164445 0.04054044508943024 0.2656069574741898
0.025321301681478836 0.040449118702062116 0.2656421306349911
0.02534153904854264 0.04042028676651268 0.265735580688853
0.02535559532535231 0.040394619215207254 0.2658001792367642
0.02537310191892933 0.04033245902874353 0.26586153097186704
0.025391358389637103 0.04026832629927989 0.2659263763810248
0.025399658314254503 0.04024206311020765 0.26597988887350177
0.02541082641643197 0.04017696989124294 0.26607848491215735
0.02541802539928853 0.04012675318731244 0.26614276925466923
0.025424020867514413 0.04010713177880725 0.2662133153501602
0.025430175907654756 0.04009964028531208 0.26628655692309583
0.025438145964899822 0.04004783063919768 0.2663553147630634
0.02544592814452107 0.04001403662068529 0.26641503978707454
0.025453820825949935 0.03996265646606375 0.2665123134849118
0.0254598106956124 0.039929045294986816 0.2665606171477156
0.02546486133530429 0.039896942387662844 0.2666268510527798
0.025470965527458367 0.039865558630509675 0.2667162798290495
0.025472284438231296 0.03983282242638351 0.26676484555270086
0.02547100820337425 0.039800929205572856 0.26687629323321016
0.025474340046764354 0.03979376834715254 0.2669417029200028
0.02547734067862406 0.03977176207234085 0.267002928743618
0.025475582621615367 0.03971955099070113 0.2670621365918272
0.025472230461976608 0.039679821575474415 0.2671584246320581
0.025473114117756268 0.03967672845788545 0.26722645538007717
0.025469800763836398 0.03963558285482704 0.26731393965371975
0.025463559866239077 0.03961916555496001 0.26736219111444637
0.025458472953856698 0.03960865045549276 0.26746207938906164
0.025354914036282372 0.03949338871895967 0.2680848891870595
0.02585731080024134 0.037906401454277004 0.27031733803991115
0.025879738703321165 0.0378223520406672 0.27045741952382424
0.02589321766037528 0.03780329840311788 0.27054599115761785
0.02557932095351856 0.037274258508681025 0.27279303498540997
0.025115170591360064 0.0409735980426903 0.26472410247690403
0.02512986158445979 0.04094830282587778 0.26477635676694944
0.02514896402695105 0.0408818160718687 0.2648600389964382
0.025206707243901394 0.04074087895759385 0.2651617197335032
0.02537577983653183 0.04020429434218906 0.26583412782464444
0.025390941295062558 0.040184329669289524 0.2659048628415118
0.025465467020355514 0.0396986817493492 0.2669302475229983
0.02545830229411178 0.03956295301537396 0.2672588422580008
0.025310970950656875 0.03939879429986607 0.26804231222025754
0.025294828316771184 0.03941152798194277 0.2680992694876779
0.025761639046266743 0.038094220026010796 0.26973081519934716
0.025798206056623668 0.03800242836105803 0.2699526864777919
0.025809107815037785 0.037962915596684375 0.2699918946557021
0.025486889552476938 0.03724020457881099 0.27287732414581567
0.02525120733715666 0.039330087506993065 0.26807848126799866
0.02573119213095104 0.038136830091222394 0.26947642127058624
0.025743658414241227 0.03807944626724425 0.2695472366801139
0.025753213977508016 0.038034487616308656 0.2696302463212208
0.025766633002900996 0.03800129841445909 0.2696919940826223
0.025204101588831823 0.039251554702377574 0.26806354921944586
0.025634089665909188 0.03824973514857558 0.2690346699860302
0.02565079674987794 0.038205375589162933 0.2691048164844031
0.02567741373214283 0.0381852639352235 0.2691738117677993
0.025696592608059288 0.03815334677832819 0.2692290844212032
0.025711728389402277 0.03811978797282919 0.26931119229169453
0.025723389659762452 0.03808442039333491 0.2693866166743191
0.025617790486520436 0.03822233620138626 0.26892821637479897
0.02503397411134456 0.037403483027153565 0.27480937295337476
0.0249419843535586 0.037475158983094316 0.27466292807295056
0.0248814583620372 0.03754621562963271 0.27458043221103573
0.025124043979476374 0.03737998370363509 0.27499240137261316
0.024818077629124913 0.037633150838382624 0.27453758287877594
0.025555881420955245 0.03767977142137186 0.2761409910748703
0.02472090988781575 0.037708129465434705 0.27448429546155334
0.025319388490622513 0.03735605372496437 0.27542586261792334
0.023304786822597956 0.05655856531009706 0.2569870220850662
0.023387766701072454 0.056484792043104325 0.257042076747408
0.023526839150912277 0.05622231900385297 0.2570368662424708
0.023480908241097803 0.05633531163720238 0.25705935296149274
0.02344395397456503 0.0564431231922242 0.25708835612147246
0.023707664979910947 0.055870620665646985 0.25701872212027943
0.02366598611313933 0.056002933106032986 0.2570594863715755
0.023600306338551535 0.05615076097704471 0.25707739393596163
0.023572258110781202 0.05626222060111644 0.2571250465856333
0.023829234048008407 0.05564481890683346 0.25704050788394794
0.023788005861308553 0.05577182071316012 0.2570690327539949
0.023745187531493517 0.055899724719748696 0.257105729434096
0.02371171487227791 0.05599726792619792 0.2571254687542627
0.023654685283933108 0.05614703731705894 0.2571583800807983
0.023859454538877667 0.055671406394974206 0.25712476998281797
0.02381905700978562 0.05580381367080555 0.2571582710268343
0.02378347560058572 0.055914804791301946 0.25718398199512205
0.023923491013669362 0.05557788786578253 0.25718530845566034
0.02389248234188135 0.05569719751595357 0.2572167556105398
0.02397498487849481 0.05551711120723205 0.2572423039718066
0.023959288726283723 0.055601971694095524 0.25728015814561966
0.024091460278258092 0.05520516202510862 0.25728111148039046
0.02407275374872328 0.055280935964898865 0.2572965547508157
0.02404590975418655 0.05542259527720093 0.2573369979862873
0.02400906379557058 0.05551267823006412 0.2573171641783544
0.024371987970615516 0.04977479549362452 0.2580693008096496
0.024115557334154852 0.055204587434729536 0.2573589644112473
0.024096042645016746 0.05535716466077777 0.2574198737734117
0.02444290359449089 0.04968084700687855 0.25808409960448275
0.024416651903783254 0.049777274287509506 0.2581220169367348
0.024374237280887945 0.04987499736660953 0.2581470430925695
0.02361073411973158 0.05214972684617001 0.2586815041047329
0.023646548358624397 0.05222053120855737 0.25863440382384795
0.02370516372689166 0.05233556390178536 0.25855981263809774
0.023734682160950954 0.052386940696987815 0.25851571674979273
0.02376373672493287 0.05243870166206994 0.2584742616450939
0.024170795128914152 0.05513417892042131 0.2574960329274829
0.024516814791935015 0.049610705963633185 0.2581531635628461
0.024493555846324594 0.04971035345467174 0.25818578827554695
0.024448891510957582 0.049822198453466006 0.2582155571181669
0.023915167706448748 0.05287148208558732 0.2582885865292133
0.024576491251363602 0.04950762270103199 0.2582468106560288
0.024186509433709147 0.05347018536041525 0.2580176985793934
0.024212902910232564 0.05354879234748073 0.25797982160510163
0.024251209261763107 0.054942910590105525 0.25765090068738267
0.025348463971511137 0.03739493949476396 0.27551812864210445
0.024619874512888523 0.04944302314635666 0.25834343137096727
0.024225550547692404 0.05358384738099344 0.25805206818074444
0.024244320063261493 0.05364311426326305 0.2580426923900395
0.02426923609326337 0.053707741712202835 0.2579903548118334
0.02429498730704499 0.05379371899531301 0.2579746740249347
0.02430895259699864 0.05387510621551438 0.2579560267043657
0.024315182460912577 0.05462038023359438 0.2577786442481572
0.02430332496697979 0.05472008924922552 0.2577609672082607
0.02429317329347791 0.05483359112802872 0.25777376827201537
0.02469683222466998 0.04907107952356266 0.2584088615395459
0.024676000204965243 0.04919285161347054 0.2583965443168687
0.024669403864776146 0.04928477481773435 0.2584063645568856
0.024655951440996 0.049378354645172255 0.25841388466267806
0.024338800004660238 0.0543053087920275 0.25792707380092994
0.024339224438728657 0.05439222992692467 0.2579012480954428
0.024336132816695027 0.05449044803183407 0.2578979025549468
0.024332250478240003 0.054578544349459725 0.25787562982792656
0.024785580961498688 0.048639172225799644 0.25852566537659927
0.02476803602396077 0.0487465780943026 0.25851028510423735
0.02474855159244302 0.04885181378491183 0.25850131722542335
0.02474083706370664 0.048933958835263004 0.2585075434481289
0.02472826266661446 0.04902727955022145 0.2584933347888884
0.024715253673924603 0.04912245492360582 0.2584894819574173
0.02483700099813449 0.04824315582817635 0.2586928572234275
0.024837370960077904 0.04833331686141049 0.2586603733656776
0.02483064358733575 0.04841820850379682 0.2586351041846671
0.024821878950540915 0.04851074880822589 0.2586300489994055
0.024810266242910217 0.04860933496332038 0.2585968276787639
0.024844248734828017 0.04802856508706079 0.2587857855901423
0.024850580795621746 0.04810536130477821 0.2588141238302147
0.024846932589205284 0.048185512370415885 0.25877635643465857
0.024848940671069908 0.04826950031923769 0.25875486290865807
0.024843128762564975 0.04722857172429922 0.2590872232506951
0.02484411912636128 0.047323614352663614 0.25904198371850107
0.024851503436354255 0.04738508630637956 0.25904749457798704
0.024855181190593545 0.047477043400898596 0.25901436723442667
0.02485651090196933 0.047532204316119035 0.2589948906484911
0.024861220143276408 0.04763259273271745 0.2589672532723644
0.024861058313921713 0.04770529540073925 0.2589509092436758
0.024863117161755682 0.04779596652952591 0.25895923117555164
0.02486038452393982 0.04799118581202761 0.25889768684575515
0.02484721033518128 0.046878840735672646 0.2592697343546293
0.024848132709187926 0.04694710543819917 0.2592586957444288
0.024856696688418556 0.046472790952146244 0.25945833103885363
0.024862280287014704 0.04656566086770792 0.2594241460493073
0.024861865281702422 0.046664657860482746 0.25941857112400374
0.02485960951940494 0.046458782795143365 0.2595615375592534
0.024865551058538382 0.046507361217522074 0.2595530581198897
0.024607289967971985 0.04492129176842891 0.26025660202744116
0.02484519224827275 0.046343394275930754 0.25970710550808496
0.024663771310699523 0.04477806075668981 0.26035233525782586
0.024646585755359024 0.04485570341283949 0.2603347527741088
0.0247005202655875 0.04472357811417003 0.260453085023973
0.024732850585400534 0.04458158143807444 0.2605408405725075
0.024725780834660482 0.04467602764169964 0.2605447357676577
0.024767661057367385 0.04442981603963895 0.2606591405462148
0.024758960665483276 0.044529501722463304 0.26065404611583437
0.02480000556351797 0.04431051712438743 0.26076454418392103
0.02479153988482291 0.04437344545463325 0.26074788108286784
0.024919466139069868 0.04362897431490597 0.26129155412228355
0.02494734323489972 0.04349988598772688 0.2614104585251213
0.024933919940331034 0.043597758033250424 0.2613823281790878
0.024969302245318126 0.043390675945209074 0.2615434196795037
0.024988871098356208 0.043255484219954586 0.2616665067410231
0.024987008494312013 0.043343261336224355 0.2616575896414087
0.025008284777906398 0.043220873998191515 0.26176556617518176
0.02501617847492338 0.04310453034335759 0.2618952508933535
0.02501269585096466 0.043161526571264965 0.2618861739591415
0.025028659224248212 0.043052128153786014 0.2619896333669617
0.025049346701891073 0.04286819765654085 0.26217954141458455
0.025040238816028293 0.04294658976755942 0.26214257531734453
0.02506331897077363 0.0427613281733896 0.26230058452208455
0.025060240778376708 0.04283421134003503 0.26227407284633025
0.02510164011750532 0.04246711796527012 0.26282766596498636
0.0251102062210522 0.04245032270571273 0.26295918662087897
0.025115059404122703 0.0425122843001075 0.26293021308754005
0.025112991975372062 0.042344600484613686 0.2630882012891875
0.02511455593383105 0.04239537787135062 0.2630747504070564
0.02509795697380013 0.0422533265696279 0.26327169716535614
0.02510904032180572 0.04230173133225202 0.263233116413001
0.024975693023887302 0.04140433155949703 0.2643567661260331
0.025049283846274056 0.04115643252024429 0.26449494118274747
0.025026799288101198 0.04123726569438697 0.26445122613383065
0.02501377861518539 0.04134534015738795 0.26445665154845643
0.02507372349671097 0.041097209997404203 0.264574227168741
0.02506072720964092 0.041187193305630344 0.2645470783462423
0.025103889584695144 0.04104128905809002 0.26468825271229135
0.025095810143138136 0.04111787263899947 0.26466852545553304
0.02513886983984867 0.040924451784958966 0.26481240512449783
0.02513163284514236 0.041021001304045686 0.26479382721364275
0.025158499953704394 0.04089329281243922 0.26491150243809175
0.02515131858837122 0.04095915081924167 0.26487988099707516
0.025178184879927012 0.040843078273574064 0.2650197114412577
0.025197306039958484 0.04078435060250838 0.26512240714706015
0.025227220560132407 0.040670144163091636 0.26526070538702906
0.02521695009376715 0.04075116656496757 0.2652064590155846
0.02525030647014151 0.040623607623754436 0.26536984939220376
0.025241869823098284 0.04069340994893795 0.2653257372738501
0.025270965980795035 0.040570297798843226 0.2654504911976615
0.025307488572032216 0.040446234394170645 0.2655804110289051
0.025297440841363567 0.040525778078467696 0.2655437366005271
0.02533619982751495 0.04036343474332451 0.26569667811852365
0.025327936187238498 0.04040106496671401 0.26566602178089116
0.0253255310223148 0.04048198971798166 0.2656695190246573
0.025365085606833343 0.04028083216974388 0.26580528575633533
0.02535244819657434 0.040380469686849614 0.265778858846812
0.02539389536032355 0.04022982070034765 0.2659287056578661
0.025382975447503564 0.04031729749618169 0.26590896455874247
0.025405924704378968 0.04013106806523158 0.2660417510206159
0.025404635453046887 0.04019927337314353 0.26602995097385146
0.025396684060971064 0.04028744189947712 0.26599374384018676
0.0254188530136501 0.04016935385462967 0.26613727960089195
0.025414467086559728 0.040244795972412324 0.2661118651029031
0.025428716931145845 0.040122428974007966 0.2662548834822491
0.025458980499709627 0.03983788964546763 0.266594597308626
0.025453521291957992 0.03988786978043269 0.266534988628389
0.02546789717023404 0.03980793705258307 0.26671003435539287
0.02546750317239399 0.03988253281515692 0.26667278737737143
0.025466496587286197 0.039951498087703145 0.2666488328189524
0.02546665171906215 0.03977006797034572 0.2668376365687823
0.02547175392324655 0.03987214739587764 0.26682368355851455
0.025469438401229005 0.039679346930166844 0.2669955662638094
0.025473779221169168 0.039758429194744864 0.26696077672355
0.025474546301918727 0.0398334164066381 0.2669391507174554
0.025470712194631845 0.03966662237333988 0.26711428832243345
0.025476300548194525 0.03972418590827282 0.26710944089523114
0.025458306147004256 0.039570462623162946 0.267307022435211
0.02547028450443134 0.039625739846657675 0.2672573991179492
0.025472344645212613 0.03971855605993719 0.2672401108192355
0.025453310289353354 0.039558932328970765 0.2674277183764111
0.025460206787082662 0.039602553384911594 0.26740523190052723
0.025469347867449255 0.03967837410317921 0.2673545833118883
0.02544642850407336 0.03960467860482637 0.2675347541455573
0.02545555939098204 0.03966415647065328 0.267496932129734
0.02550098840018794 0.03757817958378235 0.27595917435779993
0.0256083431256105 0.0383137024844808 0.26892060320953576
0.02563953099261207 0.038188416457559764 0.2690318372142746
0.02566407046546018 0.03815495682743603 0.26913265021107713
0.025651477337058165 0.03822546868773944 0.2691147824811262
0.025698169478588634 0.03810036657430691 0.2692435830577321
0.0256890953518763 0.03818017565432603 0.26920754570112926
0.02571630926328039 0.03807472953988066 0.26935411596132713
0.025714588418152023 0.0381506324953708 0.2693579605861334
0.025731278449879047 0.03810006439899762 0.26945136242535594
0.025714457106367217 0.038162750881827724 0.2693954307404819
0.025747693904627833 0.03807387058738509 0.26958214592117474
0.02576656973255853 0.038046371575393416 0.26968770630228156
0.02580021478916339 0.03796003648568689 0.2699329097617829
0.02577838274293992 0.03804617105031088 0.2698879553633916
0.025813826998674766 0.038006575006399514 0.27001875625001687
0.02583024623582056 0.03798161641681246 0.2701263641700663
0.025822750437796665 0.03803443350840146 0.27011262585692153
0.025844085492629426 0.03794332717736972 0.27023947881108984
0.02587121518645691 0.037920364854966394 0.2703907297825336
0.025530090123899923 0.03763039437751476 0.27604922114059904
0.025890883093304812 0.03780068618390476 0.2705276276310672
0.025902495680943827 0.037776451646217964 0.2706723464601512
0.025899465835317464 0.037842031904692465 0.2706383450317416
0.02612658128912959 0.03752735022695985 0.2779535999962209
0.02609992296192465 0.037442640280600174 0.2779979753889332
0.025917108302267622 0.03774000573014236 0.27079144981274655
0.025910237659847513 0.037819135448330286 0.270769711439481
0.025926489163658195 0.037700136336972535 0.27090933891965574
0.025929554843340696 0.03780161515411907 0.27089521491956275
0.025935709948900765 0.03776757446566007 0.27103354127679374
0.025936564232694276 0.037673702156266 0.2711999571805656
0.025940362364530983 0.03773147070448831 0.27114558983438397
0.025944053232810238 0.03772500345957317 0.2712947193969615
0.025937892367401405 0.03759456438368262 0.2714289791758166
0.025948549914554753 0.037689100855589096 0.27141561081510374
0.025866765825906468 0.03781644870191599 0.2767337636045486
0.025813638604752914 0.03778287337091175 0.2766347016455509
0.02594378034941039 0.03757327714690479 0.27158898152241884
0.02595899713215022 0.037672119226466426 0.2715389309846497
0.02592806571170647 0.037596843231090256 0.2717389773301536
0.02594179894849813 0.037649978926018755 0.2717147459634631
0.025930127465238678 0.0376585783810006 0.27187120940696524
0.02563705387344503 0.03775081015021251 0.2763390441189304
0.02592167180175406 0.037625372545396864 0.2720076214369952
0.02593118027831079 0.037679420938133666 0.2719475958573134
0.02563623665190795 0.037623593504831375 0.2762140534985346
0.024763959664070384 0.04448049006087148 0.26066026070682125
0.02474736661037852 0.044589158967562416 0.26061714295887706
0.02474569276167149 0.044543398471968636 0.2605922126525509
0.024775020800944486 0.044400250836157514 0.26068445732163315
0.024782710903711036 0.04445082378897456 0.26073842414535664
0.024730420537882297 0.04462936361568463 0.26054251011492535
0.024800625508203944 0.0443480381461329 0.26078072776188643
0.024711510148690607 0.04467659965064034 0.2604761846026222
0.02481985128104572 0.04422380536339971 0.260829154582482
0.024684196684929577 0.044804145294967394 0.26043706739016304
0.02468115548885691 0.04473121917999106 0.26038611410390095
0.026106389732161284 0.03747425269547119 0.27801135853911285
0.026135294834652656 0.037587042055099086 0.2779194683660546
0.026126002529974574 0.03750948760705831 0.27788442042085293
0.026140247627425534 0.0376146668693968 0.2778025428184665
0.026137370379376856 0.03767779529507569 0.2776391349921087
0.02612742092639775 0.03768627725193172 0.2775301300872039
0.02610881736914536 0.03772773026001439 0.27740078774735166
0.0260839372827818 0.03778061361222788 0.2773011076682927
0.02605443297550608 0.03781950741145617 0.27721072218918363
0.024659133073584083 0.044817435895398 0.2603564550646382
0.02602532164002791 0.03792306796350888 0.27718404055495316
0.026022975088593248 0.03785702116435077 0.27712739081517157
0.02598650353843096 0.037965261188848874 0.27710771501975145
0.02599116187919337 0.037890542429447456 0.2770545024286206
0.025982551138273052 0.0378247146647881 0.27699433740023405
0.025953921359073095 0.03798948830684965 0.2770466523008334
0.025952712365959973 0.03793524282870118 0.2769953430089255
0.025944068794714725 0.037867174868520224 0.27692519574901514
0.025897908658969904 0.03790907586401857 0.2768665849996233
0.025889119814988704 0.037835471115755796 0.2767909777238184
0.024634281244816925 0.044853827429951414 0.26029512976301017
0.025840210183258966 0.037864162377608944 0.27673261957856565
0.025845808348590127 0.037791289775851576 0.27668697414223253
0.02578787641805047 0.037853111401448654 0.27665443190917327
0.025777756221166237 0.03779007836132823 0.2765903731348469
0.02572420961921079 0.03780045080538192 0.2765189869574497
0.02573779862984918 0.03773754158752988 0.2764743179290394
0.025672007050066892 0.037776641515073726 0.2764186270124029
0.02567013190680445 0.03770716872600726 0.27634248163291686
0.02564451934270781 0.0376714703857935 0.2762728952515885
0.025604820766122666 0.0376713121547392 0.27620730104925284
0.02560721203309843 0.037619046876683306 0.2761646037161747
0.025559049250960697 0.03762905208040738 0.2760965252598526
0.02555154475771726 0.03757167706618247 0.2760421079811275
0.025506207719607765 0.03762145791112991 0.27600257695088826
0.025503002192865387 0.03752825489758942 0.2759238222369641
0.025494714823964787 0.03749303362577416 0.275879599260714
0.024843219389631188 0.04413086792688734 0.2609738689124416
0.025462353357880052 0.037567983242580615 0.2758795919518803
0.025449141547878334 0.03750962427815183 0.275806737664791
0.02542770647148057 0.03745635278182443 0.2757251735465842
0.025385879419280888 0.03749485229614543 0.2756669121004871
0.025373448611295008 0.037436390792011144 0.2755964272904414
0.02533540586010022 0.037360255439263905 0.2754687309567291
0.025305611045991105 0.03741459693790234 0.2754295134723893
0.025258923801975086 0.037435742216380845 0.2753513865126107
0.025244653582234378 0.037376457156976274 0.2752758542753875
0.025205123978553567 0.037408132794382244 0.27521097587121657
0.025155716736924016 0.0374029537987851 0.2750825612498561
0.02507191777396331 0.03740102414765017 0.27488938195398505
0.02427189832219001 0.0451476396991233 0.2599884389320868
0.02499602768246381 0.037473250962255074 0.2747581571885472
0.02495475551845497 0.03753869726003204 0.27470097646465086
0.024909317717331653 0.03756378649555126 0.274628221785144
0.024598369129903708 0.04498582460671032 0.2602761262388595
0.02486079786806325 0.03758910211265696 0.27456865794831714
0.024789740854278514 0.03767615183816885 0.27452538317760383
0.024548630673525806 0.04502129326218474 0.2601963742022963
0.024547946166930706 0.04495660695659636 0.26015916176593357
0.024857510388007625 0.044113565738822864 0.26105664208837187
0.02215182544223329 0.057155707752014916 0.25663372470671747
0.02216020811710362 0.057228647703590686 0.2566883123447516
0.022249884727810976 0.057104322561656574 0.2566242606259994
0.022257089868515628 0.05717872007189707 0.25667928545509905
0.02234488238506005 0.057053236939427966 0.25661836727222603
0.022352000391183263 0.05712800005994568 0.2566733035762452
0.022357984263671554 0.05720145466315422 0.25673146286387427
0.02244552117227397 0.05707550282376286 0.2566710158268396
0.02245169275157119 0.05714977527774099 0.25672752427035955
0.022533594308221327 0.05702488169543365 0.2566744948340366
0.022540626591547125 0.057099388899572674 0.25672971584564097
0.02254458298063544 0.05717399063701601 0.2567893263376354
0.02262388350217004 0.0570507933681478 0.2567380142647114
0.02262834702556138 0.057125374019289334 0.25679718422274955
0.022707869679030684 0.057076647781798655 0.2568101163055362
0.022785221437354564 0.05702888722004556 0.2568261099050445
0.02286080171300367 0.056980802420104885 0.256843970914184
0.02293507821489596 0.0569324888933135 0.2568635340273211
0.023004891029133556 0.05688509352840971 0.2568882632580788
0.023005748121120023 0.056957391188916635 0.25695054374762855
0.02306945623969109 0.05683850476362697 0.25691815316242256
0.023191858336729654 0.056749297612769777 0.2569884947346008
0.023249877634065663 0.05670572902280208 0.25702663407917903
0.02331381349051173 0.05660157585964052 0.2570291080565334
0.023352741870150823 0.056491154341639004 0.25700082737194274
0.02336411251973175 0.05654648405739079 0.25705515927309613
0.023407760629976015 0.05642986055415792 0.25703098068823677
0.023423530771334217 0.05649556281470084 0.2570999870872233
0.023468868603926746 0.05638988159026515 0.25708307510219547
0.023515242133245184 0.056275724270808354 0.2570605071782106
0.023521910328348244 0.056330885363296605 0.25710852782845156
0.023563616402997895 0.05617316634242451 0.2570453306387003
0.02357157214219935 0.05621331660299204 0.2570855093978912
0.023632293553321693 0.056112112930913526 0.2570943030938795
0.023621007529915167 0.056190123835835305 0.25714113605330924
0.023682766630612223 0.05607319633327385 0.2571396647185966
0.023729525955558828 0.05602055751330016 0.2571711479119275
0.023752638052105174 0.055957320982744745 0.25716230083350866
0.02418885802568982 0.05512636479636724 0.25754971797312265
0.024214828884378398 0.05507509933743191 0.25759848563781074
0.024242059693343865 0.054969607016863965 0.25762988553342003
0.02426866388731741 0.05486004917668807 0.25768422247774897
0.024274970621709385 0.05490897445721286 0.25772899793226234
0.024284362102092533 0.05474191023881914 0.25770064531282943
0.02428403012255953 0.054807545352625005 0.25772472209470076
0.024311011053817527 0.05470869588077796 0.2577850151213623
0.02430874333735708 0.054787726681199196 0.25781544908835363
0.0243177891899847 0.05457744565704307 0.25778591835978015
0.024506797848628498 0.04506593442758846 0.2601555174707517
0.024490001663600602 0.04501549866560426 0.26010636298996326
0.02433319516459659 0.0542048200214672 0.2578730015329995
0.024322768091268432 0.05402844972603706 0.25788522254489277
0.024326467414435504 0.05409809580832587 0.25791694558273476
0.023232820621320316 0.05058558218224663 0.25801016182121533
0.023240935842384236 0.050659812702350364 0.25806680367475326
0.02324300491635581 0.050733188775499975 0.2581324636947201
0.02323468385791347 0.050807659848122765 0.25821409187752975
0.02321823721789834 0.05088774695187096 0.2583168880483993
0.02333560828858708 0.050534174611688736 0.2579938907657119
0.023345743646034728 0.050608603712153484 0.2580473784767623
0.023349254944573017 0.05068331691305051 0.2581100709762682
0.023342987895181133 0.05075734929960928 0.25818790968663996
0.02332753453130798 0.0508384492552803 0.2582889533640036
0.02328988722569525 0.050895910313810654 0.258354726088842
0.023446167867338635 0.05055775071681994 0.2580340048631481
0.023452808195622704 0.050631346168575626 0.25809280346875363
0.023449007335502786 0.05070584574795934 0.2581659386547724
0.023432902941384115 0.05078032487570621 0.25825630721634185
0.02342593714288327 0.05084497460623263 0.25834737257086327
0.023542811461822077 0.05050753225081398 0.25802628968866287
0.023551657567057988 0.0505799699921668 0.25808222503482126
0.023551008997868023 0.05065459356172513 0.25815027870646634
0.023535906448451605 0.050731177483719476 0.2582378778730896
0.023516655405381726 0.050801123129611804 0.25833123535464
0.02363442930535689 0.05045800554512205 0.25802487364864757
0.023644081405015116 0.05053106163055638 0.2580790427491866
0.023645351794736008 0.05060477653299964 0.2581443906823424
0.023634551609467813 0.05068255422886538 0.25822756817884224
0.023615886333175073 0.050765221407634904 0.2583351745332792
0.023731171681926427 0.0504825805535269 0.258082711146325
0.02373254710026923 0.050556265079044156 0.25814753654122297
0.023724776242324996 0.050632840169551836 0.25822566751255027
0.023717482847233712 0.05071555238762989 0.25833255297212576
0.023804480132988415 0.05036440619396248 0.2580359022471237
0.023812877106354297 0.05043635309524353 0.25809256144173814
0.02381403428917117 0.05050968553887756 0.2581575810313907
0.02380740715891122 0.050584021566888925 0.2582319110178296
0.023884315004860934 0.05031837458710898 0.2580484906943506
0.02389188302273801 0.050391042484141425 0.2581059941033477
0.02389239005682836 0.050464528800727916 0.25817149048409493
0.023961191485858513 0.050272653470780394 0.2580655411163717
0.02396762924926593 0.05034584521026402 0.25812379466796875
0.024035418076664955 0.05022683631748039 0.25808505394755366
0.02404091570394562 0.05029974807273526 0.2581441383739276
0.024106723920521017 0.05018076151381907 0.25810799516808675
0.02411081772279211 0.050253628497861295 0.25816872831241133
0.02417525378385385 0.050134120817452436 0.25813495319052937
0.024177357315491227 0.05020686243106919 0.2581947847223758
0.02424691234986684 0.05008924941180697 0.25817434218356505
0.024235688810280598 0.05016023315663636 0.2582198857180035
0.024312345613360736 0.049957997645638026 0.2581455391072349
0.024298980000592885 0.05002652641942235 0.2581865798048284
0.02435980631889237 0.04982936600508057 0.25809628618977887
0.0243617409973792 0.049925485818910244 0.2581776373090613
0.024354585631193137 0.04998124295331865 0.2582243750379033
0.024409815335298485 0.049724422537347164 0.25807779058332275
0.024414935275036576 0.049824670547947016 0.2581606798515536
0.02441315866455493 0.0498775472857285 0.25821321279414
0.024865028279686868 0.04398473640452397 0.26107768022823286
0.024471178583177294 0.04969657953930166 0.25813351776044124
0.02446945866470393 0.049765005008369494 0.2581966153488523
0.025114377727283088 0.042354414550949675 0.263121414211275
0.02454559762194264 0.04954510672371402 0.2581771247255638
0.025115017327306477 0.04244494879092351 0.2630230400256155
0.025107022408176666 0.04238325046089177 0.2630140797444033
0.024604834303391943 0.04944751653264049 0.25830049834663854
0.025112286969115494 0.04247624642570986 0.26292977318638033
0.025102560475014635 0.04242331237554755 0.2629059435693897
0.02464016807639438 0.049346490802558006 0.25835666956121256
0.024643765088695785 0.04942662022916584 0.2584020704543095
0.02490232537861789 0.043783135850351075 0.26121908646383973
0.025106963117189157 0.042549725738752577 0.2628190043926908
0.02466142346257244 0.04924929109877967 0.2583768628235499
0.024667630243379868 0.04932278756479381 0.2584185983187002
0.024693324525220106 0.04921177905152505 0.2584526992330952
0.025098325430047863 0.042610684989326304 0.2627463376387359
0.025093698751692733 0.04254611743956909 0.262704823798083
0.024711828266038877 0.049021889262730385 0.2584347091445125
0.024722653466114797 0.04908066935299522 0.2584940477612117
0.024714011925042106 0.04915387151527916 0.2585069021964324
0.025092726894491185 0.042664833864714334 0.2626484943094086
0.025090256276792094 0.04258920893210786 0.2626101969554994
0.024730170171119253 0.048925125209687594 0.2584750937846218
0.02473498079386721 0.048972908797847874 0.25850059954301685
0.024759700134183854 0.048878380550609814 0.2585444367462625
0.024750617627068983 0.0489383709946743 0.2585457010585054
0.02508459462957538 0.04278336278521654 0.2625945852139616
0.025077202561646916 0.04271194518882299 0.2625605541523104
0.024774130166782843 0.04867808323779179 0.2585117566187064
0.024777707406108157 0.04878001420912754 0.2585477860627954
0.02479744920367044 0.048638785560881505 0.2585559979897078
0.0250696056687304 0.04281772720725211 0.26250620057473656
0.02481351492211467 0.04852785074594863 0.2585955292940966
0.02482715255282536 0.04834802410789022 0.25862150638156245
0.024832619482856616 0.048447969507211704 0.25866092579214284
0.02506833245398829 0.04283598514013782 0.26236176838680403
0.02506860397526181 0.042792354861738026 0.262333135404372
0.0248442628667159 0.04834282403650223 0.25870050659685406
0.025059241568538643 0.042877729146964645 0.2622943837365061
0.025058013021057146 0.04280156359371006 0.26225803968515643
0.02483974744552936 0.048196673793713916 0.2587198470881722
0.024840962932110466 0.04808896304085351 0.2587637965638302
0.02484998782684439 0.04815884647362124 0.25880876710529505
0.02504703516038509 0.0429371089952638 0.2621900086048129
0.02485165162183106 0.04800183988810216 0.2588312240705817
0.024850728189024396 0.04790072712523603 0.258865649316513
0.024859725697228136 0.047950515458440444 0.25891005291572344
0.02503536723767935 0.04297243216143367 0.2621004531046386
0.024855166644390525 0.04777243111950475 0.2588910445922029
0.024860532716832057 0.047850662776991466 0.25894815075328415
0.024848636702610477 0.04759578122919251 0.25893298037302337
0.024858040461360253 0.047665397664484487 0.2589392643732315
0.025034507463043976 0.04307231665715313 0.2620388628107406
0.025030617757802742 0.04302463677986786 0.2620221203767719
0.02484498596307741 0.04749679924063006 0.2589635420326819
0.024861056539601356 0.04755684083679688 0.25903230922980325
0.0250246950205619 0.04310752713137964 0.26195621972647287
0.024858502711589986 0.0474479015417582 0.2590669796402271
0.024845851367728433 0.04727010719018757 0.25907876192133383
0.024852261676388876 0.047339842366306874 0.2590928464892892
0.025009580928091885 0.04314303205048258 0.2618435988002278
0.024847988808023497 0.04716593444606374 0.25913760094351046
0.02484476363902674 0.047056201603410334 0.25918057485220103
0.025008410691133603 0.043252712191184546 0.26178688667735217
0.025000846067728733 0.043185997991883156 0.2617480337716138
0.024992501188762895 0.04331036832890698 0.26170294034677577
0.02444671997728909 0.04511614564058295 0.26010822799872096
0.024980492034211432 0.04334321793893526 0.2616149005249452
0.024856559283031016 0.0466776561599482 0.2593800232668765
0.02485828161393358 0.0465119546458771 0.25942408816799745
0.024866552116281165 0.04658251686103943 0.25947408331358485
0.02497111382201192 0.04344489458062497 0.2615541560645341
0.02486268397688829 0.046489873253688786 0.2595089987716901
0.024857670550666733 0.046439032037333884 0.25960777497771703
0.024957419455965524 0.04347075302227429 0.2614629589136243
0.024938813366721824 0.04352132886585807 0.2613707995169855
0.02487968136554769 0.043848557674084375 0.2611001729059437
0.02488489348726819 0.04389426958642265 0.2611461190816011
0.02441529439168913 0.0451459157852186 0.26009243276975547
0.024387061528063803 0.04509009415587215 0.2600310727281272
0.02492774417795901 0.04362855121098889 0.26134932651149523
0.024310380276179683 0.04525926523489864 0.2601034891988401
0.024910483436871994 0.04366793134235738 0.26124099775598436
0.024316602219153688 0.045225976719716614 0.26007329922728323
0.026100042350005626 0.037491984508960914 0.27807897790416564
0.02611868182903923 0.037504096092736035 0.27798844284156654
0.02614106106144512 0.03762022525969109 0.2778609796632002
0.026141734583331133 0.037636613091035144 0.277764756904187
0.026135718684542536 0.03762549009215355 0.2776727040098401
0.02597356549121127 0.03795344165722241 0.27705337120127804
0.025958881838042347 0.03762449175772944 0.2715370914387884
0.0259480447072353 0.03773226149170953 0.27139905384813373
0.025890550577905763 0.03790567394730541 0.27049431479916053
0.024763043759365666 0.037737573299542394 0.274544007930111
0.024714512181732096 0.03774541379831509 0.27450025022505936
0.025819980687594696 0.038042046092590855 0.27007287192572255
0.025805551150548778 0.038029058936796124 0.2699917951741534
0.02466367212780271 0.03777719325577059 0.27447149592276754
0.02578484642487211 0.03811664010460688 0.26994862065991687
0.02576564135251483 0.038117639660035875 0.26985002683463005
0.025760284614380402 0.03808249149243818 0.26976437795272795
0.024620004255128197 0.0378441512671106 0.2744771702344856
0.024573007305284084 0.0378198615909059 0.27441052137451616
0.025704100887091408 0.03817997109799585 0.2692662229826752
0.025680741904091364 0.03815299990779227 0.2691808147675422
0.025658184366000952 0.03824194227665265 0.2691423226904769
0.02564247333168923 0.038221547002899654 0.2690731395024223
0.02563323796628389 0.038199754486217326 0.2689821523118816
0.025625098258832663 0.03826525510943502 0.2689761975137573
0.025580980212776022 0.038364516359185565 0.26883999024445754
0.025562304619500875 0.0383500504311348 0.2687513870834448
0.025571517782307207 0.03845891399830264 0.2687979044530458
0.025565891305137867 0.03842535318447327 0.26872198452529444
0.025530461889798017 0.03840875136975653 0.268651873696054
0.02552615260888469 0.038530035713060774 0.26868269987271065
0.025484187844491996 0.03859405385354223 0.26865938526272554
0.025457670378529862 0.03857668989643632 0.26862314747729965
0.025383572413711808 0.03849233047593018 0.26848568839909204
0.02529362372748359 0.038520562228482734 0.2684182076359545
0.02543891619226646 0.039671980560894514 0.26770991771363206
0.025450562692106854 0.03967685074910323 0.2676142157726472
0.025451173045551917 0.03966153252974814 0.26753004322769064
0.025464287856356155 0.03965612517756118 0.2674062643277121
0.025473141133870808 0.03966999326248994 0.26730072234792374
0.025470462881631628 0.03965050544946631 0.2671974569650091
0.025474961089291703 0.039755804432120796 0.26714456281145904
0.025470791573846407 0.03982837291262618 0.26689309160559627
0.02547006877942609 0.039806771834188036 0.2667969799066281
0.02546938741255103 0.039915096405996366 0.26674192033905153
0.0254665685025518 0.03991262245722053 0.2666627486905663
0.025463478372287407 0.04000112407669045 0.26661894030157346
0.02545896385013019 0.03998558465314784 0.26656108097038433
0.025447165994988807 0.039974010628023256 0.2664575816986165
0.02545139891975734 0.04009446306223564 0.26650004213714706
0.0254469440812099 0.04007231864120591 0.2664119071433548
0.02543150806151978 0.04015133497741576 0.2662754350359185
0.025424218758926614 0.0401371127892356 0.266178862089753
0.025419839766494673 0.0402254850215703 0.26614623922235203
0.025408395335555833 0.0402230541943236 0.26607134259773263
0.025400672104900685 0.04018275541526504 0.2659754885497501
0.025399400216118223 0.0403018005410565 0.2660257765237024
0.0253917032250367 0.04029209151391903 0.265952310947952
0.025383833554775553 0.04025893514624657 0.2658729844077984
0.02536093779263704 0.04036145404605391 0.265814436887284
0.02534891729025665 0.040333516140536714 0.26574949728027997
0.02534951584687231 0.04042324441045938 0.26578330264533734
0.025332420098565067 0.040423586594521006 0.26568955900715385
0.02531576482222639 0.04040500106416579 0.2656141136041693
0.025309188784034736 0.04048802523794182 0.26559009432669245
0.025298222408867366 0.04057674467589379 0.2655600834962278
0.025275529304766453 0.04054757233033476 0.2654654306004408
0.025261202647047093 0.040652574882406874 0.2654159684539354
0.02524477893234331 0.040651661114384445 0.26534248521691267
0.0252211482770264 0.040713535591909704 0.2652267665098672
0.025211964077778565 0.04078624087936387 0.26519297000471675
0.025190155585871205 0.04080096636748117 0.26508981577610524
0.02518683246239395 0.04088305948349737 0.2650633458298812
0.025170770511038887 0.04084773243917248 0.2649815624638589
0.025162409157640675 0.040944590253331796 0.2649473176524909
0.02514930837509119 0.04092449797012238 0.2648624070939483
0.025141481892247575 0.04101358792418975 0.2648507195599666
0.025121399315630538 0.04100853184360393 0.26474486404350417
0.025112391575891735 0.041094295935334375 0.26473524212610433
0.025087286783111007 0.04107248689754565 0.2646288879416537
0.025078955570492056 0.04116196440417808 0.26461198914574585
0.025064379993726987 0.04113917626228291 0.2645437334371865
0.02504281198740871 0.04123131206047952 0.26450335407743275
0.025025339183570583 0.04129110953050839 0.26447038212261975
0.024999203280301863 0.041412729064436195 0.26443699940811805
0.02498998236389674 0.04134943065341815 0.26438075558567287
0.024976717003299426 0.041491710428754235 0.2644026411320113
0.02495963130646453 0.04145539319634071 0.26432664347880086
0.02493873062652907 0.04153138738467952 0.26430997055713246
0.024904205763860654 0.04151041979756465 0.264231237436095
0.024838815951104126 0.04154693925424436 0.2641533442863866
0.024801405975783064 0.04152003684622938 0.2640960814826701
0.02480752246034637 0.041616242663334975 0.26416365982440493
0.024739485670386502 0.04159048807134944 0.26407840278479167
0.02468725816302733 0.041572476097911405 0.2640231547062014
0.02465441914614047 0.04164255142638692 0.2640299886369117
0.02461646653052943 0.041581536588369085 0.2639602584934303
0.024853200715791945 0.04637774641628461 0.25970992483444133
0.024852133724451247 0.0463841857497086 0.2596616239274671
0.02486186960360673 0.04647909598435202 0.25957944863302285
0.024864266222316828 0.04652990398489348 0.2594646664588853
0.02486378990608598 0.04662882731160397 0.25943967228245607
0.02485381277881249 0.046735218410145725 0.2593691457365145
0.024849311665449098 0.046833218373226106 0.2593128723767895
0.024849914668217288 0.04701176947902053 0.2592386479528629
0.024841723387116654 0.04699336230234317 0.25918561993988204
0.024840345752019405 0.0470959826033595 0.2591283918231836
0.024843088211053438 0.04717798510156223 0.259099607811876
0.024850308953923095 0.0472910846740885 0.25912199118219387
0.024860406702922666 0.04750219789290611 0.25904935187323774
0.02484420869933765 0.04745287454616525 0.258979656187244
0.024863169910196936 0.04758918184402989 0.2590262245921081
0.024864486660117008 0.047673276874212835 0.2589852234754382
0.02485941539488909 0.047759966584814885 0.2589237045446549
0.024855581741379362 0.047847923741659325 0.2588939116803983
0.024852716320931195 0.047951905709071964 0.25886537347585337
0.02485170020343594 0.04805247175738959 0.2588135782083957
0.024845400796336292 0.0481388766579064 0.2587790491896307
0.02484545287398629 0.04822531160167238 0.25875146679154615
0.024846630167859207 0.04830706313919895 0.25872052549565894
0.024838654218726053 0.04839132019159575 0.2586723642886888
0.024827836947674375 0.04847815015863897 0.2586431814483495
0.02481299887877375 0.04856520895537141 0.2586051888224492
0.024804101335292372 0.048661251534436366 0.2585849735082902
0.024791443913234318 0.04872696966638677 0.25856717881807667
0.024765919766455508 0.04882758166336957 0.2585375749586265
0.024742636267361368 0.048919085038143566 0.2585083558060908
0.024725725120988473 0.048997764250232535 0.2584707966672107
0.02471419757682225 0.04906828704688491 0.25845569368148524
0.024706903551796278 0.04919191870580731 0.2585013651103113
0.024698512794779914 0.04915943634930781 0.2584463393680362
0.02469022771774204 0.0492666754366839 0.25847257407095453
0.024678251740204077 0.049248892009039404 0.25841980278744525
0.02465670777363177 0.04931202636478895 0.2583813718008794
0.02463471224723296 0.04940827458320051 0.2583681507883978
0.024394767644947635 0.04993479101644346 0.25824449534185656
0.024357870169129603 0.05002439312951557 0.25827339900963875
0.024313632957596948 0.050082209976867305 0.25825402172711204
0.02335121493988382 0.05090023782106202 0.2583896519696956
0.023714162343459882 0.05236985049409273 0.25858322679167645
0.023780698024664954 0.052481152341544955 0.25845385261465376
0.023814485689073572 0.05263172702493261 0.2584782703020241
0.02381286739067201 0.05261921773082908 0.25840412841257343
0.02402329865465938 0.0531062773636198 0.25817783059233984
0.024074670833388934 0.05322211866704638 0.25814448498883635
0.024140817216920768 0.05334422110372699 0.2580565219880786
0.024233205762699966 0.053607050474985436 0.25799063876098166
0.02428447246307902 0.05375896735692182 0.25801804422421365
0.024303366463293036 0.05383695811055291 0.25795977938315173
0.024316529260945963 0.0539573984202971 0.2579767223801322
0.02432666957817889 0.05405023174602893 0.2579474780764137
0.024326167152683736 0.05413983223701276 0.25788356781523386
0.0243379129661791 0.054252630670653425 0.25792875049148867
0.024333225561863403 0.05422923004355292 0.2578698138068849
0.02433901244002651 0.054349697555731054 0.25792848444903865
0.024339313222774106 0.05442835841742238 0.25789486359140956
0.02433145371938228 0.05451472184873691 0.2578607590486327
0.024324539676639195 0.05459606157785963 0.2578206279711592
0.024324050585940782 0.05471802728757542 0.2578546277556264
0.02431824934403054 0.05469213886347612 0.2578140778334322
0.024296756709871692 0.05476880813460227 0.2577587807942538
0.024280542277108935 0.05485920297398877 0.25772941759138923
0.02426259586271004 0.054954223823537714 0.2577033317913972
0.024246851130864694 0.055003039814259684 0.25766485838410136
0.025637641173060194 0.03818513356286938 0.2690057362337468
0.025742453366250057 0.03803105321012714 0.26956727170649764
0.025735027052091658 0.038064053233165786 0.26948229168038873
0.025725601580973728 0.03809979868429534 0.26941031421156864
0.02571419935689581 0.038147593395424444 0.2693373028756394
0.025700824317508003 0.03820000283992734 0.2692663293168427
0.025676626602972707 0.038212981187794405 0.2691811881922441
0.025648387301002273 0.03825369222195594 0.2691112486031567
0.025633959020831598 0.03828392236119949 0.269036934654852
0.02577153361545903 0.03801619132740535 0.2697487078317536
0.025757135791865282 0.038082108129922874 0.26966724062288017
0.02546400198213053 0.03977501430810553 0.26673839933213717
0.025464590284871386 0.039828389111869596 0.2666553970386566
0.02545988328761639 0.03987632929060756 0.266573435681668
0.025835923053787846 0.037932214333073346 0.2701573954133544
0.025824883536991416 0.037962448826251986 0.27008102570148423
0.025808135533442328 0.038007328694065264 0.26999940443928994
0.025789493291152404 0.0380586982752158 0.2699439255943595
0.025760016113515694 0.038106890036470754 0.2697941238071681
0.025474816384074145 0.03972581750058996 0.2669956533560918
0.025470311593910777 0.03976320021442919 0.2669044885406662
0.025471372081604438 0.039827341624876895 0.2668489116773899
0.02547179483608844 0.03988610324839651 0.2667721019977916
0.025467769846300864 0.03992583110953426 0.26669391432672623
0.02546406663552242 0.03995870360756092 0.26660487968120317
0.025453931417469433 0.04001365722171719 0.2665208496428467
0.02545143224695076 0.04005011251049933 0.2664672907242008
0.02543977517557 0.04009918760584525 0.26637079257134993
0.025874028037781077 0.03787663039401578 0.27040626136947077
0.025863411063329345 0.03793839784701252 0.27035342008727786
0.025813523219168327 0.03809281903281695 0.27006025151993185
0.025472243325713823 0.039716394670015996 0.26718747604149334
0.025478550306579167 0.039760926407119195 0.2671009074063942
0.025477253106291342 0.03980378142409582 0.2670274351844913
0.02590821747408628 0.037803065808365406 0.27074971035648804
0.02590098958519879 0.0378419557856722 0.2706715005937515
0.025935471751527966 0.03776439440242738 0.2710114988390917
0.025111006250913254 0.04230702924533245 0.26311003345301165
0.02510934925203634 0.04235632335713183 0.26304798567870324
0.02510440628114191 0.04240649457348395 0.2629651031335656
0.025108323325472692 0.04248007688549007 0.2628839672510995
0.025101513878051096 0.042504946527742414 0.2627951238995191
0.025097385586815207 0.042554115579815956 0.26273604039141685
0.025094848958148674 0.042616754604903336 0.26263971175158884
0.025082405070865454 0.04266306429996162 0.2625886414039017
0.025067883856899398 0.04277427686380141 0.26236174023997977
0.02506443711921552 0.04281610239958821 0.2623019173718148
0.025050944181569862 0.04287416349156941 0.2622114021580016
0.025434278839026908 0.03968066691867465 0.26776504780199994
0.025450995106196167 0.03972047883172628 0.26767654045094313
0.025062952247139364 0.042183168970220154 0.2634483440856711
0.025091018980931468 0.04227963098718301 0.2633911740914634
0.02510897264191453 0.04231869093388998 0.26330457302033516
0.025117653366311804 0.04235070567425205 0.26321932742500326
0.025118928098054882 0.04240487799068705 0.26314270374334386
0.02509686638334077 0.042681719201611394 0.2627155641165497
0.025088574366616156 0.04272764346730407 0.2626210666584928
0.025074254963543124 0.04276083551062349 0.2625254843376593
0.025068272061273794 0.04283410237226629 0.26244455399930927
0.02504579504398491 0.04299880236669242 0.262169366857477
0.025035627682603367 0.04304165074092934 0.26207747125917225
0.025018822289302217 0.04315086413999251 0.2619286069158221
0.02500892374404931 0.043193656913480254 0.2618585836344144
0.025008501333035477 0.04320112824977274 0.2618055015470125
0.024999493377861892 0.0432422277343573 0.2617201878528569
0.02498337694320557 0.04328660911654381 0.2616381284892889
0.024971486395296116 0.04334389884873529 0.2615671236714535
0.02496047667552559 0.04339917679912878 0.26148903635576864
0.025952017737304933 0.03771303992705507 0.27146670032833997
0.025415410876136663 0.03964334924451674 0.2679525418631641
0.025431686832500522 0.03970505020884554 0.2678625990816564
0.025447448842143006 0.03977983570253444 0.2678029937019853
0.024965599374409175 0.04349398206064901 0.2615246885540772
0.024953787197341593 0.04352496151739307 0.2614555912644577
0.02493868450766945 0.04355067451113737 0.26138515700278503
0.024927437752063852 0.043584765782028696 0.26132963375866725
0.02595219491014178 0.03771223139143389 0.2716484245707512
0.024924091417208277 0.04367816783312777 0.26133981879639523
0.024915119543353625 0.043698817432176344 0.2612747916440766
0.024909333488189578 0.043739905066371564 0.26124625991994577
0.024891660115380992 0.04385864808441862 0.261183945711625
0.02487502664873184 0.04391837506767763 0.2611004953391992
0.024872614248429487 0.04400446688291334 0.26114479415153313
0.024859042618176397 0.04404811002288917 0.2610647088115181
0.024849012513753238 0.044079571039604186 0.26099715100787924
0.024850705836325482 0.04416621790745442 0.2610239325528386
0.024837349025304267 0.04420423205995195 0.26095264207795427
0.024827511106677025 0.044243948947732335 0.2608815212759191
0.02481048642515607 0.044287263334007 0.2607961050674997
0.024792158804025355 0.04440981040508197 0.26076637494179133
0.024773823988362587 0.044445279792858165 0.26069387875454403
0.024753727347638782 0.04447833489709222 0.260608003635821
0.024738576601684575 0.044615695055653 0.26058351271837826
0.024721966895727615 0.04462611351244509 0.2605042908153079
0.02469693022664518 0.04476382309438336 0.2604634244092555
0.024673763720148345 0.044785729412011706 0.26039110455081604
0.024675678597807588 0.044859642299273854 0.2604337281679798
0.024647890745825407 0.04488644669151896 0.26035713003524413
0.024620903728259397 0.04492379705379541 0.2602962713364353
0.024582808279163565 0.044952547922118606 0.26021846789352404
0.024533957005118734 0.04497171021985149 0.2601419468482502
0.024867960396975808 0.04653978524372208 0.25951745940062515
0.02484961892585469 0.04720262845290355 0.2591372108436534
0.02486412347404332 0.04765901607193617 0.25896548952210136
0.024860908129274883 0.047802381471340104 0.2589189731130421
0.024856654959990204 0.0479219448403423 0.25889599877205316
0.02485890907532995 0.04804964510754404 0.25886185046871835
0.02600729422307943 0.037151794950696836 0.2781602946392191
0.02603425137870541 0.03726301334688808 0.2781733608593767
0.026090328470048912 0.03740995147933069 0.2780132575025701
0.026111887381219112 0.03746651300475901 0.2779505503953941
0.02613574516712147 0.03759358832595037 0.2777596169934029
0.026051932760765117 0.037383209711419986 0.278205297191066
0.026085445357085957 0.03743951649790637 0.2781091835677683
0.0261118733734155 0.03750721486488188 0.27803008874643514
0.023572159119189418 0.05208400236802658 0.25878897954335006
0.023620231335497177 0.05218423227167631 0.25871212370145347
0.023664195445994407 0.05225573109883918 0.25862371385979244
0.023750981444266434 0.05244645567838887 0.25856028556122224
0.023782152092134384 0.05251185802221025 0.2585025395272964
0.023798068323237304 0.0525745822069613 0.2584463662085873
0.023832944114092758 0.0526826476776495 0.2584473643354044
0.023860216376291238 0.05274308812027571 0.2583828706333109
0.023897816127961213 0.0528288015048605 0.2583048063797926
0.02396628088318503 0.05299788608989577 0.25825546910994923
0.0240124694367351 0.0530772990519666 0.25816031951890395
0.024042590695154187 0.05316903452866622 0.25819268356540537
0.0241028043653356 0.053274852756695544 0.2581056103741235
0.024121859520106176 0.05329669137590345 0.25803626912891
0.024169437827479212 0.053432436364471765 0.25806873616521
0.024195837551468313 0.05349891055963201 0.25799576723996714
0.024203480816592876 0.053522869304905026 0.25805940424275
0.024229730573373215 0.05359704690978207 0.25802017053780535
0.024285364331002257 0.05375737780626131 0.257965947478631
0.0243071005061114 0.05387995967546546 0.2580220481750085
0.02431143658579535 0.0539126924957394 0.25793517260312615
0.024322808335269896 0.05400146450528579 0.2579476525284057
0.024324484653322792 0.05405622058439578 0.2578906033850441
0.024327025412714365 0.054090851891378 0.2579967063525729
0.024330977269530457 0.05415251971225401 0.25794064592003707
0.024330273974430355 0.05420074693675551 0.2578577129284542
0.02433667133782258 0.05422330254961572 0.25796947935932735
0.02433615502725811 0.05428416553587987 0.25787735317126764
0.02433987992918127 0.054382636105828504 0.2579374444423447
0.024333505381022164 0.05441467788639153 0.2578457060096454
0.02433549253106626 0.05451496126977042 0.2579015928395142
0.024324898393068783 0.05454821238167699 0.25782280233249033
0.024331672626958734 0.05463024001280176 0.25786970175239365
0.0243131393968313 0.054741268847912396 0.2578107791111169
0.02485992734830947 0.046463200439079054 0.25959012089542755
0.02484796611784143 0.046347803077981205 0.25975733763836123
0.02481976579631326 0.04620875640046974 0.25986870301466247
0.02484154530380181 0.046293963215995194 0.2598437715397448
0.02475210576566933 0.046073534652128635 0.2599981032647737
0.02429891901427267 0.05382040154232071 0.2580193136425793
0.024311764154844567 0.05391677446059117 0.257988188829524
0.0243238455798567 0.054015438459794084 0.25799438777547967
0.023693191903708805 0.052310192183499936 0.2585763661259756
0.023619476726912614 0.052172943397100165 0.25868700566656444
0.023663150286457796 0.05227245484235959 0.2586678882567234
0.023686420736744485 0.05233401966720038 0.2586563601308663
0.025111008115711236 0.04229312779772904 0.26307419756804906
0.02358710619778351 0.05210995836445526 0.25877855505818786
0.025113910127907174 0.04233083986458553 0.263171339005853
0.023475281979337875 0.05196003395207071 0.25889871027796696
0.025082813493387007 0.04220065568033008 0.26332408008739716
0.02510341574167768 0.04228512206203099 0.263287847518792
0.023313273402654405 0.05179605044159847 0.2589913088134532
0.025022302018387343 0.04206218801693116 0.2634394930437158
0.025081379579633828 0.04223266081337889 0.26339957901950795
0.024916091270253626 0.04191422714803667 0.26351902660365656
0.02497692006250507 0.042016007386578715 0.2635411887961372
0.02502029095394831 0.04209475688522329 0.26350144437088474
0.025472849064126307 0.039803225782974704 0.26691148946971255
0.025477819583900163 0.03976286145539667 0.26703148238905516
0.025475581412440468 0.03981471865207647 0.266989961344499
0.025466292753571845 0.0396236495925802 0.267157269315378
0.02547424557103206 0.03971060447247663 0.2671400429240949
0.025473552307639424 0.039681746728466936 0.26726353244104484
0.025461529346982203 0.039680933126126174 0.26745051848134804
0.025446234706232695 0.03963447301677054 0.26757070248570386
0.02545600558974309 0.039722645299831445 0.2675306021099543
0.025443672885869045 0.03965838430571662 0.2676581865758995
0.025454656880600307 0.03973284834193339 0.26760696189659305
0.025443365856584133 0.039703660366357814 0.2677227541077234
0.02544353767637672 0.03972801729862282 0.2677851169237968
0.025421553864916402 0.03966874094915208 0.26789502371624885
0.025338957115279392 0.039441204246080865 0.2680424901297296
0.025384633524914685 0.03952224870022215 0.2680220765985365
0.025407891740321792 0.03961887681622555 0.26801355514245745
0.025317703905516104 0.039456063719079455 0.26811678845903086
0.025371228403687884 0.03954673506318802 0.2681118716660714
0.025736628241778442 0.038104545835998226 0.26948467510385893
0.025748730909943035 0.03805795774308241 0.26959714214090424
0.025771701683484943 0.03803960908870525 0.269719689272023
0.02578511962220173 0.038038934113362545 0.26991393202794683
0.025774504477141608 0.038111321478386105 0.2698973120014637
0.025824925397428727 0.037920188429005054 0.27007535518367437
0.025818990373958545 0.03799830070720269 0.2700452518218824
0.025802212117352286 0.03808276670287237 0.26999802003723705
0.025838622148368018 0.03790090875591281 0.27018414799878254
0.025834715015494114 0.03799761511503493 0.270166813760465
0.02584831349440317 0.037945633700813976 0.27027944582937496
0.025891808140997757 0.037851187404151214 0.2705081999333039
0.02589933147698617 0.03781988172330663 0.2706125441322919
0.025927461176361355 0.0377662677401143 0.2708518424988123
0.025917094938588292 0.03782472580756916 0.27081807611369524
0.025932449266230673 0.03773130252596588 0.27096716827068923
0.02593415228447382 0.037789628552925565 0.27094270518200525
0.025927498439685948 0.03766514448204198 0.2710771125640413
0.02593521410073632 0.037743129297007356 0.271057833834587
0.025940611453146994 0.03770913148272887 0.2711808097595122
0.025937896066680954 0.03767100140193664 0.27126229237001975
0.025940583103388565 0.037638774973730006 0.2713807938474737
0.025946576753460016 0.03773443848491049 0.2713597784320021
0.02594481644468602 0.0375867549496546 0.271497501723886
0.025954612974606495 0.03768485326723562 0.2714804595089686
0.02595629016364795 0.03763123814505579 0.2715897575643519
0.02593468781823205 0.03760181332855165 0.27169552641489986
0.025949665825570567 0.037696323408995 0.27168992183723906
0.025927843042337223 0.03761991208833119 0.2717771937709082
0.025942814501881212 0.037698843448379656 0.2717571371336023
0.025153303703606744 0.036748553423402365 0.2793419717343327
0.025194799773303828 0.036709518932382564 0.27924833212727174
0.02593315053048209 0.03767719091833833 0.2718623048277845
0.025320362794195306 0.036800209093272036 0.27918960383934804
0.025232190308054125 0.03669570303807455 0.2791867208695703
0.025367677532367572 0.03680972669493852 0.2791339866413765
0.02525437908354683 0.03666707866308539 0.27912205359887937
0.02592567317789779 0.037640598483733155 0.2719639818415487
0.025392173835920462 0.036767017948971144 0.27905287367798504
0.025441387432773077 0.036752002661254064 0.27896084721918324
0.025458816167896137 0.03671893566230717 0.27889597769110835
0.025922404510510644 0.037622588261804375 0.27217452660049457
0.025586973152878084 0.036810304714466814 0.2788002201869232
0.025482631012203244 0.03668953507987619 0.278820416600967
0.025888585543409753 0.03749435016390099 0.2722967703189849
0.02591035178226772 0.03756003868865331 0.27227016664514386
0.02566894967281763 0.036880792616692824 0.278746516894488
0.02558277059315106 0.036767845853905017 0.2787485929252146
0.025702084453847668 0.036865621427822744 0.27866531586300214
0.025850851557481985 0.037442258973515906 0.2723965054501588
0.025887373921521684 0.037523185753607004 0.2723854656589905
0.025916539294856544 0.03761646243197022 0.2723524727450276
0.025768969919917006 0.036909642754871776 0.27858350416094474
0.025846610116303154 0.036961367419072 0.2784750571857979
0.025852760252545626 0.03748723572608454 0.2724694582178344
0.02586317444587255 0.036946864761229374 0.27839985537131573
0.026078774010473205 0.03746096733520434 0.27816404769825076
0.02605687301221471 0.03735353987536592 0.2781575710133002
0.026027933856238333 0.03727407312820028 0.2782102559897763
0.026002134777956376 0.037162996405553296 0.27820686260712757
0.025958679372752952 0.037060707264791055 0.2782385938116545
0.026080092353100437 0.03740296663049824 0.2780866218780981
0.02604353746747401 0.037252247289480865 0.27811325223634065
0.02601457465320317 0.037155489967658585 0.278117813558879
0.025741865306172312 0.03741475322963939 0.27267651071667937
0.025771658559330612 0.03745261705801476 0.27265047043697654
0.02479225261862386 0.03654955403402244 0.2794641338743724
0.024754567099608354 0.03648079744986563 0.27941942223056887
0.024714046204860507 0.03641319128444296 0.27937246110211483
0.024672025227399225 0.036345917366831036 0.27932466837084385
0.02462733572003059 0.03627871972528853 0.2792757540201656
0.02487281847530809 0.03657024503255638 0.27941944449961276
0.024835480491611717 0.03650085827829939 0.27937514879432246
0.024795469101910522 0.03643195377351561 0.2793292045333676
0.02475496240833236 0.03636475346926311 0.27928191072633396
0.02471279767574444 0.036298178865291 0.2792337644488897
0.02498426467784448 0.036659421257683684 0.2794173098070691
0.02494983015734001 0.036590936169385864 0.2793732046273453
0.024913657957237073 0.03652249934475937 0.279328880952241
0.024874203434076203 0.03645303658104102 0.27928355089533874
0.025090477563849772 0.03673774944162237 0.27939633014436216
0.025055382708694895 0.036678737775898786 0.2793673011287022
0.025021615176795325 0.036610811243132986 0.27932511061394083
0.024987231557259626 0.03654375190304831 0.2792810125843359
0.024949675361546547 0.03647522696753946 0.27923592957226856
0.025131652216874523 0.036699605365946276 0.2793086837711394
0.025091416509358144 0.03663321932839462 0.2792740145447441
0.02519227001030308 0.036735284589466254 0.2792819578393714
0.025167153602880743 0.03665878695919742 0.27921821192545176
0.02525842140164225 0.036751037689103545 0.27921704653237706
0.025217104404289314 0.03666440149632467 0.27916718333923296
0.025324081841993723 0.03676286056726489 0.27914144954682324
0.025286581260786006 0.036707536938074485 0.27912883176721326
0.025373238912994645 0.03677821975731079 0.27909106153186186
0.025345501083647748 0.03671913227435287 0.27905995094876185
0.025399566593066025 0.036745330321512816 0.27901617465133566
0.025374693953840816 0.036684597991079364 0.27897537155760377
0.02541883556949434 0.036684140863578095 0.27891219746400564
0.02548549001170533 0.03671733580284938 0.2788523941184444
0.02360055435811151 0.05214686176747605 0.2587515645556123
0.024470930363610977 0.03702873582700315 0.27339534377987174
0.02458809674864479 0.03703972143606491 0.27335747098341245
0.024694402548392697 0.037064018647913595 0.27334146081987987
0.02479718016723101 0.03706963130155457 0.27330129207973247
0.024893885356195883 0.037099377044046096 0.2732857640846624
0.02498569520037941 0.03711812600186153 0.27323944274085815
0.0250597937038598 0.03712658518637232 0.27319019141824263
0.025151266542386697 0.03715867325087797 0.2731425199411508
0.025103281370848773 0.037104521871514674 0.27310814625898655
0.02523455627642046 0.037193265019353945 0.27310641141641917
0.02483697707252905 0.046292185488152456 0.25977711806011505
0.025305714281721126 0.03720620763584676 0.2730553460077755
0.025281899171191113 0.037154689576511 0.27300804514972066
0.025377448661091484 0.03723190299566143 0.27300651286943334
0.02532304964941054 0.03715852219699741 0.2729619408791753
0.025443533312543676 0.03725899258659641 0.2729564985054424
0.02540317408879389 0.03718704778823876 0.27290477786790196
0.025502986221912327 0.03728896726640422 0.2729181415407812
0.025471024576167844 0.03720149608347254 0.2728388227897961
0.025562920863270555 0.03730096538409677 0.2728556773811607
0.0255321061672229 0.037240735034182064 0.2728139873960726
0.02561617229007196 0.03732031508649818 0.2728008037712868
0.02568729761471855 0.037360141601799575 0.27272652095717165
0.025652897884990034 0.037298425767027306 0.2726962726095645
0.025716558859480654 0.037372471854821405 0.2726749886787882
0.02575992590441084 0.03739694339468173 0.27260039148211906
0.024832908359757433 0.04625623002741767 0.25988341493739625
0.02580454742366131 0.03741886110622939 0.2725173276004358
0.025856843978121186 0.03752265122512221 0.2724964577606701
0.025831830051851773 0.03743384095963729 0.27245581653483864
0.025877972779062064 0.03753414781570009 0.27243788252378726
0.025868247886729395 0.0374710848306234 0.2723790505972309
0.025904891978178746 0.03755695961784628 0.2723388352956496
0.024802308997156186 0.046162652590962285 0.2599094424784794
0.02474776783587651 0.04604846398129384 0.2599434564777775
0.024777920162285916 0.04612780395259062 0.25997850415625595
0.02468555180214843 0.04595933188453919 0.2599792718358696
0.024716502757314907 0.04603461114766589 0.2600369060532876
0.025925450628049795 0.037799675711349616 0.27085719675444936
0.02592586847364295 0.037732226480504276 0.27085119008620206
0.025908704576661917 0.03777418676698561 0.2707409759074462
0.025901763411917106 0.03781221514494406 0.2706502669393018
0.02589672862387457 0.037839334350096974 0.2705673476615599
0.02588390691867451 0.03787128241108872 0.2704562091390997
0.024620971406713155 0.04588483677744546 0.2600137706350446
0.024656799249054284 0.045954315292061516 0.26006091111679785
0.0258660147127312 0.037893450459057294 0.2703619555794017
0.02455709052186203 0.045840477317811094 0.26007153460211396
0.024601709878189076 0.045916036980163076 0.26011043996249283
0.024501827595177522 0.045807606692886575 0.26011383757070167
0.024544789161837194 0.045892565578169946 0.26016662491010756
0.024471123276203544 0.04581494757860909 0.2601688051710964
0.024476519235232586 0.04586332445054377 0.2602177416634919
0.024727685321665777 0.03901304660274204 0.26833669802099513
0.024760718163006568 0.039016343215213196 0.26831407700335297
0.02488644140100807 0.03912496883758499 0.2682988994083272
0.024845520144064687 0.03906697679412343 0.2682683382331972
0.024940447199782695 0.039140771159778355 0.26827021735275214
0.024920907076374732 0.03909297057058054 0.2682253671682537
0.025015252746144162 0.039162642298284873 0.2682242864488421
0.02499650181031951 0.03910021942228393 0.26815745465358365
0.025107110401997035 0.03923791263715654 0.2681993085676797
0.02507952857021664 0.039175018785846984 0.26816352427890533
0.025070051691369777 0.039129976406108734 0.2681132278765008
0.0251936711449377 0.03934147501791615 0.26818362980902477
0.02516763780875736 0.03926740571713586 0.268145322091927
0.025142870719758986 0.039203008934907614 0.26810495437411697
0.025282410839741226 0.03943946203428977 0.2681531058497735
0.02525032737861549 0.03937148805717341 0.26812756161251383
0.02522122266160856 0.03930451224822166 0.2681017156406188
0.025191726475463333 0.03921616470392777 0.26803618356434966
0.025326312692475594 0.03944218816078563 0.268080237577111
0.025276385458466083 0.03935699320301731 0.26805974888083683
0.02524943629603657 0.03930095191003003 0.2680393312922265
0.024389002693963047 0.04578288512595594 0.26020972781522345
0.0253854578946201 0.039547405705748086 0.2680707727265916
0.025358051513908825 0.03946343199485696 0.26801486870280544
0.02417446936180148 0.045546937748514295 0.26011787007374193
0.024261005010519365 0.04571755504973384 0.2602366148543663
0.02428909447879185 0.045770858790273684 0.2602860554340214
0.025399403829669237 0.03956836704293618 0.26799602562806
0.025426871625890274 0.03970012047988004 0.2679583528656945
0.02416816219045484 0.04562318365235104 0.2602502287082835
0.024179361362241886 0.04569322418804885 0.2602748692340581
0.024211614876780918 0.045734859077113894 0.2603036514371083
0.02415012534696717 0.04567265481077395 0.26029993097041815
0.024140028791399204 0.04572877035424381 0.26036943871348855
0.025443975435533783 0.04011939403460727 0.266414892956302
0.025442781068563347 0.040045472975121225 0.26638005618044663
0.02543419739040842 0.04012945619343485 0.26631923119124795
0.025426973315842427 0.040179807192975765 0.26621023507025326
0.025421958827510333 0.04011237231958097 0.26617735345750393
0.025415148124351278 0.04020773502917372 0.2661088173375262
0.02541294709389294 0.04014081018971697 0.2660968182155329
0.025402820038423896 0.04025300406300967 0.26603073016333656
0.02328066427147299 0.051782112299442205 0.2590225695021344
0.023324811150847363 0.05179189563144981 0.2589660687556231
0.023430816719877373 0.051912700327996365 0.25894120673585586
0.023515268683669238 0.052017720639521016 0.25886025587681805
0.02367642264778172 0.052287286702324055 0.25862393459754823
0.023626969189267655 0.052182225403204115 0.25866250576512495
0.024551456944724687 0.03706640462590186 0.2734150212549046
0.02464113328844761 0.0370818596571021 0.2733936375698365
0.02463865204207294 0.03704531353835581 0.27333890580099046
0.024770033513719814 0.037084380972661986 0.27333802905436794
0.02484672373633387 0.037099553037754314 0.27331772850766994
0.02492534569134605 0.03709029489370417 0.27324446380430734
0.02503411128092123 0.03713248420791119 0.2732218329605073
0.025019908334258573 0.03709964581305417 0.2731798653416886
0.02508529526592218 0.037155125203684476 0.27320820050328876
0.025080195103261316 0.037118120479357704 0.2731553374394508
0.02525416117817006 0.037155761828871044 0.27303951718997926
0.025893047922953882 0.037818991574166023 0.270529478036421
0.024776028768425162 0.039004061468043354 0.2682886444799199
0.024819389679340303 0.03907601780881408 0.26830538033446927
0.024811879732607373 0.039017810091768836 0.2682315790629596
0.02487105530213307 0.039094765967189325 0.26827683765451504
0.024881342042590376 0.039068051389018234 0.2682267066054146
0.0249683233309764 0.039107792466897086 0.26819928012186794
0.02503130658892394 0.03913153176743286 0.26816517241411175
0.02510633228164183 0.0391475977758867 0.2680872347890224
0.025147159844731648 0.0391759284852199 0.26806096659340817
0.024562038682028192 0.041707511004921934 0.2637163647774766
0.024583137248841258 0.04167174751631108 0.2636305889302887
0.024595543887436483 0.04164033127693497 0.2635766929357971
0.024643560338761028 0.04171747406188848 0.26363013656527545
0.02467093873837581 0.041679135466714014 0.2635534939938508
0.02472508158715797 0.04176635246741998 0.2636197996928035
0.024720938900783196 0.04170850765303063 0.26354560617221134
0.024784775548071347 0.04182621076242831 0.26360480167796246
0.02479262110513883 0.041779045601031996 0.2635436835514797
0.024847436027194525 0.041878239626995585 0.26358232096383044
0.02486081789110406 0.041835588485129575 0.26350158656771683
0.024907844439438748 0.04192202926134387 0.26354558875924405
0.02490558126342124 0.04188863324600336 0.2634909892547253
0.02496254679649726 0.04200900805992062 0.26357155061839144
0.02494715405075451 0.04196423603882119 0.2635284513004714
0.02499521566718227 0.04206269285969936 0.26354197285544556
0.024998975686866737 0.04203049954761572 0.26347630521113685
0.025041674976947842 0.042116770582324874 0.2634465282502982
0.025070587547011497 0.04218247765292072 0.2633874500278637
0.025094416998442615 0.04226140182304148 0.2633342709566491
0.025092350550659948 0.04222644611722708 0.26329838614057627
0.02321078671292426 0.05173444510983614 0.2590534425315667
0.023343384638286807 0.051813297111103614 0.25895816261035737
0.023388669211387936 0.05185953788043892 0.2589429708497508
0.023245703813664254 0.0517527331118656 0.2590280722584566
0.024978731154474187 0.042005301556713844 0.2635067322314102
0.024934616191779474 0.04192773273267423 0.263494285810095
0.024914195486268942 0.04194830313080395 0.26356800840437405
0.02487540667602628 0.04187744735476088 0.26354041223432645
0.024813739748835772 0.04186933833408223 0.26361319816754514
0.024826156980104125 0.041794251356543306 0.2635062314088222
0.024789226121583685 0.0418034463852608 0.2635760653120199
0.024718853831450033 0.04179440422648049 0.2636541003031837
0.024750616173187023 0.041737982536682934 0.2635509956468011
0.024689639344216113 0.041744780316659964 0.26362679256966765
0.024615770798804587 0.04175047619100556 0.26368998002977034
0.025143141197340735 0.040968244699692465 0.26483744160836276
0.025155636480756888 0.04094075591494973 0.26490462422446037
0.02517085368587746 0.04088893674068909 0.2649799411007051
0.025188874818121182 0.0408433173390487 0.26507369999994473
0.025202686388969137 0.040833255575685685 0.26515114190028777
0.025880050546215283 0.037924991823299926 0.2704400548074396
0.02589623950880826 0.03789192736040541 0.2705455726338182
0.025897863800412313 0.03785453521971357 0.27061126381504724
0.025902322518147225 0.03781759552828281 0.27067863975684514
0.02590997385553953 0.037796848233621956 0.2707621988987769
0.0259227065915488 0.037774281577261044 0.2708295350350962
0.025932558126763983 0.03775015918014377 0.27090353546827883
0.02587656944970801 0.03784550614328378 0.2704266364901278
0.025886043782421347 0.03779917257397087 0.27050657235488423
0.02559774872154097 0.0383397482330796 0.26888682557666516
0.025630219874727994 0.03830323370760746 0.26900577552639293
0.025639215034564955 0.03825990006773721 0.2690702915527361
0.025662363105787317 0.038203975201980094 0.26913897826607086
0.02562662737356622 0.03818688482682107 0.268934597782855
0.024545216746265308 0.03787064196178037 0.27442014965386774
0.02461544068844637 0.03779209658846459 0.2744320318285523
0.0248599400415892 0.041574906226373255 0.26419558173625185
0.02475406927077939 0.041623779699852294 0.2641162624014195
0.024825340284872432 0.04153447537876997 0.26413036182290306
0.02470077731085421 0.04160765995346164 0.26405468468480364
0.024765895651847725 0.04153439881387414 0.2640687057401344
0.024643622603205573 0.04159688725185504 0.2639959989557573
0.024713696808389307 0.04471505404039721 0.26050796301396995
0.024639441630390835 0.044925039657062606 0.26035602746600944
0.024664312853083153 0.04484447904805335 0.26038828916865897
0.02468704831269758 0.04475843838255323 0.2604230533694467
0.024592806101953413 0.04497248356518948 0.26024941753931863
0.02462646008667832 0.04488857136191154 0.26029276695169273
0.024644028814073626 0.044806132662852195 0.2603044678241012
0.024268688826204227 0.045339320160289666 0.26012590398234525
0.02452891821317099 0.04500177148874868 0.26015013957600097
0.02425149392925649 0.045302379325850926 0.2601039974383475
0.024366418908658177 0.04518846778174849 0.2600775905579994
0.024459683803527477 0.045080958177161935 0.260102464707365
0.024326612492033883 0.04515712330371991 0.26002318848549616
0.02462340329629714 0.04163395750470165 0.2639848153033114
0.025158250727448705 0.03857169231548952 0.26836585699160087
0.02474368687381087 0.03876396102191202 0.2682809405250729
0.025344670429266247 0.03851340484142996 0.268453928052353
0.02479625878617847 0.0386986623681635 0.26827707732062034
0.024768671366547312 0.03876269173271361 0.26829224829795867
0.024763871984090913 0.03878771279436278 0.2683097388154463
0.024796760105089827 0.041565736781089206 0.2641157005764134
0.025384406155728706 0.03857645879984951 0.26856238002176863
0.024905538071530564 0.03867799023019534 0.268291264815282
0.02498484059182765 0.0385987040790401 0.26827563056091797
0.025437515947215522 0.038557086654362506 0.26860170272039746
0.025067383852275943 0.03858165135545375 0.268308519280456
0.024714800228943096 0.04158527477364624 0.26405287352691365
0.024724395366386653 0.041523678566493256 0.26402818589434573
0.025750858457488007 0.03808319996181981 0.2696179750123976
0.025740013560748842 0.038117328614724964 0.26951757806092197
0.025722293051873624 0.038133719719363045 0.2694290904309732
0.02571333857790939 0.03816843162558032 0.26934921107968146
0.025694231151937058 0.03820092199267414 0.2692381784744755
0.02460611281767311 0.04494893663950748 0.26026927210321926
0.024575362356241276 0.0450072450616636 0.2602372166336798
0.024432429755154222 0.045117739796845045 0.2600900773508772
0.024369828161734802 0.0451502836998058 0.26005182207958777
0.024335213672067618 0.04526687603329738 0.26012649215509376
0.024276934937273176 0.045235145566570635 0.2600557800864487
0.02423643066644493 0.04534489684115029 0.26011083133959345
0.02425566445023425 0.04532282384597081 0.2601172109826049
0.024881304552141437 0.04192273485492796 0.26358543525494865
0.02580011711804034 0.03803406309869561 0.2699719665016214
0.025766109488514904 0.03805798814575318 0.26975352652689755
0.024738215063282804 0.0390582513576471 0.2683471212630748
0.02474555178327889 0.03897646234898517 0.2682843652155431
0.024846815653204624 0.039086088765306344 0.2682894006194241
0.024585411681144392 0.04170463080813203 0.2636691665595149
0.024621984346338444 0.04167868335339748 0.2636017065813545
0.0246811170028082 0.04177020243338409 0.26365773722151886
0.02470170358685511 0.04172493646236746 0.26359080130272183
0.024747423801248003 0.04181589337207981 0.26364382773548367
0.024765162566336457 0.04178399445724718 0.26359160489713074
0.02482275960515845 0.04183208493087812 0.2635613883476108
0.024162816469386283 0.04567963621683365 0.2602791316463625
0.02418431867713372 0.045607177457746124 0.2602113513874851
0.024240690093798395 0.045740416223701126 0.2602866798968956
0.02434562058936346 0.04579183629863522 0.26026514964854003
0.02443377492249804 0.045811502883637924 0.260206473787371
0.024441980968245486 0.045781650687361834 0.26014874325393605
0.02451564760907396 0.04584076895487973 0.2601460065634649
0.024518195961790556 0.04579749719543768 0.2600663743329723
0.02563483638190872 0.03822408236428849 0.26902030697891
0.02564932384385904 0.03817753307411518 0.2690882836714641
0.025670889820405274 0.03812764176417257 0.26915256468614046
0.024621565409161716 0.0416083621128135 0.2639745685484608
0.02585491490672781 0.03795323667950431 0.2703173121134593
0.025859998036459775 0.03786789374983981 0.27033684930487484
0.02582715138126901 0.038032139437845246 0.2701450945069834
0.025839929146435042 0.037963157431064064 0.27019826457053236
0.025843026251691936 0.037912619219359046 0.2702178753455473
0.025813383952420416 0.038043237118742836 0.27002812816703214
0.025824806063688754 0.03800397846066184 0.27008602441768664
0.02583002748331434 0.03792031210925608 0.27011155905532935
0.024192049309395447 0.04566579244823774 0.2602371670942254
0.024209069351591728 0.04571188013931348 0.26027463782273375
0.024156914429501353 0.045653632281660035 0.2602715910243269
0.024172541426742578 0.045716837708282186 0.26031643596164133
0.024783959149706797 0.039053659518658086 0.26831900815275356
0.024774233973166332 0.03899092163786486 0.26825287531480724
0.024847554794762416 0.03910923656029607 0.26831277780182217
0.02483968988434157 0.039044465035294025 0.2682405437016133
0.02330651585520846 0.051491921998959043 0.25872326423184366
0.024742534734864513 0.03877048262121476 0.2682859035804205
0.024733349657460962 0.038740306081938965 0.26827418017944515
0.024338216432039733 0.04511601537431604 0.2600069796787397
0.024285783393054955 0.045220948973717874 0.26004653155782786
0.02426338229464442 0.045267029518599795 0.26008171741824637
0.024419564356610746 0.04510863681605628 0.2600725419563542
0.02436465514373659 0.045216614492782616 0.2600994579399018
0.024295048123325363 0.045296704433262995 0.26012342610719336
0.025194062591060384 0.038526989897988646 0.2683607848131499
0.025107372565118302 0.0385999947278007 0.26834914873450294
0.025105380911449898 0.038541914510270676 0.2683097149095892
0.025039486716992992 0.03861483699613571 0.26831183717067913
0.025045838659949804 0.03856114768035524 0.2682850160765237
0.024959120095705473 0.03864841481922187 0.26828565825206846
0.02488586409835064 0.03864501347492497 0.26826587701326693
0.023181789975331463 0.051725311955249785 0.2590803009473107
0.025723385804160476 0.03805419716672332 0.26940685516137514
0.025718075767707044 0.038121695537777646 0.2693728702835929
0.025704244293595913 0.03806445482271679 0.2692930929599775
0.025710961459236875 0.03817476459918783 0.2693159349673469
0.0257066176701837 0.038146626102423094 0.26926879093382744
0.025680333887972362 0.038107233451610927 0.2691860750347834
0.02568479114441352 0.03820352140120476 0.2692019697706428
0.02478817459081531 0.03908661988610824 0.26833923788171393
0.024804348314810487 0.03903364914784888 0.26827980910804
0.02490264611727061 0.039103989592687814 0.2682602965774155
0.025545754631192047 0.038383386366494056 0.2686732988954731
0.02552423271667678 0.0384568352362508 0.26865665462537636
0.025477152617372628 0.03854853852742949 0.26863177659618354
0.025404094937230087 0.03856107038131407 0.26857599268712007
0.024819742092198616 0.04151973599662876 0.2641182503014098
0.024727314133782596 0.041561984310806245 0.26405011355836894
0.024703187261857412 0.04163741865293694 0.26407898058243473
0.025342979556839035 0.03847058397927106 0.268412758772369
0.02555394899657651 0.03835773187562367 0.26869673114619996
0.025551746468613717 0.038453943206535536 0.26869068616690006
0.024439466813852312 0.0451046465118825 0.2600909492991377
0.024304302447702153 0.045192638420624924 0.2600361516831394
0.024304321436765752 0.0453238794196885 0.2601417602112241
0.025362851989112867 0.03854599345117036 0.26851561777918603
0.025373374531633103 0.03847167953485548 0.2684426575644053
0.025208578422496408 0.0385460893801703 0.2683841379246795
0.02530416015074194 0.03845833415788306 0.268377907091115
0.025078319300718216 0.0386006956003128 0.2683288933474313
0.024940527529268397 0.038629999233956665 0.2682710525411093
0.024337510453445538 0.045298674676833496 0.2601517130504895
0.024343589569755436 0.04524122794911182 0.2601064601652891
0.024218336184285316 0.04543856194692108 0.2601057082764158
0.02424315035672045 0.045476535663864705 0.2602119268598551
0.024177688422112625 0.04546250733157666 0.26003236978867544
0.02420184619394039 0.045383669118568455 0.2600817937679769
0.024193973265728586 0.04555948678547118 0.26024968122047487
0.024200551607968607 0.04549764222537064 0.2601318128400697
0.024273901634833284 0.04541186281732829 0.2601739030920867
0.02428475425177168 0.04536038716676282 0.26014373689404235
0.02419257078122944 0.04555730647120478 0.2601707268680494
0.02586422823377496 0.037849802866928635 0.2703680268061565
0.025869334934827376 0.03783773254676465 0.2703982362860511
0.024567310952771093 0.041689239153447695 0.2638778300496094
0.02455583343363943 0.04171281960178392 0.2637913748114174
0.024592490429781177 0.04162712071050922 0.26393336748189067
0.024728824181059206 0.03892970725887727 0.2683486770594988
0.024707417526468933 0.03898821049459623 0.2683599545880253
0.02472705370924927 0.038974161872140305 0.26831817872857383
0.025238337645844683 0.0384937349898282 0.26836525784423443
