0.038427696705346175 -0.003407016679737085 0.2646693657094669
0.03843183573092595 -0.0032541900698098147 0.26464757287887053
0.03843203087658136 -0.0031531084129412523 0.26464892958917907
0.03842474308327336 -0.0030401572391542953 0.26462504843324275
0.038412669858944974 -0.0029047550133372013 0.2646222992155205
0.03840379140814776 -0.0027906164048249193 0.2646390718676164
0.03838681750897831 -0.002679298211107406 0.2646190241995611
0.038373856281325426 -0.0025990455249339517 0.26465887835291657
0.0384312345101835 -0.0031225466489445686 0.2644887699495005
0.03834962404717479 -0.0025075395201302753 0.26453893995284006
0.03833630556119375 -0.00243254318719871 0.26453444713880103
0.03832149069291547 -0.002365944177686874 0.26455548776165183
0.03826778282493451 -0.0022089366428482693 0.264481815213706
0.0382424813923099 -0.0021398475146571228 0.26437986221486376
0.0381892525045617 -0.002018387618988815 0.26430391880202675
0.038132125537098584 -0.0018953257933079781 0.26420926642356446
0.03760272215084928 -0.001299034681964295 0.26375584520608525
0.037273730968501395 -0.0009853096492903335 0.2636322813893304
0.03703001624199308 0.0018226428328619315 0.261423725874235
0.03701026201714383 0.0018925847663143758 0.2612928909674038
0.03700422442526198 0.0019707252928382046 0.26130391640158335
0.036988299293674115 0.00207112346734023 0.26132142875838016
0.0369786332738114 0.00207038042083757 0.2612068571762059
0.03696405398986449 0.002160082731170021 0.2612006216008024
0.036868922656372406 0.0026086130109129746 0.2609426645678652
0.03683729248163249 0.0027155910256730365 0.2609292692327105
0.036780418138932625 0.0028537639771633594 0.2608667183037092
0.036672809161354625 0.0031456224632325225 0.2608255250451097
0.03665397121888264 0.0031806176388264884 0.2607412542998384
0.03662111007349424 0.0032775903856495092 0.26075260616300533
0.03659048866449224 0.0033308374166450827 0.26065747606734213
0.03656869406697409 0.0034013750374544127 0.2606779176736779
0.036511036929225194 0.0035246139101736684 0.2606033010775515
0.03645268933375777 0.003650398401429944 0.260551204912025
0.03639402288650459 0.0037820137491381134 0.26047756589509535
0.03637751913388046 0.003826494212239684 0.2605021394734182
0.03631942353205936 0.0039596455637141426 0.26043790599889305
0.03628793630345306 0.004039149654683438 0.26044753101078055
0.03623126500071043 0.0041726905542814885 0.2603785550237995
0.03618077278022577 0.004313264158920527 0.26031241914284736
0.029190224622693245 0.02193798709345579 0.2677459720278066
0.02915840054525219 0.022010240879703047 0.2678062759121588
0.029126144316289154 0.022073718571683998 0.2678365662276713
0.02910685472276249 0.022113213647865615 0.2678758160523714
0.028992336806164767 0.022278011697315414 0.26787461843988136
0.02896619813404898 0.02231220925319971 0.2679330885039446
0.02891179769366313 0.022379447020427823 0.26797580631456264
0.02887293957157637 0.02242954054740265 0.26790752422757697
0.02884551566038185 0.022456131170270566 0.26795281764067747
0.028809912663012763 0.02250629939497273 0.26785194282316305
0.028762445266302977 0.02254768630840359 0.2677606303850932
0.02873550159630542 0.022580457556488187 0.2678137585183753
0.02868793038752948 0.022614617782009405 0.2677370960361044
0.02863262658388603 0.02267239187460579 0.2677794143504284
0.028545208580068593 0.02273438478807971 0.26776225286484034
0.028478749310491686 0.02277893314767898 0.2678014889775978
0.028440949512162056 0.022807024464539194 0.2678675793684523
0.028421469738165145 0.022827378355997407 0.2679441120079438
0.028332917721641565 0.02288040568948574 0.2680000835093773
0.028277466814527946 0.022907666261885562 0.26805172635295427
0.028227062915979595 0.022930437924905178 0.26799748409844315
0.028169833306858696 0.02295562104529325 0.2680720882162074
0.028207666939668308 0.02293453637224152 0.26792468152134336
0.028161501215228493 0.0229578432392033 0.26799125639077154
0.028063470176237143 0.023000699386462764 0.268061422260939
0.028032939552482275 0.02301225573225546 0.26798060385718675
0.02799060235246989 0.023029184751618248 0.26806699149171
0.027923486730518074 0.023053874205455238 0.2679762277684542
0.035125441026557375 0.006506307793706978 0.25977251605661644
0.035103598822236765 0.006604477268071063 0.2597915927810078
0.03508532078610614 0.006684145417928222 0.259783554802808
0.03506932310510984 0.006770878827515925 0.2598145081542265
0.03487968964406293 0.007409663124426258 0.2597082081825798
0.03448358453864933 0.008625280898099386 0.25986696337681053
0.03445473638996087 0.008705176041840512 0.25988796210114895
0.034431222544870965 0.008782794943594685 0.2599042518948725
0.034315030076453854 0.009079993213810644 0.2600156063104286
0.034292548727050925 0.009138480202654176 0.2600372880946042
0.03425554538061651 0.00923154269138482 0.26008474272708515
0.03423042458986447 0.009299453372122346 0.2601190835033396
0.03410964455335787 0.009571692438479107 0.26014206019001707
0.030760154737990084 0.01852000874891918 0.2636670349846588
0.030738558788873035 0.018557768873922187 0.26369442259757947
0.030697032842780636 0.01863915311335096 0.263757305913918
0.03067845668736069 0.018672033942342015 0.26381076160149824
0.030620770206725767 0.018745703946498604 0.26386042738790616
0.03059239057734897 0.018771359240577712 0.2638884100222023
0.030985184431800664 0.018145503715130906 0.26330084793427233
0.030952784133401898 0.01820886033085195 0.2633551228862119
0.03091702474767201 0.018271463199579452 0.2633700645380386
0.030876293335521138 0.01832716533340556 0.2634297486720393
0.030842415321436334 0.01837262401553258 0.26349169862426647
0.030809828730244265 0.01842636016949617 0.2635319384270951
0.030596980387854467 0.01877040492852866 0.26376357840750464
0.03055087422634864 0.018814715489407163 0.2638119395103232
0.03049221342866104 0.018862467965685636 0.263880115138842
0.03043927439174847 0.01889879428770308 0.2639188421281319
0.03225306334935185 0.014286018650894683 0.26186541400466545
0.03221285440944649 0.01434591078807923 0.2619080055878147
0.03108555788453754 0.017924932771764435 0.2630874470860357
0.031062833457748934 0.017971171963005184 0.26310446789743036
0.03102051832704328 0.01805921061248994 0.2631532833704923
0.030986772145221428 0.01813728439109452 0.26318774932915945
0.03097401322550436 0.018175506827696863 0.26322472548103915
0.03093549330595019 0.018256026321735064 0.2632492187919093
0.030894207301632365 0.018305713786735567 0.26331478149601223
0.030457583165203167 0.018885223035570387 0.26378647604739314
0.030403053537382443 0.01892024819371574 0.2638321975268817
0.03035207015150726 0.018956165622484922 0.26390663941411807
0.030309331541176737 0.018984725972822747 0.2639614565115932
0.032809081286527 0.013124498465790946 0.261108062135495
0.03277728493830853 0.013203684619623957 0.26114756952950036
0.03275793557215129 0.013264667700747856 0.26116649653523166
0.03272461799514395 0.013343105170176561 0.26119899942821023
0.03270597853575452 0.01339402655474986 0.26121286685936396
0.03233452481548171 0.014159878625871813 0.2616539148197422
0.03229608443639184 0.014222915054121099 0.2616957809882915
0.032257202183129774 0.014288191876095424 0.2617026416146628
0.032069649075848 0.014558503581499294 0.26196848076879664
0.032050413835588334 0.01457236706823789 0.26202625372412697
0.031249525423591606 0.017495523069765873 0.2627650181956334
0.031219399700297343 0.017573946219696435 0.26279375312300357
0.031196354170816898 0.017644674541581307 0.26281904612113194
0.03117762280854311 0.017716971630248934 0.26286460274016304
0.031154568246371014 0.017775628909419583 0.26289415255003296
0.031117175041754597 0.017841582455024596 0.2629257532204474
0.03108978125254365 0.017902597491969652 0.2629800808467462
0.03027024408764091 0.018998948650010672 0.2638817405782443
0.03021236138347791 0.019032419017962154 0.26395142141512196
0.03321226120694096 0.011605530371787964 0.26059566812403895
0.0331747931943944 0.011752452914814804 0.2606441633989256
0.03314771586170813 0.011848917973751205 0.26066119919239084
0.03312743400099055 0.011916408646410137 0.2606702348733217
0.03311359996549437 0.011983435336627324 0.26070821162489977
0.033091757224294055 0.012062796107540574 0.2607002035791387
0.033070465895609455 0.012150110133817227 0.2607554107710451
0.03304864757002764 0.012235522711287805 0.2607712007323701
0.03303246190034015 0.012309400296843853 0.26076977670667556
0.03301400346993827 0.012401632460817713 0.26082605226598676
0.03298909322868322 0.012490297361864688 0.2607910086916407
0.03297032233272856 0.012574381781176702 0.26084151817583934
0.03295588300358063 0.012636485040268874 0.260872567579761
0.032935914219620166 0.01272318923346738 0.26087681440786314
0.03291499981137247 0.012813650413876387 0.26088234569764535
0.03289866394511032 0.012867172966167517 0.26090449759530016
0.032860369974622966 0.012975606238470327 0.26093380339305455
0.03283326064985054 0.013051626503032043 0.2609476606397633
0.032811206761186124 0.013109831337462408 0.26098669293592575
0.03279166975305059 0.013161360781030196 0.26103590021951983
0.032763425266846696 0.013241471916625391 0.261052020292495
0.03274265271602214 0.013303689478335767 0.26107363400682315
0.032705437997867084 0.013400547077186298 0.2611110246112252
0.03268669201328875 0.013455067459878456 0.26112425144505996
0.03266182368649492 0.013518900822767133 0.2611516358184286
0.03263077406310606 0.013596557514147845 0.26119663655810266
0.0326079237227755 0.013648722705960459 0.261210372744252
0.0325630568241814 0.013736897064466347 0.2612708015098577
0.03254351214620246 0.013782355321773465 0.2613143027581766
0.03252104308850734 0.013835397947725536 0.26134469194504295
0.03248685086716105 0.013906090704666418 0.2613529432004323
0.03244280280255327 0.013989736802230424 0.26139680831717227
0.03242128095832031 0.014032961939806465 0.26144483881375885
0.03237967475845091 0.014112328040667421 0.26148127208518146
0.03235437555452933 0.014149974927051112 0.26150534161418704
0.03231537341069428 0.01421494599654749 0.2615714604791558
0.03199355527723438 0.01462490703609054 0.26194598257040436
0.03132367857322958 0.017260011775174833 0.262547852309457
0.031277488067306486 0.017410943638432708 0.2625955612888641
0.031256702708303635 0.0174826094417167 0.2626486803926854
0.030119934206443683 0.019064089810340246 0.26392707686222744
0.03323093409283813 0.01149512356559923 0.26045711287592666
0.03322107381456098 0.011549838704650484 0.2604793662480507
0.03319434992880663 0.011653545632347162 0.260497221621973
0.0331141226295326 0.011954853679372157 0.26062755142535343
0.03291295477621896 0.012796150392114736 0.2607703539744264
0.03289909781096667 0.012858451774502233 0.2608098308393805
0.03251378234430695 0.013837360545560728 0.26124121389421384
0.032367317161925924 0.014124662079583294 0.26139106015308744
0.03194185401712947 0.01464660274189522 0.261848267816896
0.03191253199684248 0.014665336572631915 0.2618978271178618
0.03147186070860451 0.01674035930276685 0.2622373023045045
0.031410635886835736 0.016951375421912884 0.26234080804762966
0.031397670085687335 0.017006522577375005 0.2623436483548356
0.030000058956241013 0.019100227443172524 0.26396072047205343
0.03185773237677583 0.014691150146217247 0.2618250387124712
0.03153586952543694 0.016546246152906396 0.262077046697055
0.03150958817709772 0.016633266538039093 0.26209118448333235
0.03148010335797602 0.016717840445435228 0.26212250682725985
0.031463985871340416 0.016783156864388193 0.262146347369194
0.03179868061270977 0.014717042882681386 0.2617583170940924
0.03161707745691966 0.01616428806267406 0.26182242162509556
0.03159833110826016 0.016243671020281458 0.26184510088552093
0.0315954180580673 0.016309714923236462 0.26188386953936704
0.03158693116194283 0.016372632829576128 0.2619041404558734
0.03156584311655897 0.016451096258260467 0.26194281567275696
0.03154322265039773 0.016525383381501113 0.2619751487244422
0.03162860178950948 0.016112756975777742 0.26172464395002787
0.029020238041650437 0.019959436074086567 0.26546614942992347
0.029001798699449965 0.019784779904393923 0.26540133527832444
0.02899163581966277 0.019661702061621766 0.2653850082947392
0.029038167970189266 0.02012202993419865 0.2655902701611348
0.028970560500001116 0.019550259185378283 0.2654084012281965
0.02914806065217143 0.020779801929650732 0.2666630581905916
0.028918835843417423 0.019426989710041753 0.26541406776607734
0.029072699483804282 0.020477903093360672 0.2659045672216611
0.0381696365590249 -0.004611768087251555 0.26516968821642867
0.03820820141435319 -0.0044940705890716415 0.26516530394275045
0.03826675405421015 -0.004259558634471028 0.2649925725804702
0.038247843143642046 -0.004342695261071394 0.26508264652220137
0.03823367089493274 -0.004414692062596537 0.26517454723186495
0.0383437095045696 -0.003954267750419738 0.2647525845693631
0.0383280279126002 -0.004038029088504647 0.2648693902195497
0.03830183599607222 -0.004155973672214042 0.26497843448479197
0.038290849230422384 -0.00421567595441058 0.26508704228552965
0.038387533101483996 -0.0037360045686874455 0.26462343052198717
0.03837471951693502 -0.0038232522898336563 0.2647276732080894
0.038358114364319656 -0.003906878565522187 0.2648384450705865
0.03834731240605771 -0.003975926462086332 0.26491680604606394
0.03832477185071214 -0.004082688606992624 0.26503870833307985
0.03839548663097632 -0.0036915108285134335 0.26470514540651835
0.03838329312197574 -0.00377916253652405 0.26481674497381624
0.03837225684860433 -0.0038547592685589382 0.26490844804996816
0.03840981804560968 -0.003564674194577677 0.26469036802696555
0.03840334384437523 -0.003640696499234375 0.2647921715033947
0.038422547636026476 -0.0034676373982373554 0.26469433374049955
0.03841883887919635 -0.003509836773563535 0.26477851252491025
0.0384334574304952 -0.0031819301889523532 0.2645192988849787
0.038431676306896805 -0.003232520340781919 0.2645806795247325
0.0384320909378558 -0.003316847182249505 0.2647044229204725
0.038428743283948436 -0.003405830239517793 0.26474843146205823
0.036996646910699815 0.0011448713561377222 0.26145283792960816
0.03843064154753742 -0.003125069146314552 0.26457761671872887
0.03843416342398594 -0.0032016654587749827 0.26472421543872243
0.03703158757780318 0.0012474295891952147 0.26140451291730094
0.037021319411118345 0.0011929862936691515 0.26149592182346004
0.03700075024352199 0.0011233245838873085 0.26157777085787504
0.03674097343822276 -0.00043551408308101225 0.2634607254185569
0.03680729616025674 -0.0004978416613937164 0.26347592158332583
0.03691482871293342 -0.0005977709805938813 0.2635020560084971
0.03696930488966501 -0.0006474925240907425 0.2635059897956031
0.03702262593974864 -0.0006960871213812503 0.263512098938927
0.03841890998947134 -0.0029719240426198668 0.26463423207671294
0.03705843011737848 0.0013673062325315621 0.2614123570139056
0.03705341636796283 0.0013086994542898522 0.26150221846704835
0.03703305210190047 0.0012312312170987272 0.2615969515631354
0.03733424680620033 -0.0010434360347042482 0.263676253298617
0.03705578311174956 0.0015187721090521578 0.2614152377275425
0.037826106466762696 -0.0015070676524109317 0.26389664391314993
0.037883007383508444 -0.001573098018044894 0.26392333877572177
0.0383923620519291 -0.0027145868268412254 0.2646238979397122
0.029080348490995334 0.02051825061379059 0.26600040080754916
0.03704758448547884 0.0016388520175921184 0.26144531048086334
0.03788100497382586 -0.001548814340527671 0.26400089313834374
0.03791681340826867 -0.001587575616131598 0.26403507036813656
0.037973224623434644 -0.0016532397783584618 0.2640416072177253
0.038024483057004795 -0.0017113190308567505 0.2640895705236703
0.03806472542631803 -0.0017728310891618748 0.26413156397429205
0.03832453098919238 -0.0023898038026853308 0.2645040991394336
0.03834581784237152 -0.002473910348972763 0.26455765214544946
0.0383626896233073 -0.002548570667596395 0.2646430382100682
0.03699814446978473 0.001965666461171911 0.261247084198005
0.037015426976714644 0.0018659043162618238 0.2613189379264897
0.037030744338415314 0.0018057750532042283 0.2613877832201174
0.03704098489933016 0.0017403248447689368 0.26145565151115174
0.038215389654280445 -0.002074269547649943 0.2644021901765653
0.038247039544428776 -0.002149426613527905 0.26444184028125894
0.03827138343351177 -0.002220341842703699 0.2645054480813723
0.03829830016873969 -0.0022959415559283824 0.26454825323088743
0.03692726806961009 0.0023693613653678613 0.26104690840345307
0.036944694592504455 0.002279003767929777 0.26110701014290405
0.0369577510298992 0.0021931874671027307 0.26117025339119915
0.036970587481106876 0.002137183927778896 0.26122979260687756
0.036988427331302094 0.002059260989306144 0.2612815469564994
0.03700309077111315 0.0019860835506117502 0.2613421479127545
0.036816005293768425 0.0027632463446967126 0.2609058362985878
0.03685057124682942 0.0026818489359243802 0.2609427687576737
0.036874992407676305 0.0026054992948046918 0.26098104040780523
0.03689320114786862 0.0025351519320397364 0.26103922779503497
0.03691932610059579 0.0024426116700208556 0.26108059841082054
0.03673620259701649 0.002969650684031655 0.2608299009609983
0.03675342076569599 0.0029363129498276574 0.26090292794262476
0.03678333712439252 0.0028570038293983524 0.2609289846845369
0.03681428039225269 0.002787108295855323 0.26096993719563044
0.03642729482760161 0.0037006787558012677 0.26051204997975097
0.036467755206399444 0.003608535261741319 0.26054292442792354
0.03648907495846665 0.003572514424718065 0.2605888772969519
0.036527334182425264 0.003490846888226984 0.26062674151839604
0.03654936111901824 0.003441736459573186 0.2606496939030601
0.03658906504978238 0.003357970596595039 0.260697345910168
0.03661340519267006 0.003298044081355145 0.26073434863460015
0.036636746081669946 0.0032414182706467787 0.26080175388263255
0.0367055922597439 0.0030689931089213918 0.26088798327129215
0.03628037703135008 0.004052505137727425 0.2604106986856036
0.03630284814006757 0.0039992551377526775 0.26044867575863057
0.03612149089564154 0.004448974584169485 0.2602761538944838
0.03616206276586793 0.004366824168909378 0.26031396717150285
0.03618975607189895 0.0042951318153997 0.2603766165438006
0.03608779726370566 0.00452160857045264 0.26034282729325414
0.03610879884337638 0.004485501714873996 0.26036970283104527
0.03522969082317576 0.00589358769263848 0.2598024708801273
0.035997987425138864 0.004682348336178699 0.26037127578022484
0.03521280495654308 0.006072648477372211 0.2597796187669078
0.03522334515936726 0.006001618787822183 0.2598180447532562
0.03519994760806483 0.006185520516001741 0.2598191655858156
0.035163916142124274 0.006349081693825642 0.2597898600151674
0.0351813457649352 0.00628347354522335 0.259856019053746
0.03511789222854206 0.006538673519786986 0.25977658869996423
0.03513807081075934 0.006463407504380125 0.2598395707382329
0.035082327159436016 0.006697174110242732 0.25977558183122057
0.035096607897369736 0.006640394109931114 0.25980527010312515
0.03484341255648739 0.007530973095467575 0.2597106975485634
0.03479690961850887 0.007702473544646482 0.25971276113543834
0.03481958654799472 0.0076127331995010095 0.2597572905170001
0.034745856233922526 0.007866279937770948 0.25973823107053545
0.03468884245986381 0.00804109214410953 0.25973876901347726
0.0347132920931084 0.007974534638757524 0.25979130585783927
0.034666012649703454 0.008132178294111225 0.2597894606591983
0.034601289259130974 0.008293186408325992 0.25980688341643715
0.03461613379320541 0.008247071447934906 0.2598384450963075
0.03456889540231345 0.008390892391404503 0.2598417257586538
0.0344788255890939 0.008639740130956808 0.259858628343259
0.034503048836184436 0.008559890391788838 0.25988376840004485
0.03442488765991461 0.008791533569057208 0.25987643835576624
0.03444983371999888 0.008724202648953516 0.2599059093836455
0.034214989141837626 0.009325428622572796 0.26006811957091436
0.03417675336490933 0.009419246394069047 0.2601540811490418
0.03420679859889689 0.009361206026782087 0.26017483826540777
0.03411041246025742 0.009570449647244295 0.26017787597409253
0.03412958305427505 0.00952806205448642 0.2602023196952741
0.0340144595537811 0.00973703722372915 0.26025046615593317
0.03404961291831188 0.009685128718069203 0.26025537371156887
0.03333449127604958 0.010921492762749285 0.26046915284382993
0.03329195569847093 0.01120505057174026 0.2604079353406113
0.0333067783077482 0.011114010284108022 0.2604289714805152
0.033321926251628456 0.011037499116178628 0.26050510060489135
0.03327341281069218 0.011303303785570928 0.2604277681060454
0.03329407189562229 0.01121975909721451 0.260467723644551
0.03324998143142696 0.01142242430917978 0.2604757289256889
0.03326921147865369 0.011354562406240165 0.2605123957269276
0.03321154453570338 0.011591532764194057 0.2604903345270056
0.033236484590533605 0.01151095177469541 0.2605413641291644
0.0331898170575419 0.01168035300534831 0.26054339469996085
0.033210774406208635 0.011613123868453368 0.2605641262529471
0.033160195153839736 0.011787775913099319 0.26059031000995003
0.033129540150194425 0.011897530727360273 0.26062739258804324
0.033082717312766796 0.012071226170905336 0.2606538861209696
0.033112043081015244 0.011978742960775612 0.26066801538353834
0.0330568747273713 0.01217806597380866 0.2607041697156666
0.033081685382419956 0.012100128204366067 0.2607182961479964
0.03303603185931418 0.01227151328399162 0.2607287670462275
0.03299525616043461 0.012449682524092065 0.2607428331353394
0.03301883729034008 0.012368830066476988 0.2607689095367394
0.03296264807183426 0.01258806330515666 0.26077422782421805
0.03297481297713743 0.012540411633848114 0.2607765657293629
0.032993023229451204 0.012485785040578568 0.26083358461148487
0.03293267246747657 0.01272179358540565 0.2608001289378605
0.03295599586171602 0.012632178462334887 0.2608471488219326
0.032906340965998204 0.012842603107986683 0.26085823535130725
0.032925883383384424 0.012766068988098955 0.2609020733224706
0.03285531872853069 0.012983223106259545 0.26087552087905597
0.032876000520502685 0.012928654003332263 0.26091276794318913
0.03290363526671772 0.012842997904593978 0.260945128779868
0.03284707105707084 0.013019336452365526 0.2609724045962045
0.03287115934302513 0.012950365383007534 0.26100433251927196
0.03280640924515317 0.01312610401277542 0.26102787728584254
0.03265096959655092 0.013537857688396715 0.2610877222785721
0.0326781225572957 0.013465511131492913 0.2610772483095561
0.03261464050940341 0.0136312508705278 0.26115299315690593
0.03264587975858779 0.01355740989782317 0.26117587634856354
0.032670863010044196 0.013495155387218127 0.26120470785834
0.032563107056558654 0.013733226268206278 0.26122128125913613
0.03259929262413207 0.013656649887469674 0.2612801675114593
0.0324916135680717 0.013891410668703363 0.26127647399274606
0.03252758053641157 0.013817886555142378 0.26130446937296337
0.032555043449399176 0.013753603690247307 0.26133918041142545
0.03245186383432064 0.013971780488642616 0.2613553353572388
0.032473783514459384 0.013931515380716408 0.26139092378943674
0.0323540865719964 0.014148339318671821 0.26143158253627574
0.0323953720271947 0.014085451493019652 0.2614330517788726
0.032427379591918645 0.014012014612119705 0.2614830569708444
0.032308320229432946 0.014226505450245563 0.26151233471434643
0.032333301726136715 0.014185816656905936 0.2615256142745425
0.03237778679282209 0.014107005643792525 0.2615400199419704
0.03228037587218055 0.014256272034976925 0.26162155833784967
0.03231645394946685 0.014196393009635544 0.2616343789916351
0.029128541083426523 0.02071847088272155 0.26645751268974427
0.03164668532116188 0.016041407538658736 0.26178011695522657
0.0316066327535109 0.016207049896784342 0.26177929450817095
0.03158822269920501 0.016300488914445466 0.261832353086921
0.031601140541260495 0.016236077165635077 0.2618660283162717
0.03156970444940767 0.01641844892228933 0.2618791659684166
0.03159404143398978 0.01633819312342416 0.26190594726842187
0.03154447234496528 0.01650970373585675 0.2619442791929272
0.03156186145797049 0.016459023672246664 0.2619982064680426
0.03153409857865516 0.016556599988895915 0.26203381093491535
0.03155311803058729 0.016473058695111897 0.2620339479790734
0.03150074684477577 0.016659658458827276 0.26211335035484434
0.03147726207681863 0.016749519305177984 0.26217359137547935
0.031407450886437885 0.016969552875628235 0.2622977771221354
0.03142466840225035 0.016874385908059286 0.26232151537887394
0.03140507980687959 0.01699446451781733 0.26239314238711786
0.03137938561694936 0.01708279736074403 0.262456459876521
0.03139093801729127 0.01703512923261885 0.2624815370575304
0.03134605834661375 0.017182554235014913 0.2625146867774147
0.03131685352610693 0.017300021849640412 0.2626120961346313
0.029140457762176206 0.02074831992085202 0.266560705450102
0.031259687040261025 0.01747245907716638 0.26263326751293303
0.031218076836560887 0.017580548501076543 0.26272410237345906
0.031243493658965935 0.017513782762301866 0.2627431383568774
0.029054346837106726 0.022203383825259104 0.2679276189717176
0.028993528653226783 0.022277400304072936 0.26790157427410854
0.031184050736821137 0.017682937672828636 0.26278802517177413
0.031205694057566846 0.017612612095861235 0.2628250002281135
0.03114473386140504 0.01778481903710849 0.26284843859346163
0.031178959112436275 0.017707721428329215 0.2629066745532492
0.031131793169836983 0.017816506401449217 0.2629858707550647
0.031055019791526056 0.017981152430754765 0.2630450697982717
0.03109101683751045 0.01791036416742181 0.26304424897265155
0.031045519501887595 0.01800561885140073 0.2631498501650279
0.030962803886385545 0.018173329159026474 0.26316030849511396
0.03100185955412174 0.018104569080902133 0.2632148625726336
0.029280143171690726 0.02116767589477353 0.2672096998094035
0.029254148682510223 0.021109769488451835 0.2671110377050313
0.03091193215649747 0.018286199453626584 0.2632640433947143
0.030967879645946134 0.01819437415205477 0.26329477376919364
0.03085646909307918 0.01835335432435009 0.2633894033741111
0.03089075723872417 0.018307862337739234 0.263408217337607
0.03083295455440853 0.018390850879008935 0.2635284784493756
0.029178262050715525 0.020882641001738145 0.26686148318165415
0.030773308937142516 0.018491941835656833 0.26360597287836873
0.030815306565022946 0.018422662331446016 0.2635988132939726
0.029183218915342257 0.020895089766461816 0.26668364096043007
0.03512763404074892 0.006502929105692168 0.25981137728222825
0.03515503100001635 0.00639548285760938 0.25985197421925343
0.03514922593923042 0.006411389328570549 0.2598026626551855
0.035108735274260616 0.006577203787488106 0.2597757084391109
0.03511212005447878 0.00657782777631466 0.25984998719247154
0.03517387363960481 0.006316177714658866 0.25982317675868943
0.035087747548761525 0.006681274675321758 0.25981283699124913
0.035190169963453435 0.006236200690837301 0.25980512059936167
0.03505693392538045 0.006803695681560917 0.2597658030732162
0.03521155540698134 0.006113765870940924 0.2598607663600453
0.03520551152189069 0.006132242548786693 0.2597738998628856
0.029003588973411487 0.022266283843513646 0.267933125611044
0.029088935149129747 0.022145396448818577 0.26794327532010864
0.02907094040051479 0.022174028841920657 0.26786462563550956
0.029137747656493435 0.022058385054167684 0.2678761515499093
0.029203557409500702 0.021915888152888308 0.267798310018996
0.029231206741086993 0.021840712043956212 0.26772322958473616
0.029266165343789924 0.021727112130913107 0.26765491530399144
0.029289069037020887 0.021620834016040813 0.26761577237441825
0.029301105409843597 0.021527866079068647 0.2675737621967894
0.035217742608101635 0.006046099294665264 0.2598089385229552
0.029310548371746445 0.021428661978983132 0.2676222755392502
0.029308766004900344 0.021439273698898087 0.2675358979173284
0.029310534740697586 0.021338032527857265 0.26759229216047403
0.029311740922558116 0.02135953866508966 0.26750300495989826
0.029305422883063995 0.021365333974187717 0.2674138210663445
0.029306601240223815 0.021271465171416037 0.2675617877029238
0.02930730304408681 0.021277611296379118 0.26748736721099264
0.029303515156826304 0.02127895925657547 0.2673893242025045
0.02929113748559231 0.021196136449658787 0.26737175014750086
0.02928747177703893 0.021197969323603683 0.26726594577115514
0.03522416524165607 0.005974156533908148 0.25978689904127206
0.029268999607942145 0.021123272059702602 0.2672394861522132
0.02926916036794182 0.02114842168526143 0.26715706812087014
0.029243115340243153 0.02106267475329171 0.26717142566557495
0.029237396106353758 0.021063596738067458 0.26708117296806516
0.029213950693160934 0.020991820538206696 0.26703249748929214
0.029223728247148306 0.02101395906855663 0.266957986832927
0.029191804002228566 0.020926788540879593 0.2669395218338527
0.02919570308933339 0.020928279597937305 0.26683651369209394
0.029184885922525786 0.020900731806425987 0.2667597234096026
0.02916942306899556 0.020845337613953907 0.2667090185281702
0.02917120778395224 0.020856748053863117 0.2666424823999871
0.02915152247826225 0.02078940617081443 0.266596308885638
0.029146641442703458 0.020793273303711335 0.2665171213192211
0.029131076392483593 0.02071678369388058 0.2665189518108464
0.029128282210246423 0.02073251287389355 0.26639793872253875
0.0291253532287412 0.020726905315610444 0.2663411508148696
0.03500777321256582 0.0069639074917077215 0.2598109813102894
0.029115800841158015 0.020662049803236937 0.2663898049411719
0.029111288377330596 0.020653222333962773 0.2662960511078827
0.029103391840971993 0.020632314195099477 0.2661988373504056
0.029093946118775887 0.020553814662780223 0.2661794798516559
0.029089368701959925 0.020546795815151953 0.26608744635811543
0.02907485308779531 0.02050722442778996 0.2659398875605205
0.02907455592530714 0.02043413495410412 0.2659459357859457
0.029062351342090093 0.020353706921751702 0.265899968154286
0.029057475327077184 0.020343481207046932 0.265803556871044
0.029050400135803428 0.02026665892794305 0.2657748615403833
0.029044618502842484 0.02017314015442312 0.26567397039002993
0.02902885056851759 0.020024546296407653 0.26552559428781936
0.035069155065375154 0.0054400200900796 0.25973815068208345
0.029020409187397206 0.019865205238388473 0.2654732958355084
0.02901828847298521 0.01976901988412194 0.26547294257215537
0.02900657175609153 0.019689602855702093 0.2654336620293614
0.035232544575268615 0.005857183714705061 0.2598598456994265
0.028987938602360666 0.019616668016585792 0.2654040609867254
0.028960037074852923 0.019501753513545717 0.26542676828629574
0.03522188133012219 0.005764670044371034 0.25982216489656507
0.035215830060312786 0.005786662263570608 0.2597511066350583
0.03499002577342754 0.007031227098259818 0.25986106220462746
0.03738995633435276 -0.005705914616419616 0.2652449225042556
0.03739971979013442 -0.005720041184423985 0.26533478590619214
0.03746859888809676 -0.005636103332886 0.26520904265570494
0.037477539070279224 -0.005651453402877538 0.26530014196357166
0.03754340398392067 -0.005565611977522644 0.26517581324466877
0.03755238995481095 -0.005581302488189721 0.26526708891449463
0.03755897648514881 -0.00559462561227847 0.26535978735128096
0.03762433511406411 -0.005508283754421528 0.265235474223623
0.037631831779886285 -0.005523081889248882 0.26532752043596863
0.03768999457264831 -0.00543533131363888 0.2652090496842269
0.03769874446432425 -0.0054507101344826725 0.2653003572297263
0.037703330607194524 -0.005464783266752649 0.26539477861100025
0.037759032468316966 -0.00537823605110177 0.26527856350556817
0.03776421413005338 -0.005392351116691507 0.2653726761816806
0.037819601740119516 -0.005318539139916756 0.265353985485178
0.03787230110577431 -0.005244446640027767 0.2653380719902827
0.03792271064610259 -0.0051697368775647234 0.2653232102495833
0.03797133396000358 -0.005094383416640036 0.265309370442072
0.03801450298923148 -0.005018393855359127 0.2652996902565437
0.03801481015555157 -0.005030548353082809 0.2653943407691357
0.03805147586002657 -0.004942015075092343 0.2652940445014903
0.03811701038725894 -0.004788418765319602 0.26529280948544154
0.03814621657957133 -0.004711856715953533 0.2652948882897791
0.038175984408446634 -0.004612502748800984 0.26523020087774946
0.03819103257951947 -0.00453746873175781 0.2651371870275242
0.03819891812987297 -0.004538397811142458 0.2652151586858823
0.03821531987184435 -0.00445470660624725 0.26512125677917375
0.03822533016588134 -0.004452194967995815 0.2652172820528604
0.038243881803583936 -0.0043709986804578715 0.2651362076726369
0.038262911973875866 -0.004286927551271136 0.2650453142908321
0.038268464976873716 -0.004293441697763856 0.2651182520989509
0.038284510484422066 -0.004205602071593817 0.2649678017325112
0.038289725726448565 -0.004205946429472751 0.2650249187402082
0.03831535219269246 -0.004106154047309574 0.26496668329747747
0.03831100140914395 -0.0041364568402884605 0.26505310790693676
0.0383366390353165 -0.004031556585238738 0.2649767728506734
0.038355283832960156 -0.0039573357601733194 0.2649671753537376
0.038362324122261905 -0.0039096303657171205 0.2649193639715538
0.03841631408905314 -0.0029270140172608095 0.26466952745634365
0.0384109272591381 -0.0028518882106011723 0.264672358204867
0.0383977667921884 -0.00274929727800155 0.2646259038965846
0.03837570477119639 -0.002630428764714199 0.26459355036851406
0.038380297183701985 -0.002634738790885327 0.2646598725572731
0.03835341442625921 -0.002532809402569003 0.26452686789137847
0.03836294428786904 -0.0025637356433324543 0.26458883981381065
0.03834218846330734 -0.002448522355439131 0.2645681146638818
0.038351505831801934 -0.002485659892174086 0.26464368731971444
0.038313195580055436 -0.002354811383203703 0.26448064440263025
0.03520856087559446 0.005692359153687598 0.25981975824334186
0.035195398060978156 0.005690799555042314 0.2597485799540716
0.03820067192512859 -0.002039724441458113 0.2642942863235905
0.03814044102295403 -0.001915193640524504 0.2641837020745219
0.038152291313471524 -0.0019426562769946365 0.26425424275153003
0.036193322838291575 8.534286942929459e-05 0.2618894665414089
0.03620253634798609 7.144804615200062e-05 0.2619816965344979
0.03620316563922436 6.106973587899356e-05 0.2620796325445678
0.036189575628768705 5.525076972884291e-05 0.2621894496295262
0.03616338656014781 5.491640119659191e-05 0.2623181566991939
0.03627841748151822 0.0001530268181775818 0.2618488392737679
0.03629052062003629 0.00013793249503341043 0.26193900039147855
0.03629375679477982 0.0001254459973560329 0.2620357389858904
0.03628311873387295 0.00011849989428036611 0.26214259177393173
0.03625865742199147 0.000116824656470782 0.2622707505496723
0.03621885014400064 0.00010123954470891983 0.2623557071804337
0.036372694266368355 0.00020600316083857484 0.26190074099779115
0.03637971400158711 0.0001932341745442545 0.2619940433922217
0.036372932956367815 0.00018415821277584232 0.26209789440879694
0.0363494936182398 0.00018038522794444622 0.2622136930742192
0.036331544719995 0.00018753530572268584 0.262323909780029
0.03644980472073417 0.0002754792900810932 0.2618668522401718
0.03645943076501186 0.0002626950118747584 0.2619573958451492
0.03645715987318246 0.00025177972657469683 0.26205777562198257
0.03643606772954956 0.00024530842301906386 0.2621730146857034
0.036407613000309536 0.00024516118534206877 0.26228777060975506
0.03652053067918845 0.0003461960820023702 0.2618377712645851
0.036531613418897865 0.00033225786007995417 0.2619274793743086
0.036531704010567934 0.00032113281924117665 0.2620253674653079
0.03651624516561888 0.00031295059909253187 0.2621384098701226
0.03648720065265887 0.0003128123278837158 0.2622722671808978
0.03659688660966984 0.00040344793927793443 0.26190258014760914
0.0365972299577005 0.0003920738853340211 0.2620000693568018
0.03658580566720511 0.0003829367244063686 0.2621087642383596
0.03656735786663673 0.0003869845571233821 0.26224278774303134
0.03664704263941425 0.0004867823556254369 0.2617927160086361
0.03665590038664113 0.00047458594877641813 0.2618834349045401
0.036655890025037455 0.00046348145401436946 0.26198081674827245
0.0366461138298111 0.00045407816399195555 0.2620852711160301
0.036703539337840874 0.0005586602720440981 0.26177560832620395
0.036711566870715084 0.0005461338776363012 0.26186738625579
0.036710854568680895 0.0005349431041893893 0.2619651846755905
0.03675601377919542 0.0006317865761913399 0.26176182038414203
0.03676291403320653 0.0006188864896584656 0.26185443747793163
0.03680527095689895 0.0007053701367766285 0.26174962452598166
0.03681097793991671 0.0006927760558595453 0.26184260913153923
0.03685071589253359 0.0007799899230999108 0.2617396067510677
0.036854611290780874 0.0007678399748525799 0.26183369222300723
0.0368922125159575 0.0008562697312504142 0.26173200064740415
0.036894546971166585 0.0008428526792955693 0.26182522141995895
0.03693309933730329 0.0009400529877366393 0.2617349194952606
0.036927345540770866 0.000913843686879634 0.2618156588275222
0.03696691602838486 0.001039956215762472 0.2616290236420165
0.036959982282712564 0.0010118660420516679 0.2617046677866137
0.03699152486568848 0.0011184633664335086 0.26150879261515536
0.03699311606045224 0.0011017603101788898 0.2616336094498011
0.03698664327949309 0.0010884164907532523 0.2617051951899299
0.03701502740183721 0.0012001128785764092 0.26142732416382963
0.0370201304339627 0.0011827895905956454 0.2615562441815021
0.03701595896257592 0.0011770983572373384 0.2616304669845301
0.034955985312864465 0.007135628877481315 0.2597900859061889
0.037045898704822396 0.001277741569502 0.26145314950017146
0.03704257153204846 0.0012676898358286448 0.2615456384247597
0.034103784019329286 0.009584142926502948 0.26020901906761273
0.03705963635601527 0.0014386010988993725 0.26138742839745877
0.03415952274959676 0.009463146772840325 0.2601977291231035
0.03413867709539295 0.009497008568200072 0.26014904928317123
0.037048652044444 0.0016039026132116385 0.26141586489628255
0.03419483539990606 0.009384630557841556 0.2601500434773556
0.03417944210118036 0.009402845015426653 0.2600962313143325
0.03703622807355739 0.001721561465238608 0.26139112791006525
0.03704644760591645 0.0016950261796664923 0.2614787997092824
0.03489167817409203 0.007374396358098612 0.2597603493528825
0.03424452846157025 0.009265521961832557 0.26011777862838315
0.0370233717726414 0.001809288107251561 0.2613416699126545
0.03703536402419362 0.0017861935055656364 0.2614223230680527
0.03701848441897751 0.0018935728602770818 0.26137404562394556
0.03427583208202792 0.009176495596350087 0.26010491446905465
0.03426758174477751 0.009194219012294391 0.26003053983586216
0.0369905589548757 0.0020211531029131202 0.2612338043541866
0.03699728206802441 0.0020206223606611395 0.2613177559680022
0.03700480243694797 0.001974367977018332 0.2613760864518428
0.034316052043645656 0.009078327792723884 0.26006910667076066
0.03430581002479258 0.009106474301572964 0.259989766915345
0.036968782474094096 0.002119478288148402 0.2611993287188302
0.036977800078939804 0.002103805249859869 0.26125061220324436
0.03696133462436468 0.0022052647988142215 0.26122055917624853
0.03696860594918664 0.0021609901903288375 0.26126142273799735
0.03435718612750435 0.008961087796872602 0.26010890867847264
0.03434223147297552 0.008986879067241327 0.2600352581687616
0.036931576738483116 0.002329552289174086 0.26106224834886166
0.03695053447835834 0.0022823818223201564 0.2611577281454451
0.03692838605460417 0.0023926410475503257 0.2610696653497999
0.03438060608131291 0.008878371291096476 0.2600661662834089
0.03690104032964936 0.002499284992374007 0.2610248697600711
0.03685745934283535 0.002644270353807876 0.2609234875310652
0.0368765388558145 0.002601269702371234 0.2610202334677266
0.034429953876610936 0.008778796590561688 0.25997211680593757
0.0344276570876168 0.00879181413713126 0.2599216312551173
0.03684668842315969 0.0027021480180488 0.2609791202630793
0.03445406850632857 0.00870598222863489 0.25995015204482397
0.034444196580130954 0.00873617838679741 0.2598719578762091
0.036797622197616134 0.002812544044787646 0.260894506080514
0.03675621194349396 0.002913542093518573 0.2608542664842675
0.03676878798675373 0.0028960250054475 0.26093502840141564
0.03449172526416776 0.008597599377385634 0.2599126786269904
0.03672147918416779 0.0030182904184433146 0.26084574683902534
0.03668288499962788 0.0031081670424968344 0.26080282339009064
0.03669027492219222 0.0031041399086792487 0.2608696117433995
0.03451879473454135 0.008514879098797445 0.25986991587001673
0.03664480440089596 0.0032135514733801496 0.2607352328972118
0.03665243069862778 0.0031960550134689236 0.260830342381878
0.03657865560229237 0.00335765973071922 0.26064655606703613
0.036603734606809185 0.0033173177969815226 0.26069868992661654
0.03456402536472192 0.008408854375665686 0.25989191505587206
0.03455310394226556 0.008430079500887366 0.25984720458516486
0.036539365091514925 0.0034426405372466884 0.2606020667954667
0.03654822026242417 0.00344903058210555 0.26069411535534065
0.03459056972886404 0.008331109042657603 0.2598542719844279
0.03650598376264816 0.0035437780680811493 0.26064599756873336
0.03644348735270053 0.003668117735214582 0.2605339995508009
0.03646340587772193 0.0036311409128856886 0.26059177868952266
0.03462183993760265 0.008233044350561047 0.25979445561284403
0.036399150402043015 0.0037759709872743907 0.2605071579668961
0.03635346684557439 0.003875962323810045 0.2604645762738087
0.034667849069341325 0.008123066720878425 0.25982663399636535
0.034655511407836265 0.00814266087596438 0.25975259746892754
0.03469521759958352 0.008026589052589017 0.25980281484495676
0.035182137534141955 0.00560490177739531 0.25981530570939393
0.03472083982527502 0.007946340469791757 0.25975947902363483
0.036200563073053416 0.004260929522682311 0.26035670527566124
0.03614416655519408 0.004402145324237827 0.26027746384795847
0.03615464764651222 0.0043868608182972 0.26036233712174317
0.034758521247776064 0.007836105550615646 0.25978281039291584
0.036115467360231204 0.00446999400178788 0.26032531457902075
0.03606616676927943 0.004562104087843355 0.2603634182058646
0.03478174877039318 0.007758092812225115 0.25973233653986416
0.0348073759337888 0.007660471800174373 0.2596975393646558
0.034926030257842744 0.0072488803267475865 0.2597156407316124
0.03492840172105183 0.007247037024383174 0.25978059282625643
0.0351664213690934 0.005562093411918767 0.25982192116110886
0.03514526954270371 0.005552260011479182 0.2597374575116721
0.03483257735189145 0.0075692398232770075 0.25975341299991445
0.035097499842954585 0.005447755118211717 0.259900367906273
0.034861565613433176 0.00747019846307706 0.2596992434802329
0.03510386291221347 0.005455149970059303 0.25985606102513975
0.028981145893798244 0.02229196337438827 0.26799447668985715
0.029029958661526523 0.022237033180038668 0.26793711201731885
0.029121493693048922 0.02208987835059467 0.2679229532929591
0.02915687840825512 0.02202125296861257 0.2678632346787958
0.02917754151347507 0.0219713379320694 0.2677876359174993
0.029312788545202098 0.02130834585657615 0.2675435687891467
0.030955698848193755 0.01822602926337058 0.2632612871286679
0.0310181033106898 0.018064721929842098 0.2632317615023321
0.03129781554647354 0.017380066160565644 0.26267954981814806
0.028946158669956146 0.01945968712593299 0.26548034086426936
0.028917874379932276 0.019408247516281008 0.2654505836853592
0.03140300484676031 0.017004951045840544 0.2624572540043999
0.0314120403009463 0.016959452489209992 0.2623879823701461
0.02888910698141947 0.01934835943647728 0.26544788006182135
0.03143010633601016 0.01686481571639148 0.26241407230896485
0.03144404672374318 0.016797243153757968 0.2623410641541533
0.03145690100941528 0.016767979452849857 0.26225401116770813
0.028865337573469194 0.01928778806696435 0.26549466233026814
0.028837148080372743 0.019245399524160545 0.26542647628977645
0.03158910529562034 0.016379601293998902 0.2619498702606657
0.031587661157811614 0.016337490538244293 0.26186745515819193
0.031602921378199866 0.016243962427139658 0.26189780059618356
0.03160506139458491 0.01621016366967304 0.26183220957832604
0.031619620034467194 0.016166919312064543 0.2617500095409793
0.03163149634101134 0.01611491249737823 0.2617893324435815
0.031660750679351535 0.015946956282211655 0.2617534644721421
0.03166790518149716 0.015896234025833955 0.2616774077380089
0.031690522932056514 0.015852872290375408 0.26178561227376257
0.03170047806724127 0.015828230247771635 0.261706773920661
0.03168596105848023 0.01578320253425164 0.2616419036380056
0.03170452423264586 0.015716362900044356 0.2617461465603742
0.03169068807013603 0.015641155447247534 0.26176971209560707
0.031673377701484484 0.015620577349669429 0.26172977773524897
0.03162692545846821 0.015566085705646882 0.26156737432318355
0.03157383879151121 0.015469466214228955 0.2615314865666427
0.03223605052272174 0.01431172588620161 0.26179542149518814
0.03227820329435632 0.014255830875289643 0.2617289601319861
0.03230129532214837 0.014216232464200895 0.26165671913398847
0.032350929197964826 0.014151205284165136 0.26156274893643605
0.032396039753910866 0.01408207933348532 0.26149495177952775
0.032421063884190304 0.01403257652594797 0.2614056547910585
0.03246986433141548 0.013930219685213019 0.2614380198123838
0.0325648428664847 0.013727964555975969 0.26130166264471955
0.032588825015257145 0.013684999929533925 0.2612163193080438
0.032634396756894016 0.013577145272266666 0.2612488281125427
0.03265619825468119 0.013530292730945859 0.2611887302701021
0.032690751652382555 0.01344184320736469 0.26121600672488554
0.03270079980321472 0.013416057203679221 0.26116268061984516
0.03271969538213321 0.013357235648258359 0.2610780152289513
0.03274213962369957 0.013301427032133606 0.26119075940745623
0.03276005699343276 0.013262087059982608 0.26111070110024825
0.03281013681324366 0.01311964111776387 0.2610626630591443
0.032830245341247774 0.01306863371684952 0.26098157279676043
0.032860054771784594 0.012986443775906298 0.26101691809289457
0.03287266075112001 0.0129385951457745 0.2609594899971617
0.03288521683123817 0.012905801189997568 0.2608613139322753
0.0328997993043198 0.01285339827537324 0.26097854671786747
0.0329134316596308 0.012812951319309707 0.26091748197899245
0.03292252814009 0.012785073993597906 0.2608362780064639
0.03294742792088548 0.012670048486180918 0.260861002214435
0.0329495831650794 0.012645494275466962 0.26079366264762116
0.03296328818444483 0.012604179145130456 0.2608791000858404
0.03297744177422404 0.012540825686587542 0.26080934145492635
0.03298118227300184 0.012501644948109791 0.2607403073517509
0.033004849873898595 0.012427391782130481 0.2607782480345313
0.033027926491735055 0.012343833776712887 0.2608153637918301
0.033029426085351976 0.012297976020961832 0.2607246996266023
0.033059918268148414 0.012190182767017332 0.26075828733555034
0.03306794579062927 0.012140100018483646 0.2607026309191895
0.033099446671629285 0.012018536828204585 0.26065782284775824
0.033121087197829996 0.011944470520222017 0.2606814550661813
0.033137745834524654 0.011863649337023774 0.2606141968223007
0.03316490323217494 0.011789899874247223 0.2606498965897095
0.03316673838184865 0.011758697626916281 0.26056494038165395
0.03319568869452459 0.011668064088007246 0.26060458248705703
0.03320525794594381 0.01162570691614917 0.2605277747223489
0.03322550064769253 0.011554148384939622 0.2605788088465899
0.03323932796421801 0.01148604000764597 0.2604963205537228
0.03325695803233787 0.011417526081371976 0.26054656219685485
0.03326191683168739 0.011358604760673796 0.26045211228644616
0.03328345013555484 0.011283452719686782 0.26049954318523627
0.033285695166325985 0.011252321561269318 0.26043308718917557
0.03330330184149727 0.011155868460663021 0.26046425578351096
0.03331370260559703 0.011087797846068947 0.26047930243213896
0.03333277292355866 0.010973359584979692 0.26053523998188594
0.03332533186252318 0.010979511179285306 0.2604506121484139
0.033344144149282995 0.010889196419032021 0.2605619127474566
0.03334295490928463 0.0108617218709815 0.2604804864579817
0.03334938598271833 0.010790853451687676 0.26051825218108204
0.033337258078396215 0.010744039854404697 0.2604441447506436
0.03331203212174286 0.010645517262745485 0.26040762364518827
0.03328891260939906 0.010614467268704852 0.2603451443644701
0.03329868880692288 0.010591168007035745 0.26046012859498735
0.03325683017740491 0.010530045790389131 0.26037602748698585
0.03322194152122998 0.01048802145679223 0.26032015950907317
0.03320849631149275 0.010430424117896964 0.2603705324004663
0.03317975795936308 0.010415182577283522 0.2602758365348934
0.03601351917353034 0.004663650008473408 0.2603969913598009
0.03602952669228103 0.004629858469425263 0.2603657268058747
0.03608959225385053 0.004519265942471928 0.26036984266488816
0.0361415602857936 0.004416525402494265 0.26031978420605184
0.03617531662838122 0.004333231420338424 0.2603680893007285
0.03621679761807539 0.004213647523680197 0.2603873667941869
0.0362565304068089 0.004110615745011759 0.26041179427633027
0.036327993028185526 0.003943442246759521 0.2604776444192921
0.03633240328614329 0.003921021143100167 0.26042572394996216
0.03637651044419431 0.003815512280502753 0.2604527483819093
0.03640989942876195 0.0037429192580030746 0.26048703947249996
0.03643945712960303 0.0036813751962027075 0.2605802239050953
0.036527719543809206 0.003496604857855856 0.2606697610102847
0.03652189025340499 0.0034822245360081605 0.2605842514656891
0.03656066317457893 0.0034239762896889903 0.2607115763481135
0.036597171650365745 0.0033420441942330625 0.26073820457430164
0.036635037543772675 0.0032434285446673594 0.2607511092353674
0.03666433876153988 0.003163441888927754 0.2607882891579191
0.036698383878413926 0.0030735650968096717 0.26083725834777965
0.03674055702545573 0.002972871823975043 0.2608669164457369
0.036768697157984864 0.0028901105277803207 0.2608994194193457
0.0368004340117839 0.002814084289330776 0.2609374269722549
0.03683301275872091 0.002739732609456036 0.26096986948522505
0.03686336434194223 0.00264960300287298 0.26099079324954066
0.03688581288865005 0.0025679030937808545 0.2610272525735203
0.03690744511806967 0.0024791270261606546 0.261057147363505
0.03693125570206472 0.0023972359737575166 0.2611065327239484
0.036942817939879295 0.0023361433807084775 0.2611370244266109
0.036955668034387795 0.0022386868501413915 0.26118160855182326
0.036968016508417946 0.0021486502398679885 0.2612204630470536
0.03698539674666676 0.002065057744334242 0.2612449031004262
0.0369984140295626 0.0020027294623213288 0.26128068277213135
0.037010190075349204 0.0019419415700500098 0.26139725903986555
0.03701130958584682 0.0019279371339016582 0.26133436259271303
0.037023970592080964 0.0018663968102642925 0.2614255196631341
0.03702501857469763 0.0018421526503992203 0.26137398709920723
0.037034323958086285 0.0017668508665916183 0.26138702862118046
0.03704404938044655 0.001683651644070805 0.2614409324562189
0.03700453385898007 0.0011488837533726315 0.2616910233651731
0.03698560551634344 0.0010893924468933225 0.2617705713802232
0.03696680711286461 0.0010198846842768283 0.2617927183611165
0.03626481390283598 0.00014424129791967832 0.2623879223180949
0.036924734759873824 -0.0006036882135465049 0.26354294151556495
0.03705580617185503 -0.0007306115033355876 0.263526707622921
0.03711887570289254 -0.0008058882880930818 0.26364822389726844
0.03713751378457969 -0.0008423265533242796 0.2635851287640333
0.03753013468521674 -0.001227264474123524 0.263759458141115
0.037618247657002626 -0.0013060158551289058 0.2638160669901831
0.03773874470782796 -0.0014157422531450026 0.26383757087171167
0.03791356119365708 -0.0015984471346374707 0.26397178578877084
0.037991961900350736 -0.0016657140983010743 0.2640974303580502
0.03804831358306504 -0.0017465930369687244 0.26410826630449125
0.038086953525039456 -0.0018140214227235218 0.2642027467801395
0.038130103915601364 -0.001891325632967733 0.26424443832092265
0.03817366030988105 -0.0019915101941269664 0.264257814274073
0.03820005226775216 -0.002037345905828325 0.2643678391671317
0.03820819435952955 -0.0020584332036582276 0.2643084074743094
0.03822693379324143 -0.002103911075880649 0.2644331822732965
0.038258739911428585 -0.0021780967403682294 0.264461516735183
0.03828531399824391 -0.002261213077538793 0.2644942127029052
0.03831331907506989 -0.002344091209770638 0.26451914039372737
0.03833453935795877 -0.002407938264241516 0.26462640227945344
0.038335193801671656 -0.0024167583102537304 0.26457875839640677
0.03835347430103342 -0.002511459926819337 0.2645885205766422
0.038372011816156196 -0.0025979294827662147 0.2646269355337217
0.038389165337794004 -0.002686330902958556 0.264670781288401
0.03839996055690317 -0.002749425540951478 0.26467447323922977
0.031612289720423584 0.016192910462787757 0.26175776115888183
0.03148929685080691 0.016678100896949488 0.2620732154895248
0.031518165636124765 0.016601454212886668 0.26203250141878187
0.031541833189294474 0.016529884655150873 0.2620030909082039
0.0315672293954225 0.01644858899028334 0.2619809313078455
0.031591411120905494 0.016364528549057733 0.26196326852285495
0.0315997355086724 0.01629471938760707 0.2619079479702017
0.03160694394340316 0.016213258951910836 0.2618822842120023
0.03162532805880203 0.01614204400392444 0.2618471408629261
0.031454479655958656 0.016808860068495468 0.26219841695117563
0.03148463660384289 0.01670879516656487 0.262182082870365
0.0325933773723118 0.013669317823752691 0.2611514318839655
0.0326343349706934 0.013583098401531768 0.26112638626824747
0.032668696584194454 0.013499080679286013 0.26109813060569564
0.03136161783130788 0.01713772396044827 0.26244630583110407
0.03138373922777919 0.01706666043005356 0.26240985110759674
0.03140621377297434 0.016980031849140764 0.26237907591649545
0.03142042417723888 0.01690381189707746 0.2623718059358837
0.031453737823346706 0.016768875434401365 0.26229234350876574
0.03250883382600861 0.01386165445119747 0.26130819897401203
0.032543483116480726 0.01377948031719034 0.261266060839621
0.032579062826125785 0.0137024593772625 0.26126848817853543
0.03261934373739794 0.013616169914925924 0.26125162369287
0.0326509511461493 0.013540346770721079 0.26122064566977454
0.032684458504044306 0.013462882195259929 0.2611770798630504
0.03271639417504396 0.013370576279668589 0.26115171452124997
0.03274073632576262 0.013312377382533824 0.26113674322302033
0.032773664916393996 0.013216032902516162 0.26109814795272507
0.03130288306811291 0.01734059362996082 0.2625941907626701
0.03132633199081944 0.01726207201723845 0.2625963457242443
0.03141460628184414 0.016959784649793974 0.2624818358752026
0.032443350840254556 0.013981946717484595 0.2614428581818228
0.032488293916694194 0.013902020416575012 0.2614095582042996
0.03252172614190177 0.013827981913842824 0.26138431956267905
0.03120590595613404 0.017610878629921445 0.26279932323462063
0.03123438065599536 0.017534310027929823 0.26276757610314616
0.03113769875797226 0.017805401373722496 0.2629674903038198
0.034091718021454234 0.009608587323602924 0.2601684834185406
0.03412292250564761 0.00953680717976596 0.2601559745210288
0.0341579533077892 0.00945060479108073 0.2601285320122827
0.03420672282396067 0.009352945626794062 0.2601186855294976
0.03423521392313028 0.009279837786243472 0.2600696803285682
0.03426319744981464 0.009208908385809178 0.2600591237292887
0.03430798353458686 0.009107051559124668 0.260030336887355
0.034325100824159016 0.009039490077386247 0.26002326135323994
0.03441315488289355 0.008821098258550819 0.2599304457596894
0.03444004126054734 0.00875506266664211 0.25991443156917193
0.03447179471351616 0.00865536083440177 0.2598861930038318
0.03221670883599696 0.014336856601945225 0.2618415802514631
0.032270490612499744 0.014263275554578014 0.26180427980663273
0.03390809609806461 0.009876816490938856 0.26033108951387834
0.03397736455167709 0.00978762067448441 0.26035572806418394
0.03403147085939928 0.009716204775355897 0.26031939576840807
0.03407483112782561 0.009646662167816067 0.26027876544772816
0.03411460954255045 0.009563993265329085 0.2602589921403776
0.03430310857373203 0.00910854826485008 0.2601300968228433
0.03433763209232346 0.00901694746993198 0.26009104574943376
0.034363625472212334 0.008931002536114674 0.2600422548726934
0.034403229870658816 0.008829636666677798 0.26003176678721474
0.03451351609422404 0.008542241511358128 0.2599390293023961
0.03454469176726557 0.008453550489706918 0.2598997083221329
0.034605466687375686 0.008282326498761372 0.25986283916821934
0.034629958536977215 0.008206879742401196 0.2598395926876721
0.034648338701634515 0.008169778168443609 0.2598055434577684
0.03467802496969705 0.008086706586735548 0.2597699544833377
0.034701080721158434 0.008000417208518018 0.25973855764860243
0.03472792128355101 0.007913583578544992 0.25972425074061495
0.0347572681991333 0.007824254996469715 0.2597034262941583
0.030995230332842905 0.01812008845962937 0.2632688111185747
0.03213034043848338 0.014467108554793051 0.2619532832527221
0.03218999208928358 0.014377411843902399 0.26192966545620744
0.03224306326150052 0.014296657555507297 0.26193716931423633
0.034775859005282656 0.007782398299158111 0.2597939125235907
0.03479517586205291 0.007714860184605543 0.25976326693945206
0.03481051893129333 0.0076488037174961 0.25972789226094756
0.034826886950094935 0.0075874809436511925 0.2597093682152642
0.030937733533268036 0.018229525407016167 0.2634020104353347
0.03484544193218106 0.0075278801241604465 0.25977966992972273
0.034863313780742894 0.0074710548546577105 0.2597452182712005
0.03487798236441339 0.007423306811418229 0.2597515970187184
0.03491314071165484 0.007296986430169516 0.25978479889969563
0.03494024346233471 0.007199083459002553 0.259762699158922
0.034946922869919475 0.007165325059623695 0.25985322960178897
0.03497147610173179 0.007081766400836631 0.2598229366347953
0.034992057313318725 0.0070155468799855125 0.25979385323424004
0.03500816072241347 0.006972596094196981 0.25987210736138794
0.0350286335941313 0.006898268184947487 0.2598445023721608
0.03505271015228112 0.006824307603159052 0.25981837698241866
0.03507571626673969 0.006736371922397177 0.25978373684318035
0.035100989837036994 0.006626673789939419 0.2598434455785521
0.0351166338646039 0.006551341698467661 0.25981294507862207
0.03513426081032828 0.006468941580011156 0.2597708670301552
0.03516470824241144 0.006353476526385848 0.2598446094099029
0.035177391979665754 0.006292076581204176 0.2597923628211057
0.03520410504736561 0.006162524703947403 0.25985371060031004
0.035211688441115746 0.006094664658266635 0.2598139080622071
0.035219601799476835 0.006070060502354535 0.25989524420836185
0.035225630393117935 0.005994376078751806 0.25985532631534836
0.035230215737575094 0.005921179446048752 0.25983415186194003
0.03522775504156579 0.0058392190071928085 0.2597940559414781
0.03521254496153567 0.005760233663474834 0.259747805752903
0.03613086281129246 0.004442839636293716 0.2603655171923839
0.03641050997856812 0.00375113060434884 0.2605317175881734
0.03659928891975617 0.0033399021981716515 0.2607140413724608
0.036649164657334254 0.00321199233542957 0.2607763248398848
0.03668432799423517 0.0031141478365961928 0.260839817381069
0.03673111233155554 0.0030066687222901622 0.26090095666197316
0.028780564447902113 0.022537044336961354 0.26781941679340326
0.02883054218922139 0.02247928542483113 0.26790563210203316
0.02897127259515861 0.02230514290194041 0.2678902089257712
0.029025760592451044 0.02223745304656366 0.2678834772298378
0.029141614237146674 0.022045360536790126 0.2678300797027449
0.02886849315884768 0.022422849509325327 0.26801124667463305
0.028944360045186024 0.0223402195098531 0.26798045908550133
0.029011422408193266 0.02225703739237178 0.26796946479156314
0.03665440170801117 -0.00034166417850800546 0.2634932252422457
0.03674911408675795 -0.0004370639451256042 0.26350709037266096
0.03683610181913216 -0.0005212723731967683 0.26349283202569596
0.036985877546199496 -0.0006551350927247457 0.26357988848842007
0.03704990066722921 -0.0007220144351601787 0.26358333433070014
0.03709882205325764 -0.0007923434365645354 0.2635852372365109
0.03715898847301102 -0.0008519194476611647 0.2636609086567161
0.03722027545769333 -0.0009210150679953566 0.26365581338840305
0.0373019742382255 -0.001011421127948442 0.2636583837742325
0.03742485886356486 -0.0011294317853118296 0.2637401397489613
0.037518106164646944 -0.0012222172102239748 0.2637263901502473
0.037559687822943146 -0.0012537090901449388 0.26381385069330743
0.03767017280018745 -0.0013541121380516996 0.263824677598422
0.037715249763129566 -0.001402882127145899 0.26378949538593244
0.03778439354461588 -0.001457487783665723 0.26390774032433495
0.03784916840549686 -0.0015361704234201357 0.26390042679583436
0.03784238089083401 -0.0015114448711172068 0.2639638672073086
0.03789840264606881 -0.0015752955722619921 0.2639865674562881
0.03800881958459417 -0.0016954476933028761 0.2640580714351709
0.03804345900321274 -0.001737400614886364 0.26418331570509324
0.0380835684864125 -0.00181018982106107 0.26414171564593575
0.038113571990694976 -0.0018592109366746268 0.2642114455165421
0.03814768374712567 -0.001930397461188671 0.2642064947791395
0.03812566190346452 -0.0018896820146727111 0.2643080866755524
0.03816337039485924 -0.001964106818710454 0.2643086590571351
0.03820176177326656 -0.0020472673216254123 0.264280116567424
0.03817825289196791 -0.0019932671116558165 0.2643779568802982
0.03822307857483976 -0.002090558563612177 0.26435118309215916
0.038233645198687306 -0.002120878245298774 0.2644620449533328
0.0382653535562605 -0.0022004815837717295 0.2644157725083577
0.03827614832929471 -0.0022352776485737302 0.26452466121415147
0.03830024225233906 -0.0023096862772402083 0.2644884858765261
0.03831338619116543 -0.002335332885843533 0.2645787270336512
0.03834463926079977 -0.0024546608819059346 0.26460917100668613
0.036080225506660416 0.004535810132628326 0.2603668607663077
0.03598580692752343 0.004710522248872806 0.2604113789586693
0.03588796845243376 0.0048614434264318 0.26039789138452324
0.035938329079336945 0.004796732364150014 0.26043829450910894
0.03574950795168369 0.005004397659224669 0.2603979439072136
0.038021044231079035 -0.0017013614859123227 0.26414065020529554
0.03806819312091855 -0.001781123850209898 0.2641835038915846
0.038103457237789566 -0.001840428760023105 0.26425532549163194
0.036891950190076093 -0.0005752786654736886 0.2634964225768252
0.036753366593401615 -0.0004446366097495824 0.26348094664037697
0.03682563079091883 -0.000506768716135364 0.2635365602179751
0.03686682947023347 -0.0005465614684826425 0.2635709672649764
0.03409935310211834 0.009596705997432065 0.260132734285241
0.03667820781448887 -0.00035967290176297517 0.2635039375707086
0.03408131174899598 0.009630081504175159 0.26022983045265846
0.03649854011434833 -0.00023018167930660693 0.26348468132670944
0.033970111816944454 0.009798488355222956 0.2602526003479566
0.034022775779480305 0.00972703946849246 0.26028411835764936
0.03627814175429395 -0.00012802186652971503 0.2634327217757228
0.033841720599053216 0.009938225607975415 0.2602405887593192
0.033953446122581554 0.00982106356103396 0.26032966582734907
0.03368052771684507 0.010044336910813578 0.26019309165377136
0.033755970336695154 0.010012371342562165 0.2602816192497882
0.03382896150111868 0.009952064955283224 0.2603080307372409
0.03255421812573997 0.013757141612542989 0.2612983600617615
0.03251008801055745 0.013858820602975275 0.2613597294477666
0.032534955822537626 0.013797327947928428 0.26136402138236675
0.03242283223850387 0.014025306505891288 0.2613577205242821
0.03245862926777153 0.013958352610266844 0.2614041629139312
0.03241129356107822 0.014051884649322999 0.2614755351728406
0.03234102096089779 0.014159488248375707 0.2616118884637243
0.032276754090401635 0.01425719586860219 0.26166809925455936
0.03232176094179512 0.014176450866074497 0.2616986359487885
0.032253121651040884 0.01429206080050055 0.2617484592137031
0.032299106696932506 0.014214592647465996 0.26176163378844974
0.0322444645165722 0.014299411057384248 0.26182649772885125
0.03223138102422353 0.014320045149963156 0.2618888312427215
0.0321608646853354 0.014417692033672103 0.261928441956572
0.03197855668803294 0.014628939776846761 0.26187864534500893
0.03204814696352601 0.01457956960878698 0.26192096591048886
0.032097702361487304 0.014517422073427155 0.2619812361268615
0.03193966365147466 0.014654503267092445 0.26194210071730895
0.032014061384339654 0.014610989475136449 0.2620027791043521
0.03152963165097597 0.01657564635187514 0.26206166269813375
0.031492722033633555 0.01668002144426528 0.26211371343911005
0.031470028936422145 0.016775424763551428 0.26219286745927417
0.0314206694534218 0.01689767794897251 0.2623361453186675
0.031435492756490185 0.01683353008899957 0.2623721197393999
0.031374338863594184 0.017092389386461015 0.2623771746381521
0.03139920808712096 0.01701813850430467 0.26240736227005945
0.03142130476209215 0.016924823145482215 0.26242859518231987
0.03134729984518607 0.01717640736562953 0.2624450351867792
0.03137492110462456 0.017097824231330494 0.2624972809371402
0.03133788831384704 0.017206624294740624 0.2625459028211965
0.0312800916373132 0.017426421885912202 0.26265308906283624
0.03124564045335701 0.017513535569527117 0.26270920216425686
0.031181368619996708 0.0177052419732997 0.26285079041796844
0.03119813680954195 0.017640523337829228 0.2628647653720727
0.031140164644324064 0.017800415017193982 0.262912368051933
0.03116494895506472 0.01774629153140289 0.2629338076094595
0.03108332028150615 0.017909787147899814 0.2629483625034594
0.031117166222025178 0.017847685643921307 0.2629872300698097
0.03107417384770328 0.01794694022976301 0.2630551141168278
0.0310358107694884 0.0180208803153733 0.2630891997467885
0.03099223512794981 0.018115127806117015 0.2631548270044869
0.03102975994355124 0.018039106214073508 0.26320424041013
0.030945374469610237 0.01822256644139436 0.26320587356019565
0.03098575386315036 0.01814880141878883 0.2632600760971967
0.030938483553824114 0.0182518571051824 0.26330444390712865
0.03087755586071131 0.01832662192897594 0.2633611675198051
0.030918085203250276 0.018264294783843615 0.2634216704674441
0.030850316711629577 0.018360256645499173 0.2634330751529306
0.030891268271203032 0.01830000356021283 0.26347243386711144
0.02752210456210183 0.023173203284768018 0.26836699765752936
0.027579122804925374 0.023160985019510805 0.26827418803906544
0.030843468931601586 0.018373935577878864 0.26353465724051317
0.02773614404423677 0.02311468750902035 0.268299499305875
0.027628979741733867 0.02314889600888892 0.268221718812139
0.027799345666895847 0.023094173338960855 0.2682677618576469
0.027662022344777465 0.023138962231897653 0.26815612110670056
0.03079479408312856 0.01845696136257885 0.26358436247566075
0.02783594533879913 0.02308503667150902 0.26818069634194497
0.027905865594294407 0.023060395808556844 0.2681057277362193
0.027933456302068213 0.023051454932642435 0.26803670559134957
0.030720477353201367 0.01859409374638543 0.2637269664053558
0.028104725383379325 0.022983578936737137 0.2680353762807338
0.027971217106554466 0.02303619781136973 0.2679626626221018
0.030616955517032016 0.01874178700811252 0.2637284458905809
0.030662645544491884 0.0186895126173367 0.26375445197371034
0.028215093223540183 0.022936386643586215 0.2680482045746727
0.02810593368887286 0.022980192827654122 0.26796849680134655
0.0282669064375283 0.02291176196723682 0.26798015531037905
0.03053721958304295 0.018821956195425704 0.26376449480785236
0.03059547854605607 0.018774537492653287 0.26381309793178515
0.030657258647551255 0.01870246077253035 0.26385344462403565
0.028365381658967403 0.022859799581816942 0.2679535613512154
0.028484118334882763 0.022790980049779475 0.2679131922887702
0.03052785027758853 0.01883543904948115 0.26384863211504617
0.028519121422836927 0.022762713050073935 0.2678490379626392
0.02892664221666716 0.02235556789432941 0.26803491295355997
0.02888019384007917 0.02241672820095214 0.26795640037172647
0.02881606514595493 0.022491176382764322 0.2679398739016017
0.0287641221692604 0.02255510275665168 0.2678609404378888
0.02868733122759967 0.02262678972262805 0.26781274873644584
0.028936903272691494 0.022349696305684397 0.26793888789133113
0.028855138711115197 0.02245450658614251 0.2678546791211197
0.028801605353244622 0.022512039969087794 0.26779107315408845
0.030342141195804334 0.018964001483772364 0.26394561652684506
0.030387569109591672 0.01893451023304038 0.26395373898824487
0.027101778757891742 0.02323581424952975 0.26830151241639266
0.027063317865586925 0.0232409939261754 0.2682200217542714
0.02702329146892632 0.023242875277959707 0.2681374855065627
0.026982250049259443 0.023243416643506376 0.26805447348035516
0.026939153099546212 0.02324214302218003 0.26797053112147645
0.027194778716360765 0.02322774026393659 0.2682873020898166
0.02715633538947554 0.023233745087859192 0.2682057128202546
0.027116106546750895 0.023237337811437553 0.2681230789909211
0.027076306103846134 0.02323874623778094 0.26804057251614594
0.027035431363241963 0.02323853549477556 0.2679577635929074
0.027320651503503934 0.023210600100061263 0.2683524132896146
0.027285031884481087 0.023217284893779333 0.26827174255964636
0.02724791157807689 0.023223095267478122 0.2681908417709608
0.027207847386623074 0.02322766789433356 0.268108316013486
0.027444832072635372 0.023187508780342647 0.2683960321502582
0.027406363078963533 0.023196425636234197 0.26833280766523154
0.027370894126620526 0.0232041447913231 0.2682539618177543
0.02733569750605945 0.023209872682520227 0.2681742610413245
0.02729753334611623 0.023214723319316677 0.2680926609137603
0.02749989975083189 0.023178134300312125 0.26830821484420636
0.027456571855365375 0.023186651658509305 0.26823556416297223
0.02757303707889283 0.023162338073307198 0.26831616530057784
0.027549982954581748 0.023166590824624078 0.26821618188015983
0.027657989061984245 0.023139664629333645 0.26828289789900794
0.027613097626040597 0.023152589956616176 0.26818534300628827
0.027744827193224686 0.02311309938381534 0.26823908688677106
0.027699959702833607 0.023128318887287613 0.26819028646750986
0.0278096061927028 0.02309244590439552 0.26821524596786117
0.027778475400068683 0.02310317614970031 0.2681508695608034
0.027848515244355623 0.023081022666717244 0.2681394930673199
0.027822620593321662 0.02308825367938644 0.26806704214528565
0.027882670218020225 0.023068787800970658 0.26802282925744664
0.02797110098826 0.023037365240027363 0.2680051154114904
0.03670879466910246 -0.0003957533846498107 0.26350975517154596
0.028854834933397272 0.019140724170683854 0.26413976906954156
0.0289764345920433 0.019158378351803396 0.26412617322436127
0.02908476987043887 0.01917551462970979 0.26413700919845073
0.029192562910346345 0.01918961271560532 0.26411725640063405
0.02929345005937642 0.01919936031167574 0.26413155985935666
0.02939669016559436 0.019196243252852574 0.26411549741208357
0.029481991386260634 0.019191218704020963 0.26408930018967575
0.029588896291114677 0.019177968104039378 0.26408122202662515
0.029541668631316575 0.0191750677957917 0.26401658739997613
0.02968535879522738 0.019166571190411097 0.2640828625936182
0.035954765408318656 0.004756180454737913 0.26038777614479813
0.02976974690953682 0.019156170408085427 0.264058182259538
0.029749318094481683 0.01915359680895523 0.263987226772062
0.0298573434449107 0.01913855829906691 0.2640437805684423
0.02980238779090072 0.019140174163088386 0.2639582941866274
0.029940538439332434 0.019116969068115608 0.26402911899587667
0.029901010753932186 0.01911905500418465 0.2639401630727596
0.030014775426710147 0.01909766158120213 0.26402459381586196
0.029987493355843775 0.019097349872849056 0.26390534696958434
0.03009229409004631 0.019076498261107355 0.26399023020113443
0.03006140150112989 0.01908042342483901 0.2639171170255795
0.030163280402220882 0.019052084288815607 0.2639660198739827
0.03026212235975699 0.019009252264868826 0.263942385476274
0.030223953230897715 0.01901958571838458 0.2638764803509759
0.030308338110089275 0.01898186654964995 0.26391449357201535
0.03037791809691523 0.018938074679759664 0.26387864393931415
0.035907903890693676 0.004842927102827355 0.2604415106114944
0.03045063822423348 0.018891485155735077 0.2638349143859894
0.030532446786443873 0.018828881852580415 0.26389262967151406
0.03049891041760168 0.018855490854258028 0.2638013501995908
0.03057326070461401 0.01879452884806926 0.2638585158713057
0.03056624131989219 0.018798762638094213 0.2637721126742575
0.030635148526468217 0.018730516853994295 0.2638025896956749
0.03584693962860247 0.004910454238389428 0.2603957510746692
0.035756168458666526 0.004987172058195044 0.26034056321520055
0.035793635934333656 0.004965837177540733 0.2604216393814555
0.035664496950735064 0.005044573191761825 0.26030315265654635
0.035694472979158814 0.005039885341400097 0.2603981584136294
0.031186723401572747 0.017684616021536204 0.26287714756743724
0.031171077641719225 0.01772764635173618 0.2628272551403417
0.031201435779568673 0.01762573858552452 0.2627734441669993
0.03123389365273259 0.017542396709711028 0.2627319342596811
0.0312627262379038 0.017472011988832248 0.26268891007928025
0.031294670377814984 0.01737822180819948 0.262627919753472
0.03557497814712117 0.0050901381911673815 0.2602745077577211
0.03561117127061679 0.005085156143192826 0.26035816396077627
0.03131406013640231 0.01729920476566127 0.26257246138034007
0.035486750990283006 0.005129163109321266 0.26028335250527757
0.03553517016189596 0.0051186557702630475 0.26036556537681377
0.035414313050848995 0.005154540710721189 0.26028907373571686
0.03545933218668598 0.005145193765262901 0.2603877455332027
0.035370924839740886 0.005169844807068835 0.2603326779633997
0.03537322671685508 0.005168031607424017 0.2604016390543772
0.031215059953377783 0.014850108506612003 0.26177053620735186
0.03125317102851999 0.014847797223896786 0.2617580481881448
0.031401338203404724 0.014815288100879787 0.261827516619877
0.03135831814038016 0.014820203503293383 0.26176351095765504
0.03146378963129033 0.014809308017419143 0.26182023254431086
0.0314474675110748 0.014807388925946074 0.2617538385891674
0.03155224950264976 0.014797323054039524 0.2618055670674395
0.031539708589675294 0.014792636236909018 0.261713179507958
0.031663807341264893 0.014768075564494443 0.26184333981421315
0.031633284422687424 0.014778692849651331 0.26177296557178453
0.031628581904489445 0.014775726894703634 0.26170501378936606
0.03177512036026653 0.014722744293679813 0.2619067294039506
0.03174383544238686 0.014740180839603045 0.2618270506873474
0.031716925448182484 0.014750239593288916 0.26175245457091895
0.031891628748505 0.014673255244251171 0.26195556105717593
0.03185241903263816 0.014691662496909286 0.2618890321962867
0.031816282836407084 0.014710419285913268 0.26182312911602323
0.031786655281709986 0.01471997383250273 0.26171358147687873
0.031955370322454074 0.014645694466017045 0.2619063471886669
0.031893734866633786 0.014671695338031698 0.2618308771850873
0.031860751819602656 0.014687052351341157 0.26177647091200457
0.03527467756363359 0.005182860044187276 0.260336354802352
0.03204019045998366 0.014591736457400195 0.261973819758468
0.03201058511298438 0.01460489761320305 0.2618744303168407
0.03504562469150799 0.005202670080618588 0.26009703095392145
0.035132243624474424 0.005191630393458158 0.2603045744208366
0.035156363469343394 0.0051960025899990825 0.260378559519883
0.03208208988912992 0.01453824531837189 0.2619337681494782
0.03215402866269787 0.014436171499593475 0.2619965250883578
0.035018304521122146 0.005226826882686497 0.2602454967196856
0.03503932887033709 0.005197917796997242 0.2603115307647283
0.03507067016960563 0.005199659985223759 0.26036268598088796
0.03499931387742289 0.005215139293749338 0.26031438644182703
0.03498306004346585 0.005213979853248785 0.260402798486139
0.03276892005916743 0.013230237825051061 0.2611444782064011
0.03275919929807061 0.013259804532193387 0.2610689092502586
0.032792927662181365 0.01316203263725052 0.2610802931781263
0.032834183279989104 0.013059138380442314 0.2610336208017653
0.03282208908011425 0.013083846704474433 0.2609636419710169
0.03286289383498807 0.012974344856421405 0.2609771308202132
0.03284689653377562 0.01301235543747492 0.2609230286975016
0.03288838008450681 0.012891371113056604 0.26094947791986794
0.03623485750987801 -0.00011303494828229788 0.2634444146952378
0.03629552393598619 -0.00013555617047356083 0.26341202064957714
0.0364320312917706 -0.00019031273172043228 0.2634814219191417
0.036562443809061346 -0.00027659197605123254 0.2634976363858796
0.03685555397389882 -0.0005378758845515086 0.2635149961044187
0.03677040150501444 -0.0004626361133588386 0.26346961670409463
0.02893196462063255 0.019159480317480715 0.26418437725269583
0.02902450344636734 0.019172691262117958 0.2641843200389111
0.029029832111452367 0.01916407755598548 0.2641192450721799
0.02916014647401871 0.01919035271336722 0.26415265026958235
0.029240440692723413 0.019199098428931916 0.26415243836898916
0.029332743797238506 0.01919374790227335 0.2640968834361627
0.02945016704997981 0.01919560230620898 0.2641150600062928
0.02944177083620758 0.01918728567173983 0.2640611925570734
0.029507108747676772 0.019192769475471216 0.26412329875822504
0.029509339674380505 0.019184519927635424 0.26405913620897276
0.029714392498856712 0.01916036307902691 0.2640094856053548
0.031265938493270445 0.01746184404488277 0.2626471036332306
0.03127189037323276 0.014847287475237503 0.26173194463494165
0.0313252136317337 0.014825473475964746 0.26179533826189716
0.03132623364087059 0.014818305716021385 0.261701323645487
0.03138627257582477 0.01481659123251955 0.26179000668634533
0.031404388097428154 0.014809180169478464 0.2617356972781214
0.031502836714432145 0.014800944112323744 0.2617474167905918
0.0315772886594923 0.014789918711388572 0.261742019632916
0.0316745236496124 0.014762857989180866 0.2616998969714386
0.031727539552210984 0.014744307024657788 0.26170206788989003
0.033240761727161755 0.01016013552976619 0.2601781347802161
0.033277586619028535 0.010142034395332733 0.2600921234503158
0.03329757343471762 0.010136473962959525 0.2600319961537656
0.0333449116455663 0.010134969761651902 0.26012617492829615
0.033383884463700136 0.010126677967594477 0.2600455159300503
0.03343541381482479 0.010128440715135578 0.2601563144755903
0.03343972096847436 0.010122164661679423 0.26006245328829514
0.03351042828674211 0.010102635472085675 0.2601891510913432
0.03352435868514986 0.01010173338778575 0.26011281852395474
0.0335884290707561 0.010078955210851226 0.2602113736884252
0.03361480198180675 0.010065462014847926 0.26012397437421547
0.03366669409194864 0.010051496031767915 0.26021741878079835
0.033673016712598924 0.010040881014483138 0.26015457876507464
0.03373142245182442 0.01002949563730604 0.2602983996394707
0.033719128937189285 0.010028234362035093 0.26023558005349146
0.033784792034352806 0.009988165071565858 0.26031475900670625
0.03380041852119933 0.009972556871154004 0.26024493792401093
0.033871646191731386 0.009912763471686625 0.26028371880242684
0.033934114872597926 0.009843953507735703 0.26028625749734136
0.03399360192746195 0.009767494370075736 0.260301754967196
0.03399377348122107 0.009769239464461399 0.26025164691579805
0.03614879013558853 -9.028420571022266e-05 0.26343088735642595
0.0363206263306875 -0.0001474376307799563 0.26342172660554486
0.036378959852583576 -0.0001698702133971497 0.263444390902585
0.03619347038038023 -0.00010379673374322218 0.26342659864898554
0.03376566640826911 0.009999854489470716 0.26024914673395216
0.03370880895605513 0.01002779416837396 0.26018507981370065
0.033672373819624735 0.010049419829412098 0.2602520124590836
0.03362694001447443 0.01006584222951723 0.2601816367848463
0.033545614506270055 0.010089798940416839 0.2602261181957746
0.033570780958299545 0.010082545100297047 0.26009747854094084
0.0335175154570084 0.010102927990016997 0.26015290899357174
0.03342635437455277 0.010127111581401671 0.2602001137671996
0.033472878853586074 0.010117222537204595 0.26008804011616804
0.03339519163900134 0.010132997051982895 0.2601448328830805
0.033309456408119165 0.010136710515242064 0.26019084745116716
0.03321915880182394 0.011578106896145357 0.26053854923864617
0.033201996977120174 0.011642373628415914 0.26057018036565904
0.03317827693120981 0.011729381152181306 0.26059154557640524
0.0331529286203579 0.011824306965556253 0.26063082884628014
0.033138353954390076 0.011883251595118494 0.2606818421411913
0.03131053820760642 0.017329980272035805 0.26265203408875787
0.03128314079506073 0.017422550497119937 0.2627083322957779
0.03125391785512813 0.017488301219073576 0.2627315487585635
0.03122686403628616 0.017555907764492895 0.26275647634173
0.031201905566858618 0.017623356548355062 0.2628044227676589
0.03118621955691306 0.017684422128151966 0.2628395009069491
0.03116538947135522 0.017749371670645386 0.26287826521225116
0.031290485587568 0.01737526917011345 0.26258833989168695
0.03126153302065002 0.017458916425524107 0.26261646800273475
0.03165463550252469 0.015998913053205832 0.2617722072003382
0.0316369042023919 0.016108558098340164 0.26183701724564834
0.03161318671296555 0.016180710603930504 0.26185579306872875
0.031597694344196195 0.01626981821953799 0.26186997431517123
0.03162521134572732 0.01614460764636616 0.2617059449507491
0.02882228967597962 0.019204828591906586 0.26546618639270925
0.028861615813311425 0.01929474876241294 0.2654260643082835
0.033325351819422755 0.01066018000243274 0.26045880929374904
0.0332669920637772 0.010535746195001305 0.26042719980325757
0.03330371168719619 0.010634832264952987 0.26038151355918443
0.033233637642070865 0.01048819355826941 0.26036788771602
0.03326904209899344 0.01057366770090129 0.26033260488348964
0.03319727209494791 0.010437110627587232 0.2603140842990712
0.035192335727805224 0.006229636285756179 0.25985457367864606
0.03522854024520615 0.005963680851385822 0.25988005192914804
0.03521958412960652 0.006048651356874879 0.259850910753978
0.03520643548154315 0.006138021566637342 0.2598197896106649
0.0352323752811351 0.00584810642332062 0.2598308653712603
0.035227022462945845 0.005945614482772588 0.259808137727754
0.03521741584073819 0.006016582488341138 0.2597621707320355
0.03507371934400785 0.005388994510007128 0.2599684198672534
0.03521335513922566 0.005742374380704074 0.2597738168991873
0.03505516665006002 0.005394291955869768 0.2599263732144186
0.035137908424680495 0.0055039186770391435 0.25983683721697454
0.03518641476575313 0.005630986092292123 0.2597880890287346
0.03511052158185263 0.005476661397273208 0.2597733264766255
0.03319224429610987 0.010396616525673197 0.26032967426536424
0.03148068493956348 0.015347565345048608 0.2615195173202009
0.03118106234037274 0.014994823999964324 0.2615624252684424
0.031607135853576954 0.015516651158300254 0.26155593710468955
0.031212809535164684 0.015058976802895752 0.26151861684460775
0.03119990508140201 0.015012682295677038 0.2615713546628643
0.031196654791027692 0.01500395941606747 0.26160082248911265
0.03329062481402961 0.01059283894739621 0.26039013615341733
0.03162580004750115 0.01555440191549562 0.2616806090241275
0.03130235650777889 0.015126382393903903 0.26152151693020587
0.03135845201669005 0.01520404855207419 0.2614611772653488
0.03165659122547625 0.015613000090651363 0.26169959222268085
0.03141869972528491 0.015269229097647719 0.2614787147448657
0.03324103244131839 0.010508259528086372 0.26035227705942293
0.033241205394446555 0.010539824930053399 0.2602931227351019
0.031494782650881376 0.016675979170975408 0.2621461960264948
0.03152571123577605 0.016587926734527636 0.2620946973306664
0.03154189949159064 0.016516411139637532 0.26203959555699985
0.03156821912780898 0.016441014719637548 0.26200370034282694
0.03159454922870131 0.01634434487319919 0.2619427854540346
0.03523196049822136 0.0058816521526045 0.2598303733326949
0.03522958329634508 0.005809728041934636 0.2598443120311848
0.035175283908316174 0.0055870943054088795 0.2598021862751648
0.0351390111893283 0.0055161829396846995 0.2597923171835975
0.03511486804482858 0.005466437945530422 0.2599238850346488
0.03507571069170454 0.005422129504309869 0.25984702871524096
0.035050586952936225 0.005362941819723854 0.2599591990965528
0.03506022135567188 0.005389827196774111 0.2599501321133282
0.033630115044633174 0.010064018835553135 0.26024566341538347
0.031414689047204125 0.016941911999113823 0.26237644712197167
0.031459124219356926 0.016780740133949534 0.26222983847742704
0.031233368473046336 0.014829518920354834 0.26180931579406064
0.031238151711308476 0.01485127547858145 0.26170839323114303
0.03135791928510433 0.014820180760337975 0.2617919786638715
0.033276202527746365 0.010143414035601206 0.26014282747662587
0.03332393935093657 0.010135844432181573 0.2600778230481938
0.033384404400059325 0.010130531699859946 0.2601842542391571
0.03341228233931835 0.010130046587938202 0.26010566786648925
0.0334613323278975 0.010117839348433855 0.2602087231037364
0.0334855181824192 0.010115792909514143 0.2601498139709232
0.0335603061289822 0.010088123487906775 0.260163390367971
0.035019302279456516 0.005203065249753391 0.2603045326229874
0.03504105437222438 0.005221178067966903 0.26020703620009616
0.035103991806508306 0.005197556525038505 0.26035564841956493
0.03522002750095943 0.005192144411140631 0.26038063664151867
0.03532408751907172 0.005179503695064536 0.26035588704298557
0.03534187642871994 0.005168852905267141 0.26029374669642863
0.03542554393997782 0.0051566107985307474 0.26033592621020685
0.035441536972135104 0.005139776300256971 0.2602482845877305
0.03161548031325151 0.016173661938203354 0.2617945918121306
0.031594816403154063 0.016252346541255958 0.2618140671750783
0.03158087925200671 0.016334013843513517 0.2618289832925314
0.033187007341198366 0.010407358912134568 0.26030476094891764
0.03133395145819942 0.017226758812198872 0.2625792845793038
0.03130972477134403 0.017299315085894273 0.2625363938985974
0.03138407310000127 0.01705794901548502 0.2625041418074857
0.031360570865467785 0.01714251986816767 0.262497488984892
0.03134376171646451 0.01719033638898798 0.2624780128906627
0.031411456999410725 0.01697464362530965 0.2624247430712183
0.03139312531071667 0.017041017989987528 0.26244153817774457
0.031367574329842815 0.017116067022662995 0.2624042001358721
0.03505551188999384 0.005199424109104567 0.26026602497829815
0.035071416306220224 0.005197074313835759 0.26032568518787447
0.035009399938679464 0.005214047920249265 0.2602810970880903
0.035026253788580985 0.0052037540416988715 0.260357648908499
0.03128269588840152 0.014834548739039666 0.2617882098608101
0.03127807047143241 0.014834187064962423 0.26169665306035417
0.03135735455507241 0.014818536869557142 0.2618248395540465
0.03135581152808742 0.014816683206167247 0.261727529968189
0.03627589272035314 -8.180628219328634e-05 0.2630299231493463
0.03118017736162977 0.014992832861747185 0.26157040917608376
0.031167498304097208 0.015002842903563962 0.2615408885415561
0.03511528874948769 0.0055000132842839555 0.2597343495323407
0.03508292001089004 0.00542998711389181 0.25983116500229164
0.03506364222976273 0.005410159029771766 0.25988682903767296
0.0351666906223925 0.005577605387421691 0.2597823875713571
0.03513686992990961 0.00549690458679114 0.259871812274753
0.03508718378489223 0.005427638222523179 0.25993939531015686
0.031503023756808454 0.015389957090743311 0.26148772990380614
0.03144715101743606 0.015297269106073874 0.2615233310076226
0.03144236706231554 0.015312846932975521 0.26145501739271
0.031401063077929794 0.015236954707950778 0.26150190650503535
0.03140105800534562 0.01526047098336658 0.261446325522093
0.03134506839344203 0.0151652997122253 0.26150058110068386
0.03128369991886619 0.01512585171852976 0.2614794369804223
0.03611146437325263 -7.976588881397628e-05 0.26344279333289633
0.03152878972643755 0.016558316035718834 0.2619696559298773
0.03155263439775299 0.016489306967045925 0.26198986430909865
0.03155004314160839 0.01647531080478598 0.26189173366488605
0.03157825583238366 0.01641575697990788 0.26198334431067355
0.03158172407966353 0.016405134248972275 0.26192941535510905
0.031573464079531544 0.01637199522682775 0.26184043156046577
0.03159808823262157 0.016317015483549524 0.26191733902378145
0.031288899838368994 0.014825682936460638 0.2618255770422589
0.03130833818814675 0.014833195484828865 0.26174705965708256
0.03142272359555434 0.014813248568289639 0.26178590645994676
0.03168637539078867 0.015819752770575735 0.26164145748400636
0.031691555188807896 0.015750400650978214 0.26167749099895854
0.031680911957330124 0.0156530976829366 0.26171828070028136
0.03163533893324211 0.01558120003715796 0.26168140056325667
0.033298524561585496 0.010635443793172494 0.26036233028883926
0.03324711225266033 0.010527764038533338 0.2603352690946337
0.033236061070141626 0.010483229471311806 0.26040598185647573
0.03160722967540347 0.01552080287430252 0.26149665684362655
0.031679613558448255 0.01585480234111103 0.261641877160893
0.03170508716866241 0.015784016452305427 0.26170219686106344
0.03517793762305069 0.005599511166012483 0.2597944084881494
0.03509554351815786 0.0054508416809962434 0.2598055150764604
0.0350970558702384 0.005423689754095795 0.25997176142095185
0.0316128549959101 0.015538574907489333 0.2616243830660932
0.03162575180218123 0.015550375543462613 0.2615211799053924
0.031513937803863246 0.015396718918742447 0.26151864961691923
0.03157963635646144 0.015492503355502285 0.2614604713481146
0.03142727996222702 0.015272781623027754 0.2615071950713639
0.031327858170536294 0.015161637817953322 0.26147632119841957
0.03511743813834134 0.0054605764167592885 0.25996402926959983
0.03512201235129614 0.005475533039789038 0.25989233351098473
0.03506061897577574 0.005287965113154214 0.26001754856175785
0.03505973421719369 0.00533555292947302 0.2601227852033817
0.03505314531335661 0.005210944503427295 0.25997734749401913
0.03503857214428706 0.005304712981174908 0.25996195636592007
0.03502505703861354 0.005280922054880011 0.2602036407995203
0.035051871027695525 0.005255633162882634 0.2600755687056393
0.035082572924274094 0.005369900866792454 0.26005298092155893
0.03508831249775457 0.00539172943345595 0.2599966951118581
0.035048157884236195 0.005234576404397284 0.26014398392973265
0.03129891438707344 0.01733217213048205 0.26254738304837716
0.03129080826544203 0.01736066118605112 0.26256177221808497
0.033189668165656036 0.01027155319093992 0.26028494416300263
0.033212810352027694 0.010198854893974818 0.26023655329580314
0.033178536413314974 0.010357883943412471 0.26028538988413674
0.03119016265512836 0.014915146949797176 0.26172320370215796
0.0311826494166845 0.014872854047927098 0.2617697108822434
0.03121000484675099 0.01486554392138656 0.2617306416053645
0.03153309535886309 0.015433639215870487 0.26147118456929047
