0.03255465254187584 0.013389503583312035 0.257999986410141
0.032277364283800125 0.013844870962202549 0.2590000033378601
0.0319969616830349 0.014303353615105152 0.25999999046325684
0.0319969616830349 0.01470838114619255 0.25999999046325684
0.0319969616830349 0.01511340867727995 0.25999999046325684
0.0319969616830349 0.015518437139689922 0.25999999046325684
0.0319969616830349 0.01592346467077732 0.25999999046325684
0.0319969616830349 0.016328491270542145 0.25999999046325684
0.031591933220624924 0.016733519732952118 0.25999999046325684
0.031591933220624924 0.01713854819536209 0.25999999046325684
0.03118690475821495 0.017543574795126915 0.25999999046325684
0.030900269746780396 0.018017634749412537 0.26100000739097595
0.030493684113025665 0.018424220383167267 0.26100000739097595
0.03020237386226654 0.018902955576777458 0.2619999945163727
0.0299079492688179 0.019384805113077164 0.2630000114440918
0.0299079492688179 0.019794505089521408 0.2630000114440918
0.0299079492688179 0.0202042069286108 0.2630000114440918
0.0299079492688179 0.020613908767700195 0.2630000114440918
0.0299079492688179 0.02102360874414444 0.2630000114440918
0.0296104084700346 0.021514805033802986 0.2639999985694885
0.0296104084700346 0.021926064044237137 0.2639999985694885
0.029199151322245598 0.022337323054671288 0.2639999985694885
0.028896937146782875 0.02283474989235401 0.26499998569488525
0.028484120965003967 0.02283474989235401 0.26499998569488525
0.028177233412861824 0.023335294798016548 0.26600000262260437
0.02776285819709301 0.023335294798016548 0.26600000262260437
0.027348484843969345 0.023335294798016548 0.26600000262260437
0.027035364881157875 0.023423021659255028 0.2669999897480011
0.027035364881157875 0.02383895218372345 0.2669999897480011
0.027035364881157875 0.02425488457083702 0.2669999897480011
0.02671913243830204 0.024763217195868492 0.2680000066757202
0.026818830519914627 0.025274666026234627 0.26899999380111694
0.026818830519914627 0.025274666026234627 0.26899999380111694
0.02671913243830204 0.024763217195868492 0.2680000066757202
0.027035364881157875 0.02425488457083702 0.2669999897480011
0.027035364881157875 0.02383895218372345 0.2669999897480011
0.027348484843969345 0.023335294798016548 0.26600000262260437
0.02776285819709301 0.023335294798016548 0.26600000262260437
0.028177233412861824 0.023335294798016548 0.26600000262260437
0.028484120965003967 0.02283474989235401 0.26499998569488525
0.028896937146782875 0.02283474989235401 0.26499998569488525
0.029199151322245598 0.022748582065105438 0.2639999985694885
0.0296104084700346 0.022337323054671288 0.2639999985694885
0.0296104084700346 0.021926064044237137 0.2639999985694885
0.0296104084700346 0.021514805033802986 0.2639999985694885
0.0299079492688179 0.02102360874414444 0.2630000114440918
0.0299079492688179 0.020613908767700195 0.2630000114440918
0.0299079492688179 0.0202042069286108 0.2630000114440918
0.0299079492688179 0.019794505089521408 0.2630000114440918
0.03020237386226654 0.019311098381876945 0.2619999945163727
0.030610518530011177 0.018902955576777458 0.2619999945163727
0.030900269746780396 0.018424220383167267 0.26100000739097595
0.03118690475821495 0.017948603257536888 0.25999999046325684
0.031591933220624924 0.017543574795126915 0.25999999046325684
0.031591933220624924 0.01713854819536209 0.25999999046325684
0.031591933220624924 0.016733519732952118 0.25999999046325684
0.0319969616830349 0.016328491270542145 0.25999999046325684
0.0319969616830349 0.01592346467077732 0.25999999046325684
0.0319969616830349 0.015518437139689922 0.25999999046325684
0.0319969616830349 0.01511340867727995 0.25999999046325684
0.0319969616830349 0.01470838114619255 0.25999999046325684
0.032277364283800125 0.01424834132194519 0.2590000033378601
0.03255465254187584 0.013791415840387344 0.257999986410141
0.03715327009558678 -0.0060624126344919205 0.26499998569488525
0.037566084414720535 -0.005649595987051725 0.26499998569488525
0.03797890245914459 -0.00523677933961153 0.26499998569488525
0.03797890245914459 -0.004823962692171335 0.26499998569488525
0.03839172050356865 -0.00441114604473114 0.26499998569488525
0.03880453482270241 -0.003998329397290945 0.26499998569488525
0.03880453482270241 -0.0035855129826813936 0.26499998569488525
0.03880453482270241 -0.0031726963352411985 0.26499998569488525
0.03880453482270241 -0.0027598796878010035 0.26499998569488525
0.03839172050356865 -0.0023470630403608084 0.26499998569488525
0.03728256747126579 -0.0006905452464707196 0.2630000114440918
0.03728256747126579 -0.0002808442513924092 0.2630000114440918
0.03714080899953842 0.00012836682435590774 0.2619999945163727
0.03714080899953842 0.0005365100223571062 0.2619999945163727
0.03740563616156578 0.0009410477359779179 0.26100000739097595
0.03740563616156578 0.0013476331951096654 0.26100000739097595
0.03726232051849365 0.0017474974738433957 0.25999999046325684
0.03726232051849365 0.002152525121346116 0.25999999046325684
0.03685729205608368 0.0025575526524335146 0.25999999046325684
0.03685729205608368 0.0029625804163515568 0.25999999046325684
0.03550512343645096 0.00496853468939662 0.2590000033378601
0.03536803647875786 0.00535126356408 0.257999986410141
0.03536803647875786 0.005753175355494022 0.257999986410141
0.03536803647875786 0.006155087612569332 0.257999986410141
0.0349661260843277 0.006958911661058664 0.257999986410141
0.03483060002326965 0.007332293316721916 0.25699999928474426
0.03483060002326965 0.007732647471129894 0.25699999928474426
0.03483060002326965 0.007732647471129894 0.25699999928474426
0.03483060002326965 0.007332293316721916 0.25699999928474426
0.0349661260843277 0.006958911661058664 0.257999986410141
0.03536803647875786 0.006155087612569332 0.257999986410141
0.03536803647875786 0.005753175355494022 0.257999986410141
0.03536803647875786 0.00535126356408 0.257999986410141
0.03550512343645096 0.00496853468939662 0.2590000033378601
0.03685729205608368 0.0033676079474389553 0.25999999046325684
0.03685729205608368 0.0029625804163515568 0.25999999046325684
0.03685729205608368 0.0025575526524335146 0.25999999046325684
0.03726232051849365 0.002152525121346116 0.25999999046325684
0.03726232051849365 0.0017474974738433957 0.25999999046325684
0.03740563616156578 0.0013476331951096654 0.26100000739097595
0.03740563616156578 0.0009410477359779179 0.26100000739097595
0.03714080899953842 0.0005365100223571062 0.2619999945163727
0.03714080899953842 0.00012836682435590774 0.2619999945163727
0.03728256747126579 -0.0002808442513924092 0.2630000114440918
0.03728256747126579 -0.0006905452464707196 0.2630000114440918
0.037835586816072464 -0.0011044297134503722 0.2639999985694885
0.03880453482270241 -0.0027598796878010035 0.26499998569488525
0.03880453482270241 -0.0031726963352411985 0.26499998569488525
0.03880453482270241 -0.0035855129826813936 0.26499998569488525
0.03880453482270241 -0.003998329397290945 0.26499998569488525
0.03880453482270241 -0.00441114604473114 0.26499998569488525
0.038536593317985535 -0.004842166323214769 0.26600000262260437
0.03797890245914459 -0.00523677933961153 0.26499998569488525
0.03797890245914459 -0.005649595987051725 0.26499998569488525
0.037566084414720535 -0.0060624126344919205 0.26499998569488525
