0.030209101696588365 -0.0022381142043225166 0.2638206961728019
0.030204488512824368 -0.0020851153889709373 0.26380024836762456
0.030200146931525784 -0.001984146139888343 0.2638026445127616
0.03018582158335973 -0.0018714968338655602 0.2637805921330145
0.030167363106563844 -0.0017367889032421924 0.2637802156206885
0.030154599573107968 -0.0016233055066933733 0.2637988269511484
0.03013100522099659 -0.0015127650546752913 0.2637813375967847
0.030117549342795473 -0.0014334780315458096 0.26382292302578464
0.030185341913804446 -0.001952560681494131 0.26364336822429313
0.03007977314588465 -0.0013423833050782985 0.2637062162151146
0.030062711794892963 -0.0012680603245281419 0.2637035662595539
0.03004655605156046 -0.001202369622418209 0.2637263991265154
0.02998006057980126 -0.0010475362380795161 0.263658808293337
0.029943665115561235 -0.000979006272320282 0.26355987954081384
0.029879100577728537 -0.0008596432107355612 0.26348961502143475
0.029809107780701338 -0.000738733810769554 0.2634010221240661
0.029218825263314152 -0.00016468174496958587 0.2629967293950716
0.02886706655279357 0.00013420479431541787 0.26290260576781943
0.028321531680704934 0.002942775964805855 0.2607494612866418
0.028288347495066174 0.0030126137704333256 0.26062131540481714
0.02827961396375893 0.0030903107542912256 0.26063359786101686
0.028260522413815298 0.0031897354603228067 0.26065335454219785
0.028241911331183103 0.0031893258277856384 0.26053989048928045
0.0282227817832036 0.003278291602507144 0.26053575603377854
0.02808713807102204 0.003723652895240126 0.26029075538973684
0.028049671482400847 0.003829129365362338 0.26028100000211557
0.027981763322333236 0.0039649254640318765 0.26022454669855977
0.027857954196300008 0.004251725657465344 0.26019496795860314
0.027830953269261403 0.004286379933444773 0.2601128027591852
0.027794668553694786 0.0043816357113437565 0.26012770878122676
0.027754240008649858 0.004434046560350013 0.2600358323002755
0.027730905528228003 0.004503350259670524 0.2600586559499384
0.02766195391323928 0.004624274846549259 0.2599900795634875
0.02759397066964303 0.004747556107362549 0.2599440339347871
0.027523706169321406 0.004876794141380425 0.2598765988759694
0.02750716260922685 0.004920287984753413 0.25990285420700987
0.027438136461985042 0.005051022634931679 0.25984476666239215
0.027403886343857743 0.005128904996231254 0.25985766061859905
0.027335887330538558 0.005260127567437767 0.25979473791845376
0.027273942248329068 0.0053986436384281244 0.25973423616420277
0.0200881711558292 0.022627147210063814 0.2678766982638216
0.020057908194624927 0.022697425207894195 0.26794006305057344
0.02002525521078985 0.02275912186542678 0.2679734500240208
0.020007321744130058 0.022797405687692895 0.26801450167351576
0.019885616947781223 0.022956691098740545 0.26802400351402644
0.019862619301859855 0.02298923265976066 0.2680846962359002
0.019808719901856675 0.02305356809688308 0.26813224560823645
0.01976234732419549 0.023102261502275734 0.26806774526085503
0.019737381871938103 0.02312723473627959 0.26811532350353984
0.01969168164131918 0.023176377265293202 0.268018078175819
0.01963532250088687 0.023216129853379286 0.26793120257089925
0.019611168185455913 0.023247245682021356 0.2679866181720778
0.019556190878506227 0.023279674629569647 0.26791427913571797
0.019501795095779956 0.02333451752310023 0.26796140186962414
0.01941054257378351 0.023392484227822974 0.2679517902270553
0.019345402578218637 0.023433617167849863 0.2679965755552617
0.019311672698201443 0.02345946363954321 0.2680657141240567
0.019297364020760793 0.023478363823830783 0.26814374637497773
0.019211151248929415 0.023526822155618576 0.26820703393104917
0.019158744527837973 0.02355111481478711 0.2682631438900134
0.01910323439043511 0.02357188255855025 0.2682132575265008
0.019050959369788845 0.023593860216062523 0.268292374508791
0.019077999659650763 0.02357557001098809 0.26814224465825315
0.019036196564739594 0.023596244085084594 0.268212471300748
0.01894212881347171 0.023634003668864978 0.26829054469765207
0.018904832204677327 0.02364467652778729 0.2682124912828974
0.01886869435732909 0.023659022861654833 0.26830210206513705
0.018793578887101953 0.023681176945556437 0.26821713741366926
0.026079772772427116 0.007543752195080744 0.2593016516292274
0.026055014294122325 0.007640664178927614 0.25932340787290353
0.026032520370815618 0.00771944684973741 0.25931766122219635
0.026015042317138463 0.007805126707244869 0.2593506793953313
0.025788490270578633 0.008435089266117746 0.2592662563172199
0.02535069770379149 0.009629809153239965 0.2594682738849721
0.025319953093340182 0.009708127401296396 0.25949230338870344
0.025294254431847255 0.009784452761660678 0.2595111970480294
0.025173661297570836 0.010075144004944414 0.25963441719428626
0.0251502940442931 0.010132369964455545 0.2596584046854491
0.0251129060871201 0.010223279976683042 0.25970958404589073
0.02508747409863389 0.010289709608139963 0.25974649639648156
0.024956501513272597 0.010555859618665786 0.2597817129888903
0.021487449793834004 0.019314021550164095 0.26365174837210253
0.021466365428605916 0.019350545927225404 0.2636811373636335
0.02142622467459329 0.019429474390920576 0.26374792903666255
0.021410423800119163 0.019461087462154747 0.2638030169581426
0.021353503567380833 0.019531647335490177 0.26385781733478286
0.021326266577772174 0.01955576005692916 0.2638882039825391
0.021699916691509336 0.018952924310906505 0.26326515822673824
0.02166901394224803 0.01901432936800418 0.263322464854199
0.02163170426982941 0.01907509379968919 0.26334081636601714
0.021593282482393436 0.019128427574367446 0.2634040875777077
0.02156233442608882 0.019171833229999824 0.26346897343957365
0.021530583141397802 0.019223715758600046 0.2635122026085053
0.02132105399367948 0.019555874009752505 0.2637633932254633
0.021276911663187195 0.01959765573125022 0.26381567842994214
0.02122166872145781 0.019642154917188404 0.2638887355605998
0.021170330247315225 0.019675708626691546 0.26393186829354465
0.023026784456806657 0.015166633816153352 0.26169447725987804
0.022987344941146237 0.01522429412878562 0.26174071234235474
0.02179320372380117 0.01873873549064342 0.26304225247988433
0.021769790024965277 0.01878374778036057 0.26306148429938325
0.021727450268152315 0.018869382639291332 0.2631143836418076
0.02169297184827912 0.01894556118662949 0.2631522028100758
0.021681421336388174 0.018982893728081485 0.2631904630704486
0.02164129163793624 0.019061360930886062 0.26321874028364545
0.021603056601508325 0.019108620682349087 0.26328785210883476
0.021178765891073092 0.019663910609886648 0.26379833995904645
0.021126453836679493 0.019696042650614365 0.2638485562574344
0.021079893239591266 0.019729034952940927 0.26392713475758545
0.021040336092778764 0.01975519678884724 0.26398542701331523
0.023574216211067762 0.014037496844407638 0.26088377687498643
0.023542025294613217 0.014114842956596152 0.26092648065382545
0.023521445477910408 0.014174727053258729 0.26094750282810386
0.02348722263600625 0.01425130228376087 0.26098333531009343
0.023467413603867178 0.014301203529060169 0.2609991527202259
0.023097050673016484 0.015045876553917648 0.2614759377346729
0.023059170831884704 0.015106765060241834 0.26152134409472794
0.023017992311164373 0.015170110151416005 0.26153191245105356
0.022839731966701998 0.015429562499523153 0.26181444168963575
0.0228244880927731 0.015442119112373753 0.2618736857685075
0.021950829182091916 0.01831964924336449 0.2627034909595779
0.021919488941047907 0.018396384702669077 0.2627353171166915
0.021895281892489266 0.018465787422585034 0.2627630769612218
0.021876894214673828 0.0185368197483618 0.26281071560624136
0.021853567707744256 0.018594135310141813 0.2628425931995054
0.021815788567170827 0.018658056673569845 0.2628777147048126
0.021789983185700218 0.018717355752521536 0.2629346571926633
0.020994482592945146 0.019768126636425354 0.26390917074016595
0.020940788983474665 0.019798385550832576 0.26398351780736384
0.024005147622773837 0.012542510456317435 0.2603254941870674
0.023964905043157375 0.0126871919504834 0.26037831158317615
0.023934850841897552 0.012782171344654258 0.26039842544579783
0.02391226484054805 0.012848579953199879 0.26040972843452126
0.023898399467516998 0.012914627814921253 0.2604493721325417
0.02387237215027352 0.012992937087263845 0.26044393129416055
0.02385150514961236 0.013078784388595888 0.260501548158336
0.02382709763585044 0.013162977218629024 0.2605198924011105
0.02380747400352988 0.013236028074010309 0.26052051448038244
0.023789286323469827 0.013326912795407375 0.26057902601779687
0.023757648612447974 0.013414557684056694 0.26054697191299037
0.02373907007346194 0.013497328555814148 0.2605996745199245
0.02372428271934454 0.013558477590048523 0.26063240835976054
0.023700749014343436 0.013644125712945931 0.26063911423577124
0.02367620217771743 0.013733473795002282 0.260647213979255
0.023659219856569616 0.013786024066659741 0.260671136780453
0.02361841192982507 0.01389235169206765 0.26070448616860226
0.023589014682006054 0.013966929226842117 0.2607212197434633
0.023567451954691176 0.014023774673023515 0.2607624670577902
0.023549503241457354 0.014073999905954704 0.2608135904836365
0.02351896579816047 0.014152595390932554 0.2608327115740336
0.023497123525936747 0.014213627896206893 0.2608565364548107
0.02345855849513842 0.014308387743645734 0.2608977395701408
0.023438427648060547 0.014361883404529818 0.26091296443344075
0.02341288671638682 0.014424299562302956 0.26094287964458945
0.02338194211842401 0.01450011516722094 0.2609909850840724
0.023357872270987456 0.014551063460450708 0.2610070144933364
0.0233138993674801 0.01463663555514394 0.2610716920950773
0.023295772671831555 0.014680834987837177 0.2611170643250694
0.02327335319390683 0.014732563684108635 0.26114967399221944
0.02323670590320126 0.014801527800907543 0.2611613180369672
0.023192452469692232 0.014882728047712956 0.26120937221099394
0.023172815961188933 0.014924573722447931 0.2612593909868664
0.02313060575357248 0.015001663342789129 0.2612998004648218
0.023105577538396177 0.015037924672999803 0.2613261706065818
0.023068958657632074 0.015100553712265208 0.26139581809334395
0.022759133817165503 0.01549249916470341 0.26179866929706913
0.022018394864151913 0.018089340228054918 0.2624787290462677
0.02196922004604579 0.018237625397145574 0.26253148776869334
0.02194941125739039 0.018307879706399355 0.2625868195102462
0.020845375370798738 0.019825879414634318 0.26396682022162876
0.024017906327434932 0.012434043678198337 0.26018475304240873
0.024007325854514053 0.012488086355669892 0.2602082823157609
0.023977355527159787 0.012590310450577069 0.26022926138148555
0.023893882907137537 0.012886653594279762 0.2603686237841881
0.023666153108934065 0.013716663383555094 0.2605355492789977
0.023652600030248605 0.01377797986133611 0.2605766406918557
0.023257886421036128 0.014734892977191216 0.2610471087421066
0.023110631326925007 0.015014024311223007 0.26121096769981095
0.02269895885018386 0.015512428823546143 0.26170553670853447
0.022672799878078465 0.01552943635624593 0.26175743385305955
0.022165380646267635 0.017579294428810233 0.26215210019661006
0.022102866884532446 0.017786514980607515 0.26226228818464203
0.02208764571629171 0.01784097713682148 0.2622667128516246
0.020726987767405683 0.01985615939465596 0.26401012605002105
0.022611312589336324 0.0155531645114238 0.26168943547899814
0.022225422934540592 0.017389475750224315 0.2619852988291731
0.02219636706220668 0.01747507786784347 0.2620023624583891
0.022165586240453297 0.017557969443078802 0.262036782181909
0.02214841262840972 0.01762229912328317 0.26206249479932137
0.022546064814411765 0.015576732074235378 0.26162781878604474
0.022303791492149463 0.017013467418497574 0.2617211080993008
0.022283262458628966 0.017091733421973787 0.26174601632851496
0.022280380097197183 0.01715730321805614 0.26178558380675515
0.022270634469099146 0.017219617121500108 0.26180711519246413
0.022249074969779403 0.01729674612911808 0.2618481431326141
0.022225681972631126 0.01736967539070261 0.2618829250084859
0.02230993734655598 0.016963199056820755 0.2616221937060714
0.01983029313588297 0.020658453012870892 0.2655965902101173
0.019814850198450334 0.020483574304710428 0.2655315931769881
0.019809097320432595 0.020360271008029895 0.2655148238203447
0.019850451600131352 0.020820853678561624 0.26572062190647894
0.019795069895258047 0.020247809615187295 0.2655386267521568
0.020014128302989057 0.021475684737383538 0.26678833946138
0.01974966842397112 0.020122227309124274 0.2655470353256906
0.019893236416917426 0.02117579295005717 0.26603495985535375
0.0300468372240646 -0.0034569764303318817 0.26432704458937306
0.030079490533524413 -0.0033375820775303766 0.26432088659453445
0.030113430310182085 -0.0030994205954053555 0.2641465662228264
0.030105507499856854 -0.0031839620683360437 0.2642369686820366
0.03010193578080589 -0.003257167695173868 0.2643289377612008
0.03015715075209481 -0.002789241264254061 0.26390449966961116
0.030154576913930572 -0.0028744389522188385 0.2640212907793866
0.03014249554619977 -0.002994218782499114 0.264130809845817
0.03014284659274371 -0.003055109259186506 0.26423931308316545
0.03018059964053394 -0.0025682949227737173 0.2637746037269593
0.030180053009084086 -0.002656755568582525 0.26387861000435237
0.030176078252715996 -0.0027418201496119954 0.26398945994330625
0.030174661463305337 -0.0028118305026035295 0.2640676985525844
0.030166714868130017 -0.0029203580035271903 0.26418986660474353
0.03019290929547127 -0.002524038407433815 0.2638559062923881
0.03019357787000461 -0.0026129239757560208 0.26396719364904697
0.030193278861860705 -0.0026895780127583757 0.26405868238390195
0.030200192085913395 -0.002396573582221284 0.26384138143793345
0.030205250842862505 -0.002473509114109096 0.26394257722248626
0.030208723950151527 -0.0022990782870167537 0.26384535433430834
0.03021359567214999 -0.0023419790705628274 0.2639291182823762
0.030192686421074602 -0.002011983350636515 0.2636730054762735
0.03019806840576548 -0.0020630199113844117 0.26373380368766014
0.030212095930276933 -0.0021480796278647296 0.26385624424176035
0.03021631372130991 -0.002237420740674567 0.2638994451537958
0.028321723328450434 0.0022640026276630754 0.26077399531923307
0.03019186156544728 -0.0019557153155286278 0.26373195719328224
0.030210427576991557 -0.002033064476891777 0.263877019227777
0.028348003738050492 0.0023684059457538265 0.2607241592334829
0.02834747489627447 0.002312919672102509 0.2608155161684286
0.028336634333071653 0.002241817081157782 0.2608979904835237
0.028297768696644326 0.0006597299502157927 0.26277907252006877
0.02836787439321075 0.0006004591034199369 0.2627883736989746
0.028481606555514745 0.0005054743493701497 0.26280495738540954
0.028538449405009735 0.0004583203381648415 0.2628040913088926
0.02859426142519919 0.0004122233104397188 0.26280549606413184
0.03017760175508636 -0.0018036740587221711 0.2637909187488689
0.02836984608684994 0.002489347044495105 0.26073113231272826
0.028374619202988005 0.0024299574043952776 0.26082049148075903
0.028365355517675064 0.002350978437303919 0.26091571173853856
0.028933461885428967 7.866311614745936e-05 0.26294109152999867
0.02836047999136227 0.0026405016780061685 0.2607357981377841
0.029461918961852185 -0.0003630338707329983 0.2631174125887492
0.029523717350597632 -0.00042652115562086257 0.26313887565018135
0.030138531182088625 -0.0015477893640271079 0.2637853921453497
0.01990654472144325 0.021215797148709303 0.2661303173879395
0.028349167591035743 0.0027598605548247446 0.2607676769790973
0.0295267132311618 -0.00040288788637360406 0.2632165987425306
0.029566843481954534 -0.0004401706544530648 0.2632474584521153
0.029626550487557024 -0.0005031771812305519 0.2632488687235124
0.029684038996498928 -0.0005591305627712373 0.2632920589508075
0.029730244996329938 -0.0006189856078061551 0.2633301248234954
0.030046634107302808 -0.0012257097844483589 0.26367468311019826
0.030075911262826945 -0.0013090967893434335 0.2637255203138885
0.030102863848208733 -0.0013834714377407575 0.26380853579447505
0.028269317664481826 0.0030853626114775157 0.2605773665609795
0.02829676689630191 0.002986025649932833 0.260646596876908
0.028320201975557492 0.0029262065314942243 0.2607133972843133
0.028338748864724636 0.002860842416401055 0.2607795656238746
0.029915431840365457 -0.000914916521625897 0.26358494656951
0.029953523369066502 -0.000988785914932011 0.2636212064519395
0.029986030498391353 -0.001058922483956115 0.2636819657732704
0.030019677277783714 -0.001133476218357965 0.26372173690631007
0.02816443595386784 0.0034866739127542568 0.2603875970830695
0.02819067149557901 0.003396818098603094 0.2604451994025918
0.0282125938662224 0.0033112733694058982 0.2605063232561349
0.028232636262094483 0.0032555233652845628 0.2605640842162046
0.02825805515032119 0.0031781647270939795 0.260613463144085
0.028280789317842454 0.003105337792948637 0.2606719595131185
0.028024439355744446 0.003875899717781073 0.26025980684003375
0.028065507490385402 0.0037959514082684387 0.2602930638080733
0.02809634663593371 0.003720563244219155 0.26032850321866563
0.02812229135793364 0.0036507449930963665 0.2603843455405237
0.028155814805346555 0.003559242418244457 0.2604225711650317
0.027929510717262594 0.004078874209873906 0.26019252157897593
0.027953937342121933 0.0040458768900006326 0.26026362240020295
0.027989423149255913 0.003967872165012376 0.26028642369998073
0.028026671861907153 0.003899216623084345 0.2603240923815132
0.02756329006760784 0.004796864597670647 0.2599075171284879
0.027610244761494734 0.004706498290728778 0.25993416078799025
0.02763674777817097 0.004671197088924328 0.2599779228030058
0.02768157957010183 0.004591144731544539 0.26001181652676414
0.02770757736999499 0.004542958650604112 0.2600324574595028
0.027754714756787723 0.004460810733514897 0.2600759732288772
0.027784619007464623 0.0044018323580478635 0.2601103260805598
0.027815769939481337 0.00434589663385343 0.2601750992323538
0.027899037363937215 0.00417628252949237 0.2602538604647354
0.027392845559607658 0.005142145063589454 0.25982167543554413
0.02742065860403871 0.005089742012027887 0.25985721592015687
0.027205818960097314 0.0055316880541230184 0.25970414911295325
0.02725297194109251 0.00545126149821612 0.25973780586247264
0.027288774789965775 0.005380511340186078 0.25979733927957005
0.0271741781904608 0.0056022151492985395 0.25977401390696947
0.02719886648452327 0.0055669435941361756 0.25979878226244
0.02621408927158124 0.006936366879152056 0.25931692873134743
0.02707959886352175 0.005758395821393036 0.2598110914524636
0.02618725036811584 0.007114597980763249 0.259297346497582
0.02620403413225572 0.007043875794538967 0.2593340826750771
0.026172375523123036 0.007226475082019124 0.2593389591471134
0.026126674573748558 0.007388375492582699 0.25931428077225577
0.026152253299793995 0.007323200388883733 0.25937818049003075
0.026071089434089846 0.007575702287096142 0.2593066418452078
0.026099599164456477 0.0075010298886384885 0.259367058015088
0.0260283131346703 0.007732376037025757 0.2593100841396391
0.026047479512327734 0.007676121795929303 0.2593379662436872
0.0257469883297387 0.008554556602889896 0.25927285006054973
0.025692964313265773 0.008723684959927425 0.2592803460721484
0.02572317415488999 0.008634796884469498 0.2593220199729788
0.025636604799314594 0.008884755709966718 0.2593114510358837
0.025571841480530648 0.009056712649746834 0.2593182840953414
0.025603382222776846 0.008991009568915076 0.259368044449518
0.025548913669168893 0.009146287041057799 0.25937155954735663
0.025478436073209543 0.009303980445038607 0.25939568383820094
0.02549782153142125 0.009258392876529298 0.2594255010648883
0.02544443226521141 0.009399829860524345 0.2594339779695094
0.025344638284356943 0.0096440874832463 0.2594604891223972
0.025374407341888214 0.00956528364122572 0.25948281683380015
0.025285354978911947 0.009793076521473931 0.25948405818651793
0.025315609794040003 0.009726781686661856 0.25951077786538596
0.025066897806344093 0.010315284905434263 0.2596971728781165
0.025031279241281637 0.010406628708085786 0.2597868432151297
0.025065499302771604 0.010349911353546681 0.2598045741848072
0.024960142833036894 0.010554409187260916 0.25981734361671405
0.024983104798907002 0.01051279514572201 0.25983976536664977
0.024862652382240114 0.010715843115995216 0.2598989672288422
0.02490042994940503 0.010665597249732484 0.2599005623597482
0.024148327397786204 0.011865794430439225 0.2601826350646879
0.024088125712507652 0.012147473203599324 0.2601279110759748
0.024108724172186527 0.012057081111884749 0.26014676674128623
0.024133316371142438 0.011980840592956565 0.26022066985099124
0.024066708490252497 0.012244617452185858 0.26015016346590103
0.02409426425015744 0.012161855363592933 0.260187500774157
0.024041679005199608 0.012362185716855933 0.26020105744315225
0.024066832459537918 0.01229504487128491 0.2602353925198358
0.023996784669757007 0.012529214976747471 0.26022039944628633
0.024029339241699373 0.01244953714374486 0.26026847194646735
0.02397524513405975 0.012616561166661544 0.2602759259445503
0.02400083516636206 0.012550241819621333 0.2602942469449306
0.023944505860543787 0.012722163400121445 0.2603261399859329
0.023911856619148103 0.012830114006802784 0.26036665738532405
0.023859336417176927 0.013001253022970838 0.2603985550032593
0.023893900215603545 0.01291014283554004 0.2604093743602017
0.02383265267580577 0.01310642593525263 0.26045182468571193
0.023862051853025347 0.013029634602015616 0.26046314723482844
0.02380954086406597 0.01319862984319331 0.2604789565326553
0.02376185882249153 0.013374604500706766 0.2604980388130314
0.023791108202534064 0.013294762723272568 0.26052133972810515
0.02372550205564821 0.013511097133490801 0.2605333389716764
0.023739989035595294 0.013464049413423496 0.2605342175776621
0.023765121214214667 0.013409942534760133 0.2605890596252091
0.023691547944713093 0.01364310468337604 0.26056290783239017
0.02372259186883805 0.013554354800194235 0.2606070151278201
0.02366435152363843 0.01376215554407012 0.2606241605159944
0.023690778902487095 0.013686317652852942 0.26066552902095785
0.02360844368577386 0.013900123038022016 0.26064686131725673
0.02363447797919825 0.013846323935247595 0.26068180039862077
0.0236684794667837 0.013761829838927098 0.2607109982877389
0.023606198622284025 0.013935149617675613 0.26074446639349613
0.023635867980359875 0.013867159678795704 0.26077368528468786
0.023565169153193358 0.014039524152219707 0.26080406885489527
0.023396175638756206 0.01444316632621373 0.2608802146647047
0.023425713948011892 0.01437223732826659 0.26086688885754283
0.023360846494537374 0.01453431631267943 0.26094910521656833
0.023397148700521064 0.014461857018381818 0.2609686965644192
0.023427157045996405 0.014400639061641185 0.260994828993972
0.023310219607584615 0.014633309664049021 0.2610222842989765
0.023354407453214474 0.014558102460664746 0.2610773500683592
0.023236103152967494 0.01478760875423013 0.2610845611263223
0.023277501294295927 0.014715651389708262 0.2611088817140129
0.023310534998065485 0.014652482722837534 0.26114065982662277
0.023199035651555733 0.014865497501132752 0.26116713114233925
0.023225515120423507 0.014826055548871175 0.26120046967755417
0.023099558344523305 0.01503678157961641 0.26125264766497414
0.02314367608979312 0.014975877911550195 0.26125021993591274
0.023182859979498066 0.014903672684441704 0.2612967925337123
0.023056749342969057 0.015112175717440057 0.2613375507265665
0.02308454112274795 0.015072605754887003 0.261348405902303
0.023133594915001165 0.014995857292455839 0.2613584567321211
0.023036152517659156 0.015139860143118411 0.2614489333103128
0.02307583998090336 0.015081641620248998 0.26145826086927204
0.0199813257704147 0.02141491692457631 0.26658432296551915
0.022335589722423513 0.016892392561526803 0.26167532944203636
0.022288031096083377 0.01705598972010558 0.26167938186915957
0.02226958290905867 0.017148104199289527 0.2617346953396724
0.02228805645787281 0.01708413590432728 0.26176657872615877
0.02224940903820255 0.017264750091534553 0.2617840480058318
0.02227943921395545 0.017185534723668516 0.2618079986663261
0.022225216494818484 0.01735428240813941 0.26185188986037583
0.022249106305518795 0.017304100535014688 0.26190375562610235
0.022219780152733376 0.017400031075401556 0.26194244543462986
0.02224256831547744 0.017317468125108204 0.2619402172116591
0.022188095302178648 0.017500876866798964 0.26202542797678635
0.022165323293442257 0.01758913151305569 0.26208826140445196
0.02209547271818256 0.017804817925732908 0.2622198316998166
0.022118858375323708 0.017710396896153724 0.2622411502272819
0.022099474748895148 0.017828939534476784 0.2623153454550657
0.022074814884793126 0.017915543860664462 0.2623814027694831
0.022090482769702935 0.01786829572144244 0.2624049973477269
0.02204162825339684 0.018013238540885823 0.2624431029303664
0.022014818014391577 0.01812854862518526 0.262543725693414
0.019999945519765472 0.021444582917324928 0.26668657242472726
0.021951636029696797 0.018297985068258915 0.26257111474904926
0.021912385219752237 0.018403394079984925 0.26266605693496065
0.02194226140050079 0.018337757069067706 0.2626823432489002
0.019954968934769238 0.022884674188211718 0.2680711997649231
0.019888953960753797 0.022955951685605158 0.26805077530725435
0.021878830163449145 0.01850364662815296 0.2627335174929357
0.021906524271238362 0.018434155223191084 0.26276794503903156
0.021839753407333296 0.018603169309547474 0.2627978887102578
0.02188196184269557 0.018527354528541706 0.26285245429524795
0.021836230240160265 0.018633278910232587 0.2629362366370209
0.021756874475011678 0.01879375896688823 0.26300298847035497
0.02179590841106374 0.01872473278573178 0.262998609263665
0.021754538602820075 0.018817039189841345 0.2631084415946347
0.021665287572598904 0.018980636305748366 0.26312710263081623
0.02171163352499439 0.018913400118148183 0.2631777068665436
0.020170879165559444 0.02186554812635938 0.26732699034016855
0.02013988555191265 0.02180716876102262 0.26723006603044186
0.021617609727015652 0.01909030101024306 0.26323567998263797
0.021679961115728244 0.019000975404558584 0.2632609703759665
0.021569161776294074 0.019153939224553607 0.26336569546729366
0.021606877767136823 0.019109967368862002 0.26338128850874765
0.021554971288449118 0.019189347473029417 0.26350657019069923
0.020055101178753212 0.02157846105642064 0.2669848559441411
0.021497031373541337 0.019287016316868744 0.26358955290518593
0.021541472612159565 0.019219820243333574 0.26357840059100734
0.020045465356962444 0.021592342659510544 0.26680731200610297
0.026085171116961917 0.007540213848087174 0.2593401841826964
0.026120585007963854 0.007433886415659063 0.2593773827624723
0.02611019156242471 0.007449841704918803 0.25932884669408535
0.02606013158544028 0.007613768972550561 0.25930688517931255
0.026069321066417683 0.00761404231714774 0.2593806731053039
0.026140724714317894 0.007355744448727497 0.2593463687377086
0.026037374069950804 0.007716492255591401 0.25934663170507355
0.026159205150546205 0.0072767392388235486 0.2593262548200187
0.025997363200380784 0.007837662563013714 0.25930344075098105
0.0261905056663035 0.007155056806661564 0.2593787689744581
0.02617679990169916 0.0071738250181698215 0.259292841035152
0.019901966808861984 0.022945100829719844 0.2680813235856129
0.01999330918365176 0.022828256390827473 0.2680834906499174
0.019967882692963262 0.02285655582948537 0.2680067962358905
0.02004063080740022 0.022744075642132267 0.2680118421351043
0.02010658366810608 0.022605336518478403 0.26792759683771344
0.020131660227834525 0.022532045854330274 0.26784979806393827
0.020166313108727713 0.02242066849473251 0.26777776927306385
0.02019092141834393 0.02231584351039595 0.26773584148327406
0.02020387057862638 0.022223826982433303 0.26769204599914975
0.026195695022762436 0.00708810801599552 0.2593259097112406
0.02022164983737905 0.02212484157290545 0.26773862876483423
0.02021258758033198 0.022135948852960496 0.26765277200722604
0.020223438525866833 0.022034517058437952 0.26770779074804163
0.020216622943230816 0.02205666584849808 0.2676189135747506
0.020203044192923417 0.022062769832754403 0.26753056410380543
0.020220177457800137 0.021968048773496063 0.2676769923741894
0.020214735440052187 0.02197472947647494 0.2676028140104265
0.020203183163228333 0.021976569538972868 0.26750538836867754
0.020193277609585128 0.021893381872716333 0.2674879710299079
0.020181213732263698 0.02189576505714097 0.26738280380024027
0.026203660268193422 0.007016695148772456 0.25930268241996063
0.020164166338961037 0.02182047057447195 0.2673570911387444
0.02015668310065334 0.021846163125696372 0.26727518170487985
0.02013581513423543 0.021759199261641826 0.26729063593492497
0.02012297239139077 0.02176047054925828 0.2672011230482325
0.020099089387801528 0.0216880139302017 0.26715368410858953
0.020101943710520265 0.021711092932833242 0.2670788725755257
0.020072702493021857 0.02162265736809882 0.26706205245099246
0.020068407753619774 0.021625032608296346 0.26695907664389457
0.020052855725880447 0.021597536086896685 0.26688308509736397
0.020036009865004298 0.02154182923705522 0.26683316951610836
0.020032025140167956 0.021553764993783697 0.26676682119752154
0.020011879886426068 0.021485895930557386 0.2667216283561806
0.020000607662120085 0.021490072531977933 0.2666431112060809
0.019988764694325173 0.021412929825818217 0.26664535372702164
0.0199757331773657 0.02142933846730599 0.2665251026640315
0.01996860342766174 0.021423988775928215 0.26646866298320926
0.02594460507852698 0.007995096228276877 0.259354006495515
0.019965899837028594 0.021358427453326112 0.26651723368606967
0.019954431017647295 0.021350040292466288 0.2664240339569139
0.019939874704692523 0.021329451788225873 0.2663275236080061
0.019932549929213783 0.02125073144942885 0.266308144058892
0.019921068786864254 0.021244136115440848 0.2662166833250226
0.019896814841428648 0.021204940685132012 0.2660703082558553
0.01990035207783375 0.021131877169252467 0.2660755951364041
0.019888273670446238 0.021051283766500395 0.26602988453689136
0.019876297832452094 0.02104150113160308 0.2659340494928897
0.019870521582143807 0.020964630505073523 0.2659051932178471
0.01986111690875525 0.020871635700286273 0.2658040906417126
0.01984055895845964 0.020723486060236718 0.2656558567557997
0.026069990734901002 0.006476259709840004 0.25926063137817423
0.019835354214266798 0.02056428593018056 0.2656027136750837
0.019837632346595177 0.020468110934838857 0.2656015199480999
0.019826519767086104 0.0203885044451107 0.26556244790861117
0.02622311991434395 0.006899744161117327 0.25937351925542207
0.019808983807946157 0.020314984399407154 0.2655336347186316
0.01978826406438372 0.02019874174113473 0.2655572524307236
0.02621378389204662 0.0068070937396887965 0.2593358222396678
0.026201153775541546 0.006829265190280764 0.25926569051335424
0.025927782010963817 0.008061171535529155 0.25940602606076957
0.029326579360594705 -0.0045867644439611666 0.26445164688658035
0.02934402533781709 -0.00460103448568544 0.26454031660964267
0.029398863565275733 -0.004513119773771168 0.26441045117799045
0.02941564318563715 -0.004528658780890205 0.26450040460481944
0.029467503698513052 -0.004438992773111716 0.26437220530001115
0.0294843584373225 -0.004454870914132991 0.2644623273845264
0.029498826991897292 -0.004468505863666872 0.2645540805167875
0.029550161569598776 -0.004378363684268638 0.2644259416502187
0.02956555287428613 -0.004393425125898409 0.2645169578615003
0.029610116792365117 -0.004302251136129254 0.26439522145036937
0.02962672462786723 -0.00431782915527873 0.26448539706636015
0.029639371204401806 -0.004332318298223947 0.26457901657201294
0.029681717275631153 -0.004242476458141575 0.2644597088915307
0.029694934516218345 -0.004256977619721269 0.26455297357597285
0.02974522999587126 -0.004180538139564094 0.26453077654914997
0.029793054165103985 -0.0041039627339627405 0.26451156152653243
0.029838652485710174 -0.004026884672398756 0.26449358077895513
0.02988252289873969 -0.003949253871005365 0.264476765412898
0.02992125997020209 -0.003871270340294497 0.26446453051476276
0.029929575294093083 -0.0038840439945929117 0.2645587336720583
0.02995412639800537 -0.0037932144116376576 0.26445680680289774
0.03001223620136212 -0.003636725535181018 0.2644520519948891
0.030037967959641435 -0.003558901357387678 0.26445263890768905
0.030057956136426325 -0.0034578280185313393 0.2643868631624539
0.030062173001879397 -0.0033815401116276123 0.26429374763847424
0.03007620656994249 -0.00338263356557833 0.2643708481438285
0.030081303834129 -0.0032976289207082288 0.26427683202154983
0.030098716504298004 -0.0032953098424899907 0.26437179932273186
0.03010707913037499 -0.003212784815646519 0.2642903760955201
0.03011501327318334 -0.003127298717670479 0.26419915720805304
0.030126584246543124 -0.0031340453530578904 0.2642713637817597
0.030126684554229788 -0.003044526969142536 0.2641210473825228
0.03013639033029876 -0.0030450182690671124 0.26417757371652106
0.030152742163313886 -0.0029437441384905227 0.26411855871730044
0.030156604914374455 -0.0029748068251922444 0.2642047363846459
0.030171308397865942 -0.0028683062556420502 0.26412773100523196
0.03018571105875207 -0.002793233173447318 0.2641174807862498
0.03018676706159125 -0.0027449257801969718 0.2640697672743757
0.030175732483802314 -0.0017591761515875493 0.2638267775690601
0.030167140362647296 -0.001684404193868505 0.26383080841176576
0.030145665606450857 -0.0015822230648548374 0.2637866048845332
0.030115688766218528 -0.0014642937264335854 0.2637573257590475
0.03012568110947743 -0.0014688382432153646 0.2638230357258974
0.03008375805502602 -0.001367365938613363 0.26369362029828447
0.030099547323877422 -0.0013982372407710941 0.2637543280530793
0.030071954550609736 -0.001283977669615688 0.2637365003481571
0.030088888188930636 -0.0013211562417415612 0.2638107178795624
0.030031892234317834 -0.001191124255808973 0.2636525561133476
0.026203650686614205 0.006734258699374274 0.2593337088419189
0.026185010919435342 0.00673257382228426 0.25926376771547166
0.02989069417979672 -0.0008803582255752507 0.2634788947438602
0.029816288691254536 -0.0007580172604973456 0.26337467828816047
0.02983490420478306 -0.00078537921574523 0.2634437825496867
0.027604780062722836 0.0011652218897875155 0.2612610763883597
0.027621854043906206 0.001151141525208843 0.26135215080298796
0.02763066721534789 0.0011401346434790072 0.2614496225628148
0.027626046169348585 0.0011329380495938568 0.2615600996910827
0.027610113671174497 0.0011305035833755195 0.2616904519744388
0.02768321348059389 0.001237074778901226 0.2612146204803707
0.02770305728896496 0.0012219450776302931 0.2613033936019154
0.027714469059412522 0.0012089620446704141 0.2613994454288132
0.027712606087984024 0.001200797422069022 0.26150672451939116
0.027698412578696832 0.0011971078564215198 0.26163638085513863
0.0276661748570311 0.0011791038642036122 0.2617240263328658
0.02777875051163401 0.0012940319171815817 0.2612595309924915
0.02779367256165565 0.0012809665542506399 0.2613518580698558
0.027795512069226758 0.0012708747371108498 0.26145582037426807
0.027781459605079793 0.0012652218749153454 0.26157305322930624
0.027771933599730125 0.0012707740197329676 0.26168440599177756
0.027849681132196755 0.0013672567819715264 0.2612204366342914
0.027866982165601115 0.0013543164853322964 0.2613098092579858
0.02787312426908014 0.0013426213389345354 0.2614099386648331
0.027861489111390803 0.0013343863852368631 0.2615264015634023
0.02784219351107598 0.0013321285972148766 0.2616430257358613
0.027914575328950232 0.0014413904782322184 0.26118664806660286
0.02793331422320179 0.0014273711287329238 0.26127506162767716
0.027941621462492586 0.0014155935634822536 0.2613725199871551
0.02793550181242821 0.0014059271841663223 0.2614863339621055
0.0279171221903851 0.001403520297352745 0.2616220460798011
0.02799308580902888 0.0015016948414658948 0.2612458737611349
0.028001624788759935 0.0014896830474331324 0.26134291208103616
0.027999224511434384 0.0014792805610162607 0.26145206612972477
0.027991218310936206 0.0014815479228604822 0.26158715782422837
0.028030556663725892 0.0015880255388835418 0.2611332978888013
0.028047079396100905 0.0015756354512496684 0.2612229115883304
0.028055245305288724 0.001563877164057148 0.26131987340560625
0.028054164660970923 0.0015533146495820827 0.26142466833055883
0.028082170067378467 0.0016625739818653118 0.2611125717986637
0.028097964567648917 0.0016498083366668914 0.26120330278710685
0.02810546821491012 0.001637928300654512 0.261300733951126
0.028129981956175304 0.001738159251537419 0.2610954831767687
0.028144737094824193 0.0017249620489985795 0.2611871350808875
0.028174694303665704 0.0018140404260691412 0.26108023843231093
0.028188276014543545 0.0018010907571838763 0.2611723533638117
0.028215734147167194 0.0018907640935969527 0.2610674743974296
0.028227578077662956 0.0018781660987997606 0.2611608332922255
0.028252955720441474 0.0019689454185271016 0.2610574411220343
0.028263235331530218 0.0019550148795221545 0.2611500470024032
0.028290053949553917 0.00205452149529034 0.26105802625666796
0.02829188394922487 0.0020275212200568937 0.26113868919511257
0.02831080485550659 0.0021566138826672465 0.26095085956575226
0.02831114509771447 0.0021277146510911282 0.2610265159597289
0.028322240453539975 0.0022370027427256467 0.2608298995489032
0.028334418162955094 0.0022195392333221875 0.26095402648164834
0.028334220655700758 0.0022054192101151893 0.26102575554504326
0.028335481532581218 0.00232021395331522 0.2607477004682633
0.028351507965159284 0.0023022665461071568 0.2608756362030418
0.028353458300539376 0.0022958798545786308 0.2609498940118112
0.02588350054789422 0.008164355869350104 0.2593390315484395
0.028364691878884227 0.002399018885880788 0.2607718404200484
0.028369121242718044 0.0023881910342026247 0.2608641954251324
0.024955364721670613 0.010567565427627323 0.25984905193409596
0.028365810248285987 0.002560789373013128 0.260706934077193
0.02501554008154528 0.010449378850925728 0.25983216415000476
0.02498939367967099 0.010482564146434059 0.25978562394017446
0.028349517900484726 0.00272520098581569 0.26073787371485657
0.025050558077502783 0.010372921735002816 0.2597810393078645
0.02503015599391438 0.01039076628947011 0.25972879185949505
0.028329794153111855 0.002842319188198217 0.2607154197739942
0.028348091716190182 0.0028156904449881393 0.2608017390292067
0.02580615342996092 0.008400064056444612 0.25931692602008055
0.025102975027254296 0.010256482193359506 0.25974373548740814
0.028309068559999352 0.0029296872392280404 0.26066804240440294
0.028328420903156903 0.0029066259636825187 0.2607472621657288
0.028302879031356976 0.0030134293054575045 0.2607015826575149
0.025137224667628022 0.010169101712507067 0.2597275271346148
0.02512233962939256 0.010186929266212341 0.2596542169200085
0.028258169769190038 0.0031405248470127156 0.2605653036466833
0.028271498202698052 0.0031397342299256392 0.2606484606258543
0.028285703704978946 0.003093483028668076 0.2607055351331861
0.025178967215207758 0.010073162374842015 0.2596876527743072
0.02516122917887602 0.010101342551859516 0.2596096581501953
0.028229253784895172 0.00323796148128358 0.2605336714675893
0.028242990917398278 0.0032223756282147575 0.2605839241239839
0.028219568052800965 0.0033231604709111906 0.26055631759220776
0.028232059566639392 0.0032789946308398044 0.26059602004116006
0.02522844830657492 0.009957697809999444 0.25972288039362545
0.02520657330079313 0.009983266812613523 0.259650901652824
0.028171762742621537 0.0034470050159023935 0.26040213454808625
0.028200324594730257 0.0034001179329795628 0.2604953368144702
0.028166271536797467 0.0035098243069915935 0.26041043919291007
0.02525220517349487 0.009876456941744827 0.2596775707975185
0.028130614986289423 0.0036153814143080054 0.26036904267130667
0.02807257503931765 0.0037588674076545203 0.26027290970053774
0.028101166310867974 0.0037161425319517938 0.26036740829464006
0.025298517221369887 0.009779935833234166 0.25957890722808435
0.025291657715379806 0.009793176956027216 0.25952889580494176
0.02806357018361797 0.0038157984931269096 0.2603298184141127
0.02532414674196655 0.00970847647208839 0.25955435962578544
0.025306773300811283 0.009738713442794311 0.2594774994927843
0.028002976560934395 0.003924363265512654 0.260250468302664
0.02795393199929211 0.004023594034913591 0.2602146559377963
0.02797361808907179 0.004006130548285525 0.26029399682891796
0.025363674812544534 0.009602225338840586 0.25951291859273906
0.027913861979009698 0.004126665347693903 0.26020998063499184
0.027867921296391616 0.004214936646710743 0.2601711557389783
0.027880723210671088 0.0042108019178974665 0.2602371142707117
0.02539106457664099 0.009521150950538848 0.25946730282261254
0.02781983791800377 0.004318891081157239 0.2601078631700486
0.02783572340024268 0.004301119414180987 0.26020189465364274
0.02774036458241346 0.0044603621791666215 0.26002615422954534
0.027771296261018846 0.0044208776534624405 0.26007573820768914
0.02544270855014652 0.009417201840763278 0.25948457993398666
0.025427337962044175 0.009438199947722936 0.25944108701358
0.027693832072213466 0.0045437213425877365 0.2599857716544885
0.027709603231351326 0.004549887861458712 0.26007690577918646
0.02546974992958373 0.009341037403585661 0.25944416108680435
0.027659402758691158 0.004642890345685269 0.2600332390885357
0.027582638674367027 0.004764944454091369 0.25992778872068867
0.02760872120464715 0.00472854217847013 0.2599834397570113
0.02550068521059421 0.009244948008604259 0.2593810552656709
0.0275314194674963 0.004870794817795676 0.2599056335147271
0.02747798125121375 0.004968836816813094 0.2598678105221272
0.025554087341249768 0.009137017089927923 0.2594083773599376
0.025535072683638756 0.009156520478373675 0.25933574391836234
0.025583898100715707 0.00904208504016113 0.25938147841112635
0.026181003755969934 0.00664569722974051 0.2593304235217375
0.025609688004441272 0.008963416062210905 0.2593354306134147
0.027299540260054787 0.005346986852852009 0.25977628553636967
0.027230654250138417 0.005485958780610478 0.25970318837751316
0.02724847522252659 0.005470599645917618 0.2597868152387757
0.02565411244040111 0.008854900445206704 0.25935458290194224
0.027202725143619384 0.005552067337748878 0.2597538480555829
0.02715239872923402 0.0056415167292586665 0.25979665881326885
0.0256768529874066 0.008778401999473606 0.25930163037299125
0.025704117918701364 0.008682321746295907 0.25926391213641
0.02584260793725033 0.008276594185292585 0.2592683517427726
0.02585016741954045 0.008274419496850705 0.2593328956902633
0.026167839996460177 0.006602158621344223 0.25933780073086304
0.026140578623772878 0.006591927559128352 0.25925515482034633
0.02573780330697957 0.008591983823491856 0.25931668146954967
0.026110632497035796 0.006484198531039709 0.25942020238803676
0.025766955534570757 0.008494773881649043 0.25925937333720017
0.02611314146205919 0.0064921846174696984 0.25937561315482915
0.019883267412301522 0.022969286387559074 0.26814450963122644
0.019929884059311218 0.022917084524957776 0.2680829257700083
0.02002668237087446 0.022774456444211888 0.2680601005041555
0.020060370570294944 0.022707964788153123 0.26799707829462294
0.02007728892619294 0.02265958505375204 0.2679195746299806
0.020223210818400117 0.022005301442386105 0.2676587322021192
0.021663740914698304 0.019032256497144073 0.26322887409385776
0.021730970202945246 0.018874238844694746 0.26319286326609403
0.021997492965823304 0.01820715560560826 0.2626132981097935
0.01978059294406627 0.020155708979268105 0.2656113037722352
0.01975244644220059 0.020103211510459962 0.265583316017744
0.022101973835659844 0.017838879477251157 0.26237952897555955
0.022107608176211935 0.017794326088958645 0.2623092896190833
0.01972633662196037 0.020042067512929418 0.2655822465538562
0.022131999600461943 0.01770045814163962 0.26233289157216294
0.022143238176936336 0.017634109422615563 0.262258311962465
0.022150529979467176 0.017606072407732265 0.26217021783830063
0.019709131053255002 0.019980135694868173 0.26563010963479716
0.019677637998312597 0.01993694633680676 0.2655639005792183
0.02227607947841921 0.017226366609404575 0.26185260472627725
0.022270087547636278 0.017184798631334486 0.2617701192708038
0.022291968919887634 0.017091878243781222 0.26179819478727906
0.02229048889531489 0.01705866509954823 0.2617322871710468
0.02230050213409504 0.017016709221479465 0.2616487508678929
0.022317813320994778 0.01696504493620693 0.26168647580043625
0.022351836556899263 0.01679888395986151 0.2616466691771368
0.022355303557047707 0.016749071376198077 0.2615697585314579
0.022388336979998535 0.016706072416396878 0.261675398991151
0.022393176104964746 0.016682460644838026 0.26159576929811246
0.022375680872472506 0.016637249676787647 0.26153176713168047
0.02240544307329556 0.016570636974744368 0.26163352996540995
0.022396973955940896 0.016494707021509902 0.26165731758935695
0.022377537041067333 0.016473617874827706 0.2616186482949179
0.02232099607087111 0.016418131608031017 0.26145982005030677
0.022269742934085235 0.016319390249298515 0.2614271901338916
0.023003151673913008 0.01519199793884507 0.261626305400194
0.023042464239852872 0.015138584077624473 0.26155616480717736
0.023061591895619016 0.01510059977841971 0.26148192624914435
0.02310660829366329 0.01503860062527973 0.2613836812354437
0.023149368877646334 0.014972117511847238 0.26131183875576947
0.02316953280768741 0.014924446454758544 0.26122034245288595
0.023225379302989457 0.014824256695355531 0.2612477118184842
0.023318517731688027 0.014627585267873222 0.2611022232645989
0.02333765495937619 0.014586369539694777 0.2610148183564579
0.023390550023207543 0.014480536590367687 0.2610425263365178
0.023409681651300585 0.01443516305893322 0.2609804180435798
0.02345030103922993 0.014348235881440463 0.26100397630407124
0.023457293736786185 0.014323311369459024 0.2609497598150354
0.023472147250279823 0.014266014591553744 0.26086326299961093
0.023505936950823564 0.014210543453221536 0.26097331209933144
0.0235192842135952 0.01417262954152465 0.26089168867146695
0.023571916491473208 0.014033004407572658 0.2608383861997208
0.023587900443469714 0.013983545208291703 0.26075544019689323
0.02362414330782709 0.013902594386770994 0.2607874792009086
0.023634373611609083 0.013855779007038327 0.2607287420797244
0.02364065495324874 0.013824277787199912 0.2606295460299245
0.023666812538516102 0.013771811439132753 0.2607447211272914
0.023677438697085246 0.01373246221407226 0.2606823558890477
0.023681385110204095 0.013705594898172635 0.26060040133115214
0.023713410785209152 0.013591688720016204 0.2606218929950773
0.023711383668429183 0.013567722520112568 0.2605543379533725
0.023733655159740186 0.013526508078458788 0.2606380020070273
0.023745168078200235 0.013464361505125477 0.2605666892625039
0.023745258020948477 0.0134258704910038 0.26049716759147834
0.023775224396296438 0.013352543612120238 0.26053235805299446
0.023804964682518366 0.013269900316946692 0.2605666749750344
0.02380142694090965 0.013224783096054182 0.260475696438207
0.02383938732317724 0.013118301226521523 0.26050566164868405
0.02384530031207161 0.01306902869018517 0.2604490258541252
0.02387872609913938 0.01294937505226973 0.26040061715973556
0.023905538848564417 0.012876238142269347 0.260421704619608
0.02392054552494427 0.012796742911518 0.2603525052471266
0.023953787625162287 0.012724097158630931 0.26038519375061897
0.02395036025758425 0.012693595799152524 0.260300032576828
0.023986473655362203 0.012604141339587593 0.2603363337843131
0.023991902019380493 0.012562802241361137 0.26025857296434635
0.024019364740224952 0.012491917867553937 0.260307112398972
0.02402976902106982 0.01242509345839754 0.26022308553730855
0.02405442775599636 0.012357133947267174 0.2602710714908652
0.024054636811678846 0.012299154781415411 0.2601759112579795
0.024083266157445778 0.012224765673859384 0.26022072000531726
0.024081700092627528 0.012194227974162586 0.26015396983724093
0.024106117300684113 0.01209848958989046 0.26018265151480124
0.024120785802670866 0.012030876499624032 0.26019612338082265
0.024149436514212495 0.011917071841822502 0.26024919351075293
0.02413508171906075 0.0119234482277491 0.2601654775429889
0.02416672581884681 0.011833349833760665 0.2602740105414245
0.02416039332070971 0.011806406935205571 0.260192644176231
0.024173025673017455 0.011735658820676176 0.26022904567847616
0.024157264451270186 0.011688838450539085 0.2601556294198596
0.024133793616156904 0.011589499062869435 0.26012016609998523
0.024107277909660108 0.011557832976123006 0.26005936765626225
0.024127135468700822 0.011534229309438426 0.26017298256359395
0.02408163773234015 0.011471798723626914 0.26009178253563037
0.02404442638400074 0.011428576714205496 0.26003838153043063
0.024037648109325002 0.011370072307797796 0.2600890465550857
0.0240022746737903 0.011354155431526847 0.25999673795576667
0.027097949196638625 0.005740266437287367 0.25983531426003104
0.027112980907997353 0.005707472255074675 0.25980253972164186
0.027178200039400205 0.005599774130039703 0.25980077967533294
0.027230729932755826 0.005499912136341434 0.25974573118108774
0.027271974225311787 0.0054179538861371945 0.25979036876452394
0.02732029268292109 0.00530030448487917 0.2598050843222056
0.027366515393416807 0.005199072135707361 0.2598252440919362
0.02745054284431042 0.005034965119466939 0.25988353989639057
0.027451877219338144 0.005013129372907266 0.2598312014686776
0.027502774305676034 0.004909608834901769 0.2598535815091906
0.02754205804514888 0.004838418330634031 0.2598843897875446
0.02758165522660963 0.004777683381218978 0.2599743230785992
0.027685085486651335 0.004596620217250824 0.26005473164071513
0.027673209381522124 0.004582568637289508 0.259969795383866
0.027724519690122712 0.004525322017337796 0.2600930751471502
0.027766735640387077 0.0044450005916820134 0.26011590235950527
0.027809989279891978 0.004348171212130381 0.26012476782199834
0.027845769276345418 0.0042693850006603196 0.260158698602066
0.02788765577183526 0.004180860170217959 0.26020390662337556
0.027936613045045987 0.004082041726109931 0.2602291140191918
0.02797099604553161 0.0040004618035073825 0.2602584443448934
0.028009084790701883 0.003925739483582269 0.260293050894799
0.028047496915019593 0.00385276714385252 0.2603220614108195
0.028083509040722487 0.0037640093187634727 0.26033959833722664
0.028112486850428317 0.0036831972685046344 0.2603733295361027
0.028140459971099693 0.003595323737430378 0.26040050653108837
0.028171820505195816 0.003514295888723873 0.2604470146683892
0.028188541024992048 0.0034536016380682932 0.26047586542843293
0.028209323649027958 0.0033565475268271805 0.260518282718886
0.02822881488677524 0.0032669208803290384 0.2605551053164123
0.02825188621672267 0.0031840642594441193 0.2605772319589497
0.028270528766149647 0.003122167368512785 0.26061122724603347
0.02829422504695535 0.003061199028355499 0.26072587983900214
0.028291031728004214 0.003047692242326261 0.260662945666685
0.02831364276912745 0.002986187304580723 0.26075218135154393
0.0283117431337625 0.0029623711538188102 0.26070047385645506
0.028325495094856247 0.0028874975714659468 0.2607119569018579
0.02834324488421522 0.002804475589417932 0.26076405885359216
0.028348143838994637 0.0022667501122325406 0.26101086028699133
0.028338288997715594 0.0022058988420232684 0.26109101881378216
0.028324504830987682 0.0021354406495235345 0.2611138406817444
0.027712508295578947 0.0012239801103971493 0.26175299127719365
0.02849496178414608 0.0004997459552289474 0.26284487719839467
0.02863003931515158 0.0003791839851999268 0.2628170986491133
0.028705869964254664 0.00030609993844815664 0.2629325066200988
0.028721137055268908 0.00027100215620151635 0.2628677672756989
0.029143527903543777 -9.639932847088639e-05 0.26300676809063966
0.029239347639829653 -0.00017134313685018832 0.2630554737507185
0.029366075793627246 -0.0002754781461759004 0.263066323334479
0.029559122182488656 -0.0004507491208867176 0.2631845125834465
0.029650177294816234 -0.0005151458492192451 0.26330291909044284
0.02971086227417597 -0.0005933824202969396 0.26330846028400634
0.029759876193081194 -0.000659580682480676 0.2633989125832441
0.029809679682937677 -0.0007350727346888686 0.2634362842857945
0.02985870930102097 -0.000833207262618374 0.2634451574407383
0.029895758157301035 -0.0008785139731820601 0.2635522910452993
0.029900156265313345 -0.0008987921066827553 0.26349218657085993
0.029930729169763776 -0.0009441988913336252 0.2636146270671066
0.02996804085771855 -0.0010170133334220788 0.2636396046303445
0.03000089583080899 -0.0010990222177028053 0.263669246282496
0.030034553354805413 -0.0011806733620804422 0.2636910343664008
0.030067061816766626 -0.001244193590899556 0.26379562996540806
0.030064367973765792 -0.0012526476770073902 0.263747991401849
0.030087690577327318 -0.0013464587936811712 0.2637552991752128
0.030113146658696174 -0.001432230861520778 0.2637912362424255
0.030137740767040712 -0.0015200342800523736 0.26383267528354504
0.030151679657527283 -0.001582580919073262 0.2638348491922804
0.02229261877708333 0.017042276852577698 0.26165732466065067
0.02217268635795072 0.01751903946290112 0.26198650860062733
0.022201750264304126 0.017444101790921207 0.2619428578140856
0.02222629124283529 0.017373915907248294 0.26191093580121383
0.022253571216913598 0.017294045727867358 0.26188600474106905
0.0222801227553331 0.017211326495796486 0.26186562259071244
0.022287263855808995 0.017142360990223593 0.26180909169893574
0.022296163468225327 0.017061502416016283 0.2617820902086805
0.02231497540549625 0.016991463665420148 0.261744870806065
0.02214186449641528 0.017647174776806607 0.2621154153816043
0.022175206078257112 0.017548738285516396 0.26209572212380483
0.023337800519331348 0.014571360565839353 0.2609496129907577
0.023380576071465237 0.01448731716247198 0.26092053456249764
0.023416429262456392 0.014405187507666728 0.260888795799174
0.022053798893867688 0.01796965069927281 0.26237324750485014
0.02207622236716189 0.017899946362079366 0.262334429704528
0.022100159538054553 0.017814671895342526 0.2623010829539757
0.022117239293495572 0.017739248630657845 0.2622919242205279
0.02215035644428681 0.017606557938819323 0.26220868745027043
0.023257115939271142 0.014758471385413585 0.26111452645212074
0.02329207806290369 0.014678291572489066 0.26106894540879694
0.02333123837419518 0.014602997979833832 0.2610677716010531
0.023373987316002848 0.014518797151859886 0.26104690098671546
0.0234065070730005 0.014444743207414235 0.2610127499381686
0.02344000331439955 0.01436922425550713 0.2609658844635099
0.02347404887464829 0.014278682776543372 0.26093713015749476
0.023499784222000816 0.014221785455091451 0.260919689446264
0.023533962561955002 0.014127346608304003 0.26087762650419566
0.021997632660589725 0.018168546564558352 0.2625273955415282
0.02202476015883141 0.018091190393066336 0.2625268845902172
0.022117536653392694 0.01779413596365209 0.26240265216078623
0.023196981212920936 0.014874657390286483 0.26125515354751305
0.023242786801226087 0.014797142311511469 0.2612176003473495
0.023277493631822258 0.014724916853808945 0.2611890465075091
0.021904793535835076 0.018432609069975625 0.2627423135785738
0.02193416731526865 0.018357669732321502 0.262707633375954
0.021841174341846417 0.018622587117347822 0.2629173347846401
0.024939035114239436 0.010591697345413653 0.2598098441521503
0.024972421872710038 0.010521536888625505 0.25979417839132923
0.02500910582359501 0.010437250626689432 0.259763174939968
0.02506138273292873 0.01034204041647735 0.25974851642974706
0.025089255281770008 0.01027067672709664 0.25969666709359834
0.025119549104608174 0.010201202590880865 0.25968320870978306
0.0251665609198004 0.010101743169171118 0.2596499370782407
0.02518615308231586 0.010035102926513106 0.2596408352198345
0.025276564744214365 0.00982169234396929 0.2595391253734524
0.025305111571865088 0.009757092747501084 0.2595203636633164
0.025339089180902816 0.00965917470954758 0.259488681907882
0.022986369983471228 0.015215883696231614 0.2616740979724201
0.023040371115281608 0.015145146155448874 0.26163193102698645
0.02475665842400873 0.010849958339794408 0.2599891334179806
0.024831674993317482 0.01076392184941427 0.26000733526272835
0.024885976075153346 0.010695355562169995 0.2599661307039395
0.024929151449443743 0.010628188976229358 0.2599215028327381
0.024971004701196828 0.010547601148918062 0.2598978097787574
0.025169490909424955 0.010102329090155682 0.25974978256866166
0.025205003777588088 0.01001270611912558 0.25970719002754733
0.02523099548779835 0.009928401702018808 0.2596556154857983
0.025274265167195144 0.009829066087992444 0.25964099637396093
0.025389991959538005 0.009547764523237356 0.25953690023234
0.025422016021401754 0.009460893891620525 0.2594943313208642
0.025487499920718096 0.0092929448323123 0.2594510236667162
0.02551352509720583 0.009218882343238644 0.2594251412305673
0.025530852392266712 0.009182911428005647 0.2593893702171182
0.025561428940025235 0.009101559064172149 0.2593506971654431
0.025585880380753392 0.009016654763554732 0.2593166887476176
0.025615471248115383 0.008931266415546757 0.25929941468343953
0.025647159550639835 0.008843547260051154 0.25927542102089596
0.021708566077436167 0.01892822451092241 0.2632321685176786
0.02290317213855632 0.015341201743030553 0.26179358076426906
0.022964836051681717 0.01525454650975 0.2617644251119327
0.023021986137084033 0.015176304317053635 0.2617669028771704
0.02567471882403566 0.008801985076268781 0.25936372974203453
0.025694644819826126 0.008735631809423272 0.2593309595059859
0.025710173226186364 0.008670605645812623 0.2592938017188883
0.02572783142871042 0.008610240514181078 0.25927341119003977
0.021656767959695136 0.019033949476354728 0.26337060107195265
0.025754581035237284 0.00855109020774203 0.2593414154244581
0.02577227636633906 0.008495396553409917 0.25930507642166034
0.025789579137807273 0.00844834164802516 0.2593097861327713
0.025833006847867324 0.008323573355856262 0.2593388071642518
0.025862753755900546 0.008227193444566239 0.25931362813404435
0.025878082730096057 0.008193165057017393 0.2594029986912259
0.025903986895312592 0.008111050698399846 0.2593700020121012
0.025925234399839833 0.008046062816622346 0.2593387038624205
0.02594940393274882 0.008003375428509707 0.25941500208504126
0.0259710323547266 0.007930273005681665 0.25938510126332315
0.025996349071229767 0.007857695362082195 0.25935639701598856
0.02602057137409093 0.0077711664422555615 0.2593191420756754
0.02605547868253942 0.0076623600156103255 0.25937553540894775
0.02607211653768414 0.007588049237708727 0.25934311581357944
0.02609014227529958 0.007506849843728514 0.2592989255193887
0.0261315715592262 0.007392428135449658 0.25936884297363205
0.026142909618297523 0.007332044693607653 0.25931512309958327
0.026180291353365054 0.007203462459313581 0.25937282961401
0.026187826645451655 0.00713630329557291 0.25933184666879094
0.0262032401737637 0.007111539350090956 0.2594120509364401
0.026209577432581323 0.00703649281272356 0.2593709928010728
0.026215838724397228 0.006963735914173541 0.25934875859683315
0.026213996271917867 0.006882025848229223 0.25930812213669896
0.026198836369977392 0.0068027353730027995 0.2592623803733801
0.02722246859895687 0.005525385927606374 0.2597924346844087
0.027545806100223377 0.004846343628188976 0.2599289664040809
0.027767040279638833 0.004443124826809697 0.2600916264454943
0.027827486520645386 0.0043172560346539934 0.26014846878543074
0.027871995864055775 0.004220725193734787 0.26020798369197196
0.02792833510567585 0.004115128192051509 0.2602641415853545
0.0196584829023895 0.02320594243414076 0.2679882745464345
0.019717692649743615 0.02314998787661121 0.26806970082787934
0.01986462159227001 0.022982703779198976 0.2680414792687261
0.01992146188538982 0.02291767485945212 0.26802979189200543
0.02004145260044747 0.022731560729922773 0.2679654750645846
0.019766392085400056 0.023094661660373772 0.26817142153060786
0.019843314739750942 0.023015870116660564 0.26813392253346247
0.01991305306344679 0.022935981381980552 0.2681168387405782
0.028209805211030864 0.0007492182692382943 0.26281923436212384
0.02830959663834 0.0006582443361546897 0.26282463866919403
0.028398967582321917 0.0005782814924277235 0.2628027296894168
0.02856112163940796 0.0004509536079760901 0.2628763808632813
0.028628221349436718 0.00038710918055745447 0.26287410088485197
0.028680319159205887 0.00031912555647728436 0.262871429448125
0.02874892859168244 0.00026190289808614153 0.26294152778007307
0.02881273296585906 0.0001957754995564609 0.2629309244787179
0.02889844643971353 0.00010926034899189085 0.2629261409211945
0.029032675957298568 -3.450277297867288e-06 0.2629967804082415
0.02912871441185908 -9.169230455158273e-05 0.2629747984708432
0.029178454595504805 -0.00012180885949408804 0.26305839886946236
0.029293943598184567 -0.00021702456716005125 0.2630594866992795
0.02933830331920327 -0.00026339882036807705 0.26302037306622733
0.029418975974705247 -0.00031552919932109624 0.2631322607417974
0.02948651941541716 -0.0003910552351972796 0.26311907250379446
0.029483618718676878 -0.00036710714888033014 0.26318310518467053
0.02954412702417171 -0.00042843086379990014 0.2632006778155097
0.029665232036993734 -0.0005437916375920504 0.2632620514192776
0.02971151380456115 -0.0005849394723823065 0.26338375153342264
0.029751524700542972 -0.0006554939477182997 0.2633383775506484
0.0297891442320299 -0.0007035387554497063 0.26340502589797044
0.029825993898440054 -0.0007730224023705934 0.2633966731800868
0.02981019125841676 -0.0007340730486783964 0.2635000987427648
0.029851206221836506 -0.0008066614829536078 0.2634969362461006
0.029891010453056296 -0.0008877450762933559 0.2634646049150406
0.029872821454337277 -0.0008355693787844842 0.26356454626741815
0.029919821487111115 -0.0009304804088634544 0.26353332612186076
0.02994046410778492 -0.0009610316800722218 0.26364269609461033
0.029972053995948794 -0.0010387523736070658 0.2635932509395165
0.029992974085436483 -0.0010737509362606645 0.2637005891618234
0.030017537511156586 -0.001146706624989613 0.2636618603379453
0.030038908759345062 -0.0011723289294405803 0.26375052118254705
0.030077909172234657 -0.001290275779557537 0.2637771720519875
0.027167877652665248 0.005615883735595406 0.2597987140420325
0.027069332067820945 0.0057856965825423545 0.2598523183871872
0.02696390715813228 0.005931981988819723 0.2598481169555958
0.027020211038342914 0.005869413989105232 0.2598837714824467
0.026819461138795256 0.0060683232916749485 0.25986051140328037
0.029684178276938984 -0.0005496935097601963 0.2633433525637766
0.02973816801541298 -0.000627462554420477 0.2633815438563986
0.02978166327006663 -0.0006855488310489877 0.2634497576364584
0.028457346694363242 0.0005269137959180159 0.26280136908934676
0.02831212114705136 0.0006510569965488822 0.26279816428902836
0.028391316393145974 0.0005919820786137175 0.2628472932007501
0.028436879921995374 0.0005539186554823217 0.26287794902985834
0.02494436985047377 0.010580429451192475 0.25977348433849384
0.028235182688156772 0.0007322659564860112 0.2628278599952643
0.024932514342530826 0.010612263281045975 0.2598720395758396
0.02804879929526541 0.0008533704501558215 0.26282409242744315
0.024815834762123304 0.010775144316825969 0.25990521191671523
0.024874042398874925 0.010706014068364078 0.25993175812306185
0.027820535606935558 0.0009454989018257698 0.26279062757449334
0.0246806141497882 0.010908824018069196 0.2599047576312908
0.024804268372737387 0.010796390875448703 0.2599835782091072
0.024511479322819954 0.011007628725508478 0.2598711455948418
0.02459504529298189 0.010978610024272362 0.25995315270007946
0.02467258174721272 0.010921592289791615 0.25997313302339997
0.023306337109695235 0.01465625726869807 0.2611000688234721
0.023262551698609343 0.014755346914326839 0.2611657678767774
0.02329047826300748 0.014695052322969415 0.2611674544869757
0.02316785418588685 0.014917594579527238 0.26117234340878437
0.023210233527342472 0.014852066125251806 0.26121513546526753
0.02316441751586895 0.0149428000745091 0.26129097183085054
0.023100229268724848 0.015046076669584463 0.2614335299124812
0.023036167220204434 0.015140296011063481 0.2614956220402481
0.02308709933764351 0.015061529766506765 0.2615216923285399
0.023017357961869697 0.015173471401321081 0.26157794690880043
0.023067746896812166 0.0150981426392085 0.2615866670827634
0.023014542687835343 0.015179876555017846 0.26165649644946254
0.0230054730019921 0.015199451825473775 0.2617198759420866
0.022933883477376668 0.015293432668141316 0.2617659087323219
0.022738711438024903 0.015496288594692487 0.2617327595917853
0.022813611264363848 0.015449927672464725 0.2617689801812972
0.022870559521020406 0.015389747022020617 0.26182452960051916
0.022703801537358972 0.01551957710020535 0.26179933052347837
0.02278466500963902 0.015479164652446198 0.26185353635634645
0.022216649585461046 0.017418657704731 0.2619707595005402
0.022179197194659522 0.017520840713172003 0.26202663177102564
0.022158447882406757 0.017614539302631738 0.2621083151186205
0.02211495797148394 0.017733376678414126 0.2622562916392752
0.02213549792935586 0.01766974507989627 0.26229032055346124
0.02206310699688338 0.01792543194186691 0.26230286120780505
0.02209365954499705 0.017852216348482275 0.2623302287723497
0.022121621780244044 0.01775988942158635 0.2623486870433941
0.022037663728375484 0.01800763245721615 0.26237350750115407
0.022072892322053908 0.017930066923348698 0.26242260328043604
0.02203484409985948 0.018036687685926533 0.2624751134201727
0.02197563061864881 0.01825281459320821 0.26258879389735224
0.02194173905336433 0.018337842181683883 0.2626483424414199
0.02188007583535405 0.01852537212462485 0.2627965302123228
0.021900846936078133 0.01846141141237867 0.2628084701437995
0.021839519599354373 0.018618098015488416 0.2628621395240484
0.021868374454163522 0.01856504330938047 0.26288100387968916
0.021780721918207235 0.018724453076244096 0.26290361938474455
0.021820339106322667 0.018663732459437143 0.26293906395132965
0.02177831090837848 0.018760408894098635 0.2630111427863556
0.021739394729654832 0.018832245737322673 0.26304890111244605
0.02169683800861344 0.018923908875213336 0.263118723441584
0.02174158831529399 0.018849383019081678 0.26316424690498297
0.021649256232033315 0.019028695056245215 0.26317440614358584
0.02169712260540277 0.018956523584847396 0.26322450382833007
0.021648808422251267 0.0190569582404555 0.26327351483586203
0.021589165795346657 0.01912841239743096 0.2633356162964475
0.021637152134958176 0.019067630027966465 0.2633921027733509
0.021566155950379418 0.019160248598689922 0.2634097848640754
0.021612802949184107 0.019101702194596115 0.2634451818833029
0.018419149079471994 0.023778993466972098 0.26863937245223946
0.018469184940597017 0.023770080858624587 0.26854225927438014
0.02156670524295695 0.01917289880941303 0.26351172894799557
0.01862967168074213 0.023730980734141538 0.26855470820216537
0.018515259083129842 0.02376068782169999 0.26848592258698023
0.018691054006211655 0.023713652198925572 0.268517905024487
0.018543456370828826 0.02375275362206719 0.26841783797827456
0.02151833252584373 0.019253223851569412 0.2635659608578058
0.018721066935169006 0.023706826764011535 0.26842814948853727
0.0187859261825149 0.023685984783175462 0.26834768088616
0.01880837907980379 0.02367881166849317 0.268276619949429
0.021449252781987033 0.019385765217615092 0.2637153761283622
0.018981948241775556 0.023619003227731195 0.26826116962496543
0.01884085459769058 0.023665837683745694 0.2681996911781028
0.021339494677743792 0.01952845907703349 0.2637265062692965
0.02138944279828199 0.019478194645667135 0.26374830487232803
0.019095034160029778 0.023576920055185524 0.2682648192113933
0.018978042088056465 0.023616134343590445 0.26819436916114286
0.019142405697617354 0.02355520295074387 0.2681926666577222
0.02125924629292504 0.0196045762357398 0.263769527392997
0.021323266919563738 0.019559593499305805 0.2638129188274939
0.02139127661010047 0.019490200684216752 0.2638475455412726
0.019240764148523284 0.02350807011426337 0.2681578987377285
0.01935898956059605 0.023445137421673756 0.26810763527641074
0.021255920254916974 0.019617032294921122 0.26385427668066863
0.019390094852545448 0.02341897186968983 0.2680406439209824
0.019829252471381134 0.023030003394509335 0.2681897546135379
0.019774007553779935 0.02308946742811613 0.2681157661814255
0.01970542532370087 0.0231609567809965 0.2681050939959821
0.01964454849555236 0.02322293057611391 0.26803114532247596
0.019560990760408695 0.023291288015571565 0.26798986972110594
0.019832181119943337 0.023025272972757804 0.2680931646372067
0.019739313726356456 0.023126731311465587 0.26801672114098213
0.019678353395911438 0.02318214031494059 0.2679581096229508
0.021072714101773485 0.0197361328886419 0.2639668497357294
0.021119946908346593 0.019708736324617837 0.26397107984954615
0.01799254177924363 0.02382239051867624 0.268607668529844
0.017947587869255405 0.023826328741927916 0.2685294992668669
0.017901144152379922 0.02382690647887825 0.26845037574645225
0.0178537137284987 0.023826101657747123 0.268370843395466
0.017804246454364098 0.023823394412743726 0.2682905255990932
0.01808440682202385 0.023818757496473275 0.26858613413956567
0.01803942474233973 0.023823521443613327 0.26850787384621755
0.01799269313612384 0.02382579988292627 0.26842868683405785
0.017946498498019325 0.02382591554805369 0.26834957034189616
0.01789928459297696 0.023824365834310968 0.26827021952489993
0.018215668716911285 0.02380705842337516 0.2686410036095759
0.01817353967142951 0.023812626924031577 0.2685634449496646
0.018129938236132057 0.023817253598791166 0.26848576532607726
0.018083334096301543 0.023820517789333584 0.268406683417838
0.018343826833761012 0.023789482832758002 0.2686745181362769
0.018300131174895873 0.023797028852615698 0.2686145977200513
0.018258248320670994 0.023803625115291827 0.26853885727220017
0.018216660821662164 0.023808250862487557 0.26846222237813056
0.018172008904474304 0.02381187499059162 0.2683839173043043
0.018392182642569893 0.023783285809296728 0.2685825642241543
0.018342924595577542 0.0237902707257025 0.2685136234586428
0.01846636697509943 0.02377086181624155 0.2685845960961274
0.018435342476330344 0.023774718680115825 0.2684867755053646
0.01854938786711212 0.02375240067895007 0.26854454160325425
0.018496409792549157 0.023763886020287117 0.2684509431377221
0.018633635783832397 0.023730212046561894 0.2684937879706647
0.0185844142827348 0.02374365687927177 0.2684488136868672
0.01869721695815102 0.023712763905020806 0.2684647316283445
0.018660654985391545 0.0237224712191505 0.26840310714943943
0.018730525241349952 0.023703684756616716 0.2683860485047754
0.018698702687535013 0.023710195979743665 0.26831592799677606
0.01875591588117137 0.0236938529269074 0.26826694624101005
0.018844027354540105 0.023666708224219568 0.26824203254644696
0.0282677574061541 0.0006976114669636213 0.26283088580149344
0.019598765522048728 0.019842006704573867 0.2642787348997359
0.01971797789895781 0.019865402157656753 0.26425584262884083
0.01982592823792964 0.01988749501009396 0.2642583392439603
0.019931070099729595 0.01990673685413291 0.26423035337546885
0.020032215645220286 0.019921078358485167 0.2642368125766814
0.02013390473693591 0.019922886727817668 0.26421268176180895
0.020217019378403506 0.019922022841582454 0.264179832882463
0.02032345199989978 0.019913825167315158 0.2641632681905541
0.020271465885758982 0.019909168527897092 0.2641025042354008
0.020420165630546785 0.01990692595454363 0.26415722912521156
0.02703446456323709 0.0058300185364778545 0.25983169892978814
0.020502737312619895 0.01990063887430371 0.264125907584035
0.020476925900026116 0.019897600920550984 0.264056747025066
0.02058964444685192 0.019887227765240267 0.2641045057085736
0.02052811356043295 0.01988686459949729 0.26402360778198003
0.020672330571942343 0.01986964056402324 0.2640831478348292
0.020625868717685708 0.019870489784493017 0.2639975877961217
0.020746789140462935 0.019853845741646947 0.2640726201684227
0.020710247464445358 0.019853077815061848 0.2639558797079876
0.020822251993295793 0.019836554066462286 0.26403207090071495
0.020785552007911545 0.01983953467652605 0.26396164702382335
0.02089215828467003 0.019815641464408118 0.2640021207420906
0.02099069556993656 0.019777625716511926 0.2639703700582524
0.02094702243481185 0.019786619061407273 0.2639077687386499
0.021035781065881526 0.019752615243162297 0.26393865877353817
0.021104260638013544 0.019712360266425366 0.2638970128415816
0.026988043922319918 0.0059141172916279405 0.2598898444298639
0.021175375447078287 0.01966951097038061 0.26384723637866847
0.021264262428147412 0.01961039588997393 0.2638977079594337
0.021222457683302956 0.01963603609470932 0.2638096192983608
0.021303798778744887 0.019578216604449472 0.2638601443232337
0.021289812228318966 0.019582709105606055 0.26377460542541203
0.0213639664333089 0.01951754264067357 0.2637988752571073
0.026920629524185932 0.005979040599686125 0.25984971023627534
0.02682236792033984 0.006051819489187371 0.2598026080128399
0.026867041932724475 0.006031700527528716 0.2598802726354118
0.026725496431602325 0.006105139659512038 0.2597730956509159
0.026763042152208337 0.006101204843982688 0.2598654074496793
0.021888430602243075 0.018504838507775012 0.26282216946639336
0.021866945879294816 0.01854743282162985 0.2627741092488837
0.02189762216258201 0.018447421057508573 0.2627170212214083
0.021930505080613713 0.018365968359942753 0.262672225842618
0.021959063464294465 0.01829729980159317 0.2626263406073485
0.021990381124316588 0.01820551960943545 0.26256205650046177
0.026632002384847323 0.006146677261672007 0.25975202893716715
0.02667485936553861 0.006142815941364621 0.25983253665550216
0.022008953612064674 0.018127873161661423 0.262504425096289
0.026543046295932918 0.006181485994817715 0.25976816496337696
0.02659821859376403 0.006172685258076405 0.25984621841419653
0.026470194641543834 0.006203419872957083 0.25977980762812947
0.026523223454184272 0.006195507258243194 0.25987454699248413
0.02642971675137014 0.006216386538194063 0.2598268340770674
0.02643752115490748 0.006214211272656145 0.25989538025059494
0.021959723424732083 0.01568236300750525 0.2616871038742628
0.02199679894039043 0.015681916064833268 0.2616716457669752
0.0221513113477821 0.015655874488016974 0.2617289517006902
0.02210320585330701 0.015659216704687062 0.26166856707691033
0.022213204088367217 0.015652861787325556 0.2617167364521291
0.022191811313926918 0.015650637854032756 0.2616518083755947
0.022300691742314166 0.01564511362056381 0.26169506294944295
0.022281145264633317 0.015640478957600235 0.2616038974021705
0.022416102197381826 0.01562084029124422 0.26172367378209105
0.02237967858915256 0.015630504101845244 0.2616560214293734
0.022369782500510887 0.015627786722625325 0.26158861936278954
0.022534024221561005 0.015580314526941696 0.261777672032444
0.022495796097895288 0.015596818108322752 0.26170087542143416
0.022462663671458716 0.015606121269338913 0.2616287255744937
0.022656164914689164 0.015535977272812751 0.26181670739946517
0.022611035588571138 0.015552991212711142 0.2617536503786565
0.022569000198743278 0.015570493284761566 0.26169098012035197
0.022530433191215102 0.015579405034750748 0.26158419560254875
0.02271703280072032 0.015511754578551029 0.26176236633642075
0.02264851842156171 0.015535369525384646 0.26169223210558756
0.022610684273662918 0.015549543984793524 0.26164074012802563
0.026333561725025663 0.006224875963425247 0.2598381740183344
0.0228092898638948 0.01546134887345485 0.2618224193903662
0.022771379002801823 0.015473794828593679 0.2617257973508935
0.026085712016850185 0.006235623371430465 0.259617745854121
0.026188815939463053 0.006227214747224319 0.2598177405567529
0.026218458909306047 0.006232200637361018 0.2598896510089725
0.022850318786955884 0.01541014388661005 0.26177865099657954
0.022931586848708135 0.015311107607427488 0.2618345079795334
0.026069083700339182 0.0062574651035623985 0.25976814021647376
0.02609654674927 0.006229116725992023 0.25983201825677366
0.026131704676645565 0.006231968180797187 0.25988057706388573
0.026056132121176634 0.006244434423960887 0.259838179463231
0.026046959255340202 0.006241914328394271 0.2599275759321248
0.023532232273911047 0.014140997911000042 0.2609243323275798
0.02351524494429995 0.0141705952313525 0.26085007076443545
0.02355421980470007 0.014074426207953739 0.26085775314657456
0.023596355493218958 0.013973888201490703 0.26080691755068486
0.02357766782237554 0.013998483693001496 0.26073836362697667
0.023624394087767384 0.01389091319340513 0.2607474672273136
0.023602458445609806 0.013928505720369466 0.2606951854224522
0.023651408356021357 0.01380940854435364 0.2607170354118288
0.02777766366391536 0.0009583717120321134 0.2628058310332795
0.027836561839954824 0.0009389246718891076 0.26276855084566064
0.027980479503926625 0.0008901173355781999 0.2628264699730637
0.028115588519346132 0.0008099017763590899 0.2628315157248944
0.02842084620398505 0.0005624516105264266 0.26282312699446214
0.028329019954463734 0.0006339489442718227 0.26278534700946815
0.019678224400750982 0.019864032243584573 0.26431735916577
0.019769766781065 0.01988154228358796 0.26431019273670653
0.01977034599974363 0.019873631328179542 0.26424481366367664
0.019901540908774287 0.019905723122590036 0.26426818323311974
0.019981082557836705 0.01991820320922455 0.26426177484002733
0.020068873784790817 0.019917540745453655 0.2641991082347926
0.020187154049153694 0.01992474211975337 0.26420805060978164
0.020174934158703306 0.01991641156188234 0.26415492207711844
0.02024463744122955 0.019924510256780492 0.2642117741531229
0.02024218691702477 0.019916812428462882 0.2641475510796188
0.02044358717437704 0.019902579597272096 0.2640817425736737
0.02195943823723487 0.018287578636607127 0.26258430677458783
0.022013408835055343 0.015682457845489606 0.2616441523664409
0.022072502619608553 0.01566272022508891 0.26170294287050483
0.02206644648565713 0.01565625059013348 0.261609067248722
0.022133295676119658 0.015656730334904057 0.26169275267445113
0.02214740079044078 0.015650543115373228 0.26163711660823086
0.022246740533341053 0.015646824932184666 0.261641002530809
0.022320964120769088 0.015639318980014083 0.26162967554306615
0.02241572129292428 0.015617108493653331 0.26157978549174554
0.02246953949116627 0.01560103443722416 0.26157760298220434
0.02406704756652253 0.011102902862648367 0.2598918918399632
0.024097779508143624 0.01108712620604696 0.2598030756394664
0.024113205126020137 0.011082914553528778 0.25974151270178314
0.024167829436783528 0.011082974782130661 0.25983167362151083
0.024200671169773313 0.011077060107659353 0.2597481275527815
0.024260627483340395 0.011080465411219154 0.259854562243419
0.024257815934399254 0.011075038662649417 0.25976059145810515
0.024339099978673437 0.011057960905987319 0.2598811505795926
0.024347004699044036 0.01105823089944541 0.25980395619443797
0.024419613187760036 0.011037790770169031 0.25989694645511907
0.024439615740253932 0.011026139240819965 0.2598076135011908
0.024499289559159844 0.011013968807554286 0.25989655512694226
0.024501126459546302 0.011004089816116225 0.2598333052018424
0.024571134057097536 0.010994456392823315 0.25997198264968724
0.024554004292128083 0.01099305289260838 0.2599103091299301
0.024627467696695188 0.010955547529778509 0.2599836778763308
0.02463824950752492 0.01094116228416564 0.2599126877089561
0.02471498000196888 0.010884490219776222 0.25994514223930587
0.024780549002392314 0.010818651060296114 0.25994205947067517
0.02484452027021697 0.010744943664181883 0.259952048347037
0.024840666299373294 0.010747037323300401 0.25990210182463325
0.027689844648906094 0.0009771779303469619 0.2627993252777126
0.027862869557777913 0.000928160119857413 0.26277613591668847
0.0279237748278459 0.00090831653785578 0.26279392555500103
0.02773462194469912 0.000965792332644877 0.2627914089877716
0.024602719577290565 0.010966780977785695 0.25991989117997644
0.02453977195026759 0.010992477344687168 0.25986077046634537
0.02450776432713367 0.01101192319114791 0.25993057403729086
0.024456225149361174 0.011026690662506167 0.2598641489189679
0.024377639498289534 0.011046526025663972 0.2599151117683196
0.024392907472544592 0.01104133258187906 0.2597848272857294
0.024343291128014283 0.011058831170002281 0.2598444697929633
0.02425511481018762 0.011078416095867294 0.2598989202048386
0.024293077078759946 0.011071472668873206 0.2597834495220381
0.02421945957695508 0.011083220354428547 0.25984631455454504
0.024137533031869045 0.011082618922482634 0.25989893906964856
0.02400877950791483 0.01251582936332346 0.26026772637953616
0.0239912274154499 0.01257900859280131 0.26030127601906766
0.02396529174059206 0.012664667847494093 0.2603253437330251
0.023938781451700517 0.012758038228173285 0.26036748396077386
0.023925576019136696 0.01281588937150685 0.2604200967754277
0.02201029701605857 0.018157906428795556 0.26258434724485225
0.021983193814586813 0.018248712021897984 0.2626435850168503
0.0219529002186033 0.018312868924026393 0.2626697064975067
0.021924816181473322 0.01837896899897179 0.2626973833009834
0.02190063813180282 0.018444851813094687 0.26274784120539274
0.021884974100990898 0.018504878672710834 0.26278467795420896
0.021864299199099033 0.01856852021344846 0.2628256329249
0.021983233520742426 0.018202645732436795 0.2625228972283268
0.021952773837678283 0.01828465832729881 0.2625540813122738
0.022344835922233117 0.016850369893090467 0.2616663765639196
0.022327244426373655 0.016958623718701993 0.2617335213732045
0.02230178974956684 0.01702946226716351 0.26175485197048937
0.022283385505804443 0.017117651891140173 0.26177113577945366
0.022303626058833154 0.016994984144363512 0.26160415239910156
0.019667830974474707 0.019895456445499726 0.26560422521440297
0.019699704831841747 0.01998738407641948 0.26556209052928437
0.024150413899873116 0.011604416501870163 0.2601703020858921
0.02409552394184944 0.01147761667921715 0.260142058663944
0.024123943113148846 0.011578616572222644 0.2600946773889976
0.024059823228656706 0.011428967559328651 0.26008504623888073
0.02408837689645512 0.011516238225443176 0.26004799624844643
0.024021719729686114 0.011376614058441925 0.26003372411099124
0.02616555650269284 0.007269945042690573 0.25937531486715293
0.026215831492308675 0.007005798290427467 0.25939509162340785
0.026200715843721467 0.007090456185958827 0.25936763320408
0.026181067163299744 0.007179327014399439 0.2593385754665568
0.02622108682899476 0.00689086714773357 0.2593445477090818
0.02620948851848169 0.006988172793209513 0.2593233318977196
0.02619304363133252 0.00705892842493705 0.2592790045250759
0.026095007129219944 0.006423929561113262 0.2594892884918828
0.026202511135582113 0.006784755887638438 0.2592880596316206
0.026072978300101524 0.006428643760066188 0.2594488818907401
0.026143291951247358 0.006542617490283231 0.2593542938715043
0.026181922543075026 0.006672137986997562 0.25930323021215723
0.026112271274962115 0.006514548050552016 0.2592928411514996
0.024019800056117625 0.011335824000822725 0.26004923488636855
0.02218163349768143 0.01619336450012898 0.2614212772105138
0.0219028373519414 0.015826755655484914 0.26148382251129054
0.022302659007793296 0.01636790770194302 0.26144945065905467
0.02192805711644652 0.015892616459775688 0.2614383366625408
0.021921484377893846 0.015845411375936924 0.26149143527803775
0.02192096805742963 0.01583634525758859 0.26152097414584397
0.024113518274976382 0.011536000942493962 0.26010385807262737
0.022329326163905136 0.01640563433474629 0.26157266641803956
0.022014363722869357 0.015964101305336154 0.2614349203717199
0.022061908397924296 0.0160447083689913 0.2613711895427372
0.022358792163710478 0.016465472914626023 0.2615897925329943
0.022120292184578283 0.016112504905626657 0.2613846363332903
0.02406503669399742 0.011449462636892671 0.26006911543931555
0.024059102308557595 0.011481405393963362 0.2600104632275911
0.022183992026287416 0.017516676946664977 0.2620588090493154
0.022214782031262648 0.017430515913001543 0.262004126543231
0.02222984986951232 0.017360210919785624 0.26194717995791283
0.022256697166522732 0.01728637036552122 0.2619085457115871
0.02228256235660736 0.017191451510483013 0.2618447463385485
0.026219094269538883 0.006924359661043711 0.25934444113052924
0.026221127760322274 0.00685230932643438 0.2593577689322205
0.026173963758100965 0.006627679747453652 0.25931769534189714
0.026140322071788444 0.006555223847387437 0.259309955161819
0.026128921640633837 0.006503509424938436 0.2594424814006559
0.026085912006231768 0.006457950336206164 0.25936846808508035
0.026072441740907518 0.006396890588956705 0.2594816353856487
0.02608008740806894 0.006424257165186631 0.2594721238306177
0.024464511084318546 0.011024579641679522 0.2599277075680485
0.02211014344976775 0.017777007383368737 0.2622973992269666
0.022150254885723697 0.017619087776590325 0.26214608029292163
0.02198195427634858 0.015662384597114665 0.2617241125442561
0.021977773389046426 0.01568502979378772 0.26162335885375787
0.022105050766849252 0.015658980809093004 0.26169697676799086
0.024100329384886862 0.011088093220339656 0.2598537439768375
0.024143097850802757 0.011083201433556122 0.25978512468184506
0.024211933839022884 0.011079985471665665 0.2598864316905605
0.02423353147082824 0.011081337495706 0.2598059025211162
0.024291050811385266 0.011070725684419191 0.25990466595019346
0.024310592489675112 0.011070211520666728 0.25984402530503486
0.024387408802102287 0.01104596599825719 0.25985141185958877
0.02607581617204846 0.006233372829108741 0.25982666443997426
0.02608897058735224 0.006253145856077835 0.2597279589742568
0.026164430219479805 0.006231468331300005 0.2598709296654445
0.026282198688556815 0.00623130001956812 0.25988669494255656
0.026384457825923385 0.006223692902702027 0.25985374015082563
0.02639777001436635 0.00621430785677235 0.25979028927335535
0.026484972075286925 0.006205690897885474 0.2598256556640497
0.026494772343230805 0.006190219610756831 0.2597368591245742
0.022299579603051553 0.01702294666746973 0.2616935886020461
0.022276920844381126 0.017100447611129554 0.2617154458225315
0.022260464932945298 0.017181272650590274 0.2617322624504632
0.024012130244324345 0.011346480648997403 0.2600249221790587
0.022032626757008594 0.018056388169576443 0.26250891007288624
0.022001791882750643 0.018128027815348835 0.2624688111030354
0.022084377818131287 0.01789061567235245 0.262428308153326
0.022056565300796277 0.017974042626875242 0.26242440285710816
0.0220360966652407 0.018021155683787204 0.26240680512353526
0.02210922348160746 0.017809221897747474 0.26234614020481817
0.02208924165339221 0.017874553299792317 0.2623650139206164
0.022057410624177834 0.017948583255325112 0.26233058006281673
0.026109010874302653 0.006231686728112251 0.2597854030620806
0.026129653654018703 0.006229673072061015 0.2598436064420073
0.026063605691389456 0.0062440419328083085 0.2598041928114546
0.02608688858671862 0.00623402180822652 0.25987907739790905
0.022029183840561045 0.015669852321804734 0.2616992618953259
0.022017386658043356 0.01566990127423512 0.2616083498659331
0.02210715080072491 0.0156570878050159 0.2617297619139152
0.022098038829846386 0.01565582942174515 0.26163285803907915
0.027784463705234783 0.0009943116109297212 0.26238974877842447
0.021902676027739265 0.015824670905058902 0.26149182990725695
0.02188726602306633 0.015834280626851882 0.26146349949421654
0.02611287765676709 0.006538362635848227 0.2592538573532204
0.026091481576782954 0.006466243692615226 0.259352171649171
0.026077576785184103 0.00644515857442024 0.2594089637715235
0.02616428345409534 0.006617936150117132 0.2592985321786587
0.02614533328124434 0.006535323715284036 0.25938916742047924
0.026104355707894752 0.00646335635833345 0.25945970497725523
0.022199429867247267 0.01623696770209765 0.26138828368526473
0.022150849498234815 0.01614153497083859 0.2614271784876303
0.022139992104091302 0.016157339461796316 0.2613596163683771
0.022106037043768192 0.01607928575585499 0.26140879879071766
0.022100576377302228 0.016103155600189434 0.2613536383651102
0.022053462217302686 0.016005109382221383 0.26141111244944126
0.021992496497805575 0.015962989238870406 0.2613944276578545
0.027653128405106878 0.0009858633780517323 0.2628142276345546
0.02220936410140474 0.017401936285138087 0.26187892481238334
0.022237870006094965 0.017333977141042733 0.2618964794878749
0.022228207242316778 0.017320546493328925 0.2617987120127201
0.02226624970619384 0.017261747635549773 0.261887202631805
0.022265945973416218 0.017251666982248004 0.2618330593812985
0.022252237366231414 0.01721878797834775 0.2617446535936397
0.02228533865993046 0.017164491357875233 0.2618188159854614
0.022038710836458142 0.015661030120543096 0.2617359334485255
0.02205154210067653 0.015669977071757324 0.26165621783949866
0.0221694257299411 0.015655118444725835 0.26168577534538384
0.022374379591379168 0.016673781693912426 0.26153167283262596
0.022385559867329236 0.01660450171197847 0.2615664614303688
0.02238264118567039 0.016506531870100427 0.26160693780718014
0.02233765681206719 0.016432841913856244 0.2615729891256115
0.024117239324048426 0.01157911676613782 0.260075966773889
0.024068856432275257 0.011469345136015163 0.2600518888108546
0.024065463458770073 0.011423861556876136 0.26012277945028955
0.02229789502734386 0.01637246438265899 0.2613903919082117
0.022366069100676428 0.016708474301464382 0.26153298798490987
0.022399436459249147 0.016638542062491324 0.26159038236123805
0.026175423825635966 0.006640259679171645 0.25930986411461376
0.026101075445350785 0.006487838831640169 0.2593258317126411
0.02611691601747411 0.006459651192842475 0.2594911553186199
0.022312735653801236 0.01638960583518112 0.2615174643431132
0.022316912308606177 0.016402699937739074 0.2614136974166248
0.022212422008952376 0.01624401939548409 0.2614183227477384
0.02226886773087801 0.0163431574593928 0.26135618424227913
0.02213091559835141 0.01611625875135303 0.26141239280320394
0.02203458200454471 0.016000815184488648 0.2613882379760693
0.02613491053524935 0.006497499800282469 0.25948223740715526
0.02613313463889224 0.006513143093345497 0.2594105642645266
0.026090469164826713 0.006322065897139351 0.25953823119451536
0.026095686909634118 0.006368840308167478 0.2596437066106657
0.02608339944475275 0.006245057232565354 0.25949793429092954
0.026063368472712192 0.006338147526469773 0.2594847150307422
0.0260700284762041 0.006312101058904229 0.25972645302440656
0.02608781016720136 0.006288965502105226 0.2595964163496687
0.02611135774071662 0.006404691791821404 0.2595726916736948
0.026111639841419933 0.006427148385487358 0.25951636101401354
0.02609046547710621 0.006267291405844699 0.25966468786847846
0.02199038245517905 0.01816026937625609 0.26248095679827094
0.021982134318062327 0.018188250607278633 0.2624962343191616
0.024019457565256745 0.011211085191503822 0.2600035362173538
0.024042033015834748 0.011139877071029869 0.2599527225202853
0.024004442028703984 0.011296798177376832 0.26000575682870336
0.021928216353179333 0.01574649227297764 0.2616425507334964
0.021926338101075152 0.015703578232673265 0.261689057866431
0.021950839779549203 0.015697818351863235 0.26164789164939556
0.022226067472125327 0.016282116102481425 0.2613698924550411
