0.02981858555346737 -0.001512651335531412 0.2622084584287803
0.02981380603497409 -0.0013586740236939399 0.2621976799621787
0.029809575794549112 -0.0012580524568000517 0.26220644269244736
0.029795031729738394 -0.001144246439102492 0.262191676185934
0.029776673333038996 -0.0010097802981967052 0.2621999773858792
0.029764257077133476 -0.0008976835159645868 0.2622258215090505
0.029740506744150942 -0.0007862684072884596 0.26221560594534055
0.02972769142772312 -0.0007097372860842 0.2622622492273013
0.029792581453334438 -0.0012165740540323045 0.26204967375333466
0.02968836587751545 -0.0006115293249663312 0.26215200192631877
0.02967132644759904 -0.0005371877904329914 0.2621542405578987
0.02965554028956021 -0.00047305447025891567 0.26218135753888516
0.02958823028391773 -0.00031430563631429376 0.26212450935279596
0.029550515228014183 -0.00023972945824846104 0.2620305739903211
0.02948507152675918 -0.0001162142533225885 0.2619688136566258
0.02941394639098996 9.989402252497115e-06 0.2618889348203718
0.028818539857801015 0.0006081304586865177 0.2615295740376701
0.028465736003819006 0.0009122800955730925 0.26145922455297277
0.027892469004722684 0.0038498942386450685 0.2594936458678596
0.0278575596023901 0.003927602365839389 0.25937059036454213
0.027849057440360023 0.004004378744756232 0.25938782566208035
0.02783031890564052 0.004102372087591621 0.2594140221881194
0.02781013138435877 0.004109053895532455 0.25930102462652116
0.027791014566610484 0.004198102171841689 0.2593027258512395
0.027652319090362767 0.004657893418800518 0.2590879543741098
0.02761480152993441 0.004763769585850064 0.25908533358979835
0.02754621923058931 0.0049028220215305285 0.259038429832509
0.02742223117823854 0.005190897620859669 0.25902856249013856
0.027394116842569996 0.005230617442299801 0.25894910804523663
0.027358116148612485 0.005324751461627919 0.25897044275263364
0.027316454090232853 0.005382798801537969 0.2588825938407398
0.02729349253992181 0.005450537895074714 0.25891002743536634
0.027223686863757035 0.005575505598975183 0.2588501104740195
0.0271551646083808 0.005701417088254279 0.2588128118415287
0.02708406843557079 0.005834610503643367 0.2587545717787818
0.02706792503540284 0.005876376398550154 0.25878372219650864
0.0269981982403373 0.0060104793246618105 0.25873488676000833
0.02696419061312095 0.0060873998838058 0.2587530992769155
0.02689542398547356 0.006222292123373663 0.25869945480071926
0.026832749974666024 0.006364312887450596 0.25864859786077693
0.019774152463365932 0.02304941051918541 0.2679512882645444
0.019744827653174882 0.02311558710443873 0.2680193371812989
0.019712689559891194 0.023175072774799743 0.268056966729287
0.019695358154359244 0.0232107137896867 0.26810057680427113
0.01957391971823476 0.02336908129728338 0.2681217102698941
0.01955179335734407 0.023397763015465978 0.2681846327189551
0.01949860989131011 0.023458994851742132 0.26823685644696127
0.01945138223611774 0.023511620150584722 0.2681761779086898
0.01942710006208445 0.023533567916336096 0.2682255671484363
0.01938008965389741 0.023588688390672796 0.2681322295470584
0.019322558363781675 0.023633787994072286 0.26804880192494895
0.019299200961676824 0.023661376518146704 0.26810638507965856
0.01924324790072003 0.023698258275818507 0.26803698718328844
0.019189554871701417 0.023750042750299627 0.2680881987350861
0.01909822208200132 0.023808487575122605 0.26808350094017713
0.019033742839983284 0.023846733917649132 0.26813167259192505
0.019000997595961286 0.023868204598777254 0.26820275455479775
0.01898779001551601 0.02388218862689323 0.26828200727826157
0.018902502978970906 0.023926587320969472 0.26834939454754647
0.018850900324299244 0.023947319725134475 0.26840763764712383
0.018794717768968863 0.023971159531492203 0.26835992488248606
0.01874356497838084 0.02398814332489052 0.26844098125100113
0.018768500753563358 0.02397927614634887 0.2682896397128804
0.01872769423435515 0.023995515704635706 0.26836159665929116
0.018634750382783186 0.02402831151920426 0.268443180103088
0.018596380115878025 0.024043838744543022 0.2683664734515452
0.018561503004297042 0.02405255183037297 0.2684573003353577
0.018485230254327897 0.024079965974624862 0.26837494099097536
0.02563432899810915 0.008532144772441297 0.2583676122414541
0.025609949961289263 0.008627504736302971 0.2583957260966866
0.025587438848062943 0.008706490255738497 0.2583952288031973
0.025570487515672313 0.008789936829946776 0.25843377801438355
0.025343267523264115 0.009423921464409957 0.25839205907606316
0.024909245019311452 0.010603632203407709 0.2586744348474319
0.02487889775526489 0.01068029208170651 0.2587037384773113
0.024853522995655367 0.01075528452318214 0.25872772196113397
0.024734878566746506 0.011037692561044588 0.25887053830137413
0.02471189115016064 0.011093304780071478 0.2588983788917705
0.024675288430178542 0.01118083400338854 0.2589556562219756
0.02465042329612801 0.011244823762116607 0.2589969991716352
0.02452015770908951 0.011508238527360326 0.25905060320959056
0.021111993365402856 0.020007005297431824 0.2635084360140094
0.021091347823777543 0.0200416190085973 0.26354034128019455
0.02105220048422382 0.0201162139204365 0.26361248831778844
0.021037191537932196 0.020144320052224773 0.2636696592009994
0.020981093154516905 0.020211310588851117 0.2637295501792908
0.02095429992098348 0.020233473924750223 0.26376176096131554
0.021318785886819583 0.019670801388220083 0.2630971099586508
0.02128873028160426 0.019728501009833477 0.26315856746234895
0.02125172613888783 0.01978799565520961 0.2631811989977232
0.021214228970567017 0.019837266168349466 0.26324820907459867
0.021184219633185508 0.019876527812148548 0.2633161058432708
0.021153112483298972 0.019925603411052262 0.2633629313995215
0.020947352203898165 0.020241388937790483 0.26363728610081805
0.020903973388528604 0.02027981613006058 0.2636926903377622
0.020849785999458387 0.020319655901091915 0.2637691483262914
0.020799078132902535 0.020350442549393333 0.2638150048149895
0.02262077185969731 0.015990233116104147 0.261274512307598
0.02258202346777509 0.016044886516266843 0.26132480582481543
0.021408799342016935 0.019470974634403282 0.26285997468197847
0.021385689961452445 0.019514694337193605 0.26288230659899986
0.021344155787652072 0.01959685070217937 0.2629410396271785
0.02131026520294789 0.019670512701797926 0.2629840228806688
0.021299276582488993 0.019705379436588177 0.26302469893659214
0.021259604327590928 0.019781921497472488 0.26305838158059297
0.02122237044877172 0.019824764793077154 0.26313083802813086
0.020805646931036925 0.020347015212734576 0.26368089562941854
0.020754062996266406 0.020375940085134325 0.263733745843517
0.020708625051310478 0.020403951227590145 0.26381487371145707
0.020669902509906565 0.02042641405405582 0.26387523249552697
0.023156008448855167 0.01491403650869666 0.26038727524996835
0.023124473972591153 0.01498855869093596 0.2604351742067529
0.02310423452677103 0.01504700949345844 0.2604601828895926
0.023070572171528247 0.015121191612728735 0.2605012047693651
0.02305102338154004 0.015170004510821122 0.2605203846622173
0.022687899256300575 0.015883379920235974 0.2610478948132203
0.022650701343619115 0.01594130716328651 0.26109754136299673
0.022609722471886237 0.01600386354415062 0.26111262090492243
0.022435607908662628 0.016245129600309216 0.26141326995451203
0.022421199062734445 0.016253956799865743 0.2614733895919611
0.02156137632415918 0.019073899783662307 0.26249351832328155
0.021530540697887887 0.019148492545303486 0.26253051196818444
0.021506775387168206 0.019216021819102813 0.26256288996822347
0.021489106586864162 0.019283935499963156 0.2626151267746708
0.021466269708109914 0.019339143946499104 0.2626508463057407
0.021429031786956265 0.019400741023543944 0.26269041727524717
0.021404066372558678 0.019456362069015853 0.2627513087589257
0.02062300290912844 0.020444080641061124 0.26380057954682135
0.020570371697071224 0.02046962751469389 0.26387741316423574
0.02357798517201118 0.013456915608087705 0.25973069313939645
0.02353859221087648 0.013598008472738177 0.25979300586247733
0.023508893639186 0.013691541748446168 0.259819433669327
0.023486518054147934 0.013757111636365893 0.25983517886835406
0.023473256104664594 0.013820550820962119 0.2598790626005753
0.023447215829316484 0.013899044390178139 0.25987889011425913
0.023427218097999344 0.01398112009041097 0.2599420451938129
0.023403132766524573 0.014063999091465051 0.2599659541584923
0.023383575829910797 0.014136866194329134 0.2599714142821615
0.023366273472755703 0.014223913812186129 0.26003573974339017
0.023334260415376992 0.014313387739978034 0.2600096702726867
0.023316480217550117 0.01439270044717833 0.2600676970177427
0.023302196517110574 0.014451682219662587 0.2601043917164929
0.023278824174877658 0.01453674126157578 0.26011676499444825
0.023254461027111192 0.01462540579381516 0.26013077465374734
0.02323785343032045 0.01467635616572599 0.2601581695078441
0.023197594962252502 0.01478038703813589 0.2601986647647819
0.023168490591842394 0.014853769718810972 0.26022043486354074
0.023147547263756243 0.014907923456099759 0.26026545093451914
0.023130349857161836 0.01495485294894805 0.260319858718038
0.023100141692601106 0.015032096364015535 0.26034427845232344
0.023078679773151006 0.015091518005310556 0.2603721734529387
0.023040764314113824 0.015183513021387984 0.26041975204038015
0.023020888262314743 0.015235950312457558 0.26043856975198815
0.022995813802945228 0.015296371820517518 0.2604726805809298
0.022965599468212763 0.015369028962766595 0.26052585708943565
0.022941794029148213 0.015418873173398628 0.26054537333490996
0.02289879061748111 0.015500230480655075 0.26061587927041163
0.022881330633692076 0.015541505441660664 0.2606641735015379
0.022859406583195074 0.01559109227990868 0.26070026176669936
0.022822977779730788 0.015659189920901095 0.26071670289407656
0.02277945932567764 0.01573722301782393 0.2607703501683918
0.02276055248545701 0.01577585821775651 0.26082315531604844
0.022718967586257938 0.015850266799614376 0.2608688881948612
0.02269433639235051 0.015884806280675068 0.2608978192946459
0.022658737773402896 0.01594295548924063 0.26097174844500104
0.02235484660074631 0.016308920859538167 0.26140258630861607
0.021625632721962926 0.01885809775583719 0.2622538813442323
0.021577310342298553 0.019002790001890424 0.2623164851656464
0.02155832695792695 0.01906944615330325 0.26237637044177187
0.02047475625808949 0.02049810160247051 0.26386379723409426
0.023588702012277876 0.013357459866021548 0.25958328350265325
0.02357849131693733 0.013409924979177479 0.2596102897556735
0.02354889421097471 0.013510634713229774 0.25963803264820035
0.023467595527372084 0.013797678356990695 0.25979679437854153
0.023242847108186845 0.01461560729631639 0.26001842837951455
0.02322991391976678 0.014674233886240062 0.2600634567726817
0.022842516739759525 0.01559982670377369 0.2605982680402822
0.0226977692116309 0.015868154413413826 0.2607812885739389
0.02229339760488458 0.016334627028188387 0.2613117286683159
0.022267975967354844 0.01634835457743583 0.261364946675954
0.021767669883157592 0.018369481743472638 0.2618939955565152
0.021706853807731283 0.018569402897240683 0.26201778027869776
0.021691737504440756 0.01862348040706685 0.2620258119912066
0.020357005657367186 0.02052560324430619 0.26391055568066685
0.022205567234343984 0.016376280560993606 0.2612994273628753
0.021825240783988398 0.0181904670338357 0.26171483577193416
0.021796490818581774 0.018274832141012165 0.2617376195793469
0.02176625535680922 0.018355406915145034 0.26177757846102334
0.02174949043111772 0.018418001760122982 0.2618074983883085
0.02213948700567063 0.01640364696798391 0.2612403189696733
0.021899638705458344 0.017831716388974073 0.26142659357829784
0.02187951820759164 0.017908270241513646 0.26145662858498897
0.02187723677696951 0.017971238183374094 0.2615002534044405
0.0218678394177218 0.018032083318860137 0.2615257712320686
0.02184691185483094 0.018106494663968298 0.2615718361485522
0.021824060881208585 0.01817710472483275 0.261611430854123
0.02190436974249181 0.01778773001780204 0.26132465460959736
0.01948307732509827 0.02122706760221449 0.2655563994970547
0.019466597582992462 0.02105659222005818 0.26548082024475095
0.019460517292814977 0.020934577707176605 0.26545645841769216
0.019505083534004902 0.021381399618995545 0.2656900466330728
0.01944673582362076 0.02082084690915137 0.26547337851779207
0.019684096213368793 0.021968224690498694 0.2667942229558502
0.019401359180685265 0.020694979936312252 0.2654745527086725
0.019552508433548263 0.021716000139697322 0.26602532881802954
0.02966244181925666 -0.0027607979525510196 0.26263984313028144
0.029695098079868587 -0.002641248817643549 0.2626407056763531
0.029726793346529945 -0.0023926529947302932 0.26248115656510107
0.02972006354759993 -0.002482680929870029 0.26256619959480265
0.0297177149164796 -0.002561492670463905 0.262653453969916
0.029767381539951177 -0.0020679444041524775 0.26225836554091064
0.029766366673382616 -0.002160276256359117 0.26236962754302257
0.029755717491102653 -0.0022866690247643207 0.262471603305396
0.029757530647789576 -0.002354222834043296 0.26257607301973807
0.029789191510318287 -0.0018393080629044434 0.26214221976718965
0.02979002334925445 -0.0019340971152751463 0.262240490993877
0.029787525179614034 -0.0020259248865336366 0.26234585185081233
0.029787142776962684 -0.0021006891013409246 0.2624195736437399
0.029780812521522995 -0.0022166418001790533 0.26253481816334157
0.029802664646923396 -0.0018002189925580003 0.2622259502459263
0.029804812504382994 -0.0018958871463334859 0.2623314441228174
0.029805726936460726 -0.001978110192609517 0.26241795801693313
0.02980984269501117 -0.0016720947579538792 0.2622193208995958
0.029816249150759283 -0.0017552049801024538 0.2623154297035587
0.02981850390925498 -0.001575037595678952 0.262229260709401
0.02982450708240078 -0.001623089997938476 0.262310103386554
0.029800291741906647 -0.001277732363849926 0.26207543369685915
0.029806479494372227 -0.0013324690116186533 0.2621328421449349
0.029822143052225997 -0.001425014605902053 0.2622495194007909
0.029826892562907444 -0.0015168810233560093 0.2622869886747692
0.027892480174528014 0.003170914738756081 0.2594757004699585
0.029800330042888894 -0.001225259474410989 0.26213779291034817
0.02982085216710024 -0.001311523178041507 0.26227746394977225
0.027918145207287956 0.0032782317847335762 0.25943212632698237
0.027918844262950944 0.003217143320996041 0.2595198349737589
0.027909097066594696 0.003141023269748966 0.259597846760441
0.027895179286298366 0.0014444412478299973 0.2613767215716891
0.02796536198198498 0.0013847120748505803 0.26138132255216645
0.02807924074161492 0.0012888880767745747 0.2613903511953578
0.028136029794125432 0.0012418862333892777 0.2613857478668511
0.028191820509781924 0.0011957972531790872 0.2613834911325465
0.029787008432781995 -0.0010772026482459562 0.26220633532006715
0.02794017535667042 0.003398502722298413 0.25944634024605695
0.027946145073468265 0.0033336439467264167 0.25953173740416335
0.027938145804980496 0.003248866345563761 0.25962195470097926
0.028532617427444326 0.0008544481148790029 0.2614932349820034
0.027930991222031028 0.00354906914050912 0.25946057479129464
0.02906313586332064 0.00040264729596839466 0.2616342258853518
0.029125177950225338 0.00033794885166371635 0.2616508159413213
0.029748061444398052 -0.0008214768991102184 0.26221735817472447
0.01956717231539551 0.021749966747140526 0.2661228057181032
0.027920214983383124 0.003666200720245927 0.25950000622683744
0.029129272587278765 0.0003566778041365626 0.2617298149671803
0.029169799454647066 0.0003175430374093291 0.26175772207298714
0.02922947185932768 0.00025457768026698746 0.2617543596750964
0.029287512431178428 0.0001960398179806644 0.261793163231611
0.02933419732611954 0.00013392708729070835 0.2618267662191356
0.029654881192761218 -0.0004931162548856283 0.2621282877170558
0.029684798409882 -0.0005795149830322144 0.2621734007483706
0.029712845707431698 -0.0006589306544319551 0.2622512216995102
0.02783797633605549 0.004002954196958897 0.25933154389957275
0.02786630933942845 0.0038994867790445586 0.2593940408054962
0.02789062515745254 0.003835611403444905 0.25945663874224995
0.027910040208023283 0.003766240885045846 0.2595183274023779
0.02952268254945785 -0.00017733484975579472 0.26205998869302943
0.02956121787441076 -0.0002533224612035756 0.26209102645289106
0.029594512920784577 -0.00032711655910727666 0.2621468244627261
0.029628652232125484 -0.0004040071133848411 0.2621813853970894
0.02773077411645472 0.004415332290114704 0.25916870845841256
0.02775773912493598 0.004322054210312065 0.2592202107529823
0.027780443667377155 0.004232858215250601 0.259275556888507
0.027801244547942472 0.004173608697588482 0.25932943552179066
0.027827288224896107 0.004093317307885869 0.25937352380742695
0.02785077771927972 0.004016978561672158 0.2594270314646372
0.027589313064333723 0.004811770659099934 0.25906745871110837
0.0276307782736053 0.004729904033646093 0.25909507830301093
0.02766204934149434 0.004652451166681892 0.2591253033540798
0.02768871448169169 0.0045792814503769486 0.25917630575220085
0.027722695954319157 0.004485571796894294 0.2592082666887051
0.027493613896946226 0.005018544445554107 0.2590143205158367
0.027519001582747893 0.004981169701552657 0.25908287271361663
0.027554741094130378 0.004901895863751504 0.25910025732941416
0.02759245728371254 0.004831023758317676 0.25913303862461096
0.027124017042683288 0.005752908646613375 0.2587798793003443
0.027171268263383272 0.005661058391917606 0.25880016599930405
0.027198350171959353 0.0056230934098760454 0.25884126258147905
0.02724358744875658 0.005541083521983847 0.25886945869957856
0.027269832745529646 0.005491704086556304 0.25888668332886755
0.027317507595542904 0.005407001506879505 0.2589243186496754
0.02734784135986769 0.005345994161514933 0.2589544980789852
0.027379847073909863 0.005286122097118595 0.25901520818665735
0.027464071391304606 0.005111924911979759 0.25908204638792814
0.026952660634049705 0.006102862332993453 0.25871816929054653
0.026980924964492975 0.006048343000856937 0.2587499740283694
0.026764317125179155 0.006498970866945175 0.25862783724254107
0.026811871782736876 0.006416602562832552 0.25865574115485046
0.026848444708934383 0.006342273043268232 0.2587102315227212
0.026733705226355417 0.00656498961142421 0.25870240758468743
0.026758708468895637 0.006528241310216121 0.25872457661986703
0.02576837813739511 0.007925006050153838 0.25834302293573247
0.026639770733975936 0.006718537492347854 0.258750488300211
0.025741406484002194 0.00810410992377908 0.2583349949493294
0.025758645153718354 0.00803123141210721 0.2583670015096398
0.025727197763097995 0.008213165542760414 0.2583837221862597
0.025681282471622553 0.008376287287840178 0.25836985048157507
0.025707697272825285 0.008307247940210094 0.2584291890529788
0.025625740454593808 0.008563719559827432 0.2583747101793099
0.025655030231723386 0.008485419544007111 0.25842993790675034
0.025583136582904176 0.008719867365221734 0.25838853400250006
0.025602645621533776 0.008661982209427266 0.2584125757900874
0.025301953119443242 0.009542738754004021 0.25840668456171195
0.025248168567839124 0.00971106226497176 0.25842548890600314
0.025278886720102783 0.009619746110071492 0.25846110061019906
0.02519237087935009 0.009869867911697361 0.25846738263617075
0.025127841021388993 0.010041054815748518 0.25848585176210803
0.025160020220510546 0.009972372973240329 0.25853096395285036
0.02510572516818623 0.010127121484438784 0.25854493600262674
0.025035711092325066 0.010282991301663158 0.2585798489208627
0.025055474299294708 0.010235631018057023 0.25860648552325527
0.025002316796157734 0.010376256059786482 0.25862452907054545
0.024903088899191336 0.010618368609632056 0.2586676429171718
0.02493310501523205 0.010538326236358198 0.2586845845894186
0.024844253617052933 0.010765586935423399 0.25870130177524636
0.024874826135485376 0.010697754618021749 0.2587234015044894
0.024629182719423368 0.011273430111011784 0.258949662042401
0.024594884842062528 0.011358986418596728 0.25904535381655625
0.024629304577956354 0.011301275133956179 0.259059026695044
0.024524293071244554 0.011504564064123757 0.25908601933162234
0.024547532644796824 0.011461632187754978 0.25910547418738034
0.024428071270698168 0.011660570093066092 0.2591789235803586
0.024465828741743675 0.011610326642712221 0.25917684868836527
0.023718644266460517 0.012790467630237834 0.2595438352563182
0.023657903857453172 0.013075010140350507 0.2595076682582068
0.023678693074121543 0.012983618276099673 0.2595205484181077
0.023704252055745237 0.012902909748330249 0.25958919195096875
0.023636872830917977 0.013170571242851759 0.2595362452229096
0.02366488155845016 0.013085639900015822 0.25956794910257924
0.023612643902890307 0.01328472568865341 0.2595947318919063
0.023638220811490876 0.013215572460933411 0.2596244495590816
0.023568151274125523 0.01345021465841384 0.2596250995551887
0.023601309991971034 0.013367691003034143 0.25966763975069385
0.023547453154500256 0.013533916914208632 0.2596862716135066
0.023573244524477607 0.013466584649696911 0.2597000533401915
0.023517496339953273 0.013636170647870371 0.25974341133536827
0.023485496697687 0.013741374095852243 0.2597910477030673
0.023433556709759537 0.013910179163657332 0.25983430829988946
0.023468197598815382 0.013818574379587778 0.2598389292566071
0.023407697198411057 0.01401181382503236 0.2598944140723244
0.023437191969379392 0.013934467910524606 0.25990050411292254
0.023385035807960988 0.014102139064150532 0.2599275752870355
0.023337759006259937 0.01427657188764797 0.25995828171482555
0.02336726823175772 0.01419543272145063 0.2599761369554936
0.023302001577835796 0.014410587290597299 0.26000254719330296
0.023316463214085273 0.014363578138856192 0.26000028153013877
0.023342314053542562 0.014306151512799459 0.2600512790557561
0.023268563421006513 0.014540484886187699 0.26004077933590164
0.023300149521955152 0.01444915462917229 0.26007881646092923
0.023242312963672976 0.014655471292856492 0.26010972629936757
0.023269254802288905 0.014577198504153399 0.2601459016111234
0.023186832276604105 0.014791744247968752 0.26014178276778416
0.023213308592054213 0.014735869006008817 0.26017292485114585
0.023247647897153292 0.014649718490281016 0.26019630798534843
0.023185971730003516 0.014820600887541946 0.26024140809745533
0.023215992301657412 0.014750920497474507 0.2602659041117765
0.02314585533800219 0.01492104140820999 0.2603079835516462
0.022978247372443708 0.01531911711437961 0.26041155622631923
0.02300754298594153 0.015249162833111507 0.26039341298619945
0.02294394975726055 0.01540577894145162 0.26048649472057483
0.022980465209711365 0.015332240424546173 0.2605010112168347
0.023010787017284276 0.015269511740046315 0.2605228456627043
0.02289442155102303 0.015499999157405409 0.2605664162514193
0.022939313104332823 0.015421501435465335 0.26061605277216415
0.022821296943003458 0.01565009604331874 0.2606392419188799
0.022862973991128008 0.01557676337508146 0.26065843834638147
0.02289639787811945 0.015511735197844267 0.2606857428230034
0.022785441186166544 0.015722667294985504 0.2607270271239727
0.022812351409056117 0.015681221220820274 0.26075746313291487
0.022687294430322205 0.01588826066473048 0.26082445964428147
0.022731327328374656 0.015827632369351363 0.2608176156842783
0.022771099604844094 0.01575266114214502 0.26085903379644704
0.022645728258461104 0.015958195761729077 0.26091449714793746
0.022673637893572157 0.015918027477905605 0.2609224696658986
0.022722767720387782 0.01584080585513331 0.2609270195333123
0.022626703689497735 0.015978861507880082 0.261027668386827
0.022666472278039945 0.015920177840123118 0.26103278512445444
0.01964841293177648 0.021920325261446993 0.26658728380558777
0.021930704165307985 0.017713743146470895 0.26137289827908433
0.02188333223639495 0.017876762192875206 0.2613878303338827
0.02186572586755721 0.017965237045430404 0.26144904478594827
0.021884591861434113 0.017899402733788927 0.26147660712956655
0.02184632993906467 0.018078567765409836 0.2615058680273803
0.02187662940186451 0.01799801324859529 0.26152439995860216
0.021823152017158925 0.018163681778623653 0.26157950375777506
0.02184772223490644 0.018110358400104776 0.2616277937443476
0.021819010705192432 0.01820367986954874 0.26167280868078313
0.021841702218613354 0.01812141999620387 0.26166510708640606
0.021788560456982742 0.01829913803453881 0.26176236551648374
0.021766732298507008 0.01838329009394224 0.2618309034548516
0.021698883988246973 0.01859032321187626 0.2619766579366811
0.021722491286387757 0.018494756622483455 0.2619917052575829
0.021704232465475023 0.018608427572273045 0.26207342762008434
0.021680560200606422 0.018690730823400725 0.26214510596918505
0.02169651838117491 0.018642101808777123 0.2621654806792365
0.02164830992436083 0.01878437422984458 0.26221324806345625
0.0216229902511057 0.0188931662243208 0.262321245105009
0.019668475643203856 0.021943543615314642 0.2666909183256757
0.021560325506229536 0.019060552784383678 0.2623600484690375
0.021522479860592886 0.01915981688445073 0.26246193099965104
0.02155252919153998 0.019093293246697673 0.2624736651689752
0.01964386598345204 0.02329426212052632 0.26816334235333406
0.019577628150942106 0.02336667018906835 0.2681483344202849
0.02148994327000757 0.019255653041328924 0.262535986677407
0.02151806006512244 0.019184148330729567 0.262565614318126
0.021451841991260254 0.019350953306012664 0.2626069906400362
0.02149474690337448 0.019271880258255825 0.2626561175953145
0.021450266291427253 0.019372355649988626 0.2627469856629562
0.021371969864585685 0.019528341149913808 0.2628247364613889
0.021410886065305987 0.01945972769112353 0.2628155081411553
0.02137111863251792 0.01954498381991604 0.262931460795255
0.021282261503808242 0.019707085386656886 0.262961552151782
0.021329255034489805 0.01963682219978019 0.26300720446326803
0.019848622433166666 0.022323671075072382 0.26735395329707934
0.01981623904704438 0.022271461364437695 0.2672540106204157
0.02123618253293781 0.019809743672066837 0.26307742523140026
0.021298810935088577 0.019719018250029863 0.2630962120496582
0.021189596296549207 0.01986512531882212 0.263211826303873
0.021227491685981772 0.01982026860547731 0.2632241136033181
0.02117739352271182 0.019891656909260647 0.2633548226979516
0.019727877028335714 0.022058520128684478 0.26699618941441117
0.021120688317751254 0.01998394164292966 0.2634445468048684
0.021164918510318154 0.019917578647237255 0.2634285983576643
0.01971578373015946 0.022083471722420978 0.2668200117540531
0.025640259966682392 0.008526205259566988 0.2584057693574169
0.025676106023356238 0.00841776413332801 0.25843575240697736
0.025665050863453776 0.008436721106082234 0.25838845799373933
0.025614816307878915 0.008601695469893755 0.25837748497176827
0.025625031266174977 0.008597356798312028 0.25845101054457065
0.02569575241467926 0.008341715703123753 0.25839963731219073
0.02559269269428041 0.008701731015454961 0.25842388754761936
0.025713890619710855 0.008264124191775357 0.2583743691051925
0.025552178176858786 0.008825360097785506 0.2583889161953406
0.025745824891126638 0.008139400309683631 0.2584187338270457
0.025730939891588575 0.008163501699503362 0.25833434624325813
0.019591056228444162 0.023353932337093153 0.2681779605314313
0.019682330082777658 0.0232371902838705 0.26817154765185375
0.019655861228386362 0.023270225882439377 0.26809713362915366
0.01972858601559739 0.023157657690207667 0.268094125436539
0.019793254267202146 0.023024462737117835 0.2680004626578819
0.019817190132216056 0.02295618110308545 0.26791789330933224
0.019850752361470922 0.022849527559364202 0.2678385681337627
0.019874694639927512 0.022747530960956552 0.2677898316277783
0.019886962769775668 0.022658433325799476 0.2677401942326065
0.02575022718616922 0.008075887164417817 0.2583617261795165
0.019905312051852572 0.0225567314626422 0.2677802467266312
0.019895065211785593 0.022573182928363467 0.267695386662147
0.019906602290555228 0.02246851142986872 0.2677438014018069
0.019898568388081447 0.022496171846146884 0.2676565859743737
0.019883766981899073 0.02250778515598817 0.26756898848862465
0.019902862147827508 0.022404097978377835 0.2677089570923805
0.01989639420381417 0.02241540188739627 0.26763542434905385
0.01988348957656734 0.022423327165242812 0.26753847458285157
0.019873278831835817 0.022341389912048315 0.26751603134932855
0.01985975540990864 0.022350341117550354 0.2674113969578531
0.02575781375798565 0.008006066686736424 0.2583339719974099
0.01984229422242499 0.022276799415009985 0.267381268256933
0.019833692351895985 0.022307561046338742 0.2673012370676291
0.01981297449609372 0.022219799084342462 0.2673115145856916
0.01979888913249335 0.022226661947880588 0.26722244375580717
0.0197742930343454 0.022157309951427118 0.2671709059537215
0.019776124423069988 0.02218502051892729 0.2670976507596111
0.019746584162314007 0.022097806320734548 0.2670757447985943
0.019740859594406107 0.022106613408327036 0.2669731886289583
0.019724231139515075 0.02208391923676556 0.2668958510025073
0.019706649931687317 0.022031439786118268 0.266842790567237
0.019701752069212028 0.022047499171510443 0.26677737996577205
0.019680928120158855 0.021982585740031146 0.2667283183365755
0.01966856827175796 0.021991661062038315 0.2666503803960204
0.019656698353466645 0.02191452782769704 0.26664796149134895
0.019642008395790847 0.02193841984071232 0.2665291643577238
0.019634090327381518 0.021936607879270653 0.26647260544075746
0.02550024937438522 0.008979319663720342 0.25844995326957265
0.01963201207996451 0.02186813837870316 0.26651701622750706
0.01961924181143103 0.021865592283973667 0.26642364329008295
0.019603328931499686 0.02185107533522812 0.26632624689050155
0.019595674859634052 0.021773719593262852 0.2663020887579397
0.019582917830352695 0.0217728531168756 0.26621056341542415
0.019556600496953194 0.021742881640056666 0.2660623766918622
0.01956015476340825 0.021669630891675007 0.266063036655113
0.01954737989892165 0.02159205119444879 0.2660125506489763
0.019534064939542337 0.021588277034157166 0.26591646764386706
0.01952782887264408 0.021513359927779363 0.2658829462843837
0.019516947623408526 0.021426865860663002 0.26577636961119133
0.01949421634284934 0.021288269817811012 0.26561946627824423
0.02562315705721529 0.007469303032872354 0.25826008931521605
0.01948815070147375 0.02113270241917531 0.26555655403558476
0.019490338099428656 0.021036790357060797 0.26554931965716577
0.019478622049146632 0.02095978077079058 0.26550550682013957
0.02577816675560156 0.00788491844944561 0.25839708244574755
0.019460630588279737 0.020888203796568583 0.2654724016695267
0.019440151968052446 0.020770710021124128 0.26548899379251917
0.025768236187951425 0.007794804670542388 0.25835380176208933
0.025754649023412665 0.007821315345960256 0.2582853757060238
0.025484202147859042 0.009042012332467042 0.2585062303768742
0.028943118383748224 -0.003896239003020996 0.2627036043578109
0.028961784819647965 -0.0039160220237404175 0.2627909571612119
0.02901487927111613 -0.0038201558494666554 0.2626660895755325
0.029032896291860046 -0.003841285665392158 0.2627546534126359
0.029083037834089734 -0.0037437760729329694 0.262631599470719
0.029101132050863496 -0.00376525489451196 0.2627203093757067
0.029116864721559485 -0.003784597110962573 0.2628108204243999
0.029166481586084425 -0.003686616109838947 0.26268786388462456
0.029183125572838642 -0.003707335870003159 0.2627775375108681
0.029226062265540156 -0.0036087259811160566 0.2626611290780398
0.029243910578060854 -0.003629908639212087 0.2627499146024013
0.02925784674638514 -0.003650220230431378 0.26284226017876844
0.02929859855961181 -0.0035530919308700004 0.26272822311574484
0.029313100392947274 -0.0035733932792634815 0.26282020589991295
0.02936314104814853 -0.0034957106224981493 0.26280213174530204
0.02941075220743536 -0.003418078961515525 0.26278707638996096
0.029456155285199848 -0.0033400230087781146 0.26277331519554403
0.02949984725458899 -0.003261488420948533 0.26276077560522676
0.02953847035137016 -0.0031828886399710155 0.26275290062425405
0.02954808512233527 -0.0032015250240414184 0.2628459962045362
0.029571286166039205 -0.0031044991936841626 0.2627496138601233
0.02962944447306342 -0.002948013185595011 0.2627538407379777
0.029655241706894216 -0.0028703752570439223 0.262758932425023
0.02967439088736082 -0.002765385947016419 0.2626993308363914
0.029677371027645415 -0.0026834262248036644 0.2626111160405877
0.029692474620326502 -0.0026893355930264207 0.2626877944955495
0.029696329248434017 -0.002598619793721224 0.2625992135235602
0.02971506270914026 -0.0026022397961980026 0.26269388833822616
0.029722355604436597 -0.002514785603061398 0.26261767394797714
0.029729086106757077 -0.0024237638547909834 0.26253187505124587
0.02974165493978484 -0.0024350096853391623 0.2626033505682542
0.02973973360471807 -0.002336270201964308 0.2624589366011512
0.02975022416577272 -0.002340292962184354 0.2625151810269103
0.02976583153028249 -0.00223552623369766 0.2624623895041511
0.02977086849543878 -0.002271914672672515 0.26254639493368387
0.029784581497171954 -0.0021608073310830367 0.2624759995898862
0.029798897907750505 -0.0020852388569385094 0.26247026222083647
0.029799327388040912 -0.0020340432945143982 0.2624256513641448
0.029785672224069894 -0.0010350334580642717 0.2622449278950745
0.029777194456470056 -0.0009606605691179215 0.2622537437187056
0.02975518557913314 -0.0008559183383310964 0.2622163167964682
0.02972489509689949 -0.0007363924772386121 0.2621948863924556
0.02973579679789986 -0.0007450345596958785 0.2622600382659981
0.029692156030769613 -0.0006356753341720256 0.2621378148343775
0.029708764297318987 -0.0006702794398145695 0.26219624848183254
0.029681014083850654 -0.000555131744192805 0.262185983412643
0.029698949640225188 -0.0005968751530074368 0.26225748893647216
0.029639859612280592 -0.00045721673020721054 0.2621085732084967
0.025758018599534076 0.007722243137660123 0.2583472813148109
0.025738406683844806 0.007724931610174179 0.25827763803962556
0.029496498998902894 -0.00013621745593384027 0.26195665912801713
0.029420745425141254 -7.608870655095856e-06 0.26186133973883036
0.0294402991282985 -3.923506182879066e-05 0.2619283326461018
0.027181535787837982 0.0020437624191596004 0.25990308841031506
0.02719986385127108 0.002024018351331369 0.25999285800637284
0.027210023235305254 0.0020069410180139635 0.26008931897776966
0.027206933497192123 0.001992852192038541 0.26019918389210095
0.027192813464983256 0.001982272644319938 0.2603293383647882
0.02725937076202388 0.002118386735409594 0.25986012658635815
0.02728043557376479 0.0020977395182508185 0.2599474954471148
0.02729317203921435 0.002078778922953106 0.26004237968908267
0.027292794889513902 0.0020639241501709815 0.2601489542098824
0.027280403034491835 0.0020521356385169165 0.2602783114938756
0.02724937347718895 0.002028684911582146 0.260365100745398
0.02735556686299416 0.0021724349421708977 0.2599071743865618
0.027371761404662714 0.002153625367993628 0.25999828748792164
0.02737503876763922 0.002137054877822231 0.2601013800048538
0.02736261366359026 0.0021240835049176066 0.2602182146280369
0.027354641416894573 0.0021226632490777275 0.26032981854802173
0.027426003198106758 0.002247967619172231 0.2598717492542272
0.02744453550132693 0.002229467790508033 0.2599598886493734
0.02745206050708312 0.0022115371379565762 0.26005899599515286
0.027442039782943656 0.0021960370997531897 0.2601748671822678
0.027424366195629664 0.0021864916734332107 0.2602913796045575
0.02749047818030656 0.002324075072257903 0.2598417599018643
0.027510434038074058 0.002304558398242673 0.2599288547310802
0.027520086760390562 0.0022867126744529065 0.26002526120489966
0.027515543070570532 0.002269950156188194 0.26013832261637254
0.02749905071154586 0.0022590628448268535 0.26027386172897526
0.027569851033598332 0.0023805673861705956 0.25990353986001513
0.027579729452433553 0.0023625141716905884 0.2599995092884195
0.02757883940389909 0.0023453086544603097 0.2601078225257935
0.02757271442430502 0.002339126294055527 0.26024289017234437
0.027605819023146502 0.00247377011106803 0.2597960692263539
0.02762357687628822 0.0024558042663430646 0.25988449443302664
0.02763308139168167 0.002438008806891878 0.2599804085571693
0.027633450103425446 0.002420916194742828 0.26008434323599006
0.027657196477324633 0.00254947361659702 0.2597793264352842
0.027674241418361827 0.0025310630334578477 0.25986885330618625
0.02768309016964316 0.002513116657058223 0.2599652374276736
0.027704824167992706 0.0026259841571837916 0.2597663313992804
0.02772084232361531 0.002607085188667646 0.2598567647973116
0.027749378487972265 0.0027026744476323916 0.25975523812104195
0.027764229959140067 0.002683993465192769 0.2598461654112207
0.027790295806560075 0.0027800501407034828 0.25974672426989526
0.02780342723580783 0.002761642207730841 0.25983893915464595
0.027827434321833322 0.0028587095524553185 0.2597410798632695
0.027838990087258014 0.0028390185914935473 0.2598324817764981
0.027864602856704203 0.002944085494178794 0.25974649599568855
0.027867533697109273 0.0029120960353120062 0.25982528024599233
0.02788393985727132 0.003052679251373369 0.2596456414885635
0.027885310000003105 0.003019107352308925 0.25971933152589627
0.02789375395201201 0.0031404731813478026 0.25952979513858193
0.027907643275468734 0.003115285998603501 0.2596524061442842
0.027908432462164345 0.0030967098446084695 0.2597231081689165
0.02790591456471845 0.00322866121333254 0.25945278143127426
0.027923704834616044 0.0032027533877858616 0.2595791095717356
0.0279266827657408 0.0031917375920063606 0.25965278860518176
0.025439072595768504 0.009149178118531776 0.25844643959811
0.02793551835178147 0.0033058060537149436 0.2594813906674382
0.02794122333301629 0.0032892267959447885 0.2595728176328308
0.024519966497438303 0.01151571202667756 0.2591185514402229
0.0279358582928697 0.0034713175357552473 0.25942671335630363
0.024579810335431412 0.011398818374660946 0.2590934730177749
0.024553044744972732 0.011434845287427109 0.2590494667224986
0.027920124152349908 0.003633471945044764 0.2594680928750304
0.024614055189601913 0.011325710133003375 0.2590371864735163
0.024592942200774723 0.011346783647677772 0.2589864457829214
0.027900180061959448 0.003751762668656955 0.2594532801451736
0.02791965581556717 0.0037197921282193236 0.2595375029696664
0.02536160670839531 0.009385799236648062 0.25844018953771886
0.02466585878963662 0.011211835495237965 0.2589919511731721
0.027878864752699337 0.003841919261019844 0.259411749576376
0.027899299194047905 0.0038139531029962592 0.25948909577093127
0.027873206621615507 0.003923400353550377 0.2594505414519774
0.02469981254679046 0.011125642571326477 0.2589698373936955
0.024683923138075096 0.01114801629882356 0.2588979992658763
0.027826704158083415 0.00405876145866596 0.25932310889841537
0.027841187143899986 0.004052775677813536 0.2594058601458345
0.02785614945066947 0.004003048699487588 0.2594597287480319
0.024740922786741865 0.011032387637342156 0.25892346685500217
0.024722123467424417 0.01106538626907283 0.2588476407539742
0.02779742595623748 0.004157981887398021 0.25929803460841766
0.027811848635039313 0.004139286667932562 0.2593470186079003
0.027788121577349265 0.0042415976793697685 0.2593260944741772
0.027801130073726844 0.004195037721603401 0.25936278089066594
0.024790800247309903 0.010914951889565816 0.2589507159535466
0.024767946015160275 0.010944967982288778 0.2588807877964817
0.027738271878716067 0.004374832995081734 0.25918063455429086
0.027768091077875354 0.004322214531195856 0.2592703170666319
0.027732944974978857 0.00443700975763317 0.2591929251236507
0.024813862260202803 0.010836704592570245 0.25890009055503727
0.02769679731012188 0.004544944450238009 0.25915870797944346
0.027637536356763658 0.004694153094529141 0.25907254920928124
0.027667406199102733 0.00464560766883243 0.2591637851356621
0.024858723536583402 0.01074654435733885 0.258794951466376
0.024851179369987868 0.01076288505620715 0.2587459658591952
0.02762936754893424 0.004747414607292111 0.2591330249849013
0.024883954273006006 0.010676761815244684 0.2587656307542693
0.02486553687139921 0.010711742339571395 0.2586910602967416
0.027567759726857183 0.004860720979322719 0.25906146745967734
0.027518298145699373 0.004961991275330313 0.25903261405024447
0.027539072287844087 0.004939604421521804 0.25911042636478854
0.024922820538436814 0.010573312956449699 0.25871708306714125
0.027478246205779898 0.005065149170406791 0.2590349488504672
0.027431837885137728 0.005155670056872841 0.25900236084671474
0.02744555265631718 0.005147421710830435 0.2590677472576811
0.024949510966136353 0.010495251324162236 0.25866611193085975
0.027382958860776456 0.005263372643214914 0.2589463654998302
0.027400136827265928 0.005239759526259713 0.2590388719254175
0.02730246564238418 0.00540966650580621 0.25887477373241957
0.02733405353358754 0.0053671629078284044 0.2589213571703376
0.025001310313630426 0.01039043080419122 0.2586761370090238
0.024985352503827142 0.010414104980701444 0.2586342599117887
0.02725544011406364 0.005495382171598284 0.25884033245886595
0.02727248187233764 0.005495841526398981 0.25893144530959566
0.025027728436758392 0.010316944630094471 0.25863066387534006
0.02722175047668654 0.005591386566466017 0.2588943804986035
0.027143621155624666 0.005719785745590289 0.2587978446498704
0.027170447111394082 0.005679978627189108 0.2588507428853953
0.025057709266368258 0.010224991005907846 0.2585612506996826
0.02709218015571757 0.005826808770445446 0.2587830644103797
0.02703829647098642 0.0059270178540410945 0.25875219139004285
0.02511140323457932 0.010115568740279912 0.258581026775193
0.02509139530676597 0.010139572298254074 0.2585100262947074
0.02514076406520599 0.01002250682156236 0.2585478341584006
0.025735260115902783 0.007634057906051983 0.25833878266497634
0.025165850628178707 0.009946872737588153 0.25849660451269035
0.026858890578995598 0.006310131270162445 0.25868697562195864
0.02678910150151377 0.0064533936177090245 0.258623674293855
0.02680807192882316 0.006432838897314053 0.2587059212898925
0.025210453706807037 0.009837376686405941 0.25850831604343455
0.02676193042710988 0.006516203340589888 0.25867875106506905
0.026712273001417354 0.006602796590381987 0.2587277658767492
0.02523239685378937 0.009764340186965148 0.25845037397711
0.025259060758413512 0.009670808354497351 0.25840634796882633
0.025397287274676418 0.009265610891901532 0.2583834898060003
0.02540574195628443 0.009259406641328682 0.25844766006261294
0.02572216676683982 0.007590141952593166 0.2583436067132885
0.025693750830327808 0.007585094236500944 0.2582608706346142
0.025293407308630236 0.00957735197692322 0.25845289330348975
0.025666020110512236 0.007467255835706288 0.2584192629705294
0.025321685024283128 0.009483917406138853 0.2583892207114285
0.02566791487324102 0.007478013796860694 0.2583752294793437
0.019573255952541266 0.023374118977344205 0.2682427890339063
0.019618971521180778 0.02332587352615567 0.268177419458234
0.019715333402888516 0.023184961061814446 0.26814437796239887
0.019748090793099735 0.023122542349888253 0.26807685987750285
0.019763892494219656 0.023079103647800914 0.2679962557032767
0.019905669901881834 0.022442419533811486 0.26769302061201883
0.02128216998894511 0.019752242821333366 0.26306636276535944
0.021348770518540616 0.019596792074952962 0.2630196126818581
0.02160669482821531 0.018967268793671943 0.26239582931384964
0.019433200204945253 0.0207243819257672 0.26554035129216913
0.019404626866066976 0.02067373373363013 0.26550953166954666
0.021707631540343927 0.018614336273672927 0.2621380658884538
0.021712254285039242 0.018574261194640895 0.26206510743677025
0.019378457715225242 0.020612773490515657 0.2655050062741333
0.021736899433072596 0.018479103973751188 0.26208245405865915
0.02174704876062193 0.01841754806618956 0.2620037239011936
0.021753093195861453 0.01839507331708473 0.2619139565922481
0.01936187184497913 0.020547969145886025 0.26554913973111666
0.01932942789268355 0.020508999700708186 0.265480805665659
0.021873921702736984 0.01803597665157186 0.26157151343544127
0.02186675129336786 0.01799964544852012 0.26148668254888285
0.02188894957433378 0.017905154038840743 0.26150858773819874
0.021886527600125036 0.017876125525448205 0.26144076003920236
0.02189534589570609 0.017839474505912556 0.2613546333010193
0.021913140333879158 0.01778555487297051 0.26138881044621165
0.021946478986216558 0.01762221060295549 0.2613382258476309
0.021948837782235206 0.01757730340852104 0.2612583112621701
0.0219833040828515 0.017527788420434787 0.26136058718493127
0.021987017193014866 0.017509200905144406 0.261279577691733
0.02196859884263362 0.017468077284638783 0.2612131246684327
0.021999722165186114 0.017395236786227453 0.26131010051895487
0.021991526326906333 0.017317967511859877 0.2613292113084099
0.021971537321385556 0.017299334804389332 0.2612895739274343
0.021912750390635755 0.017253879484356804 0.2611283910218464
0.02186097256092949 0.017157365651430334 0.26109037013541864
0.022596212805263624 0.01601980658478852 0.261208394893891
0.022634505072584313 0.015970885632147158 0.2611345121228541
0.022652569255760494 0.015937618162703227 0.26105778534484947
0.022696167359595246 0.015881886075062523 0.2609552397766896
0.022737873598613942 0.015820028164885036 0.2608787937017387
0.022756726509974165 0.015778171754374293 0.26078422470136126
0.022812871212357963 0.015676472804455388 0.2608044977642683
0.02290382617119409 0.015489289886783109 0.26064571776743367
0.02292171433930966 0.01545362032633879 0.2605556495510686
0.0229749082686745 0.015346267753967302 0.2605759489151956
0.02299313943896418 0.015304867250443777 0.2605108655890831
0.02303401570304983 0.015216641617202986 0.26052837641926463
0.02304023458600364 0.015195155590831788 0.2604726159228036
0.02305383972556227 0.015143379226668585 0.26038250845923017
0.023089113955651247 0.01508114094779145 0.26048839387245615
0.02310129566024942 0.015048404758926326 0.2604043822892567
0.023153074257871928 0.014912389955326677 0.26034172897146757
0.023167865130282253 0.014868213999808533 0.26025563917214495
0.023204487828813514 0.014785422463167275 0.260282047843313
0.023213864312561644 0.014742371291311618 0.2602203626226003
0.023218741329647852 0.01471713298064492 0.26011931371969166
0.02324645778057083 0.014657572413220965 0.2602306087202818
0.02325618536286672 0.01462219962617739 0.2601657639843394
0.0232589710142469 0.014600508167177617 0.26008224334525626
0.02329120492522728 0.014485484595916531 0.26009612520166153
0.02328822010781842 0.014465787866611846 0.26002723905414454
0.02331162126926066 0.014419426532711443 0.2601078451070322
0.023322093573465624 0.014361860372108015 0.2600326339416508
0.023321187097974927 0.014327790382467231 0.2599608478489304
0.023351583602360435 0.014252410241903213 0.25999096545723
0.023381734731505163 0.014167786485470957 0.2600196321497249
0.023376897433464147 0.014128444127043227 0.25992606958893794
0.02341518902222374 0.014020301278104774 0.25994878899592255
0.023420275944355085 0.01397466596106528 0.2598891073357418
0.02345293331979191 0.013858275726184588 0.259832853562055
0.023479980521630445 0.013783966427251604 0.2598489529118803
0.02349396230244817 0.013708953788817035 0.25977471775120664
0.023527599943026542 0.013634410172642664 0.25980233548688453
0.02352296514216483 0.013609291465406681 0.25971549036918773
0.02355951112534302 0.013517746480538495 0.2597456227829481
0.0235638257837623 0.013481349544994747 0.25966536208206814
0.023591906395963577 0.013407572443610571 0.2597089888024325
0.023601089761587424 0.0133461322306751 0.25962081267056974
0.02362636121048793 0.013275308582855194 0.2596641089161338
0.02362520230735958 0.013223391210112734 0.2595655171281843
0.023654394855702934 0.013146349550386294 0.25960518550838574
0.023651877188473225 0.013120043907800638 0.2595366854126203
0.023676617323380292 0.013022702381110751 0.2595589840629487
0.023691419791917287 0.012954380901514295 0.25956799785521184
0.02372071830225113 0.012837484363248775 0.2596134467136547
0.02370520557334453 0.012849079826239895 0.2595305010556617
0.023738286714851994 0.012752376560032141 0.2596327390025372
0.023730802573864174 0.012730571847225647 0.2595499437862919
0.023743885560227454 0.012657687953538055 0.25958167255728526
0.023727068895036743 0.012615546722754778 0.2595057000185629
0.02370303080875452 0.012518615986206016 0.25946442722098356
0.023675647822604298 0.012490809573603101 0.2594021435956263
0.023697065342599938 0.012460152124947499 0.2595137734015885
0.02365039480267042 0.01240291472096744 0.25942947152208207
0.02361241120637289 0.012363111482760036 0.2593739968202756
0.023606293218987606 0.01230155376662706 0.2594209954704142
0.023569627259144396 0.012291434532502088 0.25932837412897763
0.026658442217594377 0.006698931292078103 0.2587732726437493
0.026672991476850497 0.006668251489461707 0.2587383062332026
0.0267380970370951 0.006560880671440228 0.2587289098263027
0.02678977953719308 0.006464660378622755 0.258667000871912
0.02683157761128041 0.006380076368394216 0.2587058496365803
0.02688000561333037 0.006261742129827164 0.25871250840525106
0.026926426400301004 0.006159452310359859 0.25872565554069465
0.027011130292799904 0.00599203079817362 0.25877240395192774
0.027011719893805464 0.005973509521897291 0.25871878953133265
0.02706284372168638 0.005868797679324966 0.25873394425494994
0.027102497385830586 0.0057958246152245985 0.25875969243810415
0.027143294740354984 0.0057295908357756775 0.25884509343355344
0.027247694047891846 0.005543866070425674 0.25891257914331134
0.027234627098881976 0.005535150049593929 0.2588271043381086
0.02728760287006335 0.005470314515862107 0.25894583826137174
0.027330070451681517 0.005388727576685182 0.2589630101968258
0.02737336877104054 0.005291537810312552 0.25896520276452595
0.027409556618783866 0.005210788349883255 0.25899364107347855
0.027451999719965453 0.005119615009223033 0.25903263971980056
0.027501226856179457 0.00501941913099796 0.2590509369148553
0.02753595171854971 0.004936168850513345 0.259074629049259
0.02757446061208066 0.004859433328595064 0.25910396359706445
0.02761321637500505 0.004784794201075526 0.2591278184746219
0.027649400679009103 0.004695117417531314 0.2591392700743746
0.02767878266737417 0.004612357859868632 0.2591674773265482
0.02770706348885138 0.00452296022596943 0.25918871644587554
0.027739005491777553 0.004439186859866495 0.2592296277374813
0.02775607896852659 0.004376809577375684 0.25925439273739564
0.027777374880103678 0.004277295923253044 0.25929036719073767
0.027797307434179283 0.0041855447960890135 0.25932124067049234
0.027820620561440308 0.004101469453100692 0.25933782165353625
0.02783968650136591 0.0040375704987646865 0.25936761868140024
0.0278649280862275 0.003969556975400912 0.2594778951173841
0.027860849479837912 0.003960010239387746 0.25941429035811714
0.02788465204842234 0.0038930498465181707 0.25949918362943786
0.02788201520504975 0.0038725122690389524 0.2594461201045991
0.027895867983508828 0.003797068721842045 0.25945270811001064
0.027914276821830106 0.003710954065110017 0.2594992666588238
0.027922194282596347 0.003158853321561128 0.2597118830243459
0.027913408385539747 0.003093109402243055 0.259788210800978
0.02789988878796889 0.003021361012825352 0.25980677385292233
0.027296139721193297 0.0020716675624762315 0.260396165888949
0.0280931454317977 0.0012806768971920235 0.2614296450144746
0.02822773089345331 0.0011621009323002918 0.2613925064918743
0.028305102983333198 0.0010819535112703282 0.26150205335677634
0.028319441298849182 0.001050972731013955 0.26143504048440935
0.028743441885073343 0.0006756441276802305 0.2615449088083302
0.028839872073973663 0.0005978121326859487 0.26158749562347117
0.028966658788942744 0.0004932155371710212 0.2615900489965417
0.029161195394771085 0.00031091916224423866 0.26169435173898575
0.0292538388477043 0.00023925619204956394 0.2618072219402413
0.02931453487485821 0.00016083245426301573 0.26180701641816234
0.029364751072511006 8.911456674204343e-05 0.26189246272120015
0.0294150114374392 1.1439168867588556e-05 0.26192434547488175
0.029464084279049528 -8.70530834840566e-05 0.26192638369542826
0.029502584614906097 -0.0001389642337235597 0.26202994952772707
0.02950613084741585 -0.0001554451805123036 0.26196863968734285
0.02953836865356088 -0.00020841369264917864 0.26208756493393487
0.02957596812248784 -0.0002826432473743701 0.26210742033223644
0.029609169105591214 -0.0003663412677260558 0.2621314176239625
0.029643063618179553 -0.000449191245676106 0.2621475886495968
0.029676974706989476 -0.0005191221114048683 0.2622475464955828
0.029673612125147734 -0.0005245820932821554 0.26219951481081893
0.029696961998907298 -0.0006186641684235994 0.2622006191352664
0.02972284946538288 -0.0007065122910410726 0.2622307667542779
0.029747949996513923 -0.0007967318037884197 0.2622662900910662
0.029761869698839427 -0.0008592905889227564 0.26226435595309794
0.021887602187183636 0.017864455389462797 0.2613648973857506
0.021772625719284608 0.01831969635300057 0.26172487587822846
0.021801022169795944 0.01824763677775737 0.26167622594797024
0.021825062893511923 0.01817958607960002 0.26163964072030244
0.021851932126744494 0.01810143330606645 0.26160938863616756
0.021878134066491764 0.018020152628419328 0.261583508191915
0.021884435305507766 0.017954856422266074 0.26152268321473576
0.02189289640719118 0.01787584472738485 0.2614905591671967
0.021911135088363856 0.017808271423904676 0.26144877641159264
0.02174369801105537 0.018439520075113514 0.2618619563922179
0.02177668683689661 0.0183425105076791 0.2618356864570106
0.022920941548315546 0.015442716652170119 0.26048963786359053
0.02296324397243693 0.015360659649581054 0.26045477026058217
0.02299858918072431 0.015280678240170043 0.26041746381342157
0.021659474416268212 0.018745239478709985 0.2621406420700805
0.021681302311447867 0.018678100218613936 0.2620972347994248
0.02170470787658628 0.018595079442252027 0.2620582930632947
0.021721600641747676 0.0185203779284987 0.2620442009510272
0.02175345504230576 0.0183931531775538 0.2619523800099947
0.022842702022113026 0.01561914469806519 0.2606670318633798
0.022876965245266265 0.01554197449561423 0.2606160458320298
0.022916047569383577 0.015466905528085273 0.2606096228299496
0.02295843740972578 0.015384178342427945 0.2605829367251572
0.02299042216638625 0.015312407299321984 0.26054377413953206
0.023023205369050004 0.01523996898180946 0.2604918180544307
0.023056778161722996 0.01515140545767607 0.26045698933804307
0.02308222474041874 0.015095712242521098 0.2604356696495279
0.023115742223324867 0.015004090897637434 0.26038731416068384
0.0216056102023051 0.018934104969229593 0.26230768787560976
0.02163266851368212 0.018856934790922042 0.2623019650384278
0.021723480033183112 0.018568236442223995 0.2621581281868044
0.022784618101963944 0.015726306853631244 0.2608154700108843
0.02282983742799094 0.015651295469635895 0.26077251087885445
0.02286408829094995 0.015580999684345509 0.2607390178414142
0.021515971856124014 0.01918420722535369 0.2625399629299647
0.02154480290106578 0.01911158527567569 0.26250026075152894
0.02145493883119272 0.019362866810941626 0.26272738546128166
0.024503111762564034 0.011542245926948191 0.2590811599204791
0.024536223501197954 0.01147320534611368 0.25906067596669397
0.024572407957282896 0.01139102566831468 0.25902395695397995
0.024624402770890425 0.011296923291795602 0.2590026493639853
0.024651496710016332 0.011228943072437936 0.25894605769464496
0.024681547038176176 0.011160449172295972 0.2589278625628559
0.02472801515261342 0.011063268846173202 0.2588877877908001
0.024747427622025087 0.010997329880040319 0.25887426642338923
0.024836252038704945 0.010790703693222159 0.25875816698272536
0.02486448553468086 0.010727406127890693 0.25873500842214636
0.024897944002061835 0.010631663455949236 0.25869679814303154
0.022580115744121734 0.016040656440241996 0.26125781607002196
0.02263347086462847 0.015972698579749034 0.2612105621441223
0.024323444593047958 0.011788775982685351 0.2592787637641065
0.024398640895538004 0.011701777638607691 0.2592905057707313
0.02445231098940634 0.011635926658214835 0.25924434379172845
0.02449480992308685 0.01157168549209786 0.2591950079699358
0.02453626768563609 0.01149274057818267 0.25916574352237004
0.02473233384594889 0.01105761266274169 0.25898742416255693
0.0247671820636486 0.010970831016930915 0.2589388225887807
0.02479238922290751 0.010889918007355559 0.2588817224915517
0.024835375057736586 0.010791694910530614 0.2588603218127268
0.0249494267878302 0.010517462265196564 0.2587372448993932
0.024980788981487978 0.010433425742309876 0.25868888753149455
0.02504553518300267 0.010268518951060346 0.2586342591497759
0.02507114097302956 0.010196221851581033 0.2586034381257179
0.02508794148036242 0.01016255907040553 0.2585652508579852
0.025117914720414282 0.010083786348666857 0.2585211464308756
0.02514182558826719 0.010001176427400615 0.2584815603600057
0.02517110773460301 0.009917037880627866 0.2584585724598638
0.025202391872838487 0.009830993335585292 0.2584287038548868
0.02132695666807663 0.019648212935565013 0.2630625236457467
0.022498683909748407 0.01615825213240496 0.2613860453230624
0.022559869781494005 0.016073595167118537 0.2613506743317386
0.022616988650576167 0.0159953569494386 0.26134746055062485
0.025231144628959354 0.009783995146253333 0.2585138496599213
0.0252505619669081 0.00971982211941208 0.25847672178207975
0.0252655221448254 0.009657247412787395 0.258435359556952
0.025282848674386633 0.009598276733506939 0.2584109918476103
0.021277169989181027 0.019745072541224762 0.26320800178429676
0.025310495953624917 0.009534993950819692 0.2584747867805288
0.025327641405031603 0.009481682542826664 0.2584347948029099
0.025344971832804035 0.009434427028688297 0.2584363127148761
0.02538870303497502 0.009308093097468384 0.25845687074929574
0.02541802282632588 0.009213478631478589 0.25842530491237325
0.025434567026272198 0.009173931879534747 0.2585121516104039
0.025459946691936665 0.009094043349885672 0.2584737293525152
0.025480706931865327 0.009031141154243194 0.2584381374767364
0.025505902383197603 0.008983770380522671 0.25851127431580734
0.02552705669989115 0.008912682205913014 0.2584765643991278
0.025551915997244025 0.008842043364709562 0.25844303003244895
0.025575551351958437 0.008758014915336232 0.25840010574790706
0.025611155908882445 0.008645899742987018 0.2584490962608188
0.02562728418594333 0.008573762512289196 0.2584118667197755
0.025644631223306832 0.008495486055540125 0.2583624407396282
0.02568694088572633 0.008376921868562426 0.25842448579851507
0.025697484364157905 0.00832001565789775 0.25836694403324545
0.025735566171810678 0.008188081519046764 0.2584159744914478
0.025742479175584268 0.008123616273372103 0.25837077296294564
0.025758987567013718 0.008093888831572027 0.25844905007720287
0.02576469554646557 0.008021556214454884 0.2584032972021941
0.02577059110776253 0.00795033208249879 0.2583764737929385
0.025768120912478903 0.007871321772756734 0.25833083915160415
0.02575226542028057 0.007795044087819503 0.2582804464026439
0.026782188081118367 0.006487164110787591 0.25871531580473117
0.027106871089022426 0.005800948350255464 0.258804620726072
0.027330036017992484 0.005388372978385958 0.2589386626225243
0.027391170161694275 0.005259203353536579 0.2589866790466949
0.027436428667504148 0.0051591456159312266 0.2590394182711597
0.02749346227096909 0.005050250501768938 0.25908807593332495
0.01934650238166749 0.023620055345221103 0.2681047974289026
0.019406795767660398 0.023559126381478612 0.2681817345134767
0.0195531894234834 0.02339394856428345 0.26814106848291785
0.01960981169229699 0.023329783198989484 0.2681245488379127
0.019728753290440354 0.023148065703320952 0.26804705985031413
0.019456862576104586 0.02349755486769023 0.2682791100236527
0.019533195722613347 0.0234212693101038 0.2682356918091822
0.01960262830360096 0.02334261183489278 0.2682126783785203
0.027807851631998268 0.0015312350802629826 0.2614236195358884
0.02790763862118107 0.0014401114470792287 0.2614219366023729
0.027996634757910983 0.0013616836345635708 0.26139382981900733
0.028159699488810253 0.0012300174693061217 0.26145711282038336
0.028226711917076736 0.0011664472808418647 0.26144991241092014
0.028278715275262552 0.0010987689254383648 0.26144227157017585
0.028348248923793583 0.0010372834030075162 0.2615076937778227
0.02841184883003059 0.0009719546549074587 0.2614920903295397
0.02849742097674486 0.0008859164793296181 0.26148071520976246
0.028632533227371124 0.0007690243878657466 0.2615422952753999
0.028728188850599364 0.0006823388253243134 0.26151350533459256
0.028779063683605492 0.0006470604639923216 0.26159435895534217
0.028894483436938123 0.0005519747767510075 0.26158788464283084
0.028938259267544182 0.0005081407122927706 0.26154533486083587
0.029020440041187645 0.0004491265278114276 0.26165261091675407
0.029087735479867566 0.00037457948722230405 0.2616337883034321
0.02908574396284358 0.0003944778140879679 0.2616992268207433
0.029146443650694714 0.000332181764237216 0.2617120876320615
0.02926830177357366 0.00021322256794503724 0.2617644379807321
0.02931623989576356 0.00016455256447628352 0.261882671780059
0.029355561678358996 9.697644946021766e-05 0.2618324236935994
0.029394067506829116 4.486331475528349e-05 0.26189540827318086
0.029430744039132407 -2.3958557751724285e-05 0.26188221642559095
0.029416411190530872 8.447963738611453e-06 0.2619880843122037
0.02945732240941651 -6.379663464423091e-05 0.2619798199565852
0.029496610837840116 -0.0001426965831795579 0.2619419325125817
0.029479853572290923 -9.687203255737131e-05 0.2620451832830949
0.029526341930718084 -0.0001896410998366571 0.26200744024550016
0.02954848006309657 -0.00022696713854347683 0.2621143886387992
0.029579319530095807 -0.0003014418332707991 0.26205974710038316
0.02960170343126519 -0.0003430794348209254 0.262164386073073
0.029625669809949413 -0.00041346903098687937 0.2621208345674233
0.029648252288151204 -0.00044458115723555736 0.2622074142727736
0.02968752890349479 -0.0005639592825783524 0.2622260950430145
0.02672775930570745 0.006577086837844193 0.25872799912314437
0.026630099252699546 0.006743206752123643 0.258793480030486
0.026524738563779196 0.006889457923490161 0.2587998990494257
0.026581484740383486 0.00682478930784064 0.2588307854281511
0.02638058370466595 0.007024743051869176 0.25882280180763306
0.029288372283956754 0.00020225210903607183 0.2618449394828566
0.029342828139447975 0.00012225336799004394 0.2618774395172222
0.029387223174328445 6.0021148827305026e-05 0.2619412768438896
0.028054949808377125 0.0013105074156350982 0.26138844821094653
0.027909789185803342 0.0014345933128204202 0.26139503215913196
0.02798961457875597 0.0013725710170414684 0.26143926477567525
0.02803557076186361 0.0013326704221429675 0.26146684395189435
0.0245079316707522 0.011533273435755165 0.2590440961404931
0.027833333574813025 0.0015137793346831074 0.2614308144185584
0.024497472371985254 0.011558883192397673 0.2591446039712031
0.027647008937351468 0.001634863435152234 0.26143722005579395
0.02438139061008593 0.011719360183912397 0.2591895141064593
0.02443990864717535 0.01164871170101972 0.259210874174347
0.027418372802097246 0.0017288802278040971 0.26141276152445064
0.024246279532031845 0.011852793023090558 0.2591992996527345
0.024370931500396723 0.011735665397638595 0.25926920865100184
0.02407676960658768 0.011953488264490164 0.25917428800673914
0.02416144563100213 0.011919408665683862 0.25925314910953745
0.024239208608534055 0.011861261414551794 0.25926844465173626
0.022891638804210288 0.015518039242449877 0.2606455295262331
0.022848847460472027 0.015612823834606826 0.26071789711352683
0.022876748433847544 0.01555254458455313 0.2607154226241527
0.022754375269032928 0.01577433348725993 0.2607359192816695
0.022797295243052476 0.015706262621064115 0.2607739374353006
0.022752608052597448 0.015792073974714438 0.26085592754076425
0.022690487937672324 0.01588623084731111 0.2610055422708696
0.022627368019394953 0.015976378051378026 0.26107428832686974
0.02267859721891842 0.015896141421651633 0.2610946724914671
0.022609730962241836 0.01600434058029787 0.2611587798050873
0.022660178388055563 0.015928619196228233 0.26116207189004154
0.022608013261536233 0.016005822853715157 0.2612376076838473
0.022599840909408073 0.016021397115434377 0.26130220695267126
0.022528970726894484 0.016112309372837808 0.26135501656623084
0.02233351251754799 0.01631682075035823 0.26133733317674396
0.02240887316408295 0.01626829403563579 0.26136953847307975
0.02246654216491084 0.01620476455331299 0.2614204191552618
0.02229954969371266 0.0163358988478417 0.26140570932312224
0.022381128097561737 0.0162921853421783 0.26145615169467684
0.021816288516377555 0.018220499863459916 0.26170227248218225
0.02177969529619911 0.018318986680862348 0.2617649386008981
0.021760155965050834 0.01840739395136015 0.2618525998692063
0.021718819490861477 0.018516744589086864 0.2620083062558137
0.021739781789672855 0.018451112411686788 0.2620380019881379
0.021667768780758545 0.018705507937111454 0.2620675067282825
0.021698642694613732 0.01863072792714371 0.26208981628794836
0.021726787959093496 0.018537430605599037 0.26210207637277483
0.021643373621363177 0.018783129056173964 0.26214350029033595
0.02167922195551035 0.018702649878312716 0.2621871564499203
0.021641989615542964 0.018805775874347175 0.2622467530169562
0.02158452891479433 0.019014367991227632 0.26237453378211595
0.02155153411588584 0.019095503501542987 0.2624397467433342
0.021492081826859258 0.019273397305993478 0.2626002106553756
0.021512967804698926 0.019208817446013493 0.2626078389523445
0.021452513206279875 0.019361836528455856 0.26267204594681165
0.021481586832582555 0.019307709333646284 0.2626871535421087
0.02139437981928191 0.019465384713162392 0.2627209072593209
0.021434439422269247 0.019402571285051906 0.262751931985871
0.021393491989376665 0.01949454877048251 0.2628304909497985
0.021355159893476847 0.019563880905903663 0.26287320391764046
0.021313648755015957 0.019650995896876744 0.26294920501455
0.02135897053489741 0.019573774728862514 0.262989353568433
0.021266926495900618 0.01975209160960323 0.2630119857430539
0.021315429462675492 0.019676934610063257 0.2630568028897077
0.021267878741452945 0.019774104274406845 0.26311266382814025
0.02120916045039907 0.019841530682632225 0.26317993471834944
0.021257880972592333 0.019777341166527018 0.26323183774368897
0.021187208756313358 0.019868666055341266 0.26325626143565545
0.02123429849778624 0.01980802627931144 0.2632872767014301
0.01811678390563981 0.02415115934055545 0.26880763831392285
0.018165457524016562 0.024148339744219205 0.26870947049816524
0.02118918544003072 0.01987491914366507 0.2633587793238892
0.018326071773196034 0.024108554330151022 0.2687172147274965
0.01821073651196685 0.02414249134915436 0.2686520206276226
0.01838692301045218 0.024093566498197383 0.26867854906161925
0.01823797812355092 0.02413883146242546 0.26858318711596274
0.021141633342263252 0.019951692160991574 0.2634185943220793
0.018415679564652274 0.02409236802519349 0.26858813311748886
0.018479397437258058 0.024076603463527912 0.2685056236186049
0.01850085440916112 0.024073888633494356 0.2684339474652857
0.02107474005765289 0.020074627436366344 0.26357694947464017
0.018674145905314757 0.024015180697957605 0.26841237313410604
0.018532246968203395 0.02406575209642009 0.2683559133483802
0.020965257048414496 0.02021633527746558 0.26359850446151323
0.021015464844950232 0.02016481164116596 0.26361642090562154
0.0187872392667313 0.023972963259932256 0.2684118098135161
0.018669308940752374 0.024016492665922817 0.26834558486407395
0.018833586103500652 0.023955803667816022 0.2683377881591177
0.020885673234178684 0.020289606156368822 0.26364731262698204
0.02095025651942782 0.02024200557576472 0.2636869117152617
0.021018687832226837 0.02017059093668977 0.2637161827735685
0.018931415278346048 0.023910946380723552 0.2682987756772206
0.019048881850369223 0.023851290781704004 0.26824303519495907
0.020883535688321617 0.020296739908762185 0.26373271285048583
0.01907903237669377 0.02382936715527334 0.26817411264881863
0.019519922129124068 0.02343188349338432 0.2682924885426198
0.019463699322553027 0.02349585054186143 0.26822313817830634
0.019395030269340516 0.02356786018255197 0.268217911498814
0.0193331785802391 0.02363432902299306 0.26814883612255214
0.019249107470119972 0.023705124337093875 0.2681130816564715
0.01952150359454445 0.02343320038096347 0.26819576035554776
0.019427660092600593 0.023539229225085556 0.26812710879506263
0.019365933155860784 0.0235981873907547 0.26807292992850323
0.020702004375565977 0.020408551997883273 0.2638550508164473
0.020749270373348352 0.020380949422003747 0.26385690199403206
0.017689810435877737 0.024196409668376828 0.26878465363747545
0.01764377682375355 0.024205221886640094 0.26870751707893104
0.0175962376959254 0.02421073968785059 0.26862923892556023
0.01754770520872813 0.024214903089449902 0.2685504801071742
0.017497123683720348 0.024217216676753472 0.2684708469140844
0.017781364299827032 0.024194139245482083 0.2687616568969275
0.01773530188937769 0.024203781260186186 0.268684481498671
0.017687475324187046 0.02421100037720475 0.26860625029510404
0.017640184993598693 0.02421605659637749 0.2685279468048848
0.01759187095634153 0.024219465236700044 0.26844931957311957
0.01791336753352439 0.02417904663448922 0.2688138543248991
0.017870168256367766 0.02418944806265544 0.2687373896719852
0.01782549432618065 0.024198916917487823 0.268660765942307
0.0177777974342464 0.02420711330106695 0.26858269946553215
0.018041965793744855 0.02415942356036266 0.2688444165602575
0.017997446867581215 0.0241706959283004 0.26878569937168106
0.017954519833283736 0.024182009478845246 0.2687111100098358
0.01791187417223071 0.024191412308781635 0.2686355007578719
0.01786614039352212 0.024199919566463113 0.26855820482879555
0.018089033358957785 0.02415899156500728 0.2687515905564388
0.018038826708233605 0.024170267212275665 0.2686839139326922
0.01816322920445511 0.024146472446896605 0.26875180848456803
0.01813085030152707 0.02415643327796796 0.26865486184259657
0.018245670823279284 0.02413055967841521 0.26870952600847087
0.01819140505322077 0.024147867901217257 0.2686175754031254
0.018329187691657006 0.024111595624206228 0.26865631627774106
0.018279355846451947 0.02412782043362649 0.26861296020939146
0.018392345206736757 0.024096004396556625 0.26862534344594724
0.0183549372375382 0.024109541081414665 0.26856496142707165
0.018424549046034133 0.02409186482731074 0.26854579042399984
0.01839175942667605 0.024102743236021962 0.2684766640347822
0.018448273328043593 0.024089499805480807 0.26842596445096023
0.01853600892196143 0.024063974535408428 0.2683981780343576
0.02786592057985924 0.0014790068077643048 0.26143121426077615
0.019232617480116468 0.020494572299822933 0.264193442150904
0.019351517913550706 0.020519365172514126 0.2641703988331553
0.019459509480173956 0.020541269801759687 0.2641727677265402
0.01956426673524654 0.020562234145399594 0.2641445776164765
0.019665503318536448 0.020576154191137896 0.26415051124356553
0.01976684835217854 0.020579477823839842 0.2641251266927177
0.019849497442686423 0.020580677485660115 0.26409113364269665
0.019955683077182346 0.020573542175960247 0.26407260819581435
0.019902853390953837 0.02057268762913589 0.2640124019452857
0.020052298039923186 0.020567043846081323 0.2640648032945742
0.026594982440597312 0.0067887273675211746 0.25877615884168137
0.02013442129635533 0.02056273539139908 0.26403200303586744
0.020107648246283208 0.020564023907070794 0.2639631540372023
0.02022101206088721 0.020550697213238767 0.26400859641577046
0.0201583618274504 0.02055538532504092 0.2639286988171955
0.020303379628233337 0.020534487927437284 0.2639850314713978
0.02025573306164105 0.02054067902078366 0.2639003472322789
0.020377672428782634 0.020519389686372347 0.26397250112809495
0.020339510213482057 0.02052591687216193 0.2638564612208689
0.020452550759548813 0.020504674247758814 0.263929903255518
0.020414877249478325 0.020512047412305834 0.2638603213722183
0.020522017685456737 0.020485681853515625 0.2638977338031475
0.020620074644271555 0.020449735238868616 0.26386229973305375
0.020575542069003666 0.02046261968477081 0.2638009972943274
0.020664695541342343 0.02042676053455955 0.263828462330575
0.02073255836987517 0.020389194538960542 0.26378343199548654
0.02654943955561359 0.006869022282343817 0.2588400880836681
0.020802941115749596 0.020349547799835277 0.26373008895789113
0.020892475945023845 0.020287402482464245 0.26377552399366405
0.020849469923259464 0.02031849461694113 0.26368980100803197
0.02093146133778749 0.02025763824335458 0.2637354754553476
0.020916290018844028 0.02026746749323799 0.26365058772874217
0.020990724466361868 0.02020091896784426 0.26366970174952864
0.02648152345079749 0.006936320483891201 0.25880503319420745
0.026382672266190912 0.007011891314467333 0.25876394521703766
0.026428406554677326 0.006986961517114976 0.2588395706999162
0.0262854407272458 0.007066942094275053 0.25873917537898955
0.026324263549522303 0.0070572484811020075 0.25883052883778634
0.021500776564452068 0.019251302011303928 0.26262439747804356
0.021478658293212424 0.019296815033294945 0.26257939747463677
0.02150846082443962 0.019200570516856807 0.26251574818251155
0.02154065499156836 0.01912208059510112 0.2624654956006309
0.0215685197122074 0.019056417495324773 0.26241501469660306
0.02159886980918657 0.01896883833959523 0.2623446896726425
0.026191694700010343 0.007109705763177598 0.2587220503505351
0.026235664165922087 0.007100823908057663 0.2588015545769452
0.021616579350472592 0.018894948129360933 0.2622820646306946
0.026102998392596943 0.007143428674135088 0.2587415679151317
0.02615924405385371 0.00712977173624485 0.25881814265141756
0.026030332574424185 0.007164584432101384 0.258755572306377
0.02608466768967444 0.007150770637600279 0.2588488840737605
0.025990522566180826 0.007174582014569331 0.2588038764727445
0.025999277803247192 0.007168127037273375 0.2588720372935437
0.02155410814048124 0.016505305483978716 0.2613142511772375
0.02159096474252216 0.016505829481550383 0.2612982804849374
0.021746239094483297 0.01647627249246031 0.26135168907805667
0.02169730107408825 0.016483377844335845 0.2612923072968899
0.02180795364032749 0.016474035580042512 0.26133844856998184
0.02178565828594632 0.016475872407341052 0.26127381270502675
0.021895125442864538 0.016467666308224993 0.26131511675438684
0.021874309472527373 0.016468737391596655 0.26122412087503327
0.022010903935481524 0.016441663815342733 0.2613405442672665
0.02197355045513874 0.016455533893266594 0.2612741421005498
0.021962715886707077 0.01645703406278709 0.26120684635834934
0.022129534322625946 0.016397853981618304 0.2613902562589284
0.022090254590431305 0.01641912186971828 0.26131518125193887
0.02205612914942945 0.01643291347464726 0.26124422244128154
0.022252171953521402 0.01635117586079804 0.2614247390869017
0.022206183155123446 0.016372093553039202 0.2613635034871805
0.02216329374669515 0.01639347456314022 0.26130264127516245
0.022123252291303325 0.016409039950920856 0.2611971701077595
0.022312259605959936 0.01633040357807941 0.26136814778107575
0.022242794674091557 0.016358349366442648 0.2613005877903025
0.022204258997560566 0.016375710956212708 0.26125061441103964
0.02589454109422662 0.007182336150876767 0.2588170629852339
0.02240530413200993 0.01627635201869254 0.26142364206186197
0.022366062803715003 0.01629480951915735 0.26132852427945386
0.025643658222737953 0.00720681596686823 0.25860121099056477
0.025749526981105768 0.007185932832140918 0.2587988336248596
0.025780170956182895 0.007186416941871887 0.2588704952626391
0.022445681042109228 0.01622798729212621 0.26137619152071656
0.02252764190492497 0.01612566143007904 0.26142461176361975
0.025629139818889188 0.007219212257772556 0.2587528934691887
0.0256574667608023 0.007186929165166112 0.25881448600033996
0.02569329876995631 0.007186743269733009 0.2588626336997956
0.025617153507959754 0.007201827641340142 0.25882215486941856
0.025609222819662686 0.00719372343703506 0.2589113380912471
0.023114672125938207 0.015014795784570545 0.2604348014872808
0.023096676444795503 0.015048975514518725 0.26036277890734316
0.023135680454652793 0.014952518328545827 0.2603638916917959
0.023177027826830607 0.014855358936901375 0.26030628950234735
0.02315740750074842 0.014884189665937408 0.2602396738918069
0.023204173166134462 0.014776265254469012 0.26024138437424976
0.023181541466412228 0.014817050112915786 0.2601918650942756
0.023230698964938915 0.014696825028104987 0.2602055443640235
0.027375726343114616 0.001740773122443584 0.2614293354948059
0.027434085410078947 0.0017237004919101184 0.2613900959804139
0.027578757077977523 0.001671382850332137 0.26144284110613336
0.027713861511094166 0.001591022577729806 0.2614409809073518
0.028018782754300975 0.0013446119294696635 0.26141289110021027
0.027926494957985507 0.0014183216435048052 0.26138093649478156
0.0193126227207409 0.02051414852329958 0.2642322571563403
0.019404070015664562 0.020532081652635925 0.2642249249177087
0.019403733880572885 0.020528273018583787 0.26415917749783646
0.019535265724238346 0.020558854662661663 0.26418267773927057
0.019614720128270494 0.02057171906341898 0.26417595472855737
0.019701630834380535 0.02057498411338249 0.26411215260937476
0.019820029520294727 0.020581624524166897 0.2641198793757362
0.019807065561716006 0.0205766300278325 0.2640665093871253
0.0198775589410745 0.020581166239559023 0.26412278017217217
0.019874209597106104 0.020577497745295992 0.26405824189790933
0.020074664190405697 0.020567426985990123 0.26398887380414787
0.021568302419101945 0.019049342879359 0.2623724543019545
0.02160719109541441 0.016508090491407668 0.26127064604073746
0.021667081570619307 0.016484722570094257 0.2613272591455209
0.021659715536592863 0.016484133054525008 0.2612332561704929
0.021727722413159317 0.01647938759358053 0.2613158687617857
0.02174104768108552 0.016476691680904876 0.2612597637077393
0.021840428971484596 0.016472748025672834 0.2612620256763571
0.021914482067843175 0.016465972385843297 0.26124921901697196
0.02200851916516515 0.016446933613745884 0.261196723359206
0.02206228943792339 0.01643103292441006 0.261192791063928
0.02363274269564003 0.0120472337864726 0.2592071366499764
0.023662224376777702 0.012037042953406796 0.2591170886072508
0.023676789114238594 0.012036689363172426 0.25905517393696464
0.023732662028330784 0.0120311191781452 0.259144392774155
0.023764334166319998 0.012030441825255866 0.2590601910801801
0.023825767453880237 0.012027193459123287 0.2591657851060386
0.023821645168190547 0.01202765107096715 0.25907170715829264
0.023904584802554765 0.012003078977024462 0.2591898192942093
0.023911415431864258 0.012008174607749056 0.2591126901320801
0.02398529437176246 0.011981969135686499 0.2592032006594982
0.02400404368835117 0.011975926566926476 0.25911304419888537
0.024064939264719462 0.011958226372112968 0.25920021144492617
0.02406588878663528 0.011952320588151821 0.2591364482751184
0.02413781075831066 0.01193404455428504 0.2592732639090073
0.024119823891083247 0.01193649720668416 0.25921186782767014
0.024194271675208975 0.011894486486048017 0.259281718552723
0.024204054134267308 0.011884568011558905 0.25920982478415727
0.024281184972942446 0.011825985919795612 0.25923760176113303
0.024346654142797963 0.011760474925353703 0.2592294968486935
0.024410701473724886 0.0116862938204505 0.2592339672039908
0.0244061548862559 0.011691505106368683 0.2591843077372048
0.02728783982488528 0.0017599402485474203 0.26142524168356857
0.027460487787818705 0.001712485546003728 0.26139662624365534
0.027521619297937082 0.0016915749855391238 0.2614122907842392
0.027332493936437136 0.0017490763380674235 0.2614160063454265
0.024168647516617 0.01190968268721232 0.25921910960474726
0.02410490356000243 0.011939017948889019 0.2591625930919613
0.024073884734890624 0.011954059129401728 0.25923391463693524
0.02402143814046777 0.011972944627572979 0.2591692667128211
0.02394358408951125 0.011989547515922294 0.25922245927854337
0.023957034742955782 0.011992509764745862 0.259091904943863
0.023908266099466294 0.012006240853263572 0.2591532098174076
0.023820870620644433 0.012022374808335234 0.2592100007099454
0.023857218035647706 0.012022666819589634 0.2590938043083143
0.023784490958543514 0.01203045435942146 0.25915829991653105
0.023703303740116824 0.012026556208065753 0.259211919876249
0.02358079283088023 0.013433898082048257 0.25967132562768597
0.02356375756573459 0.01349485480170537 0.2597089998545534
0.023538224943906505 0.013578839433917245 0.25973873348492066
0.023512375021922632 0.01366939035557524 0.2597869925184825
0.023499947009288757 0.01372383823026141 0.2598432972247168
0.02161905717174735 0.018919926933569697 0.26236368124323173
0.021592850196823818 0.019006849269505743 0.2624288506753358
0.02156297211305873 0.019069244774428062 0.262459350558549
0.02153532649684843 0.019133482656173373 0.26249149325528137
0.0215119031359121 0.01919608007393947 0.2625463023133965
0.02149679903999864 0.019253685307246138 0.2625870335689912
0.021476744608566675 0.019314640213525136 0.26263217031766084
0.021591176107640234 0.018968417165033724 0.26230553069450846
0.021561216080293794 0.01904831696772369 0.2623422011648012
0.021939792666520366 0.017672363241033884 0.2613612083915
0.021923219845972924 0.017776206398184946 0.2614352267488987
0.02189811872082302 0.017845570451851922 0.26146129582013444
0.02188001049447126 0.017932567840787617 0.26148331478597653
0.021897832596440583 0.017820580047347268 0.26130872494606094
0.01932015072353184 0.02046506928510966 0.2655185908177411
0.019351506176007435 0.020559454205638872 0.2654818445774335
0.023720358178968073 0.012530371994023404 0.2595151612275441
0.023664983319690983 0.012405580000584615 0.25947981470390147
0.023692818429808957 0.012509347047885644 0.2594384478157039
0.023628455817641697 0.012360586166630882 0.2594203757360422
0.023656558535794625 0.012450005049910118 0.2593884589153125
0.02358960205018279 0.012311539254490078 0.25936641731071575
0.025720918405688797 0.008254277229595264 0.2584228153285755
0.025771260549234273 0.007989415961343338 0.2584253409103343
0.025755829567650913 0.008075623155158917 0.25840344087741607
0.025735846990161626 0.008166134551327031 0.25838027127101937
0.02577572414195438 0.007877869575296126 0.258367643826354
0.025763906692407273 0.00797630992452747 0.25835271514156904
0.025746901322797666 0.008049696370239223 0.25831313033778985
0.02565131071149479 0.007402784615515856 0.2584846578170214
0.02575628312978462 0.007775494950327977 0.25830489797383427
0.025628725713042297 0.007410013124702963 0.25844493562045784
0.02569780471211526 0.007529683777368068 0.25835668630953823
0.02573582096048181 0.00766214688044714 0.2583132850401696
0.02566591085832428 0.007505507415530965 0.25829403730141615
0.023587866921093145 0.012269859204522282 0.2593793734236253
0.021772692587667994 0.01703194695851351 0.2610778193311425
0.021494511548070666 0.016662116884490652 0.2611212045366489
0.021894232302480235 0.017204400103036643 0.26111515908566
0.021519146916084128 0.01673069475281047 0.2610795773926255
0.021513276972254955 0.016680262161410497 0.26112970803479296
0.021513164527391257 0.0166693672700976 0.26115862679167207
0.02368248952640832 0.012466239814606483 0.25944509118033027
0.02192263941030262 0.0172343535707834 0.261240108616652
0.021605452578361148 0.016802262180115546 0.26107943418697
0.021652168293737645 0.01688670023210881 0.2610202102837514
0.0219523867095775 0.017293007604613275 0.2612605293683849
0.02171078552280782 0.016953529609764095 0.2610370539127647
0.023633462980689662 0.01238203751803263 0.25940568605799097
0.023626738051215568 0.012417583501100837 0.25934923344944816
0.021784933947813265 0.018312820172765587 0.26179672279991517
0.02181489428751722 0.01823024894458225 0.2617363382412837
0.021829114684993572 0.018163642665865898 0.2616749042984574
0.021855365348671954 0.0180923642562959 0.2616313600590495
0.021880267833608413 0.01800162171761016 0.26156139853378846
0.025773756033266294 0.007911303048431684 0.2583696586519759
0.02577591930260817 0.007838560714822085 0.25837842730448274
0.025728029945061 0.007616870566746425 0.25832505248663823
0.025694228196578378 0.0075450367532254314 0.2583132679232377
0.02568463215205346 0.00748513819339941 0.2584424485477921
0.025640562383446155 0.007444290311475088 0.25836633852127
0.025628620301342137 0.007376274602048594 0.2584756446448233
0.025636153982728428 0.007404183001299913 0.2584677566605431
0.02403060555079592 0.011966865584603359 0.2592324475550476
0.021714610644840135 0.018557719875627043 0.2620521236417253
0.021752492453817468 0.01840957202257204 0.26189068594016895
0.021576836156420226 0.01648305503678854 0.2613496255209249
0.02157127191010566 0.016511953549610436 0.26125055228528765
0.021699540717085075 0.016481366732706004 0.2613206182369884
0.023665479387014673 0.012034841101940308 0.25916767787645356
0.02370728566575031 0.012034252591688388 0.25909829799742545
0.023777521368083365 0.012024717344259195 0.25919823733339603
0.023797998035780435 0.012031102744891387 0.25911765715258966
0.023856877131097604 0.01201434395085721 0.25921475347052786
0.023875573197502192 0.012017623387857002 0.25915393298225325
0.023952466149354687 0.011992971411264985 0.2591587190459299
0.025636667010555128 0.007191509486878023 0.25880969792737984
0.02564846266237783 0.007217415187424248 0.2587122477479173
0.02572588658919857 0.007186850796382371 0.25885251906806467
0.025843862750891178 0.007185709387129868 0.25886660122191985
0.025945647825057566 0.007180187584450437 0.25883181435554603
0.025958069106911508 0.0071747885153107815 0.25876772169520545
0.02604574792246521 0.007163986605022099 0.2588012623725573
0.026054300468412978 0.00715409717395149 0.2587115445676861
0.021895051800008544 0.017842896890124416 0.2613997817228525
0.021872758765649883 0.017918877677151335 0.2614267538255116
0.021856600432646825 0.017998491777109715 0.26144881706104894
0.02357986792961346 0.012282013994827479 0.2593558835298847
0.02164025763343229 0.018823325004027502 0.26228174255375547
0.02160892315575287 0.018897327948973974 0.2622466331483516
0.021690755355308983 0.018662920346902978 0.2621902237652035
0.021662955340650644 0.018746425421996726 0.2621919284113807
0.021642280168599565 0.01879454426960725 0.26217759665763984
0.021714393357548642 0.018586824538828317 0.26210279094445765
0.021694726150254043 0.01865084635342018 0.2621259877311659
0.021662476235187536 0.01872688071026596 0.2620966950894744
0.025669283380746644 0.007192409293358015 0.2587679535236372
0.025690732037042426 0.007186763442261435 0.2588256240716535
0.02562415340386079 0.00720356115954246 0.25878810935323776
0.025648467749813157 0.007188882039265709 0.2588618896582575
0.021623721283850497 0.01649206638237366 0.2613246348451318
0.021610660982081545 0.01649779686734648 0.2612340767805562
0.02170209503100197 0.01647742827332621 0.2613531885212691
0.02169163534791392 0.01648222879919964 0.2612565317963037
0.02737676694613493 0.001802652387023651 0.2610162589480735
0.02149445999510946 0.016659535658889002 0.26112906743793823
0.021478664883282456 0.01667089592181409 0.2611016104503277
0.025665993340921678 0.00753171233540173 0.2582566135914024
0.02564591115504225 0.0074535866956473296 0.25835051633483025
0.025632781308188496 0.00742899136118802 0.2584060676376452
0.02571807659240119 0.007608342907197252 0.2583054544613948
0.025700325220384665 0.00752022455855883 0.25839100395540127
0.02566027726972387 0.007443984506261492 0.25845746917166945
0.021790061904445643 0.017077529107689837 0.2610473710600727
0.02174195381051648 0.01697984675475095 0.26108089766626563
0.021730170038424673 0.016999842479213212 0.2610146132893846
0.02169684225917881 0.016918863590521194 0.26105928897087616
0.021690633358327452 0.016946134228189025 0.26100580979014754
0.021644247702214292 0.01684468227409114 0.26105769376856724
0.021583023493129003 0.016803681217184563 0.26103925963570374
0.027251341062563078 0.0017676734209114975 0.2614411677061145
0.021807713755779348 0.018209550908980243 0.2616096825908523
0.02183640879791128 0.018140630254847245 0.26162255645938215
0.021825377010751656 0.018133336247134535 0.26152428475631584
0.021864601223383087 0.01806912479424566 0.26160838870902525
0.021863536810078618 0.0180624482731761 0.2615537307316503
0.02184857481722506 0.01803515833761743 0.2614636422402263
0.021882662538329004 0.017976335457445702 0.2615337976038006
0.02163375056188087 0.016480970100350933 0.2613605470130901
0.021645478863258877 0.01649488382362352 0.2612813755355778
0.02176375069081528 0.016478218698743052 0.26130830179449327
0.021967324451942147 0.01750454362062487 0.2612153321031689
0.02197893420064577 0.01743322566119848 0.2612455632691784
0.021976503409786588 0.01733291696751832 0.26127987366014077
0.02193099464780353 0.017261488622373422 0.2612420152318504
0.02368585546941343 0.012511015162762429 0.2594199002370132
0.023637058060172356 0.01240295834756644 0.25938968433323617
0.02363461632721503 0.0123531320549789 0.2594576337961269
0.021888650964038706 0.017212639098534543 0.26105657271766897
0.02195905971896263 0.017539085323550085 0.2612189287471324
0.02199316827234178 0.017465705584012614 0.2612713695090622
0.025729390631085647 0.00762991556980569 0.2583180033002507
0.025655154383386072 0.0074767870717941665 0.25832544663446444
0.025673270889065902 0.00743832193695837 0.2584884484351417
0.021905270503531554 0.017221805355253195 0.26118424905825255
0.02190801374377084 0.017241360662066163 0.26108145538330874
0.0218034759544221 0.01708269062302814 0.26107760827923454
0.02185912823893199 0.0171855248115233 0.2610210077314866
0.02172179679645482 0.01695554216740114 0.2610648400849449
0.021625047908485004 0.016841824406971184 0.2610348607964375
0.025691168728592374 0.007476655819115996 0.25848166391459726
0.02568840827805198 0.007496748566598488 0.2584111403921993
0.02564737554253218 0.00729806032594188 0.2585271963280257
0.02565409556051962 0.007338150617708761 0.25863530619651276
0.02563968692198826 0.007223720463294281 0.2584822672090084
0.025619545596251653 0.007317452984160644 0.2584751726315284
0.02562954675382849 0.007276347294452479 0.2587146936761586
0.025645500537543213 0.007261387285023291 0.25858323016714163
0.02566880482905093 0.007378372677238176 0.2585664596392533
0.02566832077792086 0.007404306565849783 0.25851164430822277
0.025649088375616844 0.007235488250905364 0.25864996984686606
0.021597708521709655 0.018928746073334335 0.2622609280651038
0.02158969515119913 0.018955716754965657 0.2622780380600017
0.023586793074037646 0.012148220886976369 0.25932597658142387
0.023608604950770523 0.012080330653467475 0.25927050192570167
0.023571875747870993 0.01223362590657423 0.259333759216422
0.021522033815285987 0.016572091093782992 0.261274236672538
0.021520769533440523 0.016526353662606574 0.2613179921873996
0.021544691915687406 0.016523180818302174 0.261276209193411
0.021816475858574505 0.017123741560640116 0.2610314685565088
