0.02990774119947605 -0.0027971875392924783 0.2640245074286378
0.02990714950257939 -0.0026460847497768447 0.26399263850026883
0.029904653227629432 -0.002545162327254713 0.2639873646645081
0.029893662009443205 -0.0024342601160977084 0.26395636011833723
0.029877866596232545 -0.002299683517719142 0.263945102774496
0.029866376862121784 -0.0021849435774638493 0.26395461607152093
0.02984585674418888 -0.0020756595624104035 0.2639278263101592
0.029831839645317812 -0.0019932938336723605 0.26396270106132236
0.029898608217043078 -0.002525307607845806 0.26382563954659444
0.029801842093776648 -0.0019105720760816403 0.26383778898175186
0.029786384872267063 -0.0018363963586587873 0.26382878594626336
0.02977036440411847 -0.001768942909284421 0.26384584446225423
0.029710423000739956 -0.0016185595308939038 0.2637636531423666
0.029680459027877845 -0.001557033676150843 0.26365817985841067
0.029621893144730974 -0.0014422470166597923 0.2635760380125943
0.029558872034124252 -0.0013271997884756748 0.26347524490268576
0.02900124130545017 -0.0007757420611793076 0.26299946745393105
0.028660613147821208 -0.00047925433283108054 0.2628653253793638
0.028280269574091348 0.0021692084205935935 0.2604856835401693
0.0282550278215966 0.0022298108973376474 0.2603511842091544
0.028247189854065775 0.0023083338286085664 0.26035723979579967
0.028229050060985257 0.0024092398806681015 0.26036859772099524
0.028216246417656646 0.0024006657973761336 0.2602546539484001
0.028199084201819595 0.002489363415527579 0.2602429863315989
0.028084789807358172 0.002917288080063807 0.25995910521884874
0.028049925277960575 0.003022315412995802 0.25993966498924415
0.02798763543279323 0.0031545687923024146 0.2598698932689629
0.0278710899675272 0.0034402621284785884 0.2598128457038047
0.027848993495857254 0.0034691134597215068 0.2597270527231755
0.02781385262188108 0.0035657692003239205 0.25973298737436945
0.027779188782176244 0.003611811152926858 0.25963551322950307
0.02775607092105902 0.0036829783266396077 0.25965192108076707
0.027693068719455247 0.0037995161697531032 0.25957111603503646
0.027629929953463035 0.003920067824069562 0.2595126268439791
0.027565720072544028 0.004045000504709351 0.25943227777366384
0.027548706675484494 0.004090582623077654 0.2594543585572902
0.027485285565026725 0.0042176848827076285 0.2593832734045137
0.027451941456078148 0.004296835973189916 0.25938858962252065
0.027389802059929844 0.004424048393749269 0.25931270687941166
0.027333725738025373 0.004558619193870461 0.2592390149308934
0.020077947730350362 0.022455931646080174 0.26570401477982764
0.020045862689485716 0.02253119956075922 0.2657603639694631
0.02001275364794472 0.022595714244796894 0.26578736455856317
0.019993496484646836 0.022637225804734984 0.26582449204505537
0.019874582128117504 0.02279865410340598 0.2658158627461614
0.01984915494112008 0.0228359827320172 0.26587270888101155
0.01979416000064696 0.02290451515481995 0.26591250838034447
0.019752092366829066 0.02294898327593181 0.26584226125307403
0.019725222264615302 0.02297781888127115 0.26588650072494846
0.019685504977083434 0.023020284069052876 0.2657836445248545
0.019634433348093477 0.023054325509249796 0.2656912493909911
0.01960809270374153 0.023089857303897787 0.2657428844239069
0.019557517114891454 0.023117658138239516 0.26566557788781603
0.019501863926529195 0.023176701513277942 0.2657056253432806
0.019412363557822762 0.02323520610126545 0.26568701237775066
0.019345835121341637 0.023280572604433114 0.265725179260381
0.019309130852602885 0.023312022283891842 0.2657903682235441
0.019291230267701534 0.02333690589233195 0.2658659417803692
0.01920285896932937 0.023391283856031675 0.26592089373563826
0.019148140094094407 0.023420504426260702 0.26597224476453263
0.01909566069987649 0.023438359463498648 0.2659181297515718
0.019039854807967965 0.023466984264183532 0.2659925711064362
0.019074157477815865 0.023437137435370015 0.26584581561403103
0.01902923606740725 0.023463636661737897 0.26591204668897933
0.01893205949775087 0.023508571267343625 0.265982100802555
0.01889900717988069 0.023513977702017685 0.2659016297068279
0.018858630913013652 0.02353552382126506 0.2659879278842088
0.018788391634390444 0.023552452620316355 0.2658977503437612
0.026205064961012173 0.006683878179742808 0.25858781609006176
0.02618111588908443 0.006782516152763041 0.2586010539611997
0.02616047876937805 0.00686099252114758 0.25858835440627037
0.02614300665901185 0.006949156763076447 0.258614015893064
0.025933333981328993 0.0075745307520470595 0.2584717111016749
0.02550909361828732 0.008787662178604383 0.2585620509830406
0.025478690247746252 0.008868023108098033 0.25857860852424297
0.025453548570476325 0.008945935537469973 0.25859046186189166
0.025332495805678153 0.009246845617748467 0.2586854705937088
0.02530905127660716 0.009306057352794328 0.258703924947924
0.025270874145296447 0.00940110035757219 0.25874624693379034
0.025244887435551006 0.009470484441595817 0.25877678778186
0.025117482989656145 0.009740527976271618 0.25878541628961044
0.02162630101561483 0.018815752514165396 0.2618134258881323
0.02160445837502703 0.018854689708638628 0.2618389030806524
0.021562503477147693 0.018938992337814153 0.2618975116411025
0.02154453019367203 0.0189748652997358 0.26194922067981014
0.021486269952404463 0.019050191550820716 0.2619956253141147
0.021457991906470686 0.019076923370628385 0.2620226879678636
0.021851157299533283 0.018423581409993672 0.2614661121741285
0.021818570109836496 0.01848956063565016 0.26151704769561823
0.02178156015444259 0.018552097891156805 0.2615288993062868
0.02174100412618568 0.01861059096971701 0.2615859759199966
0.021707635499757877 0.018659188576547137 0.26164578240443354
0.021674734162443643 0.018714637038000748 0.26168335462855413
0.021459155738706742 0.019067816902266388 0.2618981061600886
0.02141322370876604 0.019114061912915647 0.2619447928585752
0.021355200845733974 0.019164737533105658 0.26201138590163464
0.021302390447543562 0.019202208511785168 0.26204918683548245
0.023182626912738286 0.014510545174139133 0.26024999188283277
0.023142007695412997 0.014572098503508935 0.26028973023618796
0.021951515354078716 0.018191948414370163 0.26126476493842277
0.021928029811250666 0.018238628245177413 0.26127937976219445
0.021884718071963502 0.018328616775337037 0.2613235440257979
0.02184984150719768 0.01840793007188124 0.2613537970954177
0.02183708169280285 0.018448185591361466 0.2613885485096045
0.0217970934472745 0.018529157891056136 0.2614088345220694
0.021756307997893326 0.01858202692909816 0.2614721848056938
0.021317395476557532 0.019180362237783966 0.2619175139118552
0.021263224013897658 0.019216958742819423 0.2619624231998976
0.021213365424643332 0.019256437012204197 0.26203581631417927
0.021171401956928015 0.019287483669065297 0.2620898752549296
0.023748664912524364 0.013315736046485893 0.2595543633383677
0.02371584596053418 0.013396541880295043 0.2595895147609941
0.02369538759705154 0.01345813960088188 0.2596049660354439
0.023660875272045717 0.013537696390316045 0.25963322470274475
0.023641258142033085 0.01358894034312147 0.2596442677100772
0.023261590411495225 0.01437275677497879 0.26004491066838126
0.023222633514848434 0.014437442856611582 0.2600836676180375
0.023182207609300495 0.014502033559499028 0.26008737552325956
0.02299484071697666 0.01478456660839611 0.2603403256486634
0.02297684148266775 0.014801739474165576 0.26039760588387206
0.022118045991584595 0.017746375840156536 0.260966484762614
0.022086619439829078 0.0178257488941323 0.26099089246318824
0.022062380445675517 0.017897396265356247 0.2610121634071992
0.022042969806753937 0.017972059240117966 0.26105341635614093
0.022019165239827138 0.0180319476807958 0.26107972410721547
0.021980892415737044 0.018098889782594163 0.2611080202243164
0.02195337266661708 0.018162662548905084 0.2611590147640773
0.021129757669658383 0.019295407854223956 0.2620105802095145
0.021072939452033507 0.01933195651639491 0.2620795872920456
0.02417839508730435 0.011776766469248967 0.2591309600329686
0.024138328402600107 0.011925591449391815 0.25917080552659444
0.024109137742175393 0.012022262595063338 0.2591822729909405
0.02408729866876058 0.012089672853267452 0.25918745953711675
0.0240727145951833 0.01215869952679588 0.25922135370386407
0.024048524555066855 0.012236781739026759 0.25920880873705304
0.024026417054723734 0.012326998947465195 0.2592587788043949
0.024002745430171307 0.012412694939813118 0.2592695733255309
0.023984538136998718 0.012485886008692049 0.25926378857733434
0.023965158165639197 0.012581150925061568 0.25931441897057006
0.023936904922239315 0.012666645794484177 0.25927438875148734
0.0239172733905961 0.012753393602749963 0.25931981082570704
0.023902026026419762 0.012817035092440976 0.25934713578088686
0.023879848831066947 0.012903301200085315 0.2593462780640441
0.023856660776832933 0.012993376195969297 0.2593464831429012
0.02383950414904802 0.013047821466460663 0.2593655512666727
0.023799121075751647 0.013156961890244567 0.2593888022405752
0.023770362561735203 0.013233028243030243 0.2593984395247077
0.02374783207729958 0.01329311870420996 0.2594342055790932
0.02372827787215953 0.013347287836268873 0.2594804837941984
0.0236983371162647 0.013427556176197564 0.25949214340575033
0.023676497521561944 0.013490527518706663 0.2595102353549493
0.02363772871921213 0.013588684066851875 0.2595422768752094
0.023617890290964158 0.013643472859843742 0.25955244831203755
0.023592073764290816 0.01370833536599686 0.2595763103749419
0.023560194015300545 0.013787998258582623 0.2596170192504998
0.02353633194376982 0.013840368436047634 0.25962797343483945
0.02349078747969382 0.013931197599342748 0.25968378702357137
0.023471231883283372 0.013978932596263927 0.25972477183683157
0.023448187141173943 0.014033290805912091 0.2597522674056555
0.023412339976233612 0.014103493756746521 0.25975686996579983
0.02336727842805765 0.014188729297464009 0.2597964352229653
0.0233459325397377 0.014234487180336097 0.25984214189760807
0.023303221279624545 0.014315022466479366 0.25987450318691147
0.023277589546637584 0.014353533878284253 0.25989678693491036
0.023238689027851894 0.014421742320498698 0.2599596237827696
0.02291638961861424 0.014847401531278615 0.2603157685410959
0.022192502626649097 0.01749893205205838 0.2607631302376422
0.022143590003108476 0.01765148510895953 0.2608021847762836
0.02212235284609773 0.01772596779454738 0.26085108232642384
0.02097905378634532 0.019359613506109208 0.2620559430094761
0.024196207115759934 0.011657927111577648 0.2589994464024562
0.02418549185251996 0.011713731337911204 0.25901834760762976
0.024156481517112277 0.01181768932657562 0.2590301477912037
0.02407178031001732 0.012124859251823328 0.25914275844318624
0.023851996060175067 0.012968449569227491 0.25923598661491154
0.023837558074852917 0.013032861612940205 0.2592716872284159
0.02343802038319706 0.014028210902965965 0.2596491407417014
0.02328804794981995 0.014321038779560091 0.25978407860264613
0.022861442004126264 0.014861270767714485 0.2602184017041196
0.022833005147163354 0.014882504257266616 0.26026746641330567
0.022346023929591716 0.01696373396325862 0.2604830728181942
0.022282007517731378 0.017179539097362417 0.2605742855547334
0.022267641125053916 0.017234410179818083 0.26057388659160885
0.020859221794029506 0.0193948783089144 0.2620906501254717
0.02277553887953951 0.014902054512286766 0.2601947828077674
0.02241079831133111 0.01676109968567796 0.2603340676762707
0.022382577951438568 0.01684817789704668 0.26034323992203434
0.022351697256801722 0.016933873759996332 0.2603698066563474
0.022334487110730925 0.01700020061361779 0.2603897801077494
0.022713989091114106 0.01492197884462998 0.26012826992536514
0.022495223109496018 0.016365272715902268 0.26010273652498966
0.02247497425051008 0.016445487799360226 0.260120707404089
0.022471351419230706 0.01651386091318896 0.26015513535637896
0.022461732312495625 0.01657775045440657 0.2601714816008596
0.022439610195383583 0.016658049203409797 0.26020553612395125
0.022415894348238236 0.016733723497763642 0.26023358337280433
0.02250542896679486 0.016307683007871165 0.2600082484151256
0.01989852279858742 0.020327049717392465 0.26356466462630695
0.019883021741694012 0.02014807552054404 0.2635119995021956
0.019875737984078726 0.02002397008472223 0.26350407501013157
0.019915478719604543 0.020497908059381342 0.26367728844845517
0.01985833304983814 0.019913827657426997 0.26353532604329183
0.02003716691314525 0.021227857173927445 0.2647009977965742
0.01981013124497953 0.01978994421277125 0.2635505704340173
0.01994905954223039 0.020874575753125013 0.2639664502542692
0.029696217289307755 -0.003972247668415585 0.2646100285062877
0.029731454952038418 -0.003854167778392592 0.2645968142073119
0.029778861641480595 -0.0036302176048542134 0.26440744864136007
0.029764697337749765 -0.0037076530753179515 0.2645032909942833
0.029755017896649798 -0.003773736676973838 0.2646000866476578
0.029840888815121265 -0.0033396597671072614 0.2641458235596993
0.029830706714359792 -0.0034158663503601194 0.2642682748377368
0.02981073052798542 -0.003526948435059518 0.264385532313135
0.02980436380822509 -0.0035795815952794907 0.2644980931465752
0.02987521986471601 -0.003129400568322338 0.26400141947229167
0.02986765071202875 -0.0032098450095709996 0.2641114844085783
0.029856375417938702 -0.003286339792211934 0.2642279357141609
0.029849610127121867 -0.003350294228945505 0.2643109344952499
0.029833335888099423 -0.0034492784497359708 0.26444017718548324
0.02988422359784336 -0.00307940543472357 0.264079775667364
0.029877488188388243 -0.0031597498955261982 0.26419718677790216
0.029871034105221607 -0.0032293587095392207 0.26429392910174326
0.029894712090523995 -0.0029535065539825767 0.26405630748785525
0.0298931071746529 -0.0030227561578330397 0.2641630181738787
0.02990492217077005 -0.0028561311660736943 0.2640535330886481
0.029904680708178095 -0.0028927409775535984 0.26414036783572103
0.029903275891713682 -0.0025824636088700448 0.2638599144128974
0.029904557367460033 -0.002628905025392203 0.26392450289059527
0.029910666391249195 -0.002704811800384843 0.26405343875619736
0.029910939060009967 -0.002790739853100077 0.26410326082368063
0.028266026123335494 0.001494230656687412 0.2605600968524379
0.029900538072679388 -0.0025219527462509994 0.26391443979186946
0.029910174683102198 -0.0025885562583947697 0.26406557447124407
0.028296837187241984 0.0015942073172002802 0.2605041531852928
0.02829057146340761 0.001545698585731059 0.26059919391064823
0.028274159174907894 0.0014811176376371415 0.2606859985581591
0.028108672120705197 4.44134316189837e-05 0.2626738302701259
0.0281770476937293 -1.5085016418225905e-05 0.26269112389886
0.028287919581261603 -0.00011033103332874772 0.2627205814567646
0.02834380603331938 -0.00015829877685580307 0.2627261636120223
0.028398567889637447 -0.00020502730598254137 0.26273387558701244
0.02988624496383182 -0.0023657364965503636 0.2639612216405817
0.028320640247431333 0.001714976557755099 0.2605033369369073
0.028319694669025446 0.0016623442628475593 0.2605969527492162
0.028304053776384785 0.0015908350934930593 0.26069711357876363
0.02872386764972165 -0.0005328016604952412 0.2629112157246376
0.028313985892193867 0.0018661861634112764 0.2604963661683931
0.029233964279093208 -0.0009683140181739325 0.26314697543411514
0.029293342672991537 -0.001030980825759864 0.263176257113798
0.02985248441545945 -0.0021103973648471386 0.26393483635690623
0.019958260920943383 0.020921362772297725 0.2640591692672423
0.02830338248529775 0.001987750652111986 0.2605187361314938
0.02929282854808995 -0.0010016706509606843 0.26325207950579943
0.029330600746280563 -0.0010371709711347599 0.26328765691171085
0.02938892307853351 -0.0011008202214234375 0.2632968229522008
0.029443036069023973 -0.001154288625698885 0.2633469629492532
0.029486068976056268 -0.0012118533837309209 0.26339169659481293
0.029772626989129435 -0.0017960706034931828 0.2637960620907158
0.02979764779266987 -0.0018758833684325293 0.26385436172744653
0.029818881160587216 -0.001944275660829442 0.26394392309538817
0.02823968108345061 0.002299369988028821 0.26030106395645647
0.02826162869418291 0.0022050527763493033 0.260378760126659
0.028280459611400646 0.002150020190440638 0.26045091714534013
0.028294334169358185 0.002089487795109257 0.26052259719526283
0.0296522339755788 -0.0014908217708516913 0.2636769495126261
0.029686984437268277 -0.0015623683010280165 0.26372049179474477
0.029714981640018172 -0.001628280007300309 0.26378786649707764
0.02974510158225621 -0.0017001779372012304 0.26383472356544035
0.028152430011609185 0.0026870090302845706 0.2600770402704732
0.028173943016305908 0.002601297805162106 0.2601423944954087
0.028191053381954087 0.002520214822054112 0.26021071288047226
0.028207036795200265 0.002468618772247133 0.26027339036642466
0.028228396552537817 0.002394768342332043 0.26032959207518724
0.028246698538772444 0.00232615777610623 0.2603943999250362
0.028026720188909518 0.003067763934944956 0.2599137954725349
0.028064477927374487 0.0029898859463424743 0.2599549503249492
0.02809199916991973 0.0029168769583382548 0.2599974079376867
0.028113700739878837 0.0028510185074684946 0.2600595190317871
0.02814344718226662 0.002762107678221326 0.26010607818456977
0.027939307429163528 0.0032666146716718303 0.2598268771710285
0.027959429997448347 0.003238631057930541 0.2599013943469519
0.027992184808665853 0.0031619988351647144 0.2599317011725209
0.02802612311484625 0.003095769149152494 0.2599762185810745
0.027602115446441887 0.0039669900740575414 0.2594710244479515
0.027645885963586025 0.0038781397209785573 0.2595066678749286
0.02766943159832256 0.003845789160554336 0.2595542361734592
0.027710912882789124 0.0037677962120848396 0.25959622970900975
0.027734883175450947 0.0037208829815844058 0.2596216935259609
0.027778135109323032 0.0036414816858876264 0.2596735446605482
0.027805096990990444 0.0035847684544183522 0.2597136632063004
0.02783181109143315 0.0035333366390051246 0.2597839189690593
0.02790764258258619 0.0033687864622737873 0.25987920046981994
0.02744300983995599 0.004307527967835678 0.2593511992603408
0.02746795076122667 0.004257492078892422 0.2593919071411973
0.027269822733349637 0.004690097137872273 0.25919569304457174
0.02731362656669413 0.0046116772345091706 0.25923759953858944
0.02734496519060335 0.004545010988287079 0.2593039709094216
0.027236035219122295 0.004766119307695882 0.2592584252729527
0.027258738253839163 0.00473241112013445 0.25928698041620163
0.026326605132107203 0.006077300649968531 0.25865477070889475
0.027142738995147422 0.004926084091510352 0.25927890644311513
0.02630426676495956 0.00625397344351919 0.2586207436965051
0.026317778055812688 0.00618593262279693 0.2586634140707116
0.026289464401478543 0.006368858802142441 0.25865317213787065
0.026248234872757945 0.006529162541924316 0.25861428539368414
0.02626925017592361 0.006468539932362405 0.25868405999896976
0.026196760567712744 0.006716242777197512 0.2585899796250226
0.02622069573759834 0.006645845145095031 0.2586571373977441
0.026156915416881456 0.006873385090882089 0.25857963639994097
0.026173538405525873 0.006819073243861884 0.2586125484178338
0.025893877902692236 0.007694789640047106 0.25846731214548024
0.025842836924192814 0.00786482783547815 0.2584595008518367
0.025869149587915176 0.007778832546670944 0.2585091283898656
0.025788103170458085 0.008028627640610742 0.25847567305455105
0.0257264276523824 0.008201604205635593 0.25846643153290805
0.025754107060189504 0.008139308500560272 0.2585224752802186
0.02570255625185256 0.008295246271923906 0.25851169575230926
0.025634015940487587 0.008455378379871037 0.2585204259483212
0.025650966146746716 0.008411843041777112 0.25855449138894393
0.02559997110708353 0.00855433344597284 0.2585497287487211
0.025503717640479942 0.008801413369551314 0.2585529299408767
0.025530772860270286 0.00872403816758488 0.25858252491009015
0.02544621419492936 0.008952650504522874 0.2585623335229287
0.025473773373863397 0.008888067734502625 0.2585954070421395
0.02522735447562085 0.00949263047979565 0.2587247067161246
0.025188989149884232 0.009590946919918963 0.25880542301672493
0.025221152183613753 0.00953518215035587 0.2588290469016064
0.025119273239106454 0.009741680316172285 0.2588211985718135
0.025140249030377017 0.009701500084152048 0.2588477933144401
0.025020900024930015 0.009910248218750584 0.2588855047795462
0.025057564020650056 0.009859678199228505 0.25889276843175296
0.024315505078905952 0.01108913643210685 0.25904599216420093
0.024263655393018634 0.01136685779649399 0.2589676063049128
0.024281505718901017 0.011277812181316405 0.2589941168157254
0.024300810789455396 0.011206917141156125 0.259074616940766
0.02424302179979304 0.011465712251684801 0.25898149597083847
0.024267024523021277 0.011385543361604189 0.25902621482749727
0.024217717040793132 0.01158712222131797 0.259022217676913
0.02423977758042062 0.011522342942038077 0.2590626709149455
0.02417514711615578 0.011755807905927507 0.25902683605586957
0.024203653515256024 0.01167943642324698 0.25908228066195094
0.024152503822041857 0.01184737435413763 0.25907457877566914
0.024175833101270472 0.011782213957446053 0.2590990457336671
0.02412130006032985 0.011956891357041477 0.2591152055639987
0.024088729401738354 0.012068057060710347 0.2591459025447415
0.024037984353845757 0.012241895132790004 0.25916232379043114
0.02407017517523987 0.012151316922248356 0.2591816141946013
0.024010665876167923 0.012351148560923952 0.2592062374764339
0.02403795221351833 0.012274965647902591 0.25922470474904186
0.023987995371873322 0.012445467064792493 0.25922526171526294
0.023942828885285483 0.012623096281124568 0.2592288170766446
0.02396929540128124 0.012544766783706862 0.2592594304996046
0.023907376705365677 0.01276239015018632 0.25925202301297
0.02392088349686053 0.01271531864610942 0.25925711934375306
0.023942129908910315 0.01266506408590351 0.2593170351184165
0.023874528834987592 0.01289674738565344 0.25926997692867826
0.023901552897623732 0.012811058231713135 0.25932206137391517
0.023846560781613776 0.013020441393615134 0.25932079252062457
0.023869365663865022 0.012947494611052268 0.25936895733723614
0.023792257996752227 0.013160571652947928 0.25933031932888406
0.02381542638075697 0.013109126673130689 0.2593704379945425
0.02384624676467592 0.013026523749012031 0.2594075153604431
0.023785717871111584 0.013202805439599286 0.25942482957447516
0.023812532061294397 0.013136727861938036 0.25946048625877494
0.023743736517325878 0.013311958367683951 0.25947435853998885
0.023578950492315315 0.013722737839155064 0.2595116384096124
0.023607746894845294 0.01365056119318675 0.2595051337514288
0.023541930341189815 0.013819307930404923 0.2595716892421349
0.023575771774931226 0.013747953099265686 0.25959843369642766
0.02360321341126679 0.01368839254926496 0.25963053572718653
0.023489568835339196 0.013924256676033198 0.259634633478536
0.023529421279372194 0.013852682672286898 0.2596973221760207
0.023415383053340802 0.014083904307725992 0.259681419852024
0.02345408134241389 0.014013322954647078 0.25971310382936835
0.023484217961010474 0.013952190934257314 0.2597511303306882
0.023375671800572637 0.014168298191054085 0.2597559795794939
0.02339964518757552 0.01413104247116631 0.25979347058976643
0.0232753074325696 0.014347008736899203 0.2598233337199685
0.023318300356690747 0.014285413223116605 0.25982770719197257
0.0233536478349598 0.014216277541580502 0.25988145467766777
0.023229695781599294 0.014429178616482685 0.2599001002796479
0.02325612388368592 0.014390099261510136 0.25991527786954305
0.02330310123895321 0.014313557948641087 0.25993350355790806
0.023203985876162667 0.014465404373923074 0.26000791230059317
0.023242007652319874 0.014407431316088792 0.2600235636137392
0.02001363963897311 0.02115257302777246 0.2645005726771211
0.022526957491795077 0.016240642033891695 0.26006772144278684
0.022482440489606972 0.016404807675900523 0.26005722601997483
0.022462987413575664 0.01650106450995631 0.26010456725602205
0.022478564681041646 0.01643936998933171 0.2601419958542217
0.02244259173629319 0.016621364231844238 0.2601440758394169
0.022469816907768725 0.016543695576212547 0.2601753310801055
0.02241671365877676 0.01671606960034483 0.26020378388226895
0.022436947603871188 0.016669526215708774 0.26026038160229836
0.02240755484550988 0.016768518743940586 0.26029031716994266
0.022428819132017955 0.016685674166023123 0.26029536812321685
0.02237364305687671 0.01687574987598245 0.2603638792567313
0.02234941405439972 0.016968785893743343 0.260418767702129
0.02227714550913633 0.01719474016689848 0.26053026836539356
0.022297574998944372 0.017101817403061992 0.2605596740673433
0.022276738040882482 0.01722584740377331 0.2606238254040579
0.02225042749790257 0.01731750757481637 0.2606819473050287
0.022263950829491508 0.017271910700937032 0.26070974331184926
0.02221604055147247 0.017420034112514304 0.2607344673953074
0.022186377233814086 0.017542926181188967 0.2608247877802843
0.02002759220467068 0.021189482665548875 0.26460119435793433
0.02212518320426997 0.017714896822119963 0.2608362865282998
0.02208319531725067 0.017827687141752202 0.2609210276968126
0.022110921394948344 0.01776298865671394 0.26094364225073813
0.01994002457888351 0.022729282412983887 0.265871795507632
0.019876534211555275 0.022799859949279022 0.2658427541315103
0.02204819634459089 0.017933199151286272 0.26097907707111456
0.022072743380300908 0.017866043423143185 0.26101992833933757
0.022007827310631056 0.018037839255264865 0.26103381462985165
0.022045717008211785 0.017965653016661587 0.26109594637595257
0.02199783724799767 0.01807822656052005 0.2611691963635634
0.02191831175016762 0.01824445238091671 0.26121971037279185
0.02195617022747237 0.018174691744886173 0.26122247237510476
0.021911052490873023 0.018275560185741502 0.2613228965837576
0.021824160067525064 0.01844146436578381 0.2613247692314108
0.021866549794027523 0.018377472111612447 0.26138254070701183
0.020173780295927465 0.0216542877302493 0.26521694627121073
0.020146643001590886 0.021589337793946728 0.26512309453052163
0.021773144850360124 0.018559645526292246 0.26142233575547763
0.021832378352155 0.018471492002178957 0.2614573602033895
0.021719373203044706 0.018633543442897416 0.26154460087874015
0.021755383555134955 0.0185902733572334 0.26156534014654226
0.02169870574470953 0.018679568602655572 0.2616815510249073
0.020070050820398116 0.021344341607246797 0.2648912883684321
0.02163851631676561 0.01878404128129474 0.26175397381056037
0.0216821550684322 0.01871551639647162 0.261750138499234
0.020069755258780367 0.021345101911152853 0.2647129439474897
0.026208421040476652 0.006683137538034456 0.25862673405352965
0.02623981956326433 0.0065793388746216985 0.2586734606106517
0.02623222726102318 0.006591792782588701 0.25862340462176897
0.026186545985387645 0.006754387914292392 0.2585868464119855
0.026191963251656618 0.006760016161039384 0.2586607933886967
0.026259993533136072 0.006498798510762516 0.25864937938914945
0.026163790101840202 0.00686012982809181 0.2586176779077328
0.026277937939954914 0.006418235588927457 0.25863613049148515
0.02612839539950884 0.006978353367668666 0.2585636503098149
0.026304149761847473 0.006300331984957108 0.25869902527317556
0.026295212021877915 0.006312855706583631 0.2586113498621366
0.01988775868528339 0.022791114313429783 0.2658746570724895
0.01997658496785311 0.022673346691690133 0.26589019500332445
0.01995565810220347 0.022696244791455433 0.2658104006355958
0.020025855760655437 0.022583333139211736 0.2658275117236811
0.020093312911667993 0.022437690393940946 0.26575727414166644
0.020120897027968807 0.022358423730034493 0.2656865004387744
0.02015700913846126 0.022241461646019867 0.2656247779025439
0.02018168350068164 0.0221334327258062 0.26559202558893885
0.02019506013226885 0.022038217638137236 0.2655558604205088
0.0263107273623968 0.0062295573668149085 0.2586515820408044
0.020208514234418218 0.021942713915803158 0.2656104698844842
0.02020406065600716 0.02194753186490017 0.26552367223471285
0.020210118950222622 0.02185032553490107 0.26558650089281804
0.020208277216537007 0.02186589283210505 0.26549599984158223
0.020199343851797585 0.021865606644401403 0.26540685174462536
0.02020714275855985 0.021781805807977284 0.265560551006393
0.020205622348866775 0.021783023912391897 0.2654858992711419
0.020199092585047568 0.02177777820229665 0.2653881319897536
0.02018847453404872 0.02169368839923136 0.26537639173790645
0.020181839369291632 0.021688415278574513 0.2652708477580346
0.026318478523206103 0.0061564966397223975 0.2586341235339144
0.020164666562331388 0.021611688877299584 0.26524989142847727
0.020161871581106966 0.021631319317745534 0.2651660338391496
0.020138557380492833 0.0215460848647534 0.2651867354084827
0.02013032440812418 0.021540881833050307 0.2650968229192108
0.020107489527368516 0.021465472490857895 0.2650536626153311
0.020114603881480675 0.021482864789344358 0.26497760706379847
0.02008454660011301 0.021393888228197766 0.2649658365114191
0.020085557056188447 0.021388649394867953 0.2648628819728894
0.020073370393696388 0.021355811945625025 0.26478841166615896
0.020058013815500375 0.021296809492939328 0.2647419198659875
0.020057651191475387 0.02130382820473875 0.2646747555459322
0.020038523019350496 0.02123310222639979 0.2646336899530452
0.02003135377429252 0.021231591036141695 0.2645545965391013
0.02001791578079605 0.021155023970247655 0.26456188945697867
0.020011356232509728 0.02116262657886797 0.2644402401463828
0.020007012121413564 0.021153197466278695 0.2643840519747222
0.02607619435982833 0.0071399207939097376 0.2585996599076204
0.020000561679090256 0.021091488246361034 0.26443710924162306
0.019993701053481222 0.021076358627464598 0.2643443078717609
0.01998368942849864 0.02104886448878851 0.26424894613989913
0.01997583516429155 0.02096904258668686 0.2642350578182357
0.019968908331681218 0.020955829381961888 0.2641438557836593
0.019951395674108197 0.0209062173935593 0.263999695616028
0.019953238896656525 0.020833704810016396 0.26401052466301167
0.019941944819661855 0.02075012709565699 0.2639703021209825
0.01993468525182085 0.02073341756345859 0.26387495241459347
0.019928896525530107 0.020654709627039636 0.2638515709199319
0.01992285680469394 0.020554596821063198 0.2637572355588432
0.01990701330325967 0.02039615073343215 0.26361943842216495
0.02617665669636516 0.005616579686798295 0.258625037760605
0.019901435037927878 0.020233533413763438 0.263577960137489
0.01990190272166134 0.020137513102480742 0.2635839706027856
0.01989125357674154 0.020055399110572136 0.2635503373611143
0.02633202440609512 0.006044860792150386 0.2587142984376788
0.019873785549832407 0.019980218549043194 0.2635261369870656
0.019849634280032752 0.01986639634736731 0.26355713186200835
0.026322825688346922 0.005949815508629608 0.25868308778929966
0.026314222347809106 0.005966893014322627 0.25861094977275567
0.026058026256974308 0.0072099432312275336 0.2586457226399619
0.028948734168624167 -0.005078243298646035 0.2647796183889586
0.02896135405597386 -0.005086135881153642 0.26486988888017604
0.029024442312140505 -0.005009009194865521 0.2647369505324502
0.029036306709629332 -0.005018061006229646 0.2648285580440596
0.029096370717310395 -0.004939017525475653 0.26469699433085725
0.02910829493149076 -0.004948396088339024 0.2647887987064327
0.029117796888859376 -0.004955379223786693 0.26488193751051287
0.02917734191085069 -0.004875848251270187 0.26475037142344393
0.029187775126380607 -0.004884323039972105 0.2648429295995829
0.02924025304087427 -0.004803180578141275 0.2647173096872344
0.029251933818295703 -0.004812252052213861 0.26480913236633374
0.029259504721899705 -0.0048199194121763544 0.2649040974968282
0.029309618335795214 -0.004739889664213182 0.2647808784490178
0.02931777691831553 -0.004747604345893608 0.26487552094326766
0.02937061429860944 -0.0046738249377907826 0.2648504182027066
0.029420834584255734 -0.0045996492467635375 0.26482814600545895
0.029468779143279847 -0.004524845680000389 0.2648069496057765
0.0295149496613807 -0.004449377195027859 0.26478678275093404
0.029555767697192883 -0.004373135633986558 0.26477088316532854
0.02955901735210504 -0.004378981473939558 0.2648660767134198
0.02959049513697267 -0.004296394184725827 0.2647591639208262
0.029651800234022092 -0.004141619682497266 0.2647459478534965
0.02967897522450212 -0.004064378759846332 0.2647421491352334
0.029704251820349997 -0.003968812211008588 0.2646702469506659
0.029714693789878142 -0.003899750769471133 0.2645721163740593
0.029724752405562993 -0.003895313997672012 0.26464971639923013
0.029736288699195777 -0.003817641958559048 0.2645500932529775
0.02974887629741578 -0.003808523735244984 0.2646454125997789
0.02976298257834878 -0.00373243654930544 0.2645586842395151
0.029777218189428634 -0.0036541202154489194 0.26446195984637433
0.029784957716358182 -0.0036556465429641305 0.2645349732961437
0.029794463972867592 -0.0035775916722389223 0.26437868625495586
0.029801262404567312 -0.0035740202939854027 0.2644355254710289
0.029822567120291216 -0.0034776930185281274 0.2643701514150823
0.029821424993648135 -0.003502303487571412 0.26445846575174514
0.02984210299232122 -0.0034020799564858373 0.26437470384878436
0.029858465128489074 -0.0033282131696642514 0.26435972220652854
0.029862891603219067 -0.003283618234830643 0.26430870263470896
0.029883413620984213 -0.0023186662830730898 0.2639935603387757
0.029876080945940416 -0.0022436770317952326 0.2639916207590557
0.029858877561614566 -0.0021447519516207825 0.2639389522468286
0.029832729359913636 -0.002028879623628077 0.26389954308351143
0.029839266763630405 -0.002028669767273006 0.26396584178344557
0.02980597834281421 -0.0019364830042836734 0.2638272921325289
0.029818047859424573 -0.0019629866618927627 0.2638908503947938
0.029793624773453098 -0.0018499572110697304 0.2638632407240555
0.02980602533577051 -0.0018817608727160207 0.26394077774398855
0.029759707492207903 -0.001763004651027189 0.26377070829441607
0.02631140076315406 0.005877192335082659 0.25868581490284925
0.026296323662466613 0.0058705906398019425 0.2586153085942359
0.029633613957891956 -0.0014638815371027514 0.2635674929634986
0.029567011475165987 -0.0013485024380489596 0.26345080392846854
0.029581542888392168 -0.0013709252523252946 0.2635226138743645
0.027503965326871327 0.00044611384625853345 0.26108857506229044
0.027516094796517877 0.0004385953951645538 0.2611812069971684
0.027519709144582342 0.0004347470271366394 0.26127955176800854
0.027509319919080934 0.0004358765043185331 0.2613898655440058
0.027486714789097144 0.0004434117754322231 0.261519031006447
0.02758604703243534 0.0005130735079106885 0.26104112206003416
0.027601039205746608 0.0005042940896873294 0.26113168423897803
0.027607282326610187 0.0004983289813351721 0.26122889628568124
0.027599791390631866 0.000498211917947633 0.261336240624956
0.02757893377969106 0.0005044167610679939 0.2614648963437861
0.027541923753405737 0.0004934991977024739 0.26155182280100436
0.027680257063937827 0.0005717229983340788 0.2610866533815323
0.027690193627258615 0.0005653434996371054 0.26118034557547476
0.027686531405401643 0.0005629999431243093 0.2612847222259955
0.027666410202985367 0.0005663191475857032 0.2614011571391233
0.027651326275137368 0.0005803020723302299 0.26151114787389795
0.02775449830035362 0.0006407162148350243 0.2610460383905522
0.02776696343266611 0.0006342041597429127 0.26113690343616874
0.027767761763649236 0.0006299092183430499 0.26123780594429424
0.02775004338850911 0.0006305587655287548 0.2613537905784957
0.027724783854070373 0.0006372995576846008 0.26146909510156857
0.027822459121484004 0.0007111051261631807 0.2610103248503564
0.02783638793406864 0.0007034232643247096 0.2611003894009781
0.027839482819218615 0.0006988133375014915 0.26119875109759105
0.027827379046400924 0.0006977522317585527 0.2613124915153773
0.027802057577939784 0.0007057525816188681 0.2614468648763425
0.027899002795221423 0.0007744243517486815 0.2610689758203572
0.027902345951760874 0.0007695459608278443 0.2611669485589449
0.027894179407134623 0.0007673456332311646 0.2612762968351423
0.027879338328695845 0.0007797987288769015 0.2614102508156715
0.02794383688462261 0.0008515308209564032 0.26095246454135856
0.027955523265476456 0.0008455974757121121 0.2610434884613838
0.027958502733590476 0.0008409719699246643 0.26114134683284973
0.02795187309989805 0.0008382666510557968 0.2612464346057204
0.027997878465420206 0.0009235137566350193 0.26092903487819447
0.02800877341407549 0.0009173005598455131 0.261021161076854
0.028011065302067616 0.0009125989592584371 0.26111946119842744
0.02804795879327432 0.000996860844088232 0.2609089526416619
0.028057760573099423 0.0009903021739263163 0.2610019733961093
0.02809485589360436 0.0010706887050235814 0.2608905228334603
0.028103467184112267 0.0010644296476960413 0.2609839251207833
0.02813797578987204 0.0011455987313200855 0.2608743094745819
0.028144795267848764 0.0011398101201611777 0.2609688338529241
0.02817717212634046 0.0012222252086116492 0.26086050868165767
0.028182442145946195 0.0012150761881156713 0.2609542993944138
0.028215847294713298 0.0013070182183558265 0.26085673207605786
0.02821303564744071 0.001286079078214375 0.2609391488246576
0.02824401657285775 0.001400504367427724 0.26074357295357753
0.0282399358839475 0.0013773218993622383 0.2608210654851687
0.028263166475353256 0.0014714672631914727 0.2606177873579823
0.028268655297811175 0.001463115001178239 0.2607433296964474
0.028264525035776804 0.0014543845472376193 0.2608157948101886
0.028282196839654584 0.0015481047772186174 0.2605304909818932
0.028291324967690656 0.0015394938741742359 0.2606600635014616
0.028289360557957804 0.0015386292761568887 0.2607345900696415
0.026019232185807824 0.007308525646193775 0.25856908944283596
0.02831166287169011 0.0016280246408048593 0.2605502588184071
0.028311164423071182 0.0016240417984669797 0.26064326525429127
0.02511314037559806 0.009757235866977187 0.2588515588620681
0.028319232322119373 0.0017844710899860283 0.2604737670766384
0.02517179199826497 0.009637195794430453 0.25884658832472335
0.025148703062962866 0.009667223990297402 0.2587964276048363
0.02830457932812997 0.001950965179157882 0.26049162451872776
0.025207880629290344 0.009556604740700136 0.2588031326821742
0.02519052061511827 0.009570821857960266 0.2587487178635606
0.028288305037469583 0.0020663775389840877 0.26045960868416357
0.028301655100666574 0.002045973687514191 0.2605484926717982
0.025947705944384704 0.007543107962586226 0.2585256761485147
0.0252598607337609 0.009436906093264585 0.2587772950924777
0.028271723888424374 0.0021502843334745836 0.2604049089854928
0.028286558583793697 0.0021328920734005052 0.26048651503491815
0.02826545920860514 0.0022363793521795183 0.26043182355479944
0.02529318895301469 0.009348037459098513 0.25876937722263565
0.025282411813974434 0.009360581953509362 0.2586942755413357
0.02823023649887795 0.0023536469107618974 0.26028440631013794
0.02823928798014993 0.0023588479820058628 0.2603679788830593
0.028249662704670324 0.0023167629916866495 0.26042896812785676
0.025335039849019116 0.009248754337218168 0.25873891206855243
0.025321853982465475 0.009271316778752203 0.2586582337514204
0.028204869581714635 0.0024488941219865668 0.2602442178184077
0.02821572020100678 0.0024368843832757725 0.26029613108585514
0.02819569790217008 0.0025356844641696297 0.2602599926400575
0.028205287821713512 0.0024944108716540847 0.2603034376375142
0.02538040767429768 0.00913547890229377 0.25878508419837304
0.0253627334277233 0.009155950560140513 0.25871037301358096
0.02815823387889447 0.0026484244506982946 0.26009482190264455
0.028181088372827068 0.002608174009454012 0.2601925890468533
0.028153547347000887 0.002711765891370732 0.26009818078822416
0.02540486242317437 0.009050726891149385 0.25874718315927947
0.02812210569642 0.0028144874025264333 0.2600473174590503
0.028071842717575853 0.0029512974612131426 0.2599379782867476
0.02809474130290872 0.002915293294417254 0.26003673158979657
0.02545426346889812 0.008946411276547939 0.25865845086903677
0.025450222378731832 0.008955993860926825 0.2586073102172332
0.028061054181041406 0.0030124447063226145 0.2599899923184599
0.02547971901761975 0.008872930448154959 0.25864060485273194
0.025466879281588806 0.008897622576435504 0.25856092404651343
0.028006707009848412 0.0031157254307666027 0.2598998046583192
0.027961489592442323 0.0032127638083243593 0.25985426809560225
0.0279767600803955 0.0032009569137465554 0.25993560014302575
0.025519238372429823 0.008763283226431495 0.25860922271985765
0.027923719670002865 0.0033158121330485457 0.25983992807361944
0.027881542311508238 0.0034016499636343456 0.25979236045468873
0.027890880378180133 0.003402243147290429 0.25985902349950357
0.025547339454004947 0.008678617765787211 0.25857119453178357
0.027838778118296242 0.003501335389666682 0.2597191585106184
0.02784949833073285 0.0034903752479736316 0.25981494500726265
0.02776633881607081 0.003637545432078393 0.25962321162198054
0.027793928290453407 0.0036013885303818882 0.25967711771405744
0.025596006226169213 0.008575452910706993 0.2585987549012183
0.025583284899573927 0.008593388415511993 0.25855308986955244
0.027723554562226145 0.003718378526469057 0.2595744233500888
0.02773477334794902 0.003731072948537084 0.25966555608073627
0.025623589716915876 0.008496075873465903 0.2585655227195706
0.027688681413602145 0.0038213338047988765 0.2596125953328652
0.02761978121978883 0.003936371689699014 0.2594945751717478
0.027642279166139705 0.003903815818226908 0.2595540429743193
0.025655831548249304 0.008395080300417523 0.2585113667721882
0.027571824333067617 0.004041062125928863 0.259462038893872
0.027522299281283268 0.004136833832070641 0.2594143576098241
0.0257056641393136 0.008288666376088383 0.25854931617503846
0.0256907615641101 0.008302996648410943 0.258474549118473
0.025734958738713322 0.008191540583276868 0.25853107513020146
0.02628723510078116 0.00578899610570649 0.2586878780523587
0.025761531100626477 0.008109266293219342 0.25849235591432757
0.027356137412888046 0.004509846997953926 0.2592860343006822
0.02729378183875069 0.0046440418712696 0.25919940178917644
0.02730701223930327 0.004634681699537346 0.2592847498160216
0.025802804754612517 0.00800180046753629 0.2585217423329065
0.027264594264204904 0.004714169237560795 0.2592435268080342
0.027213896465395696 0.004807333885734177 0.25927694512825894
0.02582672666346591 0.007921223377219122 0.2584758273049436
0.025854008806551164 0.007822186105769457 0.258446762542215
0.025984185746874867 0.007415808297195847 0.25848829674507134
0.025988399420929884 0.007418332130404048 0.2585531324714643
0.026272869040815633 0.005746338842450405 0.25869774174398835
0.026249665254043708 0.0057304033544582356 0.25861476073349865
0.025883197713183537 0.0077355178728718 0.25850772870771693
0.02620925255786325 0.005635753748871486 0.25878549819204155
0.025913341652906118 0.007633864863885009 0.2584593359824173
0.026214187329559414 0.00564035459673079 0.258740634482573
0.01986633386611074 0.022820230003796627 0.26593482632292426
0.019915008452973393 0.022762863559000868 0.26587977549363667
0.020010056586716396 0.022617439570582987 0.26587260673052177
0.02004561782509426 0.022545919145483984 0.2658164991453065
0.02006552467406121 0.022491640266677826 0.2657437587288948
0.020211826558695814 0.021817542251047373 0.26553978167436276
0.02181842707116946 0.0185005432072044 0.26142224379347284
0.02188432393595033 0.018339252598888744 0.26140152958865526
0.02216705594471985 0.017626759843400674 0.2608873828333468
0.019838381710061498 0.019827636167002116 0.2636137290376189
0.019810685160397662 0.019773644072494212 0.2635882480826257
0.02227615254212978 0.017240502724828133 0.260687145629547
0.022284495970225984 0.017190756341544988 0.26062076790769806
0.019783481253889554 0.01971300484621752 0.26359031849496645
0.022305823995485058 0.017098539545888136 0.26065245959804945
0.022319561379825853 0.017026650285509703 0.26058365701950975
0.02233079133399471 0.016992015898144086 0.2604983682943395
0.01976265703944735 0.019655087916015723 0.26364164526662476
0.019733749328954484 0.019607580692368842 0.2635772388991179
0.022464979934538554 0.01658778551790696 0.26021657319488345
0.022462397063281514 0.016540284484956536 0.26013717148807114
0.022481008991423856 0.016449385010924633 0.26017311740928006
0.02248224795720019 0.016411379670082993 0.26010984674995585
0.022495692465553274 0.016363164063972424 0.26003026424482734
0.022510050106818585 0.01631419129120837 0.2600725439298438
0.022542825874618685 0.016145015730339718 0.26004691198590896
0.02254924334093865 0.016089562032818028 0.2599741640336546
0.022576003800610006 0.016054045665513272 0.2600842662123417
0.022584438922385805 0.0160244927084347 0.26000695326162493
0.022569356333333984 0.01597491601202411 0.25994562578996244
0.022592589605749558 0.01591561646013362 0.260053433457586
0.022581445000478498 0.015841811654006388 0.260082270641323
0.022563599929031702 0.015818204926093316 0.260044295176582
0.022514167189949294 0.015751924616854596 0.25988724313643596
0.022462737075883435 0.01565183709144219 0.25985933467850664
0.0231629993460587 0.014531123649085043 0.26017899516040743
0.02320479366762035 0.014472024900289038 0.26011512972549977
0.02322694187796011 0.014428320172227171 0.2600449913535213
0.023275698352284824 0.0143584776987693 0.25995406672037547
0.023320768527633096 0.014286167054514853 0.25988964883604526
0.023344643622946942 0.014231501423130288 0.259803090556435
0.023397064875072454 0.014132771609150385 0.259840645013655
0.02349366582685619 0.013924376882733958 0.2597151012734036
0.02351643243118348 0.013876468752552384 0.25963208874127797
0.023565779775230222 0.013772183369707647 0.25967024148246987
0.023587169686924134 0.013722014786045733 0.2596127279928254
0.023624838520028488 0.013636462398885052 0.2596447140610998
0.02363410221347334 0.01360746082489045 0.25959291976132076
0.023652232837027366 0.013543652769784253 0.2595117713830677
0.023679281329147074 0.013496017184359554 0.25962722191565757
0.023696035822742628 0.013451922396511662 0.2595494213068617
0.02374859668618534 0.013307909821767494 0.25950936856476203
0.02376782716493278 0.013252163594185684 0.259431238639013
0.023800809481609328 0.013173270452001729 0.259471001906019
0.02381311137480078 0.013122054189378674 0.25941648634707637
0.02382383138603837 0.01308315404796545 0.2593203432310612
0.02384305602946593 0.01303901550705483 0.2594402783897569
0.023856083263011744 0.012994967177194228 0.2593816206066192
0.023863682361704178 0.012962008783490908 0.2593021852594269
0.02389235171140853 0.012849535651826338 0.2593336497781914
0.023893308030783433 0.012820636171237965 0.2592680290720463
0.023910478248412047 0.012785429137451676 0.2593555503368827
0.0239244045427687 0.012717969007741248 0.2592897062739389
0.023927292975193026 0.012674407311790203 0.2592233069922862
0.023953995482087535 0.012603448677932616 0.25926531927390273
0.023980335848411388 0.012523139094430591 0.25930713560922336
0.02398056779429053 0.012471427930349721 0.2592196651850188
0.024014874977514235 0.012366896527265081 0.25925933250088984
0.024022711081865503 0.012313454136156532 0.2592068647412541
0.02405623235294746 0.012190019178124956 0.2591692108766344
0.024080509000166436 0.012118248113938246 0.259196998838872
0.024097479092618668 0.012033592718616704 0.2591347194265023
0.024127593292018357 0.011963075717380256 0.2591743611776132
0.02412792258552135 0.011926369801120107 0.25909161413792425
0.02416039305868866 0.011839317356149681 0.25913624143559033
0.024168976906294756 0.011792218617592165 0.25906212558245106
0.02419254601636378 0.011724729238973775 0.2591171215188851
0.024205923001639387 0.011651674631108666 0.25903890167015975
0.02422677734561099 0.011587104086226818 0.25909298439541634
0.024230713997357413 0.011522198270634276 0.25900249221246496
0.02425557022064226 0.011450918121739095 0.25905409173898886
0.024256818215277476 0.01141551901093979 0.2589897805108556
0.024277876547575385 0.011321815364728038 0.259026670214398
0.024290522797322703 0.011255173848352562 0.25904583181043056
0.024314213410180155 0.011145207890862818 0.259108561748704
0.024304274099183787 0.011145550716236075 0.2590239675747457
0.02432858498105537 0.011063308843701991 0.259140345136263
0.0243258890200036 0.011030479147056294 0.2590609634726866
0.02433527165515699 0.010962452243669929 0.25910308529569126
0.024322369434151343 0.010910542215328556 0.2590325913821191
0.024298813120649874 0.010809214175165172 0.25900335836190436
0.024274823159672998 0.010773522407535041 0.2589437525400766
0.024288397332069278 0.010758144704557104 0.2590596795472616
0.02424589677670963 0.010690553224488808 0.2589810273939771
0.024210625340893813 0.010644057081804048 0.2589290800318599
0.024200136521722045 0.01058960388668223 0.2589834904124265
0.02416921521377083 0.010567405439711908 0.2588908804450003
0.027159474285405882 0.0049095264574020026 0.2593053247797906
0.0271755184360195 0.004874150675377276 0.25927588466468854
0.027238638375818067 0.004765617362387342 0.2592854717482521
0.027291958362757447 0.004661123988149218 0.25924074750501513
0.027329272448549463 0.00458208727106163 0.2592933936506815
0.02737448323187916 0.004465122832257196 0.25931923756149006
0.02741764254755496 0.0043649661839745835 0.2593491852337733
0.02749538380732812 0.0042043701066151185 0.25942371927006297
0.027498961806521255 0.004178676493549527 0.25937327199491944
0.027546630835027223 0.004076330897142544 0.25940584382350484
0.027582901839749277 0.004007030623296048 0.2594438219272127
0.027616673001244887 0.0039525568774057 0.2595399301337297
0.02771233087628279 0.0037763993426063736 0.2596387497612167
0.027704532046926675 0.0037562439182415863 0.2595545737929755
0.02774836566691828 0.003707550892409983 0.2596842481015096
0.027787794271353153 0.0036285057160449496 0.25971510332385106
0.027828650565678154 0.0035319438467046327 0.259733323398042
0.027861116249204447 0.0034553572286308287 0.25977478714636737
0.027898914945002393 0.003369805491864164 0.25982851840572524
0.027944594157964672 0.003272389283258237 0.2598634584129375
0.027975845330720547 0.0031926959969045265 0.259900473096666
0.0280106607815225 0.003120175846945128 0.2599424314466733
0.028046118564466947 0.0030489785204989017 0.2599787047155579
0.028079458588135493 0.0029612238853325423 0.26000458782450175
0.02810510305856659 0.0028827084665882796 0.26004564613493597
0.02812994150850174 0.0027966792818292507 0.26008064431738187
0.02815730922530725 0.0027188637325507026 0.2601345678796467
0.028171354356822262 0.002660235076838935 0.26016864351918817
0.028188057332983178 0.0025662998049417185 0.2602191194518786
0.028203900484542917 0.0024793736323786564 0.2602634092122323
0.028224199502660446 0.002398046833870404 0.26029275194400453
0.028239878025044213 0.0023385724568713573 0.26033214016199474
0.02825650655671101 0.002285956029165981 0.2604520520995578
0.028256265854107177 0.0022678481453939914 0.2603902023848652
0.028273096824960015 0.0022128194353989716 0.26048478400832575
0.028273374987474065 0.002185248597036782 0.2604349417150637
0.028285066493996126 0.0021112337356499755 0.26045260917297774
0.028298519691302947 0.002032058874422038 0.2605115385436833
0.028280378441196227 0.0015142103509409033 0.2607971736918583
0.028265267635156514 0.0014596630221598295 0.26088096889973844
0.02824897143980675 0.001391324973117003 0.2609081634372441
0.027587582261953222 0.0005396815193082216 0.2615797893304338
0.028299107385633508 -0.00011327601255473052 0.2627614584457767
0.028433058913130776 -0.00023766376603334693 0.262749734501658
0.02850147025190694 -0.00030311710261732294 0.26287401770429164
0.028519335172800128 -0.0003431755988556051 0.26281292529411976
0.028926870332396437 -0.0007057359969024346 0.2630004996997858
0.029018607237666014 -0.0007783261782986495 0.2630595356496505
0.029142570513701685 -0.0008833257964496743 0.2630846359481074
0.029325896284299838 -0.0010522893251874166 0.2632253431234436
0.029409525168319232 -0.0011090944140332848 0.26335276943406616
0.029468317500536634 -0.0011876368955660577 0.26336722186870953
0.02951135877802636 -0.0012476662048278575 0.2634647417285413
0.02955771551391735 -0.0013209303914664683 0.26351012337344
0.02960431343534349 -0.0014188830826890597 0.26352874932042314
0.029634962357396363 -0.001456651819791266 0.2636407184727585
0.029642025910899282 -0.0014814188514449822 0.26358258247483146
0.02966542580649207 -0.0015180457017684446 0.2637094645950125
0.029699993575826637 -0.0015893689854954984 0.26374165220476575
0.029729694787176963 -0.0016694429686119894 0.26377892859370267
0.0297606049014474 -0.0017497580361932608 0.26380839914943555
0.029786495908655328 -0.0018058057915393833 0.2639189439990054
0.0297860718637634 -0.0018177435436378397 0.2638719815527237
0.029807164910090826 -0.0019111013134601174 0.2638873855525434
0.029829084048334162 -0.001994343067562465 0.26393082164643583
0.029849822396426216 -0.0020791868131387337 0.26397984168677646
0.02986241481857084 -0.0021416071751269583 0.2639873403475769
0.022487880105223818 0.01638941931709459 0.26003650841887815
0.022360595068598665 0.016891199534981305 0.26032297581752734
0.022390386754976052 0.01681277331964187 0.26028654038600363
0.022415156277196674 0.01674002967295951 0.2602611994026699
0.022442116021063274 0.016658108135774397 0.2602436770096861
0.022468061045950574 0.016573696171264085 0.2602308565755633
0.0224767355967527 0.01650060664553693 0.2601800072747091
0.022485428790954012 0.016417831796863402 0.2601595342338592
0.022504750882575725 0.016344929379212336 0.26012860700029383
0.022325732473705173 0.01702904996554999 0.260440310647264
0.02235811701491716 0.01692891185905976 0.260429688527935
0.023519612304922707 0.0138566417378011 0.25956826235105374
0.02356217502613034 0.013770008470362916 0.2595477273020793
0.023597998574802714 0.013685193043713184 0.25952403980827465
0.022230909705394264 0.017371177198386323 0.26066874285572333
0.022253925976697397 0.0172984328090941 0.26063638804956113
0.022277872209820263 0.017210547610754245 0.26061070734801306
0.022293928783979747 0.0171343944902973 0.26060803190955834
0.0223286652032417 0.016995369617859857 0.26053663589201803
0.02343427010885582 0.01405675709156412 0.25971450688858866
0.023469947865470422 0.013972868160891938 0.25967684352451126
0.02350764729866503 0.013897095212913213 0.25968326582872553
0.023549761721846918 0.013810917068213191 0.2596709152523776
0.023582536702233037 0.013734026100444552 0.2596440564523992
0.023616906803723775 0.013654711631786387 0.25960469410763937
0.023650609805703472 0.01356175938649895 0.25958450357883045
0.023676091339077054 0.013503326311545216 0.25957266893019265
0.023710530082896836 0.013405494134030749 0.2595395180061195
0.02217082733070344 0.01758185892460873 0.26080468088089465
0.022196438016237788 0.017504266348692843 0.26081128576160567
0.022289643653982102 0.017197369714564592 0.260714282289743
0.023369308423537904 0.014184023261152146 0.2598428605193088
0.02341545574644463 0.014103220567278807 0.25981356322504207
0.023450164547445584 0.014028535811129228 0.2597922585557896
0.022072292622090484 0.01786261858822874 0.26099442490578745
0.02210193610956962 0.017784854401748873 0.2609669397343089
0.02200353047874984 0.01806608010001015 0.26115141746537807
0.02509930374589344 0.009778630379329245 0.25880988059171484
0.02513207714570851 0.009706985673018531 0.2588011902682333
0.025168650822240908 0.009620061747286857 0.25877843730094774
0.025219748310715308 0.00952322060368549 0.2587735823161294
0.025248838027843175 0.009447765582660084 0.25872865641091336
0.025278423837110806 0.00937701791864759 0.25872195213416266
0.025325130981218254 0.009274634852450614 0.25869859749339397
0.025343863902974398 0.009207204336069363 0.2586954635337517
0.02543518394476492 0.008985424091472904 0.2586146092742838
0.02546339055369813 0.008919168827521695 0.25860217310882805
0.025497031761101824 0.008818644329555814 0.25857960658111234
0.02314426875238601 0.014558763339666936 0.26022395621983896
0.023198966378677424 0.014484246927746747 0.26018999378128355
0.02491306964050973 0.01005234588597137 0.2589598849870357
0.024985374903185954 0.009966746243358915 0.2589882702063221
0.025040365113114096 0.009894461827645251 0.2589551220697682
0.025084448004371228 0.009823491358855296 0.2589178796026353
0.025125882214529584 0.009740719351376215 0.2589024052882261
0.025322974995766273 0.009282614243075471 0.2587981451259725
0.02535886682816753 0.009189523692797297 0.2587641820413689
0.025385813154302363 0.009101215302486754 0.25872038408698067
0.025427834704986545 0.009000404068843781 0.25871540089026773
0.025543235261073376 0.008710357457688056 0.25863849222682894
0.025575695739370963 0.008620067401873377 0.25860416756266935
0.02564002912742687 0.008448357634738723 0.2585768261736809
0.025665897271544398 0.008372175590206254 0.25855786310929857
0.025684324730589687 0.008333373204663042 0.25852579270348114
0.025715248307503276 0.00824889829641079 0.25849486602298294
0.025739748984126017 0.008161324863583563 0.25846852600764725
0.02576851842746327 0.008074435779555467 0.25845915643418726
0.025799679667548446 0.00798468919043438 0.2584433760204579
0.021860996826028586 0.018396359967002618 0.2614355280334698
0.023057534236704452 0.01469391880002724 0.2603293732826148
0.023118910373893714 0.014604381099817043 0.2603099416145239
0.02317432923377824 0.014525659816752579 0.26032115864897076
0.025821886112580454 0.007949399135936508 0.25853582516730406
0.025842165236589762 0.007880485706617035 0.25850911587886644
0.025858302905177766 0.007812637101484332 0.25847770924049035
0.025875802447410452 0.007750652356324439 0.2584627696190388
0.021804268085042086 0.018512901966368844 0.2615629022762734
0.025897894535296728 0.007696324688273248 0.25853624968597494
0.025916335392483003 0.007637808745060259 0.25850508479906453
0.025932458218890876 0.0075909716920287695 0.25851414439794873
0.025971917576219035 0.007468051356726235 0.2585545035764384
0.026001032567723806 0.007369611074715343 0.25853807867012824
0.026011119105929015 0.007342102724832211 0.2586303909528091
0.026037072921239503 0.0072573638894956605 0.25860492914304156
0.02605862301383008 0.007189900987755404 0.2585796545352679
0.02607803555701714 0.007152646768440796 0.2586600477844265
0.026099737120026736 0.007077191074977118 0.2586367820910809
0.026125070636290403 0.007002290317948079 0.2586148623773465
0.026149476563564034 0.006912858610820971 0.2585853967198068
0.02617934201190801 0.00680802650680018 0.25865139559602285
0.026196165457620012 0.006731256049804513 0.25862544933025966
0.02621484133180753 0.006646718142901464 0.25858836018198433
0.026250420123986762 0.00653719325831098 0.25866858245135194
0.026263308674517545 0.00647280495167879 0.2586201204277226
0.026295193784899265 0.006348313732922883 0.2586890123945157
0.026303503942739233 0.006278177849878663 0.2586535351498893
0.02631432240652392 0.006259222628586247 0.25873604099711905
0.02632128696109208 0.006181235337004876 0.2587010068504695
0.02632725994802028 0.0061069350491129715 0.25868454718624634
0.026325906054129877 0.006022462499249925 0.2586499956784505
0.02631156197158807 0.005940229641989869 0.2586094849948857
0.027281821820010287 0.004690133127877749 0.2592849527220528
0.027584524440823793 0.004018196501569038 0.259487829009917
0.02778930030725732 0.003624821519251087 0.25969108062937607
0.027844312323855952 0.003502611939254885 0.25976011865575943
0.027883844686918173 0.0034101027457638655 0.2598288249174126
0.02793518446455376 0.003308119127538589 0.2598954741090507
0.019654450195102688 0.023048059846492608 0.2657500496070283
0.019708331464444173 0.022997412926559546 0.26583835954030566
0.019853231881427333 0.022826220907934125 0.2658302538807371
0.01990932058875297 0.02275962373720314 0.26582637472346127
0.02002879838324556 0.02256738630290389 0.2657822984182936
0.019750695101538762 0.022949068770005354 0.2659462849375909
0.019827885548529683 0.022866512307545495 0.26591876326795677
0.0198968397115349 0.02278449524100018 0.2659112783564974
0.028020529228806546 0.0001380061686091505 0.26270263891102474
0.02811812930732626 4.614350969861514e-05 0.2627199382916737
0.02820693151198265 -3.66130712492474e-05 0.262708680309706
0.028362613996570633 -0.00016061026004848822 0.26279988603848664
0.028428489973995205 -0.00022548522585169595 0.26280582529015506
0.028479325988912674 -0.0002942826994773995 0.2628108946796683
0.02854314612592078 -0.0003471847596218658 0.2628885079848726
0.028606111900886896 -0.00041490498657764663 0.26288615361787215
0.02869026128107445 -0.0005028615960188665 0.2628922421291561
0.02881849837586524 -0.0006120731126602053 0.2629779117150808
0.02891380107244327 -0.0007031942153106208 0.26296753932978456
0.028958617829561765 -0.0007277684965416586 0.2630556170362906
0.029072029876249073 -0.0008244269886477085 0.2630697509554207
0.029117417910396876 -0.0008742729969001828 0.2630365314684064
0.029191250572579736 -0.0009191713069216512 0.2631560194822496
0.029257899151105084 -0.0009965138135987206 0.2631519782273126
0.029252201683135963 -0.0009678180789219337 0.26321383453475256
0.02931053238420986 -0.001028597415645316 0.26323901492275
0.029426085706998895 -0.001140937331442382 0.26331496506699675
0.029465291533689264 -0.001173617637156843 0.263441617997764
0.029506186921268086 -0.0012479724371995404 0.2634037163475969
0.02953941758741977 -0.0012914973254780637 0.26347559709486246
0.02957528884963849 -0.0013619761716227585 0.26347432124496983
0.029554990651370322 -0.0013151859002340505 0.2635736302387742
0.029594695952930038 -0.001388438656020008 0.26357796984680004
0.029634515195202875 -0.001472316805964824 0.26355382186952137
0.029612268806997792 -0.0014125610389373322 0.2636485623757412
0.029658947883035483 -0.001510255847868569 0.2636269153813039
0.029673387536627627 -0.0015328895744703974 0.2637391673288338
0.02970594294976847 -0.0016145619250705345 0.26369729821345417
0.029720676918693456 -0.0016417857729200125 0.26380786862436045
0.029745762265049956 -0.0017177988028365676 0.2637759537237483
0.0297620815375053 -0.001737072545352547 0.2638672564197433
0.029797373584487627 -0.001853298859319119 0.26390452136119696
0.027228749627751292 0.004781687173878779 0.2592816886648138
0.027130914816573738 0.004956538025572277 0.259317418071245
0.027028702574259184 0.005103729067903462 0.25929695008945675
0.027081888616754354 0.005043122123442267 0.2593400101633859
0.026886487718068418 0.005242849909738834 0.2592917011137802
0.029440742011600678 -0.001141058552371843 0.26339735952215554
0.029491192725076817 -0.0012165972981279527 0.26344394400883664
0.029530015476189754 -0.0012701094373342992 0.2635184303663365
0.02826429532191399 -8.884307019207949e-05 0.2627141605214343
0.028121860881284003 3.6964714927201214e-05 0.26269423325554575
0.028197284699369184 -1.9511954566620027e-05 0.26275165290695834
0.02824047731393485 -5.58905508896701e-05 0.2627873689394443
0.02510626634733959 0.009764602370885833 0.25877477791289666
0.028045099640804753 0.0001213502941062039 0.2627138047293459
0.025090019626094008 0.009803873290510134 0.25886996677527363
0.027861538394509486 0.0002447278151673782 0.26269138781039336
0.02497498542886245 0.00997057245523647 0.2588849094138234
0.025030409539299768 0.009902713849465117 0.2589194810626849
0.027637111319475348 0.0003376530755619944 0.2626393374177703
0.0248425859301439 0.010105938083257882 0.2588675427103523
0.02495985157723009 0.009997777775056171 0.25896078635701614
0.024677336751109176 0.01020458756067849 0.25881794716284057
0.02475603146642398 0.010180461937406182 0.25890612662634116
0.024831325751890017 0.010123890080297793 0.25893427858292445
0.0234821701345791 0.013952994973694899 0.2597102077339049
0.0234370233229525 0.014057375651708948 0.25976605328124114
0.02346365116452069 0.01399694644766264 0.25977363251284846
0.023345282792215552 0.014221118541944688 0.2597557042562953
0.02338414347785539 0.014158308703687172 0.25980536227004597
0.02333628971465554 0.014255145059851593 0.2598718126144575
0.02326693132302475 0.014369746379950699 0.26000282766604293
0.023201627491543725 0.014469318158453814 0.260054378933919
0.023249624050448656 0.014391929468455689 0.26008880541781837
0.02317929133167987 0.01450882559344302 0.26013294124831404
0.023227697288287677 0.014433579882864256 0.26014980704222895
0.02317259794838275 0.014521109832025758 0.26021055102993
0.023160689075198512 0.01454549292665186 0.260271756045541
0.02308868352210877 0.014643747436568988 0.2603069374071573
0.022899433249579076 0.01484658647642717 0.26024878093153464
0.0229714734230224 0.014801891881271123 0.26029218435045637
0.023024334436970703 0.014745137950592346 0.26035491597849886
0.022861632009328697 0.014875312658913176 0.26031153933555606
0.02293882506851755 0.01483779663644158 0.26037272854270055
0.02240334645420039 0.01678925017203331 0.26031698054241914
0.02236508455405334 0.016895884189001564 0.26036314300360086
0.02234201945731773 0.016995721582333756 0.2604365093794498
0.022293354386821493 0.017125919675569534 0.2605728578753394
0.022310892081896266 0.01706468855561627 0.26061250653736895
0.022242935414154147 0.017321696258108255 0.26060238632644384
0.022270624417154605 0.017250256459339197 0.26063663014580835
0.02229581023320297 0.017159137224347643 0.2606632725084013
0.02221552302447799 0.017409319599434314 0.26066536167358145
0.022246688288897046 0.01733508886093138 0.26072180974843795
0.02220808913497263 0.01744590648081823 0.26076426595456775
0.022147362918960106 0.017670800947452048 0.2608584738781534
0.022112135816097334 0.01776054780293923 0.26090974678770656
0.02204664792341826 0.017959538103234918 0.2610402980944817
0.022065536754640264 0.017896329071928563 0.2610579843523215
0.022004606451865888 0.018057516474065227 0.26109669166166055
0.02203142560131438 0.01800557181778384 0.2611208940232535
0.02194584624904035 0.018167570586975323 0.26112709685686586
0.021982417064042956 0.01810905012586922 0.26116893898064053
0.021938652551651977 0.018211472650413063 0.26123140781143817
0.02189926362070173 0.018286521485940066 0.2612616877817922
0.021854989104533026 0.018383785340889525 0.261322250746865
0.02189590314503087 0.01831217081244696 0.2613754153921294
0.021806673147488576 0.018493158742526772 0.2613675029270244
0.02185051101228158 0.018424184079555705 0.26142521277435066
0.02180171953802676 0.01852873280458034 0.26146410255881614
0.021740385911148324 0.018605537282690765 0.26151757020563293
0.02178423888242058 0.018548392909418454 0.2615808105789233
0.02171424545835432 0.01864316705722041 0.26158788841022157
0.0217578802585532 0.018586701374971648 0.2616298908368156
0.018394882147545782 0.023687288239128412 0.2662914733684407
0.018449623933865178 0.02367038432810953 0.2661980304129929
0.021709839594876643 0.018663369224591886 0.2616885133902241
0.018608477022379374 0.023629823790674964 0.26622170166924425
0.01849832062090566 0.02365610194737361 0.26614502546632
0.018671308568338665 0.023608846030382158 0.26618953534670864
0.018529794681634168 0.023642677334173245 0.26607927810316623
0.02166033278686824 0.01874825669871788 0.26173408009843663
0.018705722504158306 0.023594883666778366 0.2661022189557846
0.018774184865726712 0.02356709435780202 0.26602700615464614
0.01880008969965552 0.023554296356529114 0.26595793811831575
0.021586308804139448 0.01889262511643841 0.2618695140592656
0.01897302660880104 0.02349080453172303 0.26595603293118825
0.018836188857875635 0.02353512079962672 0.2658839775329119
0.021478918027005203 0.019037445145400345 0.26186435274180125
0.0215267035206798 0.01898817253682694 0.2618923752959076
0.019084940439386938 0.02344735272323878 0.2659686809611942
0.018972477961391038 0.023483026654139927 0.26588951230200963
0.01913549997188893 0.02341958316819137 0.2659008999042118
0.021398073187874234 0.019117798355056725 0.2618973968923245
0.021458911371088032 0.019075181925686024 0.26194727132676676
0.021523705647972027 0.01900751091075853 0.2619904225205134
0.01923456983918373 0.023368462912579158 0.2658748887861978
0.0193539605897097 0.02330012419501687 0.26583564779015045
0.02139067108374801 0.019136585924861893 0.2619807089189192
0.0193879284589496 0.02326855729111421 0.2657724834692303
0.019811270822495813 0.02288498456888527 0.26597259118394667
0.019761037239958076 0.02293962327027893 0.2658916377417998
0.019694490107616924 0.02301117883928777 0.2658721589040266
0.019638679727236805 0.02306841076971694 0.26579076570172333
0.01955867962432753 0.023134796275984526 0.26574025572258947
0.019819030157464224 0.02287302399623209 0.2658768973240462
0.019732171038664315 0.022969938604006812 0.26578843938103835
0.0196753674487046 0.023021769078881094 0.26572279957876876
0.021204309038131017 0.01926658595487646 0.26207447095201186
0.02125072355845238 0.01923884789706798 0.26208317129984104
0.017971370824635458 0.02373484652747998 0.2662343892202399
0.01793054772696992 0.023733648601755974 0.2661538979972964
0.017888220450148234 0.023729052052036625 0.26607262587743025
0.017844901938575797 0.02372306187035167 0.2659909967651079
0.01779955272803871 0.02371514800265706 0.2659086189246302
0.0180641268063622 0.023728187252423705 0.26621801555816843
0.0180232962618192 0.023727806309051358 0.2661373714157
0.01798071779504823 0.023724905281206132 0.26605589580336797
0.01793862989268752 0.023719844642034693 0.265974677728372
0.01789550384983099 0.023713121883350397 0.2658932955709712
0.018192166990417022 0.023718565115276036 0.2662803881310183
0.01815416506405887 0.02371899420570167 0.2662005327625421
0.01811468082046802 0.023718498140703093 0.266120549241567
0.01807224341445128 0.02371658584865416 0.2660391124027918
0.018318083175059924 0.023701540452270187 0.26632176328170704
0.01827765567500629 0.023705280207029056 0.26625924655775446
0.01823982678984501 0.023706865738373217 0.26618113918846187
0.01820230017213635 0.023706415212545406 0.2661023015414281
0.0181617794441718 0.023704889274833996 0.2660217139820946
0.01837093698909366 0.023687754919233306 0.26623317071587344
0.018325404610820425 0.023690349676205202 0.26616142085061195
0.018444665791341325 0.023674362036117724 0.26623998934483956
0.01841875214901456 0.023671401370488898 0.2661406617026628
0.018529247495472856 0.023651675362913904 0.26620580024299195
0.01848134580062813 0.023656977889304653 0.2661089675365087
0.01861552774763378 0.023624455549202394 0.2661612943116056
0.01856893482867522 0.023635276970171537 0.2661129393464921
0.018680157385753293 0.023603901576270014 0.2661369669921225
0.01864698183723422 0.023609558160309574 0.2660729672090177
0.018717253201935305 0.023588465829005756 0.26606101605580057
0.01868918130319827 0.023590228567190952 0.26598903815741926
0.018748490285765113 0.0235693908254892 0.2659444523927891
0.018837214015514983 0.023539094786828918 0.26592624776093976
0.028076798387168776 8.651411629545525e-05 0.2627210732638946
0.01971870509003397 0.01941837094601906 0.26230018816881717
0.01983936185994606 0.019438134213615677 0.26228190289528114
0.01994745302658403 0.019458666282877013 0.26228840956314464
0.020054239400784296 0.019474127733596858 0.26226462128185324
0.020155183242023186 0.01948733233187061 0.2622752890323361
0.02025798675303918 0.019485752023635228 0.26225644285106064
0.020342636297717723 0.019481147050685488 0.2622281393599359
0.020449595988744268 0.01947007965532116 0.2622178131285152
0.020400696415390024 0.019461718536875894 0.26215492098254994
0.020546339497469965 0.01946124285799672 0.2622173655433368
0.02709801189520046 0.0049997382050506745 0.2592917961517592
0.020630263653513337 0.019451352718584503 0.26219095398952386
0.02060795950231889 0.019443571835255802 0.2621209495339934
0.020717872444587837 0.01943503089699239 0.2621751727992525
0.02066055272378027 0.01942959911704989 0.26209141361006594
0.020801183164706707 0.01941461418032081 0.26215952207103854
0.02075917136873319 0.019409808936507678 0.2620718187989732
0.020875760970334722 0.019396919995593453 0.26215409497839653
0.02084521362851592 0.019388023988007486 0.262035976648503
0.020952843853312447 0.01937548033121267 0.26211893168442285
0.020919848695330534 0.01937377612476593 0.262046656442257
0.021023767484318973 0.019351306748308983 0.2620943000999336
0.02112303908929701 0.019309499185734214 0.26207063206755565
0.021082798939203784 0.019314481922956317 0.2620053400247767
0.021169189166927838 0.01928149528333417 0.2620432499002741
0.021238909117394122 0.019237186097303127 0.2620083196391779
0.027050327920712325 0.005088649664707345 0.25934108475712325
0.021311624716498903 0.01918964312831567 0.261965620900945
0.02139665655456796 0.01913307540012571 0.26202488764745613
0.021359905406344887 0.0191527281463707 0.2619330846427705
0.021437425044468522 0.01909757385473232 0.2619919145264951
0.021427909825093003 0.019095896672068347 0.26190566282008565
0.021499449833553633 0.019031572128357932 0.2619385097265746
0.026986322169894203 0.00515144442933152 0.2592928087600025
0.026892023200096794 0.005222033532995385 0.25923540134115197
0.026932278290694757 0.005207064441666742 0.2593165665281828
0.02679783710367664 0.005274509588458265 0.2591970171224652
0.026830541729110292 0.005276880342022894 0.2592912053335257
0.022053283600623114 0.01794084458289097 0.2610677812344985
0.022035109673947645 0.017980068544690808 0.261015657894142
0.022066709752310426 0.017875614492203762 0.26096777035749097
0.022100246604618817 0.01779054733241353 0.26093087439480583
0.022129769259019327 0.017718213394983973 0.26089172568635866
0.022162536696960194 0.017621420746405714 0.26083609903724153
0.026706363768167915 0.005315814028468868 0.25916808811062036
0.026744975274458238 0.005317295590580584 0.25925079288590996
0.022182513126148454 0.01753941527080205 0.2607853907425758
0.026617393272629873 0.005353110874634415 0.2591769425552566
0.026668330991971426 0.0053492924873115855 0.2592582109086701
0.026544482345962087 0.0053769843413233875 0.2591831122036011
0.026592445898197488 0.005375328404373048 0.25928082078628334
0.026501917880380484 0.0053940489118594614 0.2592268746030117
0.026506171951081944 0.0053968666120303155 0.2592957090554916
0.02212754928659595 0.015040861112225301 0.26014886611744303
0.022165349352069083 0.015038685545970876 0.2601354434253993
0.022316202544094485 0.015014581683953032 0.26020251455250754
0.022271313812969123 0.015014163982860429 0.26013961432084065
0.02237856759327711 0.015009702629291188 0.26019380849335
0.022360475410321434 0.01500297994630706 0.2601281904299117
0.02246687988162252 0.014998998021148902 0.2601773702607285
0.02245192276014696 0.01498788751601654 0.26008589598514864
0.02258018745227368 0.014975128328012344 0.2602136880192318
0.022547456691018944 0.014980290159304632 0.260143695433443
0.022540960667235516 0.014972711883495637 0.26007625118453503
0.022694392209014758 0.014936906185040955 0.2602766172948067
0.02266045890319575 0.014948234599826193 0.26019691989914884
0.0226312368242938 0.014952650356574781 0.2601226469020571
0.022813498555069686 0.014893702767935335 0.26032514609017443
0.022771983408093777 0.014906671558109208 0.26025873358267027
0.02273354733779634 0.014920107658704718 0.26019283216006894
0.02270065784593331 0.014921636754579026 0.26008381055766466
0.022876577112282317 0.014864551892622369 0.2602759941656093
0.022812200977778183 0.014883939633437648 0.2602008241914681
0.022777325067316445 0.014894825337152917 0.2601465201020817
0.02640549263818314 0.005404857638685312 0.2592325135560694
0.02296465442683196 0.014817329773321342 0.26034433835490467
0.02293197037115037 0.014823129932287571 0.26024521184805527
0.02616946488261595 0.005403010200940694 0.2589992303681289
0.026262050329184244 0.005407923134743697 0.25920442004395394
0.02628807789108014 0.005417791506541092 0.259277220175546
0.02300686023723615 0.014762372083621522 0.26030666452564644
0.023083234448021545 0.014666519133265665 0.26037383503133893
0.026145614151879 0.0054362556603111956 0.2591465324674844
0.026169227335829937 0.005412321896176631 0.25921367296255304
0.026201911315329597 0.005418235813703709 0.25926366247608884
0.026128856182945692 0.005428684265428363 0.2592165673342064
0.026115088048141208 0.005432976614044904 0.25930530422172987
0.02370668511159344 0.013422613468911215 0.2595849375004906
0.023694085938401402 0.01344685543953622 0.2595079119320403
0.023730743004894445 0.013350930539194561 0.25952468133186735
0.023773456257140835 0.013246239097893908 0.2594836588380264
0.02375877099096365 0.013265945616244779 0.25941259686653817
0.023802873969899843 0.013158637419984742 0.25943202648476293
0.023784367987427432 0.01319256653409523 0.25937604343886145
0.023829817245110116 0.01307468036316256 0.25940913224027423
0.027593777795851225 0.0003522898187351964 0.26265128854238684
0.027654112080757513 0.0003292028767140631 0.26261867317679083
0.027793912880162884 0.0002826101813738213 0.2626874767568325
0.027927005142192263 0.0002008974232251548 0.2627054744384508
0.02822742962684826 -5.121796618950958e-05 0.2627313040501293
0.028139056012449155 1.868771472107733e-05 0.2626836117430509
0.019796503136272958 0.01944197237937212 0.26234118948641894
0.01988861469334112 0.01945747057840075 0.2623375517011934
0.01989237430004695 0.019444701274402232 0.2622730524598582
0.020022804887629295 0.019476396457144496 0.262300826573955
0.020102797242682713 0.01948712285979176 0.26229768628427796
0.02019364127676078 0.019480423703325145 0.2622399167025324
0.02031142895325827 0.01948642685796048 0.2622544794014493
0.020301775496411878 0.019474351634022224 0.2622015420362168
0.020368632220319816 0.019485577117355934 0.2622612116431556
0.020369311773889898 0.01947315369821412 0.26219768950792877
0.020573492181044484 0.019450918497495473 0.2621437325456052
0.022132098756189697 0.017705382093248623 0.26085059886130846
0.022183347411814713 0.015036917935144167 0.2601088913144219
0.02223897093003803 0.015020697738257593 0.2601719857027098
0.022237586640572057 0.015007345337434141 0.2600786531658594
0.022300076815164688 0.015013018191499916 0.2601654580718621
0.022316878655888273 0.015002482864149846 0.26011124264208485
0.02241579988462848 0.01499751657331122 0.26012058267740795
0.022490344820999347 0.014988031294213167 0.26011373703339913
0.022587074188185466 0.014960690230445661 0.2600706424820517
0.022640611292594315 0.014943661272017406 0.26007246734543393
0.02423435970248139 0.010308058975578405 0.25880834744473935
0.024269269811249626 0.010285230166736103 0.25872266312649717
0.02428773087915609 0.0102762023967099 0.258662468680407
0.024337675942850925 0.010282130088796415 0.25875511404445206
0.0243746154182206 0.010269494498784115 0.25867406266923576
0.024429119401955503 0.010279887221548933 0.2587829479578222
0.024430999970358636 0.010267517012020944 0.2586896135896682
0.024505681594682013 0.010258206277982629 0.2588151891152298
0.02451751735989157 0.010252599468889345 0.2587387037639938
0.024584877307293126 0.010238016825075469 0.2588366168074837
0.024609180499410944 0.010219429907731892 0.2587495529329057
0.0246639921906667 0.010212992861371117 0.25884214850426757
0.024668860775396463 0.010198400300890531 0.25877998037930505
0.024731503156736126 0.010198038310346325 0.2589224623154336
0.024717517552579255 0.01019230976911506 0.25886024810169006
0.0247864005624159 0.010159235833404279 0.2589399208243274
0.02480050802131288 0.010139433836127032 0.2588708437144624
0.024874367969206494 0.010084148831413287 0.25891135130080073
0.024938717725722467 0.010017248957102431 0.25891655782108997
0.02500065254433933 0.009943502735263121 0.2589352782379477
0.02499939268877545 0.009941928199230787 0.2588851800822906
0.027506786800558805 0.00037192552773768206 0.2626388312645942
0.027679784605250106 0.00031862475557842274 0.26262839581734865
0.02773930625097977 0.0002992151365361906 0.2626507594324023
0.027551680012933052 0.0003592850458089547 0.26263412771281597
0.024765161189680945 0.0101660688328708 0.2588742732686675
0.024705822150121348 0.010188265945208275 0.2588102097658908
0.024670679334970705 0.010213356289845876 0.25887662229896435
0.024622892061864285 0.010223934045181404 0.2588066855488174
0.02454220925693673 0.010248734749268684 0.25885186926563886
0.02456399924332446 0.010233609120057274 0.2587232981136094
0.02451175443774399 0.010256275101753531 0.2587788133769484
0.024421312502495386 0.01028123549893517 0.25882698717294816
0.024464973332306524 0.010265115188046459 0.258714485212445
0.02438848707445415 0.010282661240140878 0.2587723777457773
0.02430398666597907 0.010287260379261365 0.25882054608586597
0.024184450009375615 0.011745801143761558 0.2590755824433121
0.02416643984642118 0.011811570828511475 0.2591034257889848
0.02414097887339481 0.011899179343355437 0.2591197325047601
0.02411417205577241 0.011995832387264593 0.2591534401571859
0.024099426201875628 0.01205764235191259 0.2592008883875329
0.02218036111991073 0.017575296507031435 0.26086284561624945
0.02215204033609025 0.017670675620171106 0.2609137387482072
0.022121705552284626 0.017737065179485256 0.2609334458308312
0.02209353543959522 0.017805473737337263 0.2609546744074125
0.022068099238071445 0.01787530250805297 0.2609988113061751
0.022051745424780597 0.017938144509266785 0.26103025915942923
0.022030248350414366 0.01800497571298515 0.261065280194583
0.022157341393745936 0.01761574833801366 0.26079693746669663
0.02212692933296173 0.01770032163462615 0.26082036328917857
0.022535830404754223 0.016197930010984185 0.2600623823965451
0.02251694270560156 0.01631114770530373 0.2601203633021406
0.02249181377760559 0.016383767054831744 0.2601350603070027
0.022474319201271797 0.016473201111144142 0.260143822599534
0.022500664691148364 0.01633812971327736 0.2599876107624618
0.01972109418680547 0.019569369235208522 0.2636199401510769
0.019756855215179295 0.01965739316635262 0.2635728774248959
0.02431314098973989 0.010827565553320762 0.25905306067560435
0.02425731076548171 0.010699884593498188 0.2590313961433433
0.024290066083761525 0.010796617310230572 0.25897825968186944
0.024223626519579114 0.01064768440953423 0.25897633066620834
0.024255722494946452 0.010731495577325556 0.2589345010186044
0.024187180867331654 0.010592252112379186 0.25892707925643793
0.02628164537658515 0.006415018239547043 0.2586858224684694
0.02632570628946948 0.006152328351129166 0.25872759398841766
0.026313658045331423 0.0062349298409302145 0.2586932248075162
0.02629724693072437 0.006321683508554721 0.25865671558442055
0.026331299739606573 0.006033882173363148 0.2586859924296945
0.02632269081197612 0.006129505095657906 0.2586570932394487
0.02630990575944943 0.006197008259466508 0.25860687795285464
0.026188955926614833 0.005581051823783989 0.25885792150839537
0.02631357219047585 0.0059241587719519595 0.2586365751454251
0.026169112583596818 0.005583084477183198 0.25881618068355894
0.02624635986725795 0.005688582313493118 0.258717266691622
0.026290053154581938 0.005813319251966431 0.2586588974203988
0.026217974880967658 0.005656498217086081 0.25865650884512426
0.024183680632852297 0.010552766293303484 0.2589454290943257
0.022372612877347445 0.015527109926981586 0.2598581147670832
0.022083921570063864 0.015170572126605553 0.25993280999117335
0.022495410924779913 0.015701359561172745 0.25987965429193993
0.02211270308440158 0.015232458874589794 0.2598839807032781
0.02210251481993565 0.015189450360815426 0.2599399936554418
0.02210031644506577 0.015182619947896658 0.259970052238364
0.024278360795846887 0.010754972054090428 0.25898999479907614
0.022516485994263855 0.01574774348410546 0.2600009841416868
0.022200443699574135 0.01530213630089261 0.25987983037642814
0.022252733904736838 0.015377018827573918 0.25981291285225194
0.022546196694436096 0.01580822536518517 0.2600151764267858
0.02231166152456668 0.015444710604304801 0.259824367636589
0.024230042884836323 0.010666851511618114 0.25895922887523226
0.024227729520885227 0.010694423084137816 0.2588981543687993
0.02236815004738371 0.016894055732775026 0.2603957461337952
0.022400009988969988 0.01680358970320145 0.2603492405834242
0.022416594649416213 0.016729010038055603 0.26029849052938847
0.02244393845213706 0.01665208615861874 0.26026685442619696
0.02247117586215805 0.01655228507376455 0.26021165638223465
0.02632996608968373 0.00606730058892746 0.2586833164291229
0.026329917329711287 0.005996420924131773 0.2587020002949145
0.026280504903353666 0.005770192109677108 0.2586761600330758
0.026245900919183135 0.0056978940946043055 0.2586720257621532
0.026226753077915124 0.005656383814472643 0.25880722122109384
0.026186698014706696 0.005606111655860169 0.258734614526638
0.02616628939068969 0.0055538727435593405 0.2588511098604817
0.026174940355484302 0.005580331871442024 0.25884002244600346
0.024627882601039278 0.010226436609413803 0.2588705733151816
0.022287297608099443 0.017172562271011493 0.2606103336744897
0.022332000663697796 0.01700319896082314 0.2604733568323513
0.022147471208322916 0.015023352177988447 0.260188357174109
0.02214887568944346 0.015038488291231722 0.2600861294068015
0.02227170225366877 0.015016017205389698 0.2601680217948586
0.024269250143278416 0.010289930612567055 0.25877318661432375
0.02431536002585015 0.010279272601311895 0.25870744496523196
0.024378863403472832 0.01028254272921758 0.2588121754430977
0.02440456278706688 0.010277552846962357 0.25873300552735967
0.024456752486371636 0.01027343543809367 0.2588351553302508
0.024479348247952448 0.010268098996568664 0.2587758225117569
0.0245552023696428 0.010243276920253175 0.25878898188674093
0.026148883415642872 0.005416489805133373 0.2592069433231607
0.026167437096690546 0.0054286445063503885 0.25910787362871324
0.026235070468138465 0.00541650833568319 0.25925580310558693
0.026351855948466035 0.005415679640244753 0.25927767659292966
0.026455495884120467 0.005404044694997168 0.2592507654523624
0.026471842494957813 0.0053897507955712465 0.2591889610831533
0.02655694321194846 0.0053824351854077634 0.2592293786884215
0.026570957777315128 0.005360238604636303 0.2591425965752896
0.02249260534151415 0.016372739253616653 0.26007441132410153
0.02247037070079165 0.016451997323673417 0.2600892885813357
0.02245465133663513 0.01653409750906193 0.26009922559042725
0.024177469390486768 0.01056169969573384 0.2589200300256559
0.022204533803974844 0.01746810299302548 0.26079635822571406
0.02217718169937105 0.017537027029564944 0.2607495362729477
0.02225709943037532 0.017295998233855192 0.26073099639134534
0.022231147922661953 0.01737932553527627 0.26071951056158504
0.022212522481963093 0.017425309458588445 0.26069744572178066
0.022284518479144436 0.017208329972123126 0.26065645581883967
0.02226487260219087 0.017275189754675624 0.2606693976771205
0.02223628328303809 0.017346934875195563 0.2606279896125442
0.026184100576324643 0.005411216218960235 0.25916771102291725
0.026201704596609497 0.00541322415495521 0.25922690459742376
0.02613804460394331 0.005425643609958841 0.25918313937982856
0.026157278413535816 0.005420870306242442 0.2592596735129993
0.02219604300858788 0.01502821006059013 0.26016552880150706
0.022188901665790475 0.015021667674485206 0.26007436756299473
0.022272090063276406 0.015016540227078767 0.26020092218166513
0.022267910174016303 0.015008205909530614 0.26010403028222673
0.027622489546962364 0.0003570114653045353 0.2622346163677678
0.022083311548862436 0.015169092681787621 0.2599409297028163
0.022069556255811446 0.015176803435798192 0.2599112015430066
0.02622103140611591 0.005677329014467936 0.2586159628929902
0.026193251619038044 0.005613079653874031 0.25871806547911413
0.026176061141001523 0.005596504834591232 0.2587754504373403
0.0262716272738399 0.005759199581693575 0.25865728611396116
0.02624647763820781 0.0056838767907747 0.2587526414677478
0.026200565346424246 0.005618013788003029 0.2588260453860974
0.022392912550901534 0.015567850364530178 0.2598229769996249
0.022340567099668016 0.015476350477827139 0.2598661972329479
0.0223334791054378 0.015487243367892423 0.25979717977005756
0.022295549944703133 0.015413610755514229 0.25985013120970113
0.02229337468731643 0.015433385683721379 0.25979315330723274
0.022241494794665292 0.015340641635582242 0.25985514599690873
0.022180652952523416 0.015298350663613014 0.259838441158248
0.027469533830505835 0.00038226866928559033 0.2626511127728547
0.02240043142822823 0.01676584700382805 0.26022637100406065
0.022426679473784655 0.016698949008287056 0.26025034800965063
0.02242175724997908 0.016678421984416048 0.2601534633178577
0.0224540872036844 0.016625795432126056 0.26024791089319704
0.022456349909962398 0.016611713824903396 0.26019471510484565
0.02244653261385479 0.016572555627721752 0.26010837395364517
0.022474747071054693 0.016523427476153874 0.2601879619434957
0.022203513887353463 0.015021997856269342 0.2602031983142189
0.02222056598368248 0.015024778134505368 0.26012382096440345
0.02233647760880457 0.015010327814696356 0.260160517809213
0.022568771339211535 0.01601135524855679 0.25994277441787217
0.02257681484927683 0.015944694651728597 0.25998310589164075
0.022569933068342415 0.015850071115715403 0.26003047648614336
0.022525316198059475 0.01577476628336455 0.2599997383402858
0.02428433640663101 0.010795826168071287 0.2589592380364605
0.02423512180144087 0.01068533296872931 0.2589408087436048
0.024227234449908736 0.010645317322318215 0.25901458061309524
0.022493755056576192 0.01570157600689248 0.2598202522199917
0.02256107996398833 0.016046174710400263 0.2599410955122453
0.022590111723664236 0.015980202564250923 0.2600051489739985
0.02628260658670052 0.005782129156743532 0.2586675110773907
0.026204594179971924 0.005632499617273301 0.258690745231439
0.026211430729160295 0.0056164673806378684 0.25885829698578267
0.02250242468956183 0.015727906263177993 0.2599463197906347
0.022512142451121542 0.015733164171957803 0.2598422313930799
0.02240449003285927 0.015576917688474856 0.25985305378382806
0.022465946709375878 0.015670257345088034 0.25978682346965953
0.022320926189722257 0.015450356469291437 0.2598522900306144
0.02222372611953552 0.015334949516553675 0.25983169353296365
0.02623058842242757 0.005653261038878421 0.25884757045782836
0.02623277495555406 0.005663545269786685 0.25877494567233805
0.026179949793470672 0.005483201949794181 0.2589139257852497
0.026180688066184933 0.005537619665466675 0.2590157997317443
0.02617345041596937 0.0054035239419071845 0.2588790929135441
0.026155931631554177 0.005495671126645174 0.25885802682616443
0.026149745086236395 0.005487611624715949 0.25910104288074864
0.02617368392414387 0.005454575245078808 0.2589741708627143
0.026200654235545004 0.0055678305258875516 0.258943255392932
0.026204245428244094 0.0055860195781003985 0.25888551647092445
0.026172431873729293 0.005438010506566948 0.25904389789626514
0.02216579594993416 0.017570257995634164 0.26075866199504893
0.022157324282643553 0.01759942511490392 0.2607713857408348
0.02418324696254115 0.01042498925956381 0.2589090821855337
0.024206997672540753 0.010349849105779463 0.2588648991541327
0.02416980528513074 0.010510853004055465 0.2589041983253538
0.022099607318999237 0.015101975105361098 0.26009812592735837
0.022094526108025314 0.015062680782240767 0.26014750399501557
0.02212097922698475 0.015053487838004698 0.2601082116525862
0.02242132544788769 0.01561108191477184 0.2598027305740502
