0.029518400559195794 -0.001637097041811919 0.26228928977250987
0.029516024389966193 -0.0014826872763662458 0.26228938904388666
0.02951252462423616 -0.0013828922379234831 0.2623051396642565
0.029500135411570705 -0.0012681099771850168 0.2622978644165419
0.029482953640186674 -0.0011343069652614557 0.2623148533668418
0.029470506227815656 -0.0010241567062857504 0.2623480158919697
0.02944865381169022 -0.0009119394886595855 0.2623446202362578
0.02943427942468324 -0.0008387361140581584 0.2623959182239878
0.02950439478403131 -0.0013300868903330376 0.2621510901048151
0.029402045609562083 -0.0007323188673394321 0.2622911226102268
0.02938579213891257 -0.0006580687987258194 0.262297813604376
0.029369344433257706 -0.000595792253255123 0.2623286149203046
0.029307040678018953 -0.00043236375620175904 0.262279902356894
0.029275266638049753 -0.0003507029317479926 0.2621897369298526
0.02921467101723635 -0.000222093265297707 0.26213369277642184
0.029149399091593094 -8.942236159842354e-05 0.2620594985506731
0.028581094692716642 0.0005420352828451325 0.2617135026131371
0.028236161932533727 0.0008558990452743331 0.2616468877455297
0.027803185637313425 0.0039347153351278474 0.25987061826870184
0.0277758008548391 0.004021531156809421 0.2597518202758964
0.027767302147052107 0.004097007493685523 0.25977406997561825
0.02774835619575647 0.00419316554515986 0.25980623775400236
0.027734295198471856 0.004208197577127981 0.25969311411425244
0.02771617009929482 0.004297185945495052 0.25970021999035553
0.027594559662671297 0.004773224022856903 0.2595121512159515
0.02755849052820275 0.00487959088533485 0.25951520190526545
0.027494153711214157 0.00502268666567135 0.25947490989948685
0.02737428498940845 0.0053126346242585165 0.2594793397238411
0.0273509137210493 0.005358350033410175 0.2594015902924517
0.02731494454459766 0.00545127517607874 0.25942773545463166
0.027278709650012695 0.005516079120728989 0.25934223613725316
0.0272551230488723 0.005582041356221534 0.2593732373539304
0.02719009097406592 0.005712036424156686 0.25931890584135336
0.027125147098708252 0.005841340837737519 0.2592872379983252
0.02705883449770634 0.005979440353289789 0.2592351014530563
0.027041657087951435 0.006019269748809342 0.25926629924218725
0.026976221770677808 0.00615758474724315 0.2592236670822423
0.026942205243537236 0.006233533667088786 0.25924556740999255
0.026877994097873614 0.00637296358867967 0.25919825228621873
0.026819802416908914 0.006519209212514865 0.2591545452710431
0.019473785947475022 0.02260715941236971 0.2692525763144295
0.019441664207989248 0.022668768289121344 0.269323586737311
0.019408274093885042 0.022725915838846367 0.2693636696855625
0.019389067951531433 0.022758624779182723 0.2694087667754682
0.019268559145065672 0.022916961224426907 0.26943487007548267
0.019243454397416287 0.022941428036871186 0.26949845134736583
0.019188293738524403 0.02299960581275179 0.2695520963350553
0.0191449904803737 0.02305715283330889 0.26949297842948905
0.019118374111760844 0.023075901747528854 0.26954248269736
0.019077056478844404 0.023138261321070303 0.2694510262060763
0.019024587307621993 0.023190084851048676 0.26936816910311095
0.018998524744426953 0.023213861113293044 0.2694262892093857
0.01894678708162914 0.02325646422644323 0.26935689709097066
0.01889105971393873 0.02330529990825178 0.2694088271677335
0.01880080476020142 0.023365350504470528 0.26940358173928175
0.018734308904721136 0.02340106926165575 0.26945094559669525
0.018698081233063657 0.023417928652966463 0.26952157988957703
0.018680838418960885 0.023426433856714002 0.2696008347586453
0.018592615285925318 0.023467244229756407 0.2696666933871577
0.018538233245818464 0.023484576838847665 0.2697235009533431
0.01848495730004332 0.02351263096802725 0.26967475710001015
0.018429765230426193 0.02352459216013389 0.26975404113014717
0.018462618231144964 0.02352614430930164 0.2696039646427258
0.018418232784923938 0.023537850090310147 0.26967467252244753
0.018321470943346144 0.023566196434616188 0.26975343554726855
0.018287426380094424 0.023587748108836154 0.2696761453438058
0.018247867571037524 0.023590510099381012 0.26976541642330093
0.018176418658909274 0.023624911934784026 0.26968137062640074
0.02566378442468733 0.008720009200984702 0.2589680978272121
0.02563907310305351 0.008813492365999376 0.25900169094320247
0.02561755675066979 0.00889265449198473 0.2590057051915234
0.02559956537617207 0.008973396317826843 0.25904922286728127
0.025382408284799124 0.009612214005662423 0.25904143371618554
0.024947956236965427 0.010775437701025348 0.25938493202852403
0.024917000909488903 0.010850279056432044 0.2594180520424388
0.024891274259162585 0.010923758877368517 0.2594460128646392
0.02476854336329562 0.011197090030369172 0.25960239226033777
0.024744765744703773 0.011250929107537833 0.2596329244945129
0.024706203244080883 0.011334715038875065 0.25969436282013836
0.024679930815918814 0.011395976428980326 0.2597388488314323
0.024550122055623208 0.011656904099911158 0.259804394928899
0.021010221622100547 0.01986857908022288 0.26467824279852614
0.020988317429638775 0.01990114935872761 0.26471143431416977
0.020946269179513866 0.019971015519710644 0.26478661924823854
0.020928570721003306 0.019995206977045654 0.26484480232961416
0.020870159337619598 0.020058627241801658 0.2649063463805816
0.020841952993300647 0.020078854585859146 0.26493862457744166
0.021234631481610824 0.019559353546233393 0.2642551528277357
0.021202030722513865 0.01961298919660781 0.2643189495205591
0.0211645805906297 0.01967129053193717 0.26434384023611085
0.021124153906802653 0.01971624008339007 0.2644121717263546
0.02109103823521702 0.019751027278919142 0.2644810572220896
0.021058064621582717 0.01979712104811812 0.2645296041802324
0.020841737873329894 0.02009572763407974 0.26481484993113985
0.02079592801302227 0.020130781719629925 0.2648705335731259
0.020738221228595796 0.02016591308548521 0.26494672424620536
0.020685511248115185 0.02019414188923338 0.2649919648871898
0.022588178478818832 0.01599814065135438 0.26224286911995576
0.022547456334980898 0.016049669582376774 0.2622948724483966
0.021334774056215026 0.01937555242144376 0.26400927703718746
0.021311027262473553 0.019417925150344822 0.2640334599243699
0.021267399546417057 0.019496325837698225 0.26409570363179646
0.02123214222353509 0.01956725778770882 0.2641420480128031
0.021219416501763705 0.019599304519334504 0.2641844984956921
0.021178915481575467 0.019673861972732687 0.2642214842889983
0.021138385599788936 0.019712009190333973 0.26429479162131675
0.02069917133559021 0.020200178250361606 0.26485848405053336
0.02064519212567094 0.020226065522951142 0.26491051086779493
0.020595833088320234 0.020248930309384683 0.2649909586699598
0.020554219795998058 0.020267636753312335 0.26505067131064575
0.02315712923892385 0.014979679072147811 0.26130964996838624
0.02312397292317704 0.015051081793694632 0.26136107563300814
0.02310312358266374 0.015107910776659683 0.26138913516606427
0.023068204752579147 0.015179497670681497 0.26143357532256517
0.023048241376002324 0.01522711902766588 0.26145517144385155
0.02266600927738059 0.015906673292091805 0.26201296637837845
0.022626908501083627 0.01596148922683055 0.2620646420273022
0.02258592795454592 0.016023444415285498 0.2620820233600756
0.0223989176592813 0.016245361923453605 0.262389748580091
0.022381433221765598 0.016250106309267348 0.26244951220069757
0.021501939307518994 0.019003267472506996 0.2636236630709574
0.021470062370094536 0.019075506826253724 0.2636642682717413
0.021445407420964097 0.019140919998044154 0.2637001371738668
0.021425786925112933 0.019205206096294253 0.2637561324612965
0.0214017352694846 0.019258078639348586 0.26379449119631865
0.02136317452365432 0.019317273281182906 0.2638363933151091
0.021335661918730597 0.019368796716223297 0.26389974264511296
0.020511574553292583 0.02029130897172282 0.2649751348760587
0.0204552324754064 0.02031213445031138 0.2650507520811184
0.02359619778927044 0.013566640140100839 0.26057282873741094
0.02355521495773861 0.013703531717671635 0.2606429926940397
0.02352526019027723 0.013795396315067487 0.26067449690727584
0.023502855445024874 0.01386001893563693 0.2606937305393021
0.023488027105286427 0.013920368895654955 0.26074131408757695
0.02346296372709529 0.013999072365270093 0.26074543198075095
0.02344060394546965 0.014076741042579388 0.2608132000457275
0.02341626210553309 0.014158071574620068 0.26084172179158016
0.023397305875538052 0.014230660890448554 0.2608513837775009
0.023377633969397668 0.014313162724539585 0.2609208163907343
0.023348115726328424 0.01440475612074843 0.2608996182776805
0.02332821057333656 0.014479999993721127 0.2609621953386887
0.0233126920856203 0.014536432701390711 0.2610022440658106
0.023289702275698584 0.014620748407940809 0.2610194700714047
0.023265678663802344 0.01470855885902611 0.26103853374239566
0.023248239930782365 0.01475768061636673 0.2610686198562428
0.02320711610050144 0.014859177289973824 0.26111433952738905
0.023177764210116164 0.01493126763613889 0.26113978491833933
0.023155095740800484 0.014982396190897473 0.2611874263738921
0.02313558198846638 0.01502559194429215 0.26124409801899356
0.023105032538251642 0.015101361155196169 0.2612724027813236
0.023082820330620042 0.015158971795389442 0.2613033431832062
0.023043516377364397 0.015247923298133903 0.26135537410111054
0.023023288406382944 0.015299190312406563 0.2613768532919134
0.02299714986347342 0.015357411621581774 0.26141386803941336
0.022965008609462323 0.015426557550663689 0.26147048506584536
0.022940789215703417 0.015475249996257656 0.261492267967581
0.022895058057861975 0.015552037720351852 0.2615661035852118
0.022875540761571653 0.015590033789311952 0.26161626512515124
0.022852314409744064 0.01563725916777875 0.26165463414402645
0.02281587022693983 0.015704572739659695 0.26167400839705357
0.022770483216687093 0.0157792545757581 0.26173078596971466
0.0227492497610087 0.01581431905330749 0.26178517488103065
0.022706171992221066 0.01588591984124696 0.26183390957198815
0.022680445585210637 0.015918690299842442 0.2618639250517574
0.02264165124213082 0.01597197214665802 0.2619398865890307
0.0223196004793475 0.016311006143279405 0.26237947846466725
0.021576307339389894 0.01880411428501466 0.26337279919283374
0.021526435481042362 0.018944714396119583 0.2634430454980907
0.021505080177176464 0.019007221789814815 0.26350649968967976
0.020360821470816026 0.020342996620824894 0.2650342424462518
0.023613571568997127 0.013477787045049205 0.2604194039168057
0.023602558832378537 0.013528347272696528 0.26044954636382683
0.023572720278348072 0.013627273900745751 0.2604828823842278
0.02348648524889828 0.013903508583891944 0.26065742961543736
0.02325994878267032 0.014706974159165997 0.26092532050912076
0.02324533080361775 0.01476243764041002 0.26097371490483673
0.022840984491449126 0.015653502652864748 0.2615527908362263
0.022689881762098685 0.01591033364535946 0.26174683703917034
0.022263385589337215 0.01634407861262105 0.26228761990538846
0.022235330280353877 0.01635437416196661 0.26234028643082463
0.02173151521632602 0.018340228517320922 0.26298658881963255
0.02166656384782635 0.018531745521593312 0.26312109635475434
0.021651682329125725 0.01858534268546075 0.26313219917090735
0.020241081677778522 0.020368932187324773 0.2650766408536943
0.022176834026910605 0.016387869808643624 0.26227377537244495
0.02179642251412653 0.018173559195194394 0.26279826122459105
0.021767500490802283 0.018256524923972672 0.26282552545234666
0.021736135712803806 0.01833450965861702 0.26286954614593006
0.021718543226224768 0.01839506736870014 0.2629029773823035
0.022114323725824038 0.016420407854585928 0.2622134176320604
0.02188181357746248 0.017835143713584967 0.2624892240646743
0.021861029585743208 0.017909667449786393 0.2625235994458474
0.02185717362515499 0.017969394344447498 0.26257146510286866
0.02184715144957479 0.018028405628935817 0.26260077081391064
0.02182468260831602 0.01809966281662148 0.2626509161235181
0.021800592787896297 0.018167619990130585 0.26269424269181973
0.021891445501881983 0.017798465248970413 0.26238476999263544
0.01928911110525064 0.02096488944979305 0.26672077947730616
0.019274663175438966 0.020800511885135875 0.2666323660464173
0.019268445276164503 0.020680653629700785 0.2665989992031043
0.01930579397084589 0.02110894217985715 0.2668661572423069
0.019252437339035686 0.02056623539488253 0.26660694442745314
0.01943268490503519 0.02161271885506058 0.2680175573934453
0.01920557615544881 0.02044132900186499 0.2665966811065393
0.019339253532001055 0.021418016601966794 0.2672266766349405
0.029324745809396882 -0.002910220634389782 0.2626209488744533
0.029358722321987316 -0.002791561681046828 0.2626321211787699
0.029401808782625008 -0.002532753317396663 0.26249275769784874
0.029389494821167407 -0.0026284967327922515 0.26257063067751174
0.029381570483097988 -0.0027132798721907214 0.262651742678103
0.029458043470620796 -0.0021936670528546753 0.2622963472201116
0.02945001244355098 -0.0022936659930357095 0.26240046805648387
0.029432452865039142 -0.0024268228058871855 0.2624923838739134
0.029427900592770874 -0.002501669863644529 0.26259167093582103
0.029488711812491575 -0.001957703662992527 0.2621982614232209
0.02948318745076378 -0.0020592563265464103 0.26228936262163566
0.029473995544851084 -0.0021583088179010224 0.2623875644720364
0.029468803050164596 -0.0022381215445566593 0.26245559169792965
0.029454972928300974 -0.002361879162925018 0.2625617009785088
0.029498168642689546 -0.001924896208272353 0.2622851781257434
0.02949356331287794 -0.0020278609044738216 0.26238347883415125
0.029488896240230544 -0.0021160444623580243 0.2624637782609971
0.02950720532446629 -0.001796753101298565 0.26228817389235204
0.029507500646626043 -0.0018865910363423666 0.2623782533689929
0.029516472952031497 -0.0017007982332877258 0.2623055141225793
0.029517593443301016 -0.0017545775449907541 0.2623828907342398
0.02950999803208313 -0.0013930384272874408 0.26217274812195307
0.02951247165090251 -0.0014518170348714055 0.26222631187182577
0.029520803308718264 -0.001552675599118425 0.2623366828353808
0.029522463221151485 -0.0016470416155400236 0.2623676383298112
0.027796117002865252 0.003258823904456476 0.25980386493880747
0.029507336493775828 -0.0013451499451327398 0.2622386395978112
0.029519369353325615 -0.0014414578884861529 0.2623726193490354
0.027825334295361125 0.003368559320378328 0.259769530750137
0.0278206386620478 0.0033013722459070416 0.259852530411894
0.02780585082020129 0.0032200478630875495 0.25992424354453053
0.02767714617053113 0.0014014343902030713 0.2615732007923682
0.02774627247958665 0.001340440159081413 0.2615771518765533
0.027858366837374124 0.0012424491687514916 0.26158519847001793
0.027914760220548424 0.001195013513714649 0.2615801979335087
0.027970042595073054 0.0011483366564474795 0.2615775482236041
0.029492136861723847 -0.0012021641848370956 0.26231687254827435
0.027847998069471226 0.0034871526719221224 0.25979349805521473
0.027848643721312537 0.0034162877248181678 0.2598741994511484
0.027834848774005543 0.003325431742998819 0.25995753780124276
0.02830044821494923 0.0007947526813391614 0.2616800956989549
0.02783985147425442 0.0036364469078739026 0.25981803539406667
0.02881732172284114 0.0003258208778326721 0.26181573111505163
0.028877622289060448 0.0002591433930819176 0.2618308405141443
0.029455687275338996 -0.0009472970401757097 0.2623442257240403
0.019349106682806372 0.02144471701638248 0.2673269787245959
0.02782837766514072 0.0037506246399209853 0.25986517953059524
0.028877725592770125 0.00027212867365600246 0.2619110886145377
0.02891624285171044 0.0002304763380754915 0.2619381859798047
0.028975260289987197 0.000166986234208355 0.2619334229460875
0.029030455285866757 0.00010493239688796896 0.26197089212013314
0.029074546149563188 3.98612218558414e-05 0.2620023304632581
0.029371274989157974 -0.0006120083044099944 0.2622742768283354
0.029397722791716617 -0.0007018590794455326 0.2623145548330691
0.029420644326334934 -0.00078704709820826 0.26238781604320116
0.027759217821189675 0.004099770715061457 0.2597173296435521
0.027782956036086104 0.003991682636139249 0.2597736110192322
0.02780314622160647 0.003923136646230119 0.25983263328601375
0.027818426325677784 0.003849251512288543 0.2598900981378973
0.029246647413674644 -0.00029013602783034553 0.2622220720507894
0.029282573243812567 -0.00036873499373180074 0.2622495305319588
0.029311974015720277 -0.0004468289499082734 0.2623015351040649
0.029343312074793543 -0.0005265108571727573 0.26233220802059104
0.027665726915765368 0.004524328845555925 0.25957922376773956
0.027688805248172438 0.004427207843131331 0.2596252161547329
0.027707473074602612 0.004333950673104103 0.25967510832841667
0.02772467262509737 0.0042706944954470916 0.25972559516383936
0.027747379503148373 0.00418706832093535 0.2597650896941659
0.027767081175877208 0.004106752892740317 0.2598141172984876
0.027534559967163905 0.00492913604299855 0.25949952128664083
0.027573523768893493 0.004844871554132657 0.25952330505991067
0.027602222096783258 0.004764982631303705 0.2595494688896296
0.027625265601694808 0.004687956715575148 0.25959639528825096
0.027656385466512397 0.0045916882818054505 0.2596232594609214
0.027444280111211715 0.005140640598466362 0.2594564774970124
0.02746553711322887 0.005098083550588883 0.25952339421720394
0.027499359464089414 0.005017223769525514 0.2595368709856838
0.027534435070956285 0.004943615221934594 0.25956639153995475
0.027096409028744814 0.0058955286527431205 0.25925651491677915
0.02714142256833938 0.005801739327103983 0.2592725785698292
0.027165826361674063 0.005760523749342217 0.2593121945984117
0.027208524217321194 0.0056760163696883414 0.25933673945341573
0.027233228797589416 0.005625131039789344 0.25935171273010593
0.027277826070091667 0.00553722738921919 0.25938559291903396
0.027305785545056062 0.005473758056167233 0.259412846229322
0.02733380208478612 0.005409219117850916 0.259470678278763
0.027412280149246813 0.005229407284245369 0.2595291131826639
0.026932735528832186 0.006251624279867196 0.2592112864249906
0.026958618882639562 0.006194542171391149 0.25924051750755017
0.02675417063675349 0.006656056844010716 0.25913998420007966
0.026799193741430784 0.006571176626637809 0.2591643333282766
0.02683193081080494 0.006492590658981556 0.2592151682235388
0.026720414575851913 0.0067170636627145175 0.25921741155522016
0.02674376513393876 0.006678442850494126 0.2592381540285653
0.025791758178939223 0.008114146732449978 0.2589069045167629
0.026625876715541445 0.0068682433055283765 0.2592714458440244
0.025767373812063656 0.008293766759721766 0.2589103923033066
0.025782019902533912 0.008218532248290777 0.25893792645344194
0.025751882032954303 0.008399281214573784 0.25896603458936057
0.025708704286310752 0.008563674074562044 0.2589615611477693
0.025731102785122535 0.00849017736097768 0.25901707492662895
0.02565520436156625 0.00875112818162882 0.25897699178923744
0.025680582871591896 0.008668643523211672 0.25902789461582576
0.02561377571794253 0.008906540259571438 0.2589997750861245
0.025631290379393212 0.008846791285673783 0.25902057408014917
0.02534178270837671 0.009730317775202224 0.2590623954732885
0.025289068902926662 0.009897692836028982 0.25909043168965606
0.025316764220586326 0.009803602330854921 0.25912093389803215
0.025233002754067688 0.01005396139855963 0.2591406753302161
0.025169611380661545 0.010224383966296824 0.2591680221670266
0.025198527513309595 0.01015216758889348 0.25920969299864083
0.025145400644291785 0.010306356169360209 0.2592319121354831
0.0250754762774058 0.010460416285561713 0.25927424824432166
0.025093231105912425 0.010410975248913434 0.25929840273375626
0.02504085613031621 0.010550770075095639 0.25932371993352216
0.024942345368804804 0.010790715024446507 0.2593789061387499
0.024970467339227566 0.010709209728624935 0.2593915872480305
0.024883547545013915 0.010936061446779666 0.25941995462267337
0.02491209491119485 0.010866357392565862 0.25943868141925697
0.024661581225066315 0.01142821179126341 0.259692648582147
0.02462325112639241 0.0115072564870633 0.25979232747360126
0.024656208509060945 0.011448186928515958 0.2598035905273907
0.024552321782057615 0.011650650929077688 0.25983962224299106
0.024573982653935525 0.011606083994449956 0.2598571239619746
0.024453142151332208 0.011801123588874418 0.2599383597480378
0.024490359283693225 0.011750572075796606 0.2599346495345173
0.023738710943179392 0.012913087143107682 0.26034608606920717
0.023683354392546027 0.0132003976420067 0.2603273719402037
0.023702345171791428 0.013108006676014361 0.26033470832941524
0.02372325551455986 0.013022222137731188 0.2603986053806527
0.02366196381457264 0.013293996106391315 0.2603616158000739
0.023687237404291933 0.013206594211147005 0.2603885437069811
0.023636007378376456 0.013404056831119171 0.2604268221586009
0.02365914526779196 0.013332570538484079 0.26045278048941556
0.023591922340029062 0.013567635702646297 0.2604666574480291
0.02362178968594629 0.01348178238849601 0.2605048212082902
0.02356898806314621 0.013647078860266393 0.26053253084289546
0.023593210271445272 0.013578540989368726 0.26054275872038485
0.023537243157958243 0.013745456052383198 0.26059523948397323
0.02350399945158333 0.013847484258298959 0.2606485880292586
0.023451830808846552 0.014013567924166082 0.26070111460488593
0.023485089937033632 0.013921336810199081 0.2607009331974915
0.0234240118301298 0.014111052315587902 0.2607669471230838
0.02345222301825752 0.014033017769265743 0.26076898649669233
0.023400687229630172 0.014199127645052323 0.26080529491247595
0.023353909970650774 0.014371645886808782 0.26084596596979726
0.02338146417557218 0.014288989534448404 0.2608594515734407
0.023317434558222022 0.014502708193026403 0.2608978347530593
0.02333143897982963 0.01445575986522446 0.2608929497564327
0.023353855968524163 0.014394448154376405 0.2609409620843365
0.023283547520875643 0.014630057395839224 0.2609435189039524
0.023311980168513317 0.014535766422113405 0.2609764812661577
0.023255025375968262 0.014740233999214314 0.26101909831463144
0.023279074352120746 0.014659170927379284 0.261050903509658
0.023199532949520124 0.014874726008581862 0.26105793814113976
0.02322365019209259 0.014816366758149013 0.2610863181305622
0.023255673603888014 0.014728243018158615 0.26110520139688687
0.02319370990526469 0.014896419477659517 0.261159200859131
0.023221556667563634 0.014824710128504448 0.2611801525481613
0.023151296617026064 0.01499247456473235 0.2612306462748567
0.022983133787247187 0.015384726687786121 0.261353705331982
0.023012524070735868 0.015315794152384987 0.26133212922483484
0.02294592219497625 0.015466352917824944 0.2614327928314387
0.022980739940639157 0.015391405446798179 0.26144386629402483
0.023009111495489308 0.015326814246673648 0.2614626831652275
0.0228933267823766 0.01555540020400109 0.261516591678675
0.02293457924207344 0.015472873099420803 0.2615627266944283
0.02281820925131843 0.01570104954342927 0.2615961120392871
0.022857934125521777 0.015625893230520826 0.2616121314774651
0.02288908463508974 0.015558570389955062 0.261636393286792
0.022778590964036144 0.015767731577558397 0.2616868994929204
0.022803349830903707 0.015723806582929017 0.26171563764105565
0.02267736156512075 0.015927473396115943 0.2617907368946557
0.022720975844205578 0.015866806545561357 0.26178185691696987
0.022757596034110844 0.01578846218563329 0.2618197924129962
0.022631890227918935 0.015991454996308274 0.2618832794731259
0.022658858374992465 0.015950389616449345 0.26188978742368363
0.022706758870304863 0.01587228206533764 0.26189132794572306
0.02260711192099745 0.016004297806787526 0.261996495348007
0.02264585431866542 0.015944784646651028 0.26199944575365725
0.019407507888447514 0.021580251832033825 0.2678061254326363
0.021914296020026397 0.01772082612049436 0.26242887248859664
0.021868128721174218 0.01788308663451116 0.26245300507046637
0.02184833581533259 0.017967238352408016 0.2625194258665573
0.02186492683686138 0.01789932056172361 0.26254312558835274
0.02182728401514515 0.01807652059160214 0.2625831686999238
0.02185559816436368 0.017994386762334225 0.26259741170325235
0.02180122661600145 0.01815652226914699 0.2626614283679519
0.021822557632874585 0.018099515826695 0.26270697235040974
0.0217925961223579 0.01818982916738504 0.26275702633607484
0.02181469046596668 0.018107982881871904 0.262744619417513
0.021758551807649504 0.018279126429947695 0.26285150855257533
0.021734102247272395 0.018358510921958726 0.2629246919388425
0.021661043340496643 0.01855566513418619 0.263081226557511
0.02168268319248451 0.018458912105185243 0.26309056826961763
0.021661444896005966 0.018566741489717542 0.26317919542400087
0.021634964861057288 0.018644087108823648 0.26325527728750464
0.021649238774734375 0.018593886409918298 0.2632729044999263
0.0216002421074415 0.01873312867101029 0.2633282049467616
0.02157049654340553 0.01883432995865958 0.2634422823139223
0.019422296721060148 0.021595709481258274 0.26791206914226745
0.021507839684142903 0.018999484072100947 0.26348970665999827
0.02146579965321209 0.01909181427276424 0.26359635315241514
0.02149439208920524 0.019024162276449874 0.2636048223553682
0.019335298798285605 0.02283828190535267 0.2694746067466831
0.019270815722319812 0.022912601263542554 0.2694614089130643
0.021430502049505494 0.019182625788109142 0.26367531383854015
0.02145615300879218 0.0191087610183642 0.263701145969273
0.021389804212711055 0.01927320724470105 0.26375090548094815
0.021429093316249467 0.019190173695064955 0.26379638769811026
0.02138102908009501 0.01928460054242162 0.26389180381101146
0.021300554845545883 0.019435852608652743 0.26397638337907925
0.021339092518231358 0.01936747172267178 0.26396428620930923
0.021294218516239638 0.019444858606566556 0.2640838381576259
0.021205809664223807 0.019605771822450352 0.2641208355742812
0.021249470592015235 0.019531708404858406 0.2641637048460151
0.019571365723359213 0.021924759211421757 0.2686092562280148
0.019543734862776246 0.021880316831569435 0.26850425867272654
0.021154843706677806 0.019700618753810822 0.264241231157601
0.02121530471451409 0.019607817939992972 0.26425668557399773
0.02110182508133565 0.019747002574210498 0.2643766513151551
0.02113847885567928 0.01970079777942893 0.26438764134543513
0.021082339571147246 0.019763463567894546 0.2645203529236347
0.019466713943061292 0.021687696789044975 0.26822751169867964
0.021022032930735596 0.01984999407109947 0.26461340102322495
0.021066261178403975 0.01978425354393107 0.2645950501296279
0.01946431582088773 0.02172532595467208 0.26805319677446415
0.025667604313525036 0.00871127363228169 0.2590059860574255
0.025700516972627874 0.00860042480822737 0.25902991712460904
0.025692221161207257 0.008622874355302124 0.25898359712623886
0.02564459814524838 0.00878897579727711 0.25898191848845276
0.025650831135959028 0.008779249379430587 0.2590553740935668
0.025721157324302822 0.008526845845952424 0.2589894973683843
0.025621220304190388 0.008885783521522528 0.25903418228829445
0.025739695851307726 0.00845097848013665 0.258959691576654
0.02558409151756575 0.009012208242440478 0.2590061320700315
0.02576774399265605 0.008322926500730188 0.25899657064032144
0.025757660225441723 0.008353209996049216 0.25891347471954296
0.019282495397418456 0.022897576312795737 0.26949070240457085
0.01937259325130994 0.022780176555126208 0.2694806813206333
0.019350517494793926 0.02281884064795814 0.26940755713380204
0.019421961990107373 0.022705650756349283 0.2694002582073746
0.01948994540904686 0.02257847534664645 0.2693007581354338
0.019517434562776076 0.022515885999168178 0.2692148516484291
0.019553908872166806 0.022414645428237456 0.26912991722282853
0.019579203749120228 0.022316019792765235 0.26907528262730884
0.019593042488805418 0.02223050531280213 0.2690200691361987
0.025774423874636347 0.008263576440856402 0.2589354468211533
0.019608027961232982 0.022125933524047625 0.2690536003755555
0.0196025100743068 0.022148548698197212 0.2689697255532185
0.019610213033402157 0.022040525674644845 0.2690110160436948
0.019607162870539444 0.022074453213207917 0.2689257177926368
0.019597185716172624 0.02209250935254542 0.2688385300508208
0.019607571697118353 0.021978825451424377 0.26897147728932425
0.01960516295357667 0.02199544052327032 0.26889871181439207
0.01959753413859988 0.022010455310920468 0.2688020425124712
0.019587564062223867 0.021930495311181658 0.26877325592672663
0.019579738739866626 0.021947090597201957 0.268668973983362
0.02578265083108646 0.00819580139083348 0.25890317284429964
0.019563037643935022 0.021876164734630166 0.26863275783899054
0.01955907448257077 0.021912682117705667 0.2685548089102916
0.01953680155034479 0.021824745248922223 0.2685576448402309
0.0195275616119695 0.021838157412323117 0.2684686850374449
0.019504925898208708 0.021773047248671518 0.26841107337584935
0.019510983514735777 0.0218058758322775 0.26834019924530483
0.019481621643494804 0.021720916613073238 0.26831055761766015
0.019481471186513333 0.021737098234542007 0.2682087429041393
0.019468717328308183 0.021720235697492707 0.26812920905382925
0.019453366822334964 0.021671952044494347 0.2680716620971808
0.0194521495780927 0.021692706575856785 0.2680074109692189
0.01943320106291807 0.02163178776095115 0.2679527823534285
0.019425117401132633 0.021646586156295416 0.26787516075973594
0.019412481132309506 0.021570016274985865 0.2678665782259333
0.019404422028630797 0.021602540072048287 0.26774920431242377
0.019399506203024525 0.021604887252730548 0.26769232535760346
0.025530811714166837 0.009162218967188995 0.2590752964966553
0.019394255764386137 0.021533467781073762 0.26773152231618913
0.01938644670938708 0.021537782102286962 0.26763766885012374
0.019375572311590955 0.021530493290232322 0.2675387818393923
0.019368300643677033 0.02145518486502901 0.26750875060666457
0.019360426296955224 0.021461042454551243 0.26741685901723067
0.019341684745848492 0.021442122358569654 0.26726572668868986
0.019344331684978927 0.02136896425875426 0.26726129649178154
0.019333346220709396 0.02129538870194922 0.26720475800563626
0.01932512306983912 0.021298679869650172 0.26710808833973776
0.019319794769593293 0.02122644869282353 0.2670689806779471
0.019313581564062432 0.0211479501947634 0.26695603115656996
0.01929759938231812 0.021021260164271555 0.26678858434071284
0.02564577670702438 0.007667836827788654 0.25878390343400837
0.01929305192733241 0.02087068547041493 0.2667144052329862
0.019294486239030822 0.020775510381704637 0.2667004091678626
0.01928420939730449 0.020702011318837116 0.2666506137746848
0.025798179005532808 0.008070160543525884 0.25895837539755767
0.01926716057227408 0.020633265346578 0.26661154670718246
0.019244438388848206 0.020515222153111995 0.2666185443179683
0.02578950156701617 0.007983526393805618 0.2589082600000931
0.025779892225963906 0.008015054995767712 0.2588413035969426
0.025512533433541124 0.00922098470690147 0.25913502495966423
0.02858966059865014 -0.0040359430487306724 0.2625651200566983
0.0286034133725276 -0.004062190067452398 0.26265167796343647
0.0286642127923594 -0.003958510182354491 0.26253698197364517
0.02867723668895112 -0.003986176565874466 0.2626246152135744
0.028735010464862133 -0.0038809407616604563 0.2625116896459273
0.02874809953374699 -0.003908966836088934 0.2625994472845
0.0287587599436131 -0.003934953465764446 0.2626890293080293
0.028816010215106484 -0.003829246254271168 0.2625762072696136
0.02882760887614705 -0.0038565613144198596 0.2626649036537064
0.028877847663302578 -0.0037505891836001615 0.26255829987912654
0.028890690672150096 -0.003778321431392395 0.2626461413053225
0.028899448089652592 -0.0038053775250124766 0.26273738689938986
0.02894736143570479 -0.003701017898375125 0.26263292423525475
0.028956703116680887 -0.0037280467587904598 0.2627238387786523
0.02900855109058377 -0.0036500647739516334 0.2627140441350776
0.029057811824479654 -0.0035723108293659878 0.2627071256672258
0.02910480386895732 -0.003494191457951268 0.26270141136363034
0.02915002796410076 -0.003415655053836286 0.26269685884266447
0.029189943104454864 -0.0033373068675227047 0.2626966921936877
0.029194365445203346 -0.003362678160866439 0.2627885795490548
0.029223812787371267 -0.003259404713669367 0.26270077689736776
0.02928351134564794 -0.0031045454489764257 0.2627192921931648
0.02930991783246531 -0.0030278802542709204 0.26273130118457655
0.029333454926754127 -0.0029192224030369363 0.2626804949619493
0.029342098233290176 -0.0028312410923329034 0.26259868597883057
0.029353026092053154 -0.00284283507528027 0.2626754244050737
0.029362665708315326 -0.0027461085865087 0.2625939267537686
0.029376286774947413 -0.0027567585029817376 0.2626889447169278
0.02938866238924634 -0.002664219932729306 0.2626197095186081
0.02940102906609513 -0.002567431497333239 0.2625411552502499
0.029409639853661393 -0.002583937342604148 0.2626121947125887
0.02941658030332682 -0.002475139432784601 0.2624753611787699
0.029424012487069884 -0.0024833235601008363 0.2625316413049681
0.029443647753040404 -0.0023753176831790013 0.2624874170019142
0.029443773088850572 -0.0024176744118115656 0.2625687330122104
0.029462529296331773 -0.0023020607048603314 0.26250733213562105
0.029478024237143532 -0.002226508381270531 0.2625078059598625
0.029481434588511046 -0.002172276801616191 0.2624670799992016
0.029489246550455817 -0.001162836763182129 0.2623582780178012
0.02948119211344799 -0.001089157885733938 0.2623719698753254
0.029462448658555414 -0.0009816837731145833 0.262341081396642
0.029434759035717295 -0.0008604760355306884 0.2623267574259326
0.029442072736882 -0.0008739083795119562 0.2623915986258787
0.029406299857983015 -0.0007554487069125204 0.262275451602228
0.029419362139730537 -0.0007943842642161303 0.2623320304761387
0.02939356260892073 -0.0006783783952720723 0.2623286451577585
0.029407169605239813 -0.000725386520691873 0.26239779949309394
0.02935775047574539 -0.0005745648528173719 0.2622564397582344
0.02577878768859526 0.007911782512515952 0.25889600766534904
0.0257629454620621 0.007919733252560734 0.25882580901513974
0.02922649200171825 -0.00024135549174103543 0.2621207436931213
0.029157449237306628 -0.00010511340714564055 0.2620311013528602
0.029173032011232815 -0.00014173496552605247 0.26209657387777374
0.027050132474415074 0.0021153236920485874 0.26011125568628746
0.027063419140737864 0.002088948577541605 0.26020020592143484
0.027068224519236364 0.002064883841020826 0.2602955860251969
0.027059122080091834 0.0020430513953533236 0.26040383957395075
0.027037966835195923 0.0020234452652276302 0.26053197834316166
0.02713102251352595 0.002191594902583305 0.26007790461259833
0.027147159009481225 0.0021644473803959507 0.2601645416556998
0.027154599309007245 0.0021385765075199736 0.260258350402518
0.02714837157571326 0.0021161722692190077 0.2603634132429716
0.027128970079302442 0.0020953902115280476 0.260490761277959
0.027093087464301634 0.0020663017358915625 0.2605738963651716
0.027225209604167813 0.0022406435523281143 0.2601336846799578
0.027236305440116584 0.0022151380257306452 0.26022392885449325
0.027233891897958967 0.0021912136961101947 0.2603255909937903
0.02721511006472111 0.0021701448655148114 0.26044037912914225
0.02720118970803119 0.0021608995723183533 0.2605510216030089
0.027298321424485857 0.002317399183142721 0.26010751910203467
0.027311913563552136 0.002292377976487403 0.2601949458477886
0.0273139374621221 0.0022673147554014284 0.26029276271128043
0.027297577808179624 0.00224375509702196 0.26040653486217824
0.027273613009426087 0.0022262080326990175 0.2605209743848719
0.02736519810268008 0.0023944338059809778 0.26008649754648194
0.027380255268250636 0.0023684506660976434 0.26017288507050473
0.02738454854803629 0.0023436313851731283 0.2602681290946903
0.027373792459176517 0.0023189272891205315 0.2603792979936264
0.027349978032896002 0.00229866754244884 0.2605126539018785
0.02744183139884971 0.002445132975385733 0.2601562480069811
0.027446370857224185 0.002420134376708405 0.26025105357792416
0.027439510578029458 0.0023952697623134123 0.2603576522032453
0.027426128881392245 0.0023795740756291095 0.2604914190964387
0.027484571909199 0.002545184266800893 0.2600577930977015
0.027497381850701073 0.00252068735087152 0.2601455024849338
0.027501553957892368 0.0024959556024005125 0.26024025198381984
0.027496185069415466 0.0024714959630439126 0.26034256333157296
0.027537660370884835 0.002621076613562201 0.2600492519303992
0.02754969453232936 0.0025960687718037945 0.26013798933518945
0.02755318503736378 0.0025711632584596855 0.2602331618284828
0.027586814626699457 0.002697565340220809 0.2600443057672945
0.027597769477117597 0.0026720218513618943 0.26013385727889105
0.027632800942368183 0.0027741458205226555 0.26004110612544673
0.027642567124419357 0.0027488027651234592 0.26013110428449
0.027675026423140243 0.002851282870834193 0.2600403349297492
0.027683009788450993 0.002826147247163513 0.26013154533321836
0.02771334111493389 0.002929554760069064 0.26004231670883987
0.027719779271243153 0.0029032220770801587 0.26013254264385827
0.027751176268904727 0.003013736591834626 0.26005580026269615
0.027749528716216977 0.002976172103923924 0.2601321223972192
0.027777140376223627 0.0031289262051829025 0.2599641739924031
0.027774187001229134 0.0030901709088861917 0.2600352266199767
0.027794147952095116 0.0032245885605992064 0.2598556202107133
0.027801189188256713 0.003190513759804947 0.2599766577881186
0.027797992309065343 0.003166936260591058 0.2600457834280379
0.02781143528574137 0.003317839936868572 0.259785896115027
0.027822165184947442 0.003282720577497955 0.25991078810060025
0.027821084731782186 0.003266436944292017 0.25998353761407333
0.025471923341609325 0.00933283083187697 0.25908082731985144
0.0278403844570237 0.0033922779360343047 0.25982149286715783
0.027841016032766105 0.0033691382753457955 0.2599116619628353
0.024546401170134 0.011659518397386937 0.25987260176330645
0.02784559434347065 0.0035612395763091054 0.2597789652784786
0.02460610799860946 0.011543788605660577 0.2598423354777667
0.024582152065296847 0.011583273695762508 0.2597996982848624
0.02782959910028507 0.0037202587789248454 0.2598310318281519
0.024642434048639986 0.011474351451525588 0.2597827989359222
0.02462430395561367 0.011499314612309075 0.2597326730012122
0.02781187343893373 0.0038396014438051296 0.25982375115037276
0.02782645677028145 0.0038014097960313298 0.2599063564110232
0.025397705941325337 0.009570476910174042 0.2590875874577998
0.02469522174159043 0.011363194690334144 0.25973225279448275
0.02779386843366801 0.003932810395054387 0.25978776152836314
0.02780982261214772 0.003899087539891044 0.2598638558082314
0.027787117261337667 0.004011398269555266 0.2598319696741465
0.024729282496007816 0.011278276976891821 0.25970579634059643
0.024717507080868582 0.011305958777658831 0.25963502324468707
0.027749072066066076 0.004156206457555822 0.2597123564833826
0.027759055947192385 0.004144113187867671 0.2597951056848645
0.027770538847013346 0.004090446094159705 0.259845962890496
0.024771697230979814 0.011187932916641607 0.2596550449619476
0.024757354348287373 0.01122654096385911 0.25958091249870696
0.027722346956014672 0.004257406739102132 0.2596929941976783
0.02773391839521737 0.004235045235940815 0.2597411919369525
0.027712551733458046 0.00433894539097518 0.2597264759847543
0.02772303620454889 0.004289691873071821 0.25976034500658973
0.02481865954258409 0.011068089084788568 0.25967633877690777
0.024799918408495034 0.011103365571923762 0.2596076542207946
0.027672099129418155 0.004482970447513168 0.25958857892163967
0.02769647540411107 0.004423635242214008 0.25967567640176514
0.02766686149029174 0.004544188854150699 0.2596050184357789
0.024843457115220867 0.010993297823533033 0.25962148647949795
0.02763386715425796 0.004654839044808123 0.2595768178400906
0.02758104841996077 0.004810715832932799 0.2594986448138528
0.02760544074205705 0.004755331317932321 0.2595875854132488
0.024892783489955328 0.010910169710059148 0.2595126184143648
0.02488805254145169 0.010930075630571412 0.2594646090917825
0.02757030162412419 0.0048596532638839895 0.25956228813110716
0.024918712208450232 0.010842268507763708 0.2594797090587946
0.02490470726361104 0.010882757717718405 0.25940698989833944
0.027513937077305928 0.004978719569727008 0.2594959511898536
0.027467284148218536 0.005082548861645886 0.25947191741263925
0.02748361872827361 0.005054351918473032 0.25954889537305736
0.02495888160798848 0.010741947894368886 0.2594259380185514
0.02742838834190682 0.005185891130632392 0.2594795758845547
0.027384855788367815 0.00527921810550025 0.2594512080569257
0.027394970540949026 0.005266117790854674 0.2595164582403462
0.02498732280117605 0.010667309761326516 0.25937094436686314
0.02734030604435793 0.005391387693530925 0.25940063347012876
0.027352252795143653 0.0053609767684771326 0.2594919710384292
0.027265476438277224 0.00554365103719251 0.2593356501043279
0.027294033604059527 0.005497447532958444 0.2593806400129628
0.02503727065343872 0.010561244972457695 0.25937609107615645
0.02502384683350281 0.010588089677806722 0.25933525025768944
0.027221369419448645 0.005632327309856633 0.2593050581681936
0.0272335392630716 0.005626026146650309 0.25939673354301385
0.025065201314402527 0.01049078254793473 0.2593268887814083
0.027185987930995872 0.005724750454270289 0.25936404239279276
0.02711463525799806 0.005860907492887701 0.25927304916781957
0.027138133212803672 0.005817017651276457 0.25932427406238556
0.025097745686608643 0.01040355229915313 0.25925269811059853
0.02706532450899639 0.005969502191986775 0.25926334343959
0.027014351051124944 0.006072486104185426 0.25923699053233296
0.025149011615095675 0.010292173534667715 0.25926732490102083
0.025133098495136508 0.010321485464912017 0.25919728819951005
0.02517899496484924 0.010201266402552811 0.25922909898091157
0.02575547203330307 0.007824793446946254 0.25888000474719
0.02520587717673692 0.010129092825619468 0.2591739387744519
0.02684321917457782 0.006462028673282771 0.2591902366256462
0.02677860040830779 0.006610510557073901 0.25913385206276257
0.026792919484541648 0.006583853007443741 0.25921528474111427
0.025248494335257998 0.010018357196361238 0.25918005253044724
0.026749280149728834 0.006669652348515243 0.2591918119647809
0.02669811130426756 0.006753297552973103 0.25924427082128165
0.025272626005393838 0.009949301740884264 0.25911822922120775
0.025300487787506647 0.009858740109127961 0.25906903807514325
0.025434930396608692 0.009454092132287484 0.2590243251150899
0.025439881846190303 0.009443199303368899 0.2590882361910094
0.02574162156290969 0.0077808552760048055 0.25888096381141934
0.02571759409353354 0.007782161020738421 0.25879670718351344
0.0253311985299799 0.00976167922858201 0.2591104661328385
0.025680075333727993 0.007653782135349063 0.2589445389055789
0.025361719098226904 0.009672589486681926 0.2590417976538831
0.025684439478430007 0.007667619838941042 0.2589015535080546
0.01926150825567255 0.022913367273230123 0.2695557967242147
0.019310065872839177 0.02286919476134039 0.2694896025763733
0.01940637616851451 0.022729507187454978 0.2694515843708799
0.01944194158147497 0.022671554719322973 0.2693815526149519
0.01946149803838486 0.022633729120504154 0.2692989668015992
0.01961167744429121 0.022018136724654136 0.26895850951630007
0.021200671290652645 0.01964334110930832 0.2642284767039763
0.021267822510783713 0.019490595836650026 0.2641742021176999
0.02155113057063336 0.01890317443035014 0.26352105371492696
0.019234213796247485 0.020465466161972895 0.2666659996785919
0.01920672482320898 0.02041759562580711 0.26663016265404343
0.021661466695574463 0.01856797495606244 0.2632441804244668
0.021669493496190774 0.01853313378026497 0.2631688678734483
0.019180114189853825 0.020357529126490276 0.2666198988948755
0.02169205205414182 0.018436608958595502 0.26318058348546164
0.02170565034916122 0.018380669180999648 0.26309826456931784
0.021716200126932025 0.01836455709320034 0.2630075511628349
0.019160435874848142 0.020290011434786176 0.26665832520650545
0.019131217997603298 0.020256522422283985 0.2665857609323002
0.021850834873063198 0.01802893379416015 0.262646929830721
0.021847762622523928 0.017998856820473363 0.26255944504729867
0.021867643081976376 0.01790270939644631 0.2625756211928508
0.021868493160087543 0.01787862975751403 0.2625058460851397
0.02188145102888784 0.017848076403551794 0.26241788324754445
0.021896760841425472 0.01779158688153923 0.2624489732723571
0.021930810493346158 0.01763176197643901 0.2623885726199287
0.021936889961043683 0.017592632650834106 0.26230586532309086
0.021965272516803844 0.017535422598704303 0.2624059725893797
0.02197307407022081 0.017522599685752815 0.262324140263446
0.021957735246486212 0.01748660908994132 0.2622540275713028
0.02198278599630385 0.017406565613233616 0.26234700185145654
0.021972670219474466 0.017328268365245897 0.2623600458852149
0.021954601252968692 0.01731282228911782 0.26231817953498393
0.021903947286191168 0.01727989299020699 0.2621512907836466
0.02185312905957982 0.01718715471390983 0.26210376635462834
0.022567526891637178 0.016032730756068092 0.2621778592268411
0.02260911761465339 0.015988607189854703 0.2621027490153942
0.022630847076202984 0.015960614056656552 0.2620248757035697
0.02267918149012854 0.01591165725215804 0.2619210033322491
0.022724164500109376 0.015854760544608493 0.26184258708850405
0.022747530009643725 0.015819460548517877 0.26174636520720773
0.02280130795932714 0.01571571081728801 0.26176217110792793
0.02289836766571672 0.015538921204632794 0.2615952993522207
0.022920603409787577 0.015509485897521935 0.2615039553755123
0.022971366671556553 0.015400141830386571 0.2615192262411353
0.022992546579326666 0.015363204967168254 0.26145237344581274
0.023031385372277398 0.015273328008734155 0.26146559997236996
0.023040310095835084 0.01525577581711951 0.26140883883532234
0.02305808066206594 0.015210346331793967 0.26131607237835164
0.023086927155816728 0.015140177046406189 0.26141890110287186
0.023103177118651466 0.015113324815233475 0.2613335026574006
0.023156605377993994 0.014981328559294016 0.26126401238670316
0.02317543590881592 0.014943174390561531 0.2611758567912069
0.023209617948998368 0.014858149396650477 0.26119811475695853
0.023221755863160484 0.014819462422206775 0.26113406495330405
0.02323170802716841 0.014801416347106522 0.2610318547189582
0.023252751611821408 0.014733650189893088 0.26113986932668076
0.023265499223688438 0.014702840814068918 0.2610732436525528
0.02327247169000899 0.014687115671722872 0.2609886382093969
0.02330255710838284 0.014570905808058365 0.26099586925968954
0.023303011983825284 0.014556217307146735 0.26092568227635715
0.023321537170865138 0.014503869641569633 0.2610038542838391
0.023335317783848494 0.014451653155554078 0.2609253445093267
0.02333783223422381 0.01442280389272621 0.26085134297843987
0.0233656875522573 0.014345003491394892 0.26087750329590637
0.023393265731013968 0.014258091338423762 0.26090154017844935
0.023392952464324338 0.014225597042851146 0.2608052635145104
0.023428697350148693 0.014115525136252471 0.26082210903365133
0.023436414813483235 0.014074185129333505 0.2607596446110763
0.023470641780219605 0.013961603785159815 0.2606969418703702
0.02349591196135091 0.013885922691475705 0.2607090415440998
0.02351293837925912 0.013816181843299358 0.2606304313641683
0.02354417303132146 0.013739343257793801 0.2606543313471819
0.023543872571168703 0.013720552833334065 0.26056578003453035
0.02357767611892876 0.013626533546876374 0.2605911128084175
0.02358582768328228 0.01359588591415234 0.2605087756484774
0.023610670136662876 0.01351875774189154 0.2605483858713213
0.023623808297808357 0.013463621599516973 0.2604566162754533
0.023645898322240906 0.013389506443997834 0.2604959631259364
0.02364937697168104 0.01334477158708891 0.26039396416086613
0.02367550186185885 0.013264652273956123 0.26042945484099933
0.023676324420133385 0.013243337662413646 0.2603592010202301
0.02369868826598734 0.013144279969873829 0.260375696742321
0.02371218013267795 0.013075266963365972 0.26038053001925815
0.02373763133802724 0.012954985382921669 0.2604189146470678
0.023726695988078084 0.012972703326169788 0.2603363218246887
0.02375313901716565 0.012868455089972974 0.2604329217877453
0.02374981701250209 0.012852725726145875 0.26034849396591736
0.02376032833686107 0.012777570560499052 0.26037553383531087
0.02374708370709884 0.01274121844603393 0.26029594983091064
0.023724132156300565 0.01264786279186475 0.2602466062472285
0.023699777618501436 0.012624996825919055 0.2601811365703547
0.023714855878082607 0.012586131302587233 0.26029123616201677
0.023672066727894417 0.012535783182742344 0.2602007086962715
0.02363662279629629 0.012500632723755623 0.2601406032319118
0.023627282621106638 0.012435985301613106 0.2601826642261672
0.023595483807515298 0.01243306638384295 0.26008776522842103
0.026643075045544036 0.006846773973743447 0.259293704301694
0.026659101602525118 0.006818440502011525 0.2592574283461457
0.026723339912399856 0.006711008407027319 0.259243742458825
0.02677710352865989 0.006618649070111782 0.25917785338043436
0.026815769560475072 0.00653086900065547 0.25921264357574725
0.02686237042243366 0.006411619067133223 0.25921328826145396
0.02690681141587027 0.006307939763987969 0.2592214457121397
0.026986918357298766 0.006136309737447498 0.25926038332922996
0.026990142984046665 0.006121649393543538 0.25920567896469704
0.027039144442960843 0.006015337985102787 0.2592159074963422
0.027076504305350912 0.005940105020549091 0.25923837284358325
0.02711190925811153 0.005867324408472041 0.25932079941409125
0.02721036136607912 0.005675654410912223 0.25938010387743227
0.02720176245978649 0.0056732570287949535 0.2592936575480159
0.027247569185312473 0.005599305251188513 0.2594100220691786
0.027288093539212403 0.005516048588328548 0.259423472137224
0.027330060428069618 0.005418285192269279 0.2594209224057463
0.027363724349029915 0.005335158985243116 0.2594453262421459
0.02740294848409683 0.005240786387618879 0.2594798250732262
0.02744994217600305 0.005138784592310874 0.25949340958554595
0.02748236843896898 0.005053525315334706 0.25951282956648236
0.027518349725926115 0.004974302222889027 0.25953853636543234
0.02755489412999102 0.004897556585901519 0.259558949043721
0.027589353444037103 0.004806737444543074 0.2595657906618325
0.02761621015555269 0.004721729279104969 0.2595894639285149
0.027642259850734548 0.004630614506623609 0.2596056612621414
0.027670984246688853 0.0045436499011279885 0.25964204901651067
0.027685975297814497 0.004479407278836667 0.25966311766780314
0.02770414607388759 0.004377262455888875 0.25969289857682
0.027721319027555806 0.004283244287839383 0.259718086302778
0.02774271946938448 0.004197847182957182 0.25972976747426346
0.02775941404110656 0.0041316972158483845 0.2597558427964384
0.027777940648859127 0.004055611876260412 0.25986210499670237
0.02777714223828326 0.00405068703312067 0.2597978519885191
0.027795596149456037 0.003977483406551741 0.25987883227142544
0.027795545937607052 0.003960823276618897 0.25982436282816235
0.027808134420717508 0.003884894888774193 0.2598262175821312
0.02782301736559388 0.003795404190019225 0.2598673543137485
0.02781306684366354 0.003229499107694378 0.2600397957850141
0.027799451344160057 0.003158628198779545 0.26011062880586494
0.027784114240907445 0.0030859593213106717 0.2601232464645713
0.027138638459558155 0.002106225465288547 0.26061037698553613
0.027870061158290507 0.0012312424211793904 0.26162447212234563
0.028005020636289783 0.0011135266936755928 0.2615859789723524
0.02807549537649514 0.0010245774392158014 0.2616933656853296
0.028093014291853825 0.000998230851040005 0.2616251376412704
0.028506090925819086 0.000609449343901669 0.2617297117316524
0.028599188569889612 0.0005272834847288577 0.26177156669378243
0.028724412666143895 0.00042080309066000465 0.26177320681458643
0.028910947833316034 0.0002285205539887536 0.26187414035162604
0.028996594631039527 0.00014755774777464037 0.2619862462080727
0.029056283113352184 6.840949520858786e-05 0.26198356818735846
0.029101025569432802 -9.990973668383418e-06 0.26206613738078893
0.029148594008313725 -9.051660603803802e-05 0.26209492883531804
0.029196319625907616 -0.00018965822307587255 0.2620924334202421
0.02922863316179361 -0.0002494129929898059 0.2621938638292478
0.02923524396320879 -0.00026153622334623705 0.26213179597532676
0.029260473855987262 -0.00032334228443314794 0.26224812145414933
0.029296081516678646 -0.00039937635780290526 0.2622645195603475
0.02932696462034807 -0.00048508012333897677 0.2622841316071729
0.029358967024208982 -0.0005693912079737795 0.2622960457187564
0.02938667702507717 -0.0006467888635585117 0.26239234534316835
0.029385812634706243 -0.0006487588303180081 0.26234393529090383
0.0294079555117661 -0.000743033643965163 0.2623394827065646
0.029431159354843847 -0.0008332005038227952 0.2623645396726586
0.029453263100306923 -0.0009261032374477396 0.26239473919453427
0.029466524717408363 -0.0009885749213329742 0.2623890366666387
0.02187346790200706 0.01787238022197546 0.262429500265029
0.02174488050808289 0.0183025505515908 0.2628148146921433
0.021774972605717854 0.018233706411980577 0.2627626542991113
0.021800120431745805 0.01816806872756052 0.2627225717089998
0.021827635747028777 0.018091860377299263 0.2626882177416112
0.02185421494492009 0.01801223134108751 0.2626579580252966
0.02186297312336393 0.017951345346770703 0.2625930029022777
0.021872197239149016 0.017874701326275277 0.2625557604210194
0.02189183409255325 0.017810000797020387 0.2625102320232601
0.02171011407346951 0.018412737922026384 0.2629584658056815
0.021743304648331317 0.018317343648182327 0.2629270405521724
0.0229232180079625 0.01550332761894091 0.2614373800821874
0.022966343115908013 0.0154233132788677 0.261398954479429
0.023002675805575065 0.015345651483506806 0.2613578854910939
0.021614793273444594 0.018699098009255566 0.26325365306866
0.02163810564234081 0.01863489006834196 0.2632067254416149
0.0216625675809596 0.018554500055324746 0.2631631847943286
0.021679301570954906 0.01848073798612146 0.26314465373861984
0.021714492572618607 0.01835989820577466 0.26304570291150026
0.022837736281486345 0.015667865877665443 0.2616226823915485
0.022873750336775703 0.015593999563758454 0.2615681338856899
0.022912228097565705 0.015518977858339444 0.2615583748621419
0.02295499687609792 0.015437710708052277 0.2615280546400604
0.02298817012782592 0.015368422170226603 0.261485552295469
0.023022814023869007 0.015299367381335804 0.2614303008737841
0.023057143426560477 0.015212997455315735 0.2613909893272596
0.023083028333446318 0.015158574476091813 0.26136707484152605
0.023117986653424544 0.015070119715939745 0.26131406713387195
0.021554348820792435 0.018876397250688792 0.26343081761175696
0.02158075832079008 0.018799417867558482 0.2634209762509387
0.021675677653280684 0.018520320677648222 0.26326167280651985
0.022773102384926247 0.015765071487597565 0.2617752106899497
0.022819654326240058 0.01569261506083658 0.26172938531290885
0.022854805852097163 0.015624358414487838 0.26169275468284126
0.021455434603361592 0.01911068040093758 0.2636754913855856
0.021485477503878345 0.019040630942675996 0.2636322254957208
0.021386626123157677 0.01927646079049236 0.26387184244463824
0.02453187673663665 0.011688909555984062 0.25983638772834894
0.024565212924666624 0.011620995482406193 0.25981274542351873
0.024602326314643652 0.0115410863035868 0.2597721471523138
0.02465426472520517 0.011447940938498269 0.2597468672438712
0.02468352744473272 0.011383751592071167 0.2596870221951945
0.024713691365399804 0.011316267454512918 0.2596655389815613
0.024761074276986136 0.011221476103458528 0.2596210558583023
0.02478039752664722 0.011156373196359648 0.25960385579697076
0.024872826920200868 0.010957183816124594 0.2594779842902312
0.02490150252468764 0.010895264261675364 0.2594518364512358
0.024935812886498432 0.010801977089322623 0.2594086339484514
0.022549068753948333 0.016050254548009207 0.2622277440779391
0.022604056558459075 0.01598501182158038 0.2621785739528302
0.02434487180140754 0.011923507203914496 0.2600415650589327
0.0244183012566399 0.01183472925194895 0.260050927796197
0.024473570350741478 0.011771505054143261 0.2600030134251898
0.024517872985090387 0.011710287069582548 0.2599514698023439
0.024559893138106567 0.011632990415488653 0.25991880502917186
0.02476001372851263 0.011208667027917563 0.25972011570345016
0.024796371182067796 0.011125035819025741 0.259667280849705
0.02482362395235478 0.011048013852931471 0.2596058997422642
0.024866522989201965 0.010950906114204184 0.2595797595908329
0.02498371360593707 0.010684393597770347 0.2594433898528653
0.025016609709071096 0.010603537249441353 0.2593908136535589
0.025082216992212025 0.010441951538072758 0.2593279143468825
0.02510857034232642 0.010371643538963082 0.25929334920839087
0.025126981011211552 0.010340529402179388 0.25925376808835365
0.02515832604455083 0.010264641442740974 0.25920573431068383
0.025183331708104745 0.010184699214451753 0.2591616078715981
0.025212798669580455 0.01010196567348215 0.259134184485957
0.025244608499073486 0.01001779028739297 0.2590998751035032
0.0212443645748836 0.01953916241477857 0.26421950457383847
0.022462321357008687 0.016159670784422903 0.2623596743933835
0.022524297831497078 0.016076804300341224 0.2623215472098272
0.022580576874748036 0.015998111334267096 0.26231569924597553
0.02526822802257945 0.009964400343235813 0.25918280272780436
0.025288834135200354 0.009902740891356399 0.2591422171414889
0.025305234129128884 0.009843046884059792 0.2590972960975115
0.025323134604976788 0.009785699234740153 0.25906968532095703
0.021188051265972202 0.019626174258689705 0.2643687765928462
0.025346594561214117 0.009717606914010468 0.2591301166241945
0.025365213232788113 0.009667019733755555 0.25908734147647194
0.025381877774238816 0.009619511252645374 0.2590863572606251
0.02542295398842901 0.009491365795046003 0.25910002471556226
0.0254527913564258 0.009398794962965695 0.25906330521231147
0.025464218110730963 0.009352906099629521 0.2591478253081927
0.025490660615663255 0.009275572128223053 0.2591051307499983
0.025512540874603765 0.00921504968125042 0.25906623675198914
0.02553324348679848 0.009162199523969572 0.2591369902743304
0.025555373391850246 0.009093443904409804 0.25909840602778655
0.025581145477523153 0.009024994769784578 0.25906121866610116
0.025606037018316208 0.008943879992386994 0.2590136507295821
0.025637652864142893 0.008828016134787231 0.2590562367777055
0.0256548859744039 0.008758472326717615 0.2590148046794011
0.025673912864403313 0.008683655783038702 0.25896084624031235
0.025711452324810848 0.008560325033093175 0.2590163212646943
0.025724370878873255 0.008507506431699952 0.2589554620599033
0.025758223610794967 0.008371834877757278 0.25899679060805353
0.02576677049147679 0.008310654681170093 0.25894748878175705
0.025778734048406242 0.008275170224460726 0.25902417829236735
0.025786013952740834 0.008206201737062158 0.25897369795125497
0.025792486239174996 0.008136986858284123 0.25894216162356676
0.02579151482267237 0.00806147780095079 0.2588908908715671
0.025777463760457343 0.007989242264177299 0.25883437798916253
0.02676721681379083 0.006637768298594193 0.2592272000000889
0.027078539595360107 0.005941945002455207 0.2592837204461788
0.027289351526248264 0.005517430582115623 0.25939919377521603
0.02734630898478394 0.005384228332741325 0.25944091620538007
0.02738750747099035 0.005279971822942542 0.2594886086984882
0.027440576287614808 0.005167008414027452 0.25953221506096386
0.019045351258834164 0.0231720242896869 0.26942420545339674
0.019100736716049102 0.023104832977491746 0.26949960256670086
0.019247123141098 0.02294070651065619 0.26945485821235904
0.019303781438282666 0.02287700488352601 0.26943674429061076
0.019424521852819454 0.022699435806738305 0.26935269745565404
0.019144814824702386 0.023035704052576877 0.2695947762956268
0.01922244362458532 0.02296152352654582 0.2695500281572689
0.01929206746055842 0.022883631069659016 0.2695250724700509
0.027588478290048304 0.0014860189548028813 0.2616215967219712
0.02768712790421763 0.0013936992863202158 0.261618576053916
0.027776560115976318 0.001316093246053196 0.2615895862727159
0.027934453855720284 0.0011777208646277515 0.261651662635434
0.028000997613252317 0.0011137863933997627 0.26164341690791504
0.028052529485540892 0.0010460205505378184 0.2616336522686671
0.028117748053961028 0.000978950416136548 0.2616980230571089
0.0281813110407918 0.0009139142149269253 0.26168110264820826
0.028266343295029257 0.0008275792113351943 0.2616680513573096
0.02839659170698028 0.0007044995443949431 0.26172803412625295
0.028492612141892804 0.0006186024148089331 0.26169811749362015
0.028538688069493418 0.0005768613710528947 0.26177876991802207
0.0286531554330473 0.00048068745678692126 0.26177150872006494
0.028698613199319052 0.00043931864385227115 0.26172826007497674
0.02877426049142045 0.000371533018530934 0.2618351576984187
0.02884157584162035 0.0002974747723901716 0.2618145604193264
0.02883633802201519 0.00031268776272491694 0.2618810678570372
0.02889552521045543 0.00024869300183261167 0.2618925655830245
0.02901300627164652 0.00012441653280925724 0.26194251366615584
0.029054000794158957 6.670154207999435e-05 0.26205928049821486
0.029095140120947043 2.27213865866549e-06 0.26200642208482405
0.02912961779863993 -5.479217470072406e-05 0.2620674178943664
0.029166127738603595 -0.00012306347513318938 0.26205124084824816
0.02914656203355257 -9.806400015538452e-05 0.2621582727688919
0.029186997447401802 -0.00017016621010940147 0.2621469786099331
0.029227311223644643 -0.0002467696203738434 0.2621056148833009
0.02920562287578691 -0.0002081634943080779 0.26221087931032827
0.02925295403613972 -0.0002987218271885417 0.2621690373002718
0.02926892221156753 -0.0003439158097378603 0.26227403163447527
0.02930174417337545 -0.0004147798090325949 0.2622158572154662
0.029318029708305472 -0.00046411312506505764 0.26231825374265966
0.029343446590972405 -0.0005315858674190821 0.26227106023341606
0.02936101667033167 -0.0005691378806398917 0.2623562372063276
0.029397827218423773 -0.0006901427006298366 0.26236830276012224
0.026713257864273948 0.0067273977753363745 0.2592434617240432
0.026614222173919656 0.006889934136953879 0.25931553754723097
0.026510407361808493 0.007036983992005419 0.25932695282715035
0.026564658943553227 0.006969400169929252 0.25935602720885953
0.026366848569331545 0.007172528341328976 0.2593519693850474
0.029028630170066544 0.00010742491047555092 0.2620229552397893
0.029080327484841045 2.4472597439872956e-05 0.2620524135562236
0.02912052043395813 -4.283660167225811e-05 0.26211383807133076
0.027834469268165095 0.001264525964979446 0.2615835897891269
0.027690642687161163 0.0013900795848645342 0.2615914934421101
0.027767259718549014 0.001323823395695145 0.26163525793454473
0.02781120660852552 0.0012813458295978797 0.26166225731305326
0.024538557016316673 0.011682527000936194 0.25979907690211235
0.02761333256354706 0.0014676989287740194 0.2616288383057172
0.024523064092167285 0.011701069293525157 0.2599004831804528
0.027428377233239425 0.001590914492517026 0.26163419673293653
0.02440666278447115 0.01185973149898878 0.2599507007134871
0.02446312011783644 0.011786834950891667 0.2599699486766211
0.027202496669236374 0.0016899953468108575 0.2616046532985039
0.02427281090802362 0.011994222006859068 0.25996299141583773
0.024392168290718032 0.011870477282130754 0.2600307064082563
0.024106077003440203 0.012099079303781402 0.25993646819498306
0.024186024084099783 0.012058147805706187 0.2600169889901811
0.02426216859824422 0.011997850728367898 0.26003210231311713
0.02288654870648036 0.015567797744468703 0.26159654452276143
0.022841089069411687 0.01565784098992523 0.2616732121237755
0.022868366891113413 0.015597462869018641 0.26166786625069477
0.02274770922355284 0.015819111683952586 0.2616978521123169
0.022787735142512734 0.015747842420731017 0.2617330624081304
0.022739763865541524 0.015828280214966267 0.2618185693005094
0.022670883216688892 0.01591249440140169 0.26197112230708963
0.022605263248903426 0.01599848826016176 0.2620427863760739
0.022654381095781675 0.015916212524022033 0.26205999108940237
0.0225834840070724 0.016020630572693373 0.26212803402308554
0.02263278487397545 0.015944088314604782 0.26212849861893806
0.022577588635009346 0.01601651812679622 0.26220656627427563
0.02256617270240449 0.016027574935784494 0.26227160344793626
0.022493671718221968 0.016115588575127265 0.2623270442558506
0.022301866538999737 0.01632386845656697 0.2623139377074498
0.02237482566968875 0.016271998746492405 0.26234646075506046
0.02242894743868222 0.01620411172935654 0.26239558040108335
0.02226453887652176 0.01633855348797214 0.26238164103134576
0.022342792300787118 0.016290087381519658 0.2624330003295895
0.02178850802703322 0.01820454714971048 0.2627874419007233
0.02174979772461115 0.018298877298919825 0.2628550369806961
0.021726665579353266 0.01838110710024196 0.2629476938343568
0.021678393039846373 0.018479715779138567 0.2631084944415566
0.021696966028989503 0.018411814802962334 0.2631344432124062
0.021626499712082498 0.018664554705987352 0.26317838096497115
0.021655254628054905 0.018587901812217117 0.26319683234931135
0.021681600971850443 0.01849353974503387 0.263203798427513
0.021599012652759236 0.018736934442755315 0.2632583860815273
0.021631530377779942 0.018652998614445637 0.2632979491411341
0.021592400270770064 0.01875218431241879 0.26336278740948665
0.021530689098917984 0.018952011983150358 0.2635020747404922
0.021495230889108194 0.01902879935347543 0.26357114552458827
0.021429427338633067 0.019195712492631772 0.26374067234878384
0.021449111717331326 0.019130434838903143 0.2637447129500935
0.021387138877311945 0.019279414868462602 0.26381652140427814
0.021414724125037525 0.019223901117802228 0.2638291920789064
0.02132771551998873 0.019380113169675528 0.2638696049406832
0.021365319963140214 0.019314630397511967 0.26389807851799696
0.021321338564922118 0.019401403989338706 0.26398080723896045
0.021281609495771445 0.01946810625730891 0.26402633855468993
0.021237143898366603 0.01955022140252699 0.26410614003696464
0.021279346308155464 0.019469636881273594 0.26414293909187603
0.021188344411477017 0.019647303555587498 0.26417350767115527
0.021233499086137073 0.019568395304630642 0.264215271678234
0.021184194402909723 0.019662067946246725 0.26427542102257384
0.021122779173614922 0.019725437924179107 0.26434421016712084
0.021167903535253524 0.019656959562305593 0.26439383287605356
0.021097116723354153 0.01974740453960569 0.2644210403666085
0.021141767064824596 0.019683980481607605 0.2644500284464626
0.017786321328503135 0.023670835371739224 0.27009821986923105
0.01784011676959446 0.023674258791788 0.2700027823398573
0.0210937051460173 0.01974630423569712 0.2645237052402089
0.017999608615689527 0.023631518516034872 0.2700160265520928
0.017888318463550962 0.023671812782998902 0.2699475058363434
0.0180622509066196 0.02361837552693266 0.2699796157415485
0.017919141745459957 0.023672642462689908 0.269880105618065
0.021043947139942676 0.019819352823137376 0.26458632454158215
0.018095765320690238 0.02362317444947043 0.2698909750449584
0.018163595574062205 0.02361233651363162 0.2698109881586942
0.018188805391600976 0.02361440167342732 0.2697405222583261
0.02097017556036851 0.019931720406317133 0.26474940558921634
0.018362292950750952 0.02355468062963073 0.26972386453194985
0.01822421041485206 0.023611357462659438 0.26966385259998993
0.020861384771828084 0.020073224782350824 0.2647753542865259
0.020909953954187738 0.020019777339365274 0.26479211472396713
0.01847474828455986 0.023510849177862087 0.26972617527507176
0.01836103534868161 0.02356082427033654 0.2696571827157185
0.018524764860957416 0.023498286407664826 0.2696536342171084
0.020780187439565986 0.020144065332632105 0.26482508407507727
0.020842002480402827 0.020092760732385917 0.26486447496894777
0.02090792798208449 0.020018381441853195 0.2648920655374064
0.018623995004651978 0.023454800634441136 0.26961666039515975
0.018743548978700092 0.02339744133035168 0.26956298596061523
0.020773589737362125 0.020145127491291936 0.26491054751664506
0.018777065441849483 0.02338001684454541 0.26949433429645225
0.019206290849734964 0.022968269203891334 0.26960667003048816
0.01915460185424718 0.023037886255981493 0.2695392610243855
0.019087165587650917 0.023111149174077694 0.2695356499055026
0.019029871055126685 0.023183329684709708 0.26946840069563566
0.018948666971849784 0.023257797648678413 0.2694334903948418
0.01921303654999776 0.02297645112989452 0.26951050283746036
0.019124243447838363 0.023088555772402486 0.26944485156529385
0.019066191321990902 0.023152182087180312 0.2693919056272779
0.020587137193194105 0.020250759055327278 0.2650309616360527
0.0206339075659267 0.020222359758885228 0.2650332888223473
0.01736174314723518 0.02372427296398988 0.27005626723968723
0.017319990074247227 0.023739277873753545 0.26997766488044117
0.017276755531990762 0.023751102018449016 0.2698976095991782
0.017232538677349904 0.023761625144524512 0.26981692613567254
0.017186300506794067 0.023770397705924068 0.2697351314992338
0.01745435844484229 0.02372221724733553 0.2700379834879338
0.017412588504992207 0.023738052960000422 0.2699594006747409
0.01736908458751331 0.023751575031046163 0.2698794996111771
0.017326094358654107 0.023762936742832808 0.2697993988681848
0.017282079689106264 0.023772694329085242 0.2697188035520981
0.017583206868890172 0.02370138299277713 0.27009578685770896
0.01754426693745148 0.02371788071874678 0.2700181162894262
0.017503851983426716 0.023733482728971744 0.2699401430634565
0.017460480339541534 0.023747965697531237 0.26986048320450357
0.01770975389880744 0.0236776253517543 0.27013153670403256
0.017668561496078317 0.023693747553162003 0.27007153695503994
0.01762980433299416 0.023711017077032714 0.26999581413513113
0.017591359823205616 0.02372644925828135 0.2699189526229873
0.017549911014952305 0.023741156693766308 0.26984018524245557
0.0177616894702919 0.023683074419066308 0.2700415077454691
0.017715294962216716 0.023699927227077366 0.26997228704132215
0.017835615071464153 0.02366941409901191 0.2700447015593855
0.017808564902366486 0.023686763005644318 0.26994716404511304
0.01791999725241769 0.023655269118008276 0.27000575015953987
0.017870913709064407 0.023679931698929624 0.26991257384777456
0.01800599887338704 0.023638842907278468 0.2699557513706375
0.017958742056732174 0.023658892649960878 0.26991113066918604
0.018070527205444206 0.023624513880162346 0.26992707999564736
0.018036550624495273 0.023642901924985138 0.2698659566944062
0.018106870488556248 0.02362555155614829 0.2698492275994017
0.01807793957941585 0.023641839424401068 0.2697794446183527
0.018136912471779676 0.023631361529776934 0.269730946484466
0.018225695035669565 0.02360651391509641 0.26970601836392266
0.02764543823505379 0.00143248152079678 0.2616284365191187
0.01910293615265342 0.020335388638773738 0.2652974032637381
0.019223180061989725 0.020359900229249994 0.26528245072884105
0.01933114390681813 0.02037989070366228 0.2652920315452279
0.01943749446753551 0.02040117168370159 0.26527093778729655
0.019538429062972318 0.0204130503360139 0.26528314133035785
0.019641014310515043 0.020416590982428012 0.26526339370747376
0.019725364740712556 0.0204189188497349 0.26523394163183733
0.01983229434075262 0.020411464000740703 0.26522052598195583
0.019782739332441596 0.020415727545159912 0.2651577356806325
0.019929104164134348 0.020404029949530805 0.26521733399520636
0.026580618762993537 0.006937116395546561 0.25929972660961725
0.020012800838158984 0.020400787589585245 0.2651886459687981
0.01998974927551353 0.020407397366012603 0.26511876337142803
0.020100366656609817 0.020389096886908764 0.265168991376206
0.02004211993013344 0.020400445016194035 0.26508647352833953
0.0201836746343282 0.02037332344651166 0.2651486580752809
0.020140681920634007 0.020386277291716937 0.2650622649634975
0.020258345399031666 0.020357997856677523 0.2651389735621369
0.020226496655065665 0.020373373276207973 0.26502186902387276
0.020335206519477664 0.020345187639436046 0.2650993989010769
0.020301381765075913 0.020358088357441267 0.26502865462311315
0.020406058338944322 0.02032745322449553 0.26506962057498257
0.020505430822402068 0.020292595807333613 0.2650368643603013
0.02046438153981378 0.020310510239631985 0.2649744049517674
0.020551515303280116 0.02027139668608574 0.26500383938217087
0.020621230476022295 0.020236079743629037 0.2649598302142051
0.026532689564776148 0.007013352910602011 0.2593668023983226
0.02069387986024261 0.02019924063591494 0.26490752322026323
0.02078012638259462 0.020132624389907983 0.26495298399181544
0.020742117312287423 0.020170414452846425 0.2648675914235352
0.020820834157221163 0.020105184492011124 0.2649129891760468
0.020810322226259212 0.020121273995465594 0.2648283526804551
0.02088284039832375 0.02005237790723749 0.2648464905620096
0.02646753779038974 0.007084030864926871 0.25933318151840024
0.026371916179030577 0.007163872590953302 0.2592925301318777
0.02641326009801219 0.007132905414409918 0.2593684514591855
0.02627679997633403 0.00722206074985382 0.25926673959973207
0.02631058548214845 0.007205276280297379 0.2593590621499491
0.021436559635760216 0.019171816602419706 0.26376362707963963
0.021417409282826108 0.019220760741420595 0.2637209259246206
0.021449417900886794 0.019128843061956224 0.2636521580631464
0.021483311304852155 0.019053640598222954 0.263598136948607
0.021513045667534036 0.018991314677503812 0.26354458553142296
0.02154605908523699 0.01890850645353867 0.2634698208459404
0.026184611578526966 0.00726739529220527 0.25924786119462073
0.026224176670867738 0.0072521844458924845 0.2593287089337512
0.021566202729950044 0.0188389994248514 0.2634030503925891
0.02609540708308914 0.007301022982556082 0.25926509318334384
0.026147329582263817 0.0072810667762730485 0.25934332093104406
0.0260223540696086 0.007322259484601135 0.25927676701743135
0.02607147572481075 0.007300983934526939 0.2593715542821838
0.025980149346003067 0.007329409952284094 0.25932351862721426
0.025985185429273402 0.007317977985562385 0.2593914021038648
0.02152708253428899 0.016525671108870738 0.26226377903853265
0.021564740933665963 0.016526756101104184 0.262249835780369
0.02171659014731292 0.01649104617688163 0.262309020537079
0.02167097130691327 0.01650312886018629 0.26224782787440815
0.021778891412990012 0.016488794739712542 0.2622988971322315
0.02176009300823102 0.016495581173917945 0.2622334844722237
0.021867100509741014 0.016482743429151292 0.26227975552073024
0.02185117395708118 0.016490621574245135 0.26218810956255284
0.02198104479977976 0.016453189552232683 0.2623092616985011
0.021947447159233094 0.016472338271223907 0.2622421689685619
0.021940230135368916 0.016478799466698307 0.2621746817637036
0.02209633278975344 0.016404100625414225 0.2623618231770918
0.022061361164720232 0.016431275593610906 0.26228652388329665
0.022031228480203717 0.016450620348029577 0.26221505564769293
0.022216399100619635 0.01635317375027498 0.2623992188357106
0.022173987273869697 0.016379118006321414 0.26233732820128236
0.022134655821343607 0.016405449319998877 0.26227600482431884
0.022100474788274017 0.016429115039875375 0.26216997955713683
0.022279165070083283 0.016335551108807495 0.262344497129003
0.022213732030074262 0.016369322161441935 0.262275586103186
0.022178120402361445 0.016390800771710984 0.2622250465832778
0.02588370034848856 0.007337703051493116 0.259332194402912
0.0223684761705598 0.016276235362639585 0.2624007433705504
0.022334576957779857 0.016302035163945988 0.26230528045981827
0.02564497539019526 0.007381419249967824 0.2591058476590017
0.025739915489534568 0.007344854552161495 0.2593067167838362
0.02576670341175418 0.007339751768258962 0.2593797308011178
0.022410747436108366 0.0162307503050311 0.26235210958452393
0.022488796781625242 0.016123966166262688 0.2623972552639615
0.025622547858480157 0.0073831997792285775 0.2592570622811013
0.025647170616094415 0.007346170874084068 0.25931756710397735
0.025680383090839753 0.007341994527694129 0.25936738334683174
0.025606685322926342 0.0073611128766361555 0.25932417104952743
0.025593921316424253 0.007346798589557446 0.25941200271991716
0.023114516024518972 0.015077428648144375 0.2613620808834134
0.023100787014622717 0.015116931037575665 0.2612918638910505
0.0231385321591748 0.015020042302088532 0.2612880669451142
0.02318173557773033 0.014926600898742592 0.2612258597625236
0.023166033105079753 0.014960408597482266 0.26116055831109575
0.023211360809329014 0.01485191935363217 0.26115693684780983
0.02319188249887752 0.014896478011762249 0.2611093671199611
0.023238815535429058 0.014774830565107422 0.2611169064768578
0.02715917185672269 0.0017013416104035284 0.2616197887146905
0.027219331574434215 0.0016861992040861917 0.261582525988062
0.027360359860823698 0.0016280021899507946 0.261638857199515
0.027494411149102067 0.001545878128734468 0.26163828076196244
0.02779745803858244 0.0012973626687361461 0.2616085005954401
0.02770788164318074 0.001374594827391884 0.2615771554338324
0.019180986946968542 0.020350896792864365 0.26534165529604714
0.019272900762547396 0.020367876136254015 0.26534042281732784
0.01927602126021577 0.02036876833662979 0.26527464433777115
0.019406467723904697 0.0203955390663679 0.2653071277541609
0.019486314077544906 0.020407607116626703 0.2653055103570824
0.019576531624062005 0.02041405261432505 0.26524673883625927
0.019694421126815936 0.020418275150506093 0.2652611013614074
0.019684259442715735 0.020417299844201764 0.26520690584633594
0.019751704985865898 0.02041671268194223 0.2652669645588568
0.019751754030085694 0.020417705550058063 0.26520224302760503
0.01995548496982079 0.020409473731577477 0.26514290216513103
0.021515011414793686 0.01898729533917301 0.26350167323298657
0.02158244148242132 0.016530726954752023 0.2622233217822724
0.021638951447183905 0.016502451255514777 0.26228115845848377
0.02163659528579135 0.016508677420001283 0.26218710077044455
0.021700045420627555 0.0164969949351966 0.2622725986934489
0.02171630666864026 0.016498096328268236 0.26221721849350005
0.021815372849292317 0.016492449523388658 0.26222438195953757
0.021889917475530977 0.016485447792200486 0.2622150088405633
0.021986384750028606 0.016468731835589223 0.2621662657759739
0.022040096182863247 0.016452313791166573 0.26216401479836726
0.023662071437084445 0.012197170339828589 0.2599527273337147
0.0236961838861156 0.01219296332003389 0.25986384362088977
0.023714019854206632 0.012196795448894071 0.2598029102471882
0.023764992536099108 0.0121840091971252 0.2598942946433749
0.023801093436221 0.012188839452690003 0.2598120334615114
0.023856773672081222 0.012177115008500328 0.25992018588979204
0.023857672813705627 0.012184340181369657 0.2598262984501563
0.02393390839657162 0.01215012078508193 0.25994650833420413
0.02394489646977027 0.012160592677956439 0.2598704088446723
0.024013535370626747 0.01212685280100817 0.2599625353994365
0.02403698630246067 0.012126958370443586 0.25987328138243326
0.02409293986643856 0.012102142178131214 0.25996201160376337
0.02409721362185814 0.012100781327703869 0.2598981257305148
0.024161526453372967 0.01207168043434459 0.26003684234382496
0.024146864882110826 0.012078782868108873 0.2599749261467296
0.024216984915404173 0.012030743278470424 0.2600453667299066
0.024230463940541278 0.012025821869303122 0.2599735552947924
0.02430530744501757 0.011964211506063971 0.26000103621870785
0.02437033544046168 0.011898429967108437 0.2599916691945722
0.024433171444455358 0.01182312746738945 0.25999412910070696
0.02443133778448177 0.011831934829245105 0.2599448040597212
0.027071861045025937 0.0017221222996626762 0.2616124974037817
0.027245214161955578 0.0016741363321015057 0.26158960297065914
0.027305173003431042 0.001651210223375943 0.2616068952165406
0.02711681189866131 0.001711247934660931 0.26160485053231286
0.02419491282733431 0.012050761039400448 0.2599827607032351
0.024134620596252092 0.012085041489633463 0.25992524841408793
0.024100027924176065 0.012095444471533545 0.25999574871484066
0.024051325581577722 0.012119706004364683 0.2599299754584965
0.023970951316565514 0.012133690104262407 0.25998008314926147
0.023991369325660858 0.012145738186840171 0.25985096274843034
0.023939571172577646 0.01215582567218726 0.25991046404989965
0.02384947251827007 0.012169234705924403 0.2599636233388923
0.023891956999626818 0.012177238784382205 0.2598498084577392
0.023815995834650106 0.012181545435801022 0.2599108077296114
0.023732027984908338 0.012175104738665232 0.25995969103688643
0.023601890325685333 0.01354787086856235 0.2605121863399065
0.023583595580901458 0.01360624643814723 0.26055320907127505
0.023557511513111827 0.013688287173649338 0.2605875363363251
0.023530201805203772 0.013775561459886343 0.26064077167248256
0.023515438306095232 0.013826045873177872 0.26070012324877745
0.02156462619693989 0.018858056618844404 0.26348627112078093
0.021536016506298425 0.01894051246141154 0.263556069921114
0.021505297144591734 0.019001034876721473 0.26358937907693325
0.021476741246204127 0.01906324281150895 0.2636245738495103
0.02145117486440025 0.01912213339791302 0.2636824476981333
0.021434605955874916 0.019176918388494557 0.2637263750003185
0.02141289912206573 0.019234807502446966 0.26377467273061483
0.021540457163819013 0.018910997218078762 0.2634303846878056
0.02150953453781397 0.018988538823193596 0.2634710958137685
0.021923503789336087 0.017680247582422592 0.26241472504599034
0.02190424293161594 0.017778798045862687 0.2624950593625408
0.021878611836344597 0.01784651157567793 0.26252470661764404
0.02186038758757048 0.01793199083991645 0.2625519547467883
0.02188615514781496 0.017832465070501097 0.2623709266841534
0.01911942259670754 0.020210161269068744 0.26661974882706074
0.019153805187658413 0.020306423545490615 0.26659158190714427
0.023738871146508717 0.01265570128023119 0.2602988910554215
0.02368398417077225 0.012534625804506982 0.2602518066368452
0.02371520875507628 0.012640629484477861 0.2602195288105914
0.023650143843376367 0.012494558345967577 0.2601874550602683
0.02368096259458785 0.012585574466234817 0.26016357089552966
0.023613640896229575 0.012450094383092136 0.26012814892774383
0.025744016762077465 0.008437595496711137 0.259007604147914
0.02579101493458806 0.008172473653154433 0.25899368361452835
0.025777793383082725 0.008260252856275963 0.2589772699319698
0.02576014555932654 0.008352486368456646 0.25895966367037093
0.025797224284901145 0.00806526652855205 0.258928418387928
0.025787384417924504 0.008164693032375658 0.25892001794417197
0.025773380850745195 0.008240970536928682 0.25888498435878005
0.02566114241886256 0.007585052192605302 0.2590042643633431
0.025779942027958365 0.007967939940053792 0.25885753526182426
0.02564079189768305 0.007595445013818591 0.258964039595414
0.025715883769097586 0.007720006672708224 0.25888836583455777
0.025757722272244953 0.007854615873878645 0.2588566596582725
0.02568708749808442 0.007700857588137822 0.25882255778082686
0.02361072514215741 0.01240762920281907 0.2601379624359119
0.02176416462430318 0.017064343710716495 0.2620776222988878
0.021479710668102947 0.016696752909547252 0.26207967173728863
0.02188557583758599 0.017231777702837847 0.262133581410492
0.021507337685705605 0.01676772971543966 0.2620444341802835
0.021498210059673062 0.0167139506977044 0.26209042860923354
0.021496428853758506 0.016701025725513352 0.26211844250220384
0.02370403130190897 0.012597325042419116 0.2602225026866264
0.021907641273729662 0.017252303171639116 0.2622616766132057
0.021594369429964386 0.016837768427786504 0.26205395461956293
0.021645168683665443 0.016925472247433848 0.26200348592389244
0.021936950969177235 0.017308880943078947 0.26228779369825883
0.021703592562139717 0.01699000751236221 0.26202813755882093
0.023656179677936318 0.012516921161905281 0.26017462961819016
0.02365289166822905 0.012556500519368852 0.26012060830707184
0.02175326301390515 0.018290380315292898 0.262886525036199
0.021785417168000434 0.018211864363156277 0.262822001550285
0.021802099637658695 0.018149591477561344 0.26275675947547295
0.021829786498259472 0.018081196089112378 0.2627096286109679
0.02185730362124897 0.017995292106313066 0.26263471352048817
0.025795547482970443 0.00809849806592805 0.2589327292299471
0.025796379706210994 0.00802529089630738 0.25893633946825045
0.02574878038843334 0.007808743323305445 0.25886471379496157
0.025714806406688384 0.007738468779335483 0.2588460379299425
0.02569763660404792 0.007669673795033305 0.2589698926969567
0.02565720207971125 0.00763504710878854 0.2588888404178933
0.025638652034188872 0.007559609593430383 0.25899219251408734
0.02564692483500526 0.007587888065782866 0.25898673869266886
0.024057042869029648 0.012108997425441526 0.2599929473090461
0.02167234200588245 0.018517525011243763 0.263154867911942
0.021717011082504553 0.01838068490941669 0.26298538514165043
0.021547629615450828 0.016500603992835816 0.2622985992402756
0.021547691540001773 0.016536572786087306 0.26220170841007284
0.02167167618978795 0.016499070566672797 0.26227599883984937
0.023696713993220986 0.012187111287422947 0.25991424391950774
0.023742145698586653 0.012190815576684888 0.25984728186093253
0.02380684196519222 0.012173086476621131 0.25994980950500096
0.02383165479599346 0.012184877467873056 0.2598710787692434
0.023885077276030238 0.0121603240807448 0.2599696610689085
0.023907023148823814 0.012167637042813817 0.2599102950125033
0.023983254989186825 0.01214150852003143 0.25991730637557175
0.02562671101990109 0.007351405126317545 0.25931204061077084
0.025643985142736705 0.007384002233377596 0.25921745830010134
0.02571346228598792 0.007342313515442289 0.25935901983111365
0.025830499359845743 0.007338328658051063 0.25937913024767756
0.025933920006409802 0.007333710614916 0.2593494038075632
0.02594967198270557 0.007332699406433163 0.2592858258239511
0.026035306284314524 0.00731816637955951 0.25932303859753547
0.026048506743577622 0.007314563364047677 0.2592334116063193
0.021878793613181978 0.017848276797765378 0.26246308365886917
0.021855996644886667 0.017922481208619334 0.26249425347353594
0.02183962965055304 0.018000563244609663 0.26252111608979145
0.023604132800551875 0.012421550544139126 0.26011502261926034
0.021589015278197475 0.01876722023234384 0.2633988110453011
0.021560472910064063 0.018844017496599114 0.26336753055418843
0.021642413080576156 0.018612976200436865 0.2632987469862079
0.021615551930614832 0.01869657153810783 0.263305003370342
0.021596240209935093 0.01874590646874419 0.26329311188332427
0.021669771329170015 0.018542944746752277 0.2632074182008842
0.021649655793319393 0.01860545008001277 0.2632341039879523
0.021619913635351637 0.01868387311631242 0.26320871559066206
0.025661512459998773 0.007354767905466575 0.2592722312653414
0.025679791268943736 0.007344692201850911 0.25933038776059514
0.025615508315421982 0.007365158652869075 0.2592907511857022
0.02563568375943842 0.007344880938528087 0.25936445303886646
0.02159588238678673 0.016510639858759307 0.262276806928476
0.021587731781447926 0.01652301263497158 0.2621863378451303
0.021672445645554095 0.016492781607397033 0.26230828995827304
0.02166720554890665 0.016504620893617067 0.26221181537514915
0.027182940527935857 0.001792477270162074 0.26121285911206965
0.02147920992613496 0.01669361902486055 0.2620873149450087
0.0214650349272094 0.01670715245295354 0.26205995908586466
0.025689472882661657 0.0077296583562421195 0.25878717325882894
0.025663495474232086 0.0076453627195819385 0.25887402977782054
0.02564713586500727 0.007617079216407641 0.25892690394196716
0.025739784576907496 0.00780179050933566 0.2588440593389558
0.025716461082663962 0.007708087669857366 0.2589219981802995
0.025672031067726434 0.007627939798482863 0.2589806181545981
0.021783668964514558 0.017111702929684336 0.26205148405503553
0.021732691107017213 0.01701264314999648 0.2620753311134115
0.02172469132202686 0.017037493366160478 0.2620101331449101
0.021688075734141082 0.01695406712182021 0.26204706007653256
0.02168504670753907 0.016985173226624906 0.2619954316333861
0.021634766537980764 0.01688101876198339 0.26203738192950465
0.021574129926265187 0.016842397059379594 0.2620128692163206
0.02703466005125838 0.0017292700666685645 0.2616270093054329
0.021784747089479743 0.018200359661290633 0.262693982741785
0.021811898193942914 0.018130256972300363 0.26270334377926796
0.021806029713055036 0.018130157982116035 0.26260436003498133
0.0218399568703386 0.018059511314517163 0.2626855580691683
0.021841725694993007 0.018056764367283346 0.2626305805379375
0.021831260442295095 0.018036200960601545 0.2625381026330542
0.02186086532328299 0.017972002778848972 0.2626055268385101
0.021603853003226897 0.01649685722646771 0.2623123020833662
0.021619944572003072 0.016516192749008146 0.2622350591770096
0.021736409176147692 0.016495805601468766 0.2622668606737769
0.02195677676527652 0.01752284084515715 0.2622587848528537
0.0219659153288429 0.017449377180175363 0.26228436878498673
0.021960473938909854 0.017346928665471523 0.26231119486950505
0.021916203669491638 0.01727909951961437 0.26226596582222433
0.023709263606710426 0.012643723701802667 0.26020081092796393
0.023660869122686702 0.01253887043016716 0.2601603853340487
0.023654222883663464 0.012484372699402724 0.2602243507610259
0.021883220177656183 0.017244257038039335 0.26207552874509904
0.02194874159484607 0.017557163293357936 0.2622644219164205
0.021979138347557492 0.01747970913475899 0.2623131549015572
0.025750668816048247 0.00782223466200832 0.2588587027866313
0.02567433452609371 0.0076701434501548205 0.25885121278969736
0.025683288605873954 0.007619881631357905 0.25901174607417915
0.021893124381153706 0.0172440405036354 0.26220422737433
0.021901568971525676 0.01727082634963298 0.2621033924481008
0.02179551392113445 0.01711448631611251 0.26208267407207086
0.021855314447284377 0.01722021069754162 0.26203660975460485
0.021713131577800568 0.01698986253879084 0.26205653396815176
0.02161677742181483 0.016880095608150708 0.26201343023673423
0.025701974751069973 0.007658317265558989 0.2590086835749915
0.025703211744263425 0.007683425389590326 0.25893974187675695
0.025653708467414903 0.007477636979212776 0.2590388894351512
0.025655135823487635 0.00750981110297505 0.25914980797379455
0.025647544098063864 0.007406817162884438 0.25898838488124054
0.025628919849690054 0.007501120122485716 0.2589870135012963
0.025625664584806578 0.007442898478488058 0.2592231483676773
0.025648418310573955 0.0074370977524586546 0.2590919630070564
0.025673965441722492 0.007554602490770612 0.25908489878987984
0.025676708073618507 0.0075843811989724785 0.259032142483071
0.02564814025663808 0.007406455542186996 0.259156761116872
0.021548885556579994 0.018874508367963394 0.2633834444224386
0.021540292156709745 0.018900313026428944 0.26340200935659264
0.02361105686658145 0.012290137088964925 0.2600759644573887
0.023634986970264435 0.012226040398063964 0.26001696239341393
0.023596758039929694 0.012374992921437789 0.2600890848480729
0.021497977214479894 0.016595631386213755 0.26222705465218105
0.02149384344816395 0.0165469173885609 0.2622672779602092
0.02151991770304878 0.01654635693114312 0.26222668257845605
0.021811437337026424 0.017158512892281402 0.2620403520161524
