0.029515008805465183 -0.002322498471633072 0.2644394171331959
0.029515247951064152 -0.002168342150665137 0.26443026272360126
0.029512570250448754 -0.002067744321575693 0.2644398693255965
0.02950255140586782 -0.001953446213379728 0.26442513995303385
0.029486722341237025 -0.0018186442649019141 0.26443319967384205
0.029474320200314034 -0.0017065457649207971 0.26445904312373786
0.029454595112520555 -0.0015944466180375927 0.2644477974721521
0.02943863550908154 -0.0015181123772363136 0.26449378894244113
0.02951390793084671 -0.0020241580580922514 0.26428275721897604
0.029414081970341427 -0.0014177363904303575 0.26438123870962005
0.02939874252893796 -0.001343004511248136 0.26438260442236616
0.029381666709240487 -0.001278776307478191 0.26440869599997574
0.02932494424855142 -0.0011177273065094417 0.26434697625321396
0.029299617312532764 -0.0010411906510153224 0.26425049531842537
0.0292444173575235 -0.0009153572190928605 0.26418362129448797
0.02918562622585389 -0.0007864940525561526 0.2640981539718018
0.028648206139776054 -0.00016922572330896335 0.26368393024470677
0.028312875980163216 0.00014474808641418146 0.2635795236268037
0.028031496489665027 0.003117213896826343 0.2616029143934301
0.028012229569017777 0.003197120540212761 0.2614778400538896
0.028003788147657332 0.0032739030416448767 0.2614950779330875
0.027984716578519336 0.003372064609944714 0.26152038934670935
0.027977219146720717 0.003380481740679564 0.2614059621999013
0.027960237959775147 0.003469974403629117 0.2614067652989684
0.02785734935810287 0.00393549988777131 0.2611843441386438
0.02782297425427243 0.004042339448808663 0.26117906597286406
0.02776340974078815 0.004183626338876367 0.2611268246335974
0.027648411108708484 0.0044749232389929006 0.2611073468744268
0.027630173757012697 0.0045162119465561035 0.26102583779192134
0.02759438752918803 0.0046110175405338905 0.26104437636113786
0.0275640623471181 0.004671069445980114 0.2609532895668991
0.027539911041492345 0.004739085509020191 0.26097895957478967
0.027480210448771004 0.00486646471586949 0.2609134601198976
0.027419327023756233 0.0049945112784124945 0.26087059431791754
0.027358363464004713 0.005130128560636549 0.26080673154515754
0.027340156727417075 0.005171985710126226 0.26083450275289916
0.027279544564767375 0.005308375589047676 0.2607801493972832
0.027245655829433217 0.0053859561281290325 0.26079557017785027
0.0271865448486055 0.005523161581396374 0.2607365528012627
0.027133358212138352 0.0056673041206567465 0.2606810688623532
0.019511351583081767 0.02242986203770861 0.26938037904072354
0.019476382888453055 0.022496046296744926 0.2694456995907195
0.019441790663203402 0.022555941883704383 0.2694803879391244
0.01942066571167278 0.022591552424372108 0.26952231792858516
0.01930159346109068 0.02275279375689787 0.2695321777676623
0.019273413213857428 0.022781365507137552 0.26959268380169293
0.019216351164024037 0.022843398232905127 0.26963959861814424
0.01917738083479187 0.022897883776593714 0.26957483445005337
0.019148376725153696 0.0229199255727347 0.26962156288087424
0.019113266937920904 0.022977249970771302 0.26952439617242835
0.01906636810820768 0.02302472523300969 0.26943579261185135
0.019037523378401686 0.023052293564380155 0.2694908424371723
0.018990450456019346 0.02309136263636022 0.26941624468457204
0.018932759610893884 0.023143975881068146 0.2694619700502897
0.018843966171928413 0.02320482704872004 0.26944809900519273
0.01877555642153704 0.023244221115426872 0.26948943998921204
0.018735751244975243 0.023265773778353316 0.2695567966313468
0.018714278337264814 0.023279246172662083 0.2696343104767297
0.01862323672655157 0.023325126052925166 0.26969255675047993
0.01856608405757472 0.023346569672805767 0.2697450797815733
0.01851608168087568 0.02337237533509795 0.26969183361816124
0.018456780542302535 0.02338981539930124 0.2697670294373569
0.018497942525111298 0.023381925598169706 0.26961921833117963
0.018449901920103616 0.023398449818460343 0.2696864920096451
0.018349407827699997 0.023432778598276444 0.2697578534527941
0.018320080179591962 0.023450121995327783 0.2696776264116224
0.018275675130902697 0.02345876585934975 0.26976420197899376
0.0182095994001249 0.023489039422564834 0.2696743708125066
0.026026948460816553 0.007868507611249298 0.26029998948468647
0.026001996733157784 0.007964163209474406 0.26032655387466697
0.02598163526009377 0.008043709111212993 0.260324664501419
0.025962624801018408 0.008127150623999935 0.2603622522186889
0.025757093320337626 0.008767250047572672 0.26030449886475193
0.025324003711600408 0.00995476951319696 0.2605536172050387
0.02529252887892848 0.010031875152836822 0.2605804584297503
0.025266537462010567 0.010107241555966096 0.26060253338673656
0.025139957664284854 0.010391096134677369 0.2607353168207649
0.025115436266095144 0.0104469864442851 0.2607612245999591
0.025074945344177618 0.010534819995467515 0.2608153316154834
0.02504728387402838 0.010598988595310388 0.2608545672811894
0.024918474594364574 0.010865117126989232 0.2608971540009378
0.021252928580408482 0.019401472357820138 0.2650698396960791
0.02122976925000382 0.019436267888624903 0.2650997597537533
0.021184798810244376 0.019511079042318746 0.2651681926473852
0.021164307600312737 0.01953895172769149 0.2652237530354836
0.02110365029373948 0.01960673455420625 0.2652780473214532
0.02107404101712975 0.01962924151647144 0.26530743018530684
0.02149522561065262 0.01906442732967084 0.2646790991972379
0.02146004437104937 0.01912222773111455 0.2647376739740017
0.021422262606792843 0.019182419927410932 0.2647569234829481
0.021378869500518108 0.019231928851115354 0.2648200889505824
0.02134257205823209 0.019271228314473254 0.26488481959296506
0.021307738044559585 0.019320592462355457 0.2649286199844625
0.021080989047434204 0.019638669591527436 0.26518306079447607
0.021032756859022984 0.01967761720411615 0.265233901129592
0.020971509786760816 0.01971803254953247 0.2653045035409828
0.020916853665106018 0.01974963598367563 0.26534494923687263
0.02289793562983617 0.015370954842854778 0.2629602978509169
0.02285526624631603 0.015426056426265211 0.2630067845061598
0.02160574487170082 0.018864878816678643 0.26445055559745884
0.021581412688863835 0.018908943597770067 0.2644708141844222
0.02153572909241938 0.018991519268492962 0.2645257559000904
0.02149915853755284 0.019065573780952083 0.2645657652202696
0.02148463888583444 0.019100276597043442 0.26460546250946293
0.021443414886425774 0.019177460401687718 0.2646356343104267
0.0213995270212827 0.019220479377981603 0.26470415488742227
0.020938009092784815 0.019747477462015828 0.2652123296377782
0.020881669166885705 0.019777167659545347 0.26525960543095334
0.020828311339166558 0.019805481061988928 0.2653356465735221
0.020783767737320866 0.019828296206065466 0.2653917048765233
0.02350051466462759 0.014290760123718882 0.2621224763805662
0.023465767235048916 0.014365560372722463 0.26216764083325483
0.023444357222919834 0.014424246934155505 0.26219107296051225
0.023408241486236256 0.014498836453965158 0.2622291648585794
0.023387919001141504 0.01454793346958766 0.2622467490036122
0.02298685813716468 0.01526482632853926 0.2627409608778832
0.022945881294858472 0.01532316700663422 0.2627870183829614
0.022905054215797818 0.015386604270739845 0.2627983684683429
0.02270502356058253 0.01562908510466715 0.26308139819143234
0.022684328622544235 0.015637639246529056 0.26313969442884605
0.02178774312430444 0.01846791796822761 0.26409765737382174
0.02175488826913151 0.01854288754358091 0.264132060381872
0.021729390668947253 0.01861066176967391 0.26416255389531895
0.021707781712500776 0.018678448418926408 0.264213457349862
0.02168253552480326 0.018733846678833932 0.26424720706550464
0.021642715018837938 0.018795964855641223 0.26428329561929675
0.021612602401289732 0.01885156098208607 0.2643418365997183
0.0207457924307117 0.019847978268337285 0.265312614825868
0.02068569717704591 0.01987406182260526 0.2653835676318984
0.023955832059346593 0.01283026842982532 0.26149636471006765
0.02391334009672086 0.012971663033125136 0.26155589517764444
0.023883242404306358 0.013065649323810713 0.2615801771436784
0.023860902055338445 0.013131607157698622 0.26159426477147074
0.02384447780757728 0.013194895893636649 0.26163728768849
0.023820561766283777 0.013274038488125472 0.2616353284012644
0.02379579085933669 0.013355925084284292 0.26169702022761554
0.023771283797916917 0.013439142127656623 0.261719268783365
0.02375305294918305 0.013512431183005658 0.2617235410100084
0.023730954806839046 0.013599204956631417 0.26178675816444996
0.023704216411238606 0.0136897569305095 0.2617585547049548
0.02368214330335388 0.01376887887604078 0.26181535470269823
0.023665382315870953 0.013827815700331758 0.2618510603680902
0.02364290317576366 0.013913317087891952 0.26186195100559817
0.02361934910600713 0.014002430791298537 0.2618744083914824
0.023601100731130684 0.014053499696138005 0.2619005080940259
0.023559226270106315 0.01415810359485803 0.2619377584146486
0.023529731942067783 0.014231981772096725 0.2619572036953469
0.023505321307797478 0.014286176693450336 0.26200038619566823
0.02348342391367892 0.014332951916004644 0.2620532153323809
0.02345263752966799 0.014410689626108308 0.2620752255297307
0.023429720139356916 0.014470347524417504 0.26210140576828306
0.023389099228058888 0.014562783328517126 0.2621457898947899
0.023368580875694905 0.014615515708592763 0.26216302725270324
0.02334141664214058 0.014676200504478487 0.2621950037403733
0.02330735588548169 0.014749045453662124 0.26224553279769924
0.02328279234386535 0.014799280646834945 0.2622629995057505
0.023234337483240476 0.014880969563449586 0.26232947084682434
0.02321271012792387 0.014922164917374858 0.2623761185318364
0.023188191575367008 0.014971916066364832 0.262410258613188
0.02315187328509185 0.015040759260154635 0.2624235346653233
0.02310467403543994 0.015119319542257481 0.2624731488065355
0.023081048866128072 0.01515786548442688 0.2625240859503233
0.023036549600728692 0.015232837218826845 0.26256599646833456
0.023009754360291935 0.015267694275448052 0.26259252344881945
0.022967708127740405 0.015325954695254995 0.2626628935363009
0.0226275233921965 0.015695069415280982 0.2630628065655498
0.021872548321409238 0.01825309830791433 0.2638635935498615
0.021821240614783056 0.01839832034575073 0.2639224851101005
0.021797455223669493 0.01846480216468116 0.2639808296095951
0.02059288587314731 0.019905161371300772 0.2653599591728301
0.0239801948694454 0.0127321542341442 0.2613496815331525
0.023968382889261383 0.012784574813295979 0.2613761153014333
0.023938419121968396 0.012885717964243926 0.26140181244068916
0.023847313383407426 0.013173062438491645 0.26155459239330253
0.02361989209382981 0.013994143835708406 0.2617613437615963
0.0236035499891429 0.01405260104450301 0.2618054752804275
0.0231828144144397 0.01498218106017779 0.2623071567546093
0.023025538313244373 0.015252209600414124 0.26247685335991017
0.022577067504381737 0.015723340693544918 0.2629661275336445
0.02254630792991799 0.01573715414728799 0.26301642563176464
0.022041090144630876 0.017764836702330256 0.2635148354657435
0.021972020978836507 0.01796493490159573 0.26363391477203635
0.021957456045482056 0.01801929856136908 0.2636409747516701
0.020471432163900627 0.0199352178376056 0.26539392241683724
0.022492173412325574 0.015767397559846685 0.26294485551997315
0.02211352661969533 0.017586315182807843 0.2633406461220751
0.022084544687207996 0.01767115132186181 0.26336128615113774
0.022052108732545067 0.01775205309409017 0.26339878284026375
0.02203371481872414 0.017814738862658386 0.26342753240988437
0.02243367352173855 0.015797108488615652 0.26287924803173446
0.022210208194088907 0.017228860841919158 0.2630574505969469
0.022188812393270897 0.017305586253386573 0.2630861361219118
0.022183315765352922 0.017368120677138388 0.26313009660902875
0.022172682384207776 0.017428912731987767 0.26315525327161743
0.022148673053123645 0.017503345559622463 0.26319975376477445
0.022123368398362875 0.017574098119898796 0.2632375616748169
0.02222500565456758 0.017185862171001987 0.26295605589115445
0.019439821542360743 0.020641514239151393 0.26694360940522865
0.019427524452672942 0.020472346527405205 0.26686438360079745
0.019421139625481088 0.020350800153036475 0.26683785582743536
0.019450840444703146 0.0207937781481915 0.26708093561319707
0.019402778213189933 0.02023729199108959 0.26685162785742783
0.01952208373745673 0.021363862861679628 0.2682058988874353
0.019354449557766322 0.020112644403984525 0.26684612936728763
0.019469451253812324 0.021123413972079175 0.26742388551404883
0.029281678354705708 -0.0035707096804154514 0.2648342199738877
0.02931698771492533 -0.0034520679156209155 0.26484026577634
0.02937213045253828 -0.003202684938375888 0.26468851663746606
0.02935388812658131 -0.0032934140785351174 0.2647710882843532
0.029340033800895372 -0.0033730693224367503 0.26485648870752987
0.02944492919820662 -0.002876772670308725 0.26447591267030546
0.029429432142597384 -0.002970234929088822 0.2645851375825332
0.029404538792424738 -0.003097394007363252 0.26468361845899957
0.02939320943396119 -0.00316608886544828 0.2647867367794353
0.029484994265135185 -0.0026475493291625574 0.26436595112072664
0.029472696673453223 -0.0027433765682117195 0.26446243324287905
0.029456385593629092 -0.002836233006649702 0.2645656375117616
0.029446069714716396 -0.0029117483881501705 0.2646378576377591
0.029424270235324824 -0.0030287263767784234 0.26475014001694097
0.029490162090361358 -0.0026097249002283718 0.26445117365330006
0.0294783580489084 -0.0027065426491663103 0.2645549665003366
0.02946774300728177 -0.0027896849020207504 0.26463994182664696
0.029501188742459786 -0.002481767387649325 0.264447101796462
0.029494956306827358 -0.0025660424501041112 0.2645422023984283
0.029511103480137378 -0.0023850809869871425 0.2644592404579935
0.029507011676823527 -0.002434137881345777 0.26453959771131597
0.02951723155897499 -0.002085769264157933 0.26430837703324545
0.02951572890077797 -0.0021412611842118734 0.264365372714021
0.029516205081410278 -0.002235429648464682 0.26448180161804513
0.029514543081998745 -0.0023277852524777876 0.2645183204236846
0.028016694070667217 0.002438696084626768 0.26157590206995124
0.02951172520598932 -0.002033987115289626 0.26437106966626867
0.02951466177123202 -0.0021222493943672815 0.264510968665824
0.028049629327179124 0.0025457693961352112 0.26153685180694164
0.02803919158217756 0.002483746132150577 0.261623276710783
0.02801906615248593 0.002407073379728064 0.2616987178468805
0.02776814339948061 0.0006924455733007262 0.2634422972437679
0.0278358997892939 0.0006308625489052644 0.2634537408728157
0.027945697142066954 0.0005320132825929469 0.26347387767428804
0.02800146923122728 0.0004836001632630982 0.26347487984565887
0.02805601443680663 0.0004361003791613083 0.26347811743096006
0.029494627880923358 -0.0018863772772066967 0.26443973820474675
0.028072933056548295 0.0026652662609348288 0.2615550148711253
0.028067892938543983 0.0025993616799349084 0.2616396680241306
0.028047951303498853 0.002513858355118692 0.2617273144914701
0.028374172445389846 8.48320266282343e-05 0.2636198619613064
0.02806596706267108 0.0028158594684107308 0.26157019306902296
0.028874690330380766 -0.00038212144593541275 0.26381192582273
0.02893291961532759 -0.0004485883177964278 0.26383432770924853
0.02946103940670055 -0.0016298567257104213 0.26444988961151716
0.019474167549994967 0.021155939497654486 0.2675228317248725
0.0280538283267827 0.0029328022976634616 0.26160978850029226
0.028928784279039353 -0.00043082087000673175 0.2639135464102782
0.028965025100451007 -0.0004712951520119968 0.26394518813683615
0.029023131540154748 -0.0005357538695997532 0.263947523343872
0.02907509993932241 -0.0005961966487240122 0.2639916488607492
0.02911626688842741 -0.0006598612854207264 0.26402931486446163
0.029386338175916744 -0.0012982436897404637 0.2643556063208756
0.02940898078202657 -0.001385871366594127 0.26440254956679865
0.029426349570365995 -0.0014668209006573063 0.264481891222482
0.027998916755171327 0.0032733714382128243 0.2614379076266948
0.028017656140326197 0.003168536639623354 0.2615017247822935
0.028033371333704066 0.0031033817303395828 0.2615657380214969
0.02804418078125584 0.003032871273991322 0.2616282371030037
0.02927027633424182 -0.0009784113138279205 0.264277529217797
0.02930328389584675 -0.0010557055178638253 0.26431156651791554
0.029328422210766626 -0.0011309361728870648 0.2643696695347714
0.02935665280281194 -0.0012090562412190864 0.2644067154076398
0.02792045185882968 0.0036901251029884397 0.2612699105093438
0.027939289986519462 0.003595629170974557 0.2613227881225461
0.027953573866904516 0.0035052834530771015 0.2613790752304727
0.027966867345260715 0.003444937657598235 0.26143410029295533
0.027985924362284927 0.0033635267901560018 0.26147968382138875
0.028001507704971944 0.003286032491843005 0.2615344033157182
0.027800794956643414 0.004091177165934323 0.2611591603871496
0.02783694350972741 0.004007966626178139 0.2611900414166567
0.027862785841111036 0.003929405694092336 0.26122245644185293
0.0278818778631678 0.003855023318367623 0.261275076196464
0.02790982114487256 0.0037601228275060405 0.26130929331121366
0.02771664343437786 0.0043009317773748945 0.26109867136765197
0.02773342547314897 0.0042621751901446014 0.26116907804362055
0.027765071607027625 0.004181815347736595 0.26118919512190475
0.027797200387314952 0.004109637254627818 0.26122494486249725
0.027393262763690307 0.0050471470313808164 0.26083515090447196
0.027435718344994156 0.004953884762510241 0.26085924177662856
0.027457181404041762 0.004914788550116456 0.260902537526683
0.027497011304770988 0.00483133036111838 0.26093440229872145
0.027519979901965745 0.004781102089140565 0.2609537257646898
0.027561129790252985 0.004694787527477706 0.2609952024911625
0.027586452252033752 0.0046326904952895265 0.2610276919190243
0.027610114621327578 0.004571357243068286 0.26109072422384777
0.027682166262866695 0.004394318256626006 0.2611640147302658
0.027238413318010177 0.005402087475288975 0.2607598006745396
0.027261661526151365 0.005346512353987698 0.260793766804884
0.02707096543980949 0.005803913972553532 0.26065476829342704
0.027113121219385868 0.005720040278101246 0.26068659131853833
0.0271416468468249 0.005644203054610886 0.2607437460271151
0.027033998459601943 0.005869904026863937 0.2607264275845653
0.027055502637787048 0.005832281192627742 0.2607507001733152
0.026147838304540906 0.007258381749054854 0.2602820086124662
0.026939180189726908 0.006025322131073152 0.2607660142538104
0.026126345392778937 0.007438203242836894 0.26027349971606384
0.026138161958547443 0.007364561273398351 0.2603062120716904
0.026109576501020734 0.007547063015554689 0.2603218496235409
0.02606950620325226 0.007711464875279295 0.26030524415288137
0.026087537009445154 0.007641128329322511 0.26036617772023873
0.026018416122792286 0.00790021745321362 0.2603065313598332
0.02603952576919643 0.00782059312004213 0.2603635684863008
0.02597842540942554 0.008057264796024033 0.2603177206431262
0.02599374234046334 0.007998636527194014 0.2603429678037107
0.02571737324916469 0.008886939501845492 0.26031612141102656
0.02566602731919601 0.009056395540412154 0.26033120226540984
0.025690386618977226 0.00896393344390567 0.2603687232425266
0.02560991265220864 0.009216142256954662 0.26036888290769206
0.02554799713108319 0.009388744054676157 0.2603824937477493
0.025573325369355762 0.009318767317956278 0.2604299230927168
0.0255216667919054 0.009474718877909016 0.2604399617641485
0.025452119215841833 0.00963197613775485 0.26046910917380145
0.02546766417038375 0.009583834108852052 0.2604971054028586
0.02541634015623754 0.009725594498302403 0.2605111243063397
0.025318996019818317 0.009969733288597571 0.26054639236948507
0.02534498466465846 0.009888759057026852 0.2605654326730779
0.025260480066820024 0.010118064744109478 0.2605753993884702
0.02528675749325296 0.01004922589888918 0.26059979222448404
0.025032078420294993 0.01062864466816521 0.26080558156266254
0.024989614537148354 0.010714033982046012 0.2608980944023286
0.025020889439752968 0.01065530232908396 0.2609146694319642
0.024918607427001617 0.010860956496428542 0.2609327570360448
0.024938504055725223 0.01081722759796483 0.2609540554586294
0.02481665956225823 0.01101841054109226 0.2610166770699657
0.024853163284082838 0.01096722573683162 0.2610180663884147
0.0240996263414825 0.012162425295096757 0.26131702562252423
0.024050272119807592 0.012448825069354075 0.26127828005234854
0.024067257458064255 0.01235678977188781 0.2612921207605897
0.024083128607324138 0.012274711157856277 0.2613620512284834
0.024028601328018706 0.012544589545681772 0.26130567372236396
0.024050854928023675 0.012458622224099658 0.2613391005784353
0.024000931121513275 0.01265870245218842 0.261362696289305
0.024021376221649217 0.012588591636237545 0.2613940962617115
0.023957479505996672 0.01282495898956354 0.2613902482218877
0.023983721093632747 0.012741148007349656 0.2614350413110722
0.023932270412918254 0.012908511011812507 0.26144991447452925
0.023954721942050818 0.01284038579195107 0.2614655236980349
0.023898762278899803 0.01301089158484492 0.26150481081156685
0.023864339789511968 0.013116375856402684 0.2615500780931097
0.02381215554842027 0.013286002873151515 0.2615896744650466
0.023843805536980435 0.013193482510391041 0.26159681880538155
0.02378237802114668 0.013387626071781344 0.2616479586564686
0.02380910580028374 0.01330947721302822 0.2616561928715493
0.02375845485892998 0.013478150058003124 0.2616796595054803
0.0237124206313482 0.01365341579099727 0.261707364438777
0.023737778264944637 0.013571348606212397 0.2617272424643296
0.023675346154710245 0.013787834628601614 0.26174925971033747
0.02368880269343311 0.013740491723654491 0.2617479545602416
0.02370747523590558 0.013681867454028995 0.26180069318051635
0.023641136369976418 0.013918141596567568 0.26178535648481926
0.023666091672922607 0.013825616777087324 0.2618253828653079
0.023610330430893167 0.01403302658715544 0.2618525656884659
0.023631197931717647 0.013953695004289335 0.2618904100099593
0.02355505305349083 0.014170346820142898 0.2618801991330538
0.023576563774522483 0.014113470011721418 0.26191329271014197
0.02360599052138876 0.014026208349846747 0.26193912561814175
0.023543981397339875 0.014198145759142244 0.26197951323034413
0.023569401805106013 0.014127448247969132 0.2620062023851252
0.023499298130749954 0.014298877272240496 0.2620426518251637
0.02333122974543718 0.014700050033163159 0.26213263754987653
0.023360600943118988 0.014629555008194184 0.26211686428764697
0.02329107027381773 0.014786767037875181 0.26220453855496706
0.023323943845168824 0.014712150793248613 0.26222196740302
0.023350127401362997 0.014648422931809069 0.2622461381283169
0.023235416963737 0.0148813827242128 0.2622798281583391
0.023272637934456497 0.014801214325443901 0.2623330123221243
0.02315847652063921 0.015032543687180766 0.2623462389465478
0.02319597060074604 0.01495794855321847 0.26236888666930497
0.023224579608711188 0.01489178262888552 0.2623988023778946
0.023115011113287585 0.015105078492766044 0.26243054745408095
0.02313738709690189 0.015062621396318476 0.26246318176299865
0.023010890681065918 0.015272117642644467 0.26251888716090555
0.02305389654997784 0.015210439802119113 0.26251608264182763
0.02308701951797098 0.015134018009031025 0.26256058609599164
0.022961438827940286 0.015342141931578401 0.2626047738867818
0.022987303918793237 0.015301177046525338 0.262615208208406
0.0230337142393508 0.01522265747374385 0.2626240614019512
0.02293062981063848 0.01536208108172088 0.26271545347543523
0.02296813428782525 0.01530232987849428 0.262724096530677
0.019508146021429473 0.021319131766149024 0.2679956696483543
0.022244051517566962 0.017110701171916765 0.2630058865034236
0.022199371246629226 0.017274729344888107 0.263017748512554
0.02217734760437281 0.01736297107728957 0.263077859649164
0.02219144285369616 0.017296375793959595 0.2631064281157787
0.022154641871940335 0.017476152532412026 0.2631337465244665
0.022180724941413286 0.017394641921167353 0.26315439147158176
0.022125636222246767 0.017561046652929735 0.26320554828410625
0.022143434728493977 0.01750658640479169 0.263255511226855
0.02211227340209898 0.01760013588060294 0.26329837216959706
0.022133632692481628 0.017517400173329423 0.26329208809796256
0.022074550542969244 0.01769538870269266 0.26338534223043997
0.022047421592480743 0.01777934077408444 0.2634522119272722
0.02196913030279611 0.017986495633049826 0.26359245390553315
0.021988574901690976 0.017890190611799528 0.26360870043918805
0.02196427580995626 0.018003415452261473 0.2636894636953335
0.02193492422256156 0.018085533800003273 0.2637592279288746
0.021947343916541212 0.018036289831814878 0.26378056700567054
0.021897717293232824 0.018179249185442503 0.26382469229965677
0.021863398973529458 0.01828749909253896 0.2639307317048151
0.019517285687426028 0.02134070661706411 0.2681011813084373
0.021801011947809833 0.018456035347928557 0.26396470553946955
0.02175468243378719 0.01855515302312355 0.2640631685634651
0.021781609535597143 0.018487747156385237 0.2640772194608515
0.01936467928851713 0.02267573565023215 0.2695801969948012
0.01930229785910218 0.02275000141111852 0.26955901278077
0.021716596429891148 0.01865100431295752 0.26413450879506273
0.021739517059693902 0.01857847775108351 0.2641660653704817
0.021673302593854873 0.018746497614231084 0.2642021998858587
0.021708591209648312 0.018665811334436122 0.2642546524734807
0.02165690714661013 0.018766430806441692 0.2643414586620918
0.021574432909114954 0.01892355993700018 0.2644122783611841
0.02161241875667924 0.0188540589648431 0.2644064363106836
0.021562289790347827 0.01893907336159184 0.2645184841276191
0.021474701694464575 0.019103102464269273 0.2645408621510885
0.02151465194530426 0.01903115331544608 0.26459042764656143
0.01963294423405275 0.021708878261838926 0.26878502183478536
0.019610440444522884 0.02165860490259608 0.2686814397658388
0.021418740086233942 0.019205677374999397 0.26465237561123095
0.021476667654833637 0.0191131550179533 0.26467667321898897
0.021359073205233205 0.01926080887798337 0.26478160963612524
0.021394271449491756 0.019214851019302093 0.26479736151939515
0.021331915599513696 0.019286113912535596 0.2649227582152109
0.01954566106858325 0.021450815546630364 0.2684126446645066
0.02126800754692775 0.019378876689296998 0.26500697932754136
0.021312066560668273 0.019311558947452234 0.26499506987578514
0.019553589524962223 0.021477962086248692 0.2682365549065244
0.026028508811821963 0.007862006653728049 0.26033848263415554
0.02605815772485788 0.00775235318243761 0.2603707387822479
0.026052829885952603 0.007772097928682997 0.26032277938245696
0.026008195502807967 0.007938433091567831 0.2603086074408336
0.02601017198985768 0.007933041353956283 0.2603827438149321
0.026079761960851267 0.007676210562889585 0.2603359651862949
0.02598359401573147 0.008038507483776602 0.26035365903966956
0.026098639434206837 0.007598448408946745 0.2603117865218595
0.02595022891948607 0.008163518001563452 0.2603161395461336
0.026122421115178276 0.007472466273413969 0.2603576886588116
0.026117484348455677 0.007497851051434967 0.26027251268873114
0.019312075655764697 0.02273660102962194 0.26958975521184125
0.019400588547646785 0.022617596488818698 0.26959178886345564
0.019383268044632057 0.022652106695181473 0.26951537915443824
0.019453079177531474 0.02253772102576182 0.2695188238829804
0.01952432069532188 0.02240389908493784 0.26943100629535116
0.019555475625054407 0.02233590674857272 0.2693506357967277
0.019594891501116728 0.022229272173172138 0.26927402417134766
0.019621507698509996 0.022127215167343645 0.2692268253218104
0.01963694146258993 0.022038365771260726 0.2691776282655771
0.02613147989726402 0.007409475171157032 0.26030065155506693
0.019648266457400254 0.021935796652139516 0.26921806942895377
0.019647801180129446 0.02195341879010404 0.26913282787353265
0.01965136637013938 0.021847968966352493 0.2691807949235874
0.01965363544831527 0.021876763226448992 0.2690936059628772
0.019648825233389303 0.02188969713544614 0.2690050800009766
0.019649880592005356 0.02178405227683 0.2691448831349406
0.019651800295535427 0.02179630895760315 0.26907124370586366
0.019649809701515718 0.021805607209110622 0.26897358011666916
0.019640100721598032 0.021724209202724387 0.2689490490798929
0.019638363690270874 0.02173463152549887 0.2688436938673491
0.02614033748368006 0.007339782494925007 0.2602729527492714
0.019622500940655353 0.021661897046634793 0.2688108444768067
0.01962349412920253 0.021693729021937003 0.2687307757542936
0.019599610954752836 0.02160643133042528 0.2687375378497478
0.019595556463033792 0.021614613830506613 0.26864756164795356
0.019575056396348753 0.021546482905456077 0.26859270969431764
0.0195855978572744 0.02157492056479199 0.2685204758370688
0.01955649260716126 0.021488745463094594 0.2684942928127345
0.0195622733945015 0.02149879827846818 0.2683918544078231
0.01955367414409076 0.021477375859802028 0.2683128621786429
0.01954072855232153 0.02142594438469081 0.26825749236356616
0.019543434844393928 0.021442826630200362 0.26819216162447823
0.01952652104640517 0.021379007685515317 0.26814024342307563
0.019523014428533624 0.021389237397025807 0.2680615509422817
0.019509578687572762 0.021312469925361066 0.2680568056225842
0.019508605594837282 0.021338009434449356 0.2679374483074919
0.019506898003804354 0.021337011149550333 0.26788034333695404
0.025895738614254545 0.008318114431842327 0.26037320462547986
0.019498268311361228 0.02126814657361531 0.26792333063960994
0.019495759992415346 0.021266935740569592 0.26782909524276033
0.01949027452568189 0.021253883826175157 0.2677303552944853
0.019483407381161763 0.021177017308789958 0.2677044614374686
0.01948075103432425 0.021177465263747752 0.2676120865271421
0.019470117293989744 0.02114978080207408 0.2674615186333256
0.019471766075293134 0.021076459461179253 0.26746157331058384
0.019462693497357464 0.02099978488467502 0.26740894878163124
0.019459910908256134 0.020997389732680893 0.2673119436439074
0.01945554028122752 0.020923024382866695 0.2672769317135637
0.01945428263302329 0.020837991322496585 0.26716864501324883
0.019445483622703902 0.020701725494763012 0.26700833770926835
0.02600137345395969 0.006807532105383096 0.2601775335731253
0.019442513362498595 0.020547052693743795 0.26694304253349566
0.019443109909957644 0.02045119932032058 0.2669347951378759
0.01943437141277106 0.02037499546526733 0.2668889266515051
0.026150643158411126 0.007217475185777589 0.26033626770641005
0.01941835685964783 0.020304270676013148 0.2668530874945225
0.01939328375347213 0.020187179003763378 0.2668657500115096
0.026143296539770627 0.007128120120313275 0.2602909463387076
0.02613795779860137 0.00715570820351058 0.2602218091735341
0.025875168639261786 0.008380596560820686 0.2604282305892346
0.028531858229360343 -0.0046876462353548365 0.26480355093465713
0.02854033386932712 -0.00470884466902749 0.2648921461147573
0.028609160151156783 -0.004613060177945327 0.26477514384000317
0.028616824345419956 -0.00463560094609794 0.26486485342308874
0.02868255809704153 -0.004538116222800648 0.2647493529030838
0.028690274346287757 -0.0045610094358301545 0.2648392113918022
0.028695499238533546 -0.004581724695898182 0.2649306305730572
0.028760712606682858 -0.0044837561284135075 0.264815175833442
0.028766900858221124 -0.004505863141628985 0.264905843774356
0.02882477358768533 -0.004407162163252543 0.2647961749225707
0.028832244516718772 -0.00442975373588983 0.2648860856709001
0.028835459078398844 -0.004451410867199468 0.26497911855893785
0.028890864007017368 -0.004354159413028136 0.2648715475723925
0.02889468070015061 -0.004375817149090633 0.2649642819016464
0.02894830689401285 -0.004299274964845445 0.2649528423753094
0.028999186553263 -0.004222752851856193 0.26494413677376455
0.029047740644083643 -0.004145762978986722 0.26493648161601835
0.029094472290355944 -0.0040682631919187195 0.2649298598910848
0.02913565707988785 -0.003990616233951638 0.26492732069245595
0.029134536781248797 -0.004010494299184764 0.26502064889373267
0.029170562858136184 -0.003913077469138715 0.2649287035865774
0.029231756357146414 -0.0037582138877830795 0.2649413824173048
0.02925875030942355 -0.003681333388214747 0.2649503147085326
0.02928691187177232 -0.0035762452323034877 0.26489459037279645
0.02930157687601443 -0.0034934494042319075 0.26480834701940315
0.029308026262690634 -0.0035005723805685007 0.26488613065019784
0.02932381680362426 -0.003409042802422546 0.26479973737417795
0.02933195525143998 -0.003414164920748808 0.2648958357460216
0.029349724903598384 -0.0033261178726404217 0.2648220657502132
0.029368075418075346 -0.003234387224051005 0.26473875635261734
0.029372445033914715 -0.0032467227051979908 0.264811019317975
0.02938881996702137 -0.003146423257108566 0.26466860986155194
0.029392974017868397 -0.0031513210160145078 0.264725604823779
0.0294168636037795 -0.0030464361422419817 0.26467625856719634
0.029411753036127676 -0.0030838424600095338 0.26475981125230785
0.029435848298262193 -0.0029723813097962126 0.2646928469145168
0.029452571154117764 -0.002897154215491804 0.2646897321633967
0.029459157529297203 -0.0028455116266249414 0.2646461321487507
0.029490108480903394 -0.0018446039925198443 0.26447851939361355
0.029482555586150948 -0.0017701343483068066 0.2644873592901995
0.02946738131040095 -0.0016644589027698942 0.2644491684317902
0.02944258840594024 -0.001543961557159912 0.2644261704190641
0.029446059584047737 -0.0015535830634962333 0.2644920010869808
0.02941880771950412 -0.0014418193642151689 0.26436722634834386
0.029428044612359344 -0.0014774691758418501 0.26442665311454705
0.029404442707203923 -0.0013615341986987772 0.26441497112208534
0.029413387903091018 -0.0014044952746333217 0.26448743880954045
0.029374462076388268 -0.0012617556388261897 0.2643348538270384
0.02613206562235626 0.0070559234903138646 0.260282367031582
0.02612028507715311 0.0070598688223320605 0.26021103895849723
0.029256611383745308 -0.0009355197795865022 0.26417252063329866
0.029194974588597468 -0.0008039664424928095 0.264071233007779
0.029206272808556664 -0.0008368080615863693 0.2641395293560055
0.027235511512853736 0.0013259261406344813 0.2619076724532218
0.02724338674524822 0.0013047495341984572 0.26199863320604727
0.027242476925405115 0.0012863796142211226 0.26209538694327683
0.027227005361820947 0.0012711983627395895 0.2622040538711975
0.027198434263530018 0.0012595946844309314 0.26233172742324395
0.027319410522302925 0.001398954144102682 0.2618744963018039
0.02733024620174976 0.0013768292089524903 0.2619633581439833
0.027332023548519553 0.0013565265568332707 0.2620588012393616
0.027319589420282654 0.001340544297267321 0.2621644842315323
0.0272927931133021 0.001327695668516815 0.2622915381754752
0.027251859185916792 0.0013041315705965006 0.262374086894896
0.027411170718941058 0.001449970393689659 0.2619325118393004
0.02741680166677888 0.0014297690750038061 0.26202458713267385
0.027408338468924515 0.0014120139327198356 0.26212718595578866
0.027382853738363563 0.0013981181067750925 0.26224177392823583
0.02736265298238242 0.0013957089288276214 0.26235180635127286
0.02748691363102447 0.001524018281236439 0.26190602931262746
0.027495201409418482 0.001504097586743025 0.2619954089610951
0.027491362499761994 0.0014849149224560043 0.26209449320890216
0.027468310093540657 0.001468439137248423 0.26220835247804264
0.02743773020151303 0.001458108073174369 0.26232209233349657
0.027556150858444692 0.0015987376965550526 0.26188430503327
0.02756594262607017 0.001577774682705868 0.26197278847486855
0.027564516345216297 0.001558650459945854 0.26206942223153123
0.02754718328260944 0.0015408001633412938 0.262181070974255
0.02751565655511997 0.0015288928806410085 0.26231383265762975
0.027629638685449855 0.0016524772861077897 0.2619551555124269
0.027628479488750524 0.001633144463906444 0.2620513767738442
0.027615286858900114 0.0016148071025703925 0.26215870000104535
0.0275942297600641 0.0016073378988061826 0.26229219088344463
0.027679472711280892 0.0017458589014674453 0.2618535345250163
0.027686972794719093 0.0017264890869366778 0.2619431207356375
0.02768545450478841 0.0017074242505905612 0.26203924960856745
0.02767399580896507 0.0016892139278806284 0.26214236019598136
0.027734232242549492 0.0018203736161204187 0.2618435377437628
0.027740892081056442 0.001800565993115677 0.26193413490057227
0.027738666893702607 0.0017813623402707646 0.26203065712577794
0.027784874581641493 0.0018957525223486926 0.2618368665604258
0.027790402622524385 0.00187547373058361 0.26192824578765245
0.027832258848924235 0.0019713707661274116 0.2618317517464609
0.027836578809808714 0.0019513349672276026 0.2619234971665123
0.02787576314078511 0.0020477412124152994 0.26182881201458896
0.02787823945903816 0.002028009348526927 0.2619216526996112
0.027915229525798543 0.0021254625226629353 0.2618283281888336
0.027916197653614597 0.002104497905408842 0.26192017113604205
0.027953678309014296 0.002209778270616747 0.26183893156641913
0.027947156517873578 0.0021768800566274726 0.26191712393917144
0.027986641416020572 0.002318907063677933 0.26174227498153485
0.02797908859672034 0.0022845223372499057 0.2618152120558461
0.02801127266231708 0.002407653163912671 0.2616293949620495
0.02801099977024496 0.0023807989442584665 0.2617524378107514
0.02800356814168245 0.0023614511965651674 0.2618225442167077
0.028033984983531622 0.0024963155335812615 0.2615553729702512
0.02803716267569807 0.002468599467505217 0.2616825273258736
0.028031766170567324 0.002456720128455936 0.2617559342386008
0.025839533781901784 0.008489536768293282 0.2603653155072847
0.028062169062257662 0.0025723517141981733 0.2615880892650222
0.028057397684469403 0.0025546497046780026 0.26167935909252804
0.024911014770949945 0.010871863771798496 0.26096476824217774
0.028072596388371007 0.0027383751652215182 0.2615360195119936
0.024970341062112843 0.010753726641477557 0.2609448095920136
0.02494946363376639 0.010790908525967258 0.26089863027032706
0.028056430305518493 0.0029004312074814576 0.26157761731400564
0.025008736819818293 0.010680359140923135 0.2608916242956187
0.02499384535803395 0.010702518555144924 0.26083916789727424
0.028041161610494282 0.0030193534038572833 0.26156231185218926
0.02805048358350993 0.0029859847802670147 0.2616477199336499
0.025769093548630384 0.008728148941628211 0.2603538270446782
0.025062359893345237 0.010565665487886455 0.2608507928072962
0.028026766198597078 0.003110474952119635 0.26151992108363553
0.02803789418349366 0.0030811579130360367 0.2615986534490992
0.028018902097619133 0.003191654981366032 0.2615589589020604
0.02509639392033247 0.010478859515623218 0.2608313633145989
0.025089039622613107 0.010502408865173118 0.2607585270870687
0.027990020865716052 0.0033295406626005497 0.2614290451731699
0.027995185452480753 0.0033222923284538797 0.26151279566030666
0.028002913863355842 0.0032716174907062023 0.2615673007223155
0.025140025670619355 0.01038506811362605 0.26078851235570294
0.025130480054202126 0.010419356729650997 0.26071153772534783
0.027966131699867905 0.0034297533531616464 0.26140226176402204
0.02797462680191176 0.003410164411216554 0.26145227239983815
0.027955874645128574 0.0035132773369300763 0.2614302629276324
0.02796362496296049 0.003466003468404699 0.26146751957439707
0.025183694597492978 0.01026608741039381 0.2608194646800754
0.025169399013145 0.010297437032162016 0.2607478681272035
0.027925592636906492 0.00364931864181417 0.2612820367712244
0.02794408310891719 0.003594982286070303 0.26137372375661105
0.0279204879555746 0.0037114776496597335 0.2612945100936426
0.02521023035230025 0.010187813472126273 0.26077061315804273
0.027890991349342843 0.003820678163390545 0.26125800581277375
0.027845246717428725 0.003972295499417355 0.2611679057247207
0.027863717760556413 0.003922012582881218 0.2612611972515084
0.025264113286497053 0.0100976482294588 0.2606698039892283
0.025262395041698082 0.010114704422761411 0.26062051244325096
0.027831811441408526 0.004025099950600186 0.26122783919528214
0.025290675909715406 0.010027550661185103 0.2606424789938968
0.025281421018917158 0.010063796965479377 0.26056682092544853
0.027781245543213595 0.004140733772649674 0.26115150934373
0.027737766304792612 0.004243561815893082 0.26111878948051104
0.027749318601199426 0.004219808017717819 0.26119809770215285
0.02533206481108892 0.009923651187921934 0.260597080875007
0.02770026203803734 0.004347697044667975 0.2611181226948289
0.027659960718265875 0.0044397404700760035 0.2610818797291135
0.02766621112249088 0.004430436749795985 0.26114825657851126
0.0253622484830271 0.009845472032020186 0.26054828518225825
0.027620197048159476 0.0045492742225896055 0.2610223340105441
0.02762653359296085 0.004524230704222143 0.2611158367965334
0.027551684662203986 0.004698374759622814 0.2609443499325083
0.02757691098025196 0.004654565498783625 0.2609935307106891
0.0254100285485378 0.009739236245256355 0.260562499222868
0.025399351425741137 0.009763765922536749 0.2605194515332517
0.02751085460052878 0.00478565082899296 0.2609061325179058
0.02751780368693118 0.004784688724974173 0.26099856069896565
0.02543945155309202 0.009665578848751744 0.2605192000815004
0.027473822044857328 0.004881914944567578 0.2609574631712533
0.02740995285423245 0.005013333893706062 0.26085470376099684
0.027429821302103773 0.004972276349096971 0.2609096763424339
0.025474584647913932 0.009573625326868174 0.260452246936978
0.027363104987250662 0.005121812984344221 0.260835832511606
0.027315427037486746 0.005223717092675273 0.26080060722081144
0.02552306380007119 0.009462635670167696 0.2604762976232806
0.02551156549644465 0.009487912502178175 0.26040386539994576
0.025553579706389856 0.009369201912260539 0.2604452614952216
0.026108204221717307 0.006968457262714001 0.26027023841711067
0.025582258050365 0.009293493893587801 0.2603960662170387
0.02715378339239132 0.005612051393829476 0.2607213401870123
0.02709492277681322 0.005757753854482017 0.2606527260879249
0.02710424155982137 0.00573583087781776 0.2607362694023039
0.025622586913356803 0.009182753798088639 0.26041110595967676
0.027063434100771507 0.005820655634343808 0.2607053436579121
0.02701085462748192 0.005907982278845758 0.2607497976650276
0.02564894240074067 0.009109796219487432 0.26035493038660973
0.025677955397385314 0.009016079195085125 0.2603128254906607
0.02580779756534357 0.008607687056723157 0.2602997517825392
0.025809005195223576 0.008600576687267603 0.2603643720616804
0.026093579221766097 0.006924848063726563 0.2602730070521716
0.026074295691529185 0.006921430059621647 0.26018759823348436
0.025704667658152547 0.008921265925240007 0.2603615814870711
0.02602645118295225 0.006802661743186 0.26034039876885673
0.025737442043600213 0.008827814831025071 0.26030012760315346
0.02603343070939726 0.006813838417388307 0.26029698632404674
0.019287774966474304 0.022756547936563676 0.2696525141347405
0.019339179696795494 0.022707831987789306 0.2695918921235926
0.019435072325386625 0.022564819730523294 0.2695676893685104
0.0194734864709575 0.022502296743217243 0.26950332273524136
0.019496957280456854 0.022459328287256913 0.26942435134552445
0.019655366104824788 0.02182245643093572 0.26912986892179014
0.021464228223908408 0.019147120074385238 0.2646456343965269
0.02153169291222016 0.018990497614509272 0.2646043541797951
0.021840855936772763 0.01836119668174291 0.2640040802742579
0.0193795966104909 0.02014049948028901 0.2669154078045054
0.01935333385889121 0.020090946299702483 0.2668809654704938
0.021960707953913305 0.018008539901505027 0.2637541597742194
0.021972315054534244 0.017969142922162507 0.2636816099938347
0.019326320442799576 0.02003074047996206 0.2668727807578877
0.02199254878341471 0.01787319540755955 0.26370026089078635
0.02200974967724325 0.017812244074275063 0.2636222888411638
0.022025048562421136 0.017790583711310315 0.2635334260700583
0.019303396175718676 0.01996592049221846 0.26691395481971936
0.019277691707243076 0.019928544660921033 0.26684196107182956
0.022173803975628112 0.017432155411846006 0.2632014347447427
0.022175087786311637 0.01739693537848186 0.26311584530918
0.02219240651014727 0.017301668250791713 0.2631387683038877
0.022196723727460635 0.017273441925409028 0.2630706966248276
0.022214029078484007 0.017237499609808915 0.2629855640847782
0.02222662835936766 0.01718277123365075 0.26302075085877497
0.022261267749688465 0.017019165960702687 0.2629719139342017
0.022271268980162996 0.016975072375127798 0.2628921374207398
0.022293072169390755 0.016923582122739866 0.2629968914142128
0.022305189786038446 0.01690577423632772 0.26291653058141273
0.02229316233384452 0.016865859551261964 0.26284791170347216
0.022311648683234812 0.016791196981160383 0.2629467169184765
0.022299498347003108 0.016713966871185704 0.26296377019507505
0.022283524186862157 0.016696287440127466 0.26292193571138933
0.02224166991230629 0.01665411049573723 0.2627546893557839
0.022192006257634296 0.01655939158336306 0.2627099311113671
0.022881517024026264 0.015401865548321458 0.2628922963268838
0.02292646282339582 0.015352759056915466 0.26282239175749944
0.022952007778215516 0.015319857268681347 0.26274765913199855
0.023005201978239 0.015264111593738805 0.2626497548388901
0.0230535015483872 0.01520201184424752 0.2625775012131222
0.023081575391803673 0.01516069536860426 0.2624850052923675
0.02313262610416998 0.015057356791512988 0.262509922442117
0.023235797117290187 0.014869582067091769 0.262359530515737
0.023262571479966188 0.014834426837646908 0.26227148603240064
0.02331054751223985 0.014725513465144502 0.2622960300890627
0.023334779977260633 0.014684352623532126 0.2622327782957539
0.02337129517029088 0.014594909376369147 0.2622534617846981
0.023383060974190614 0.014573868014136071 0.26219843103207774
0.02340518567323091 0.014522724364121387 0.26210966126551527
0.023427081191593507 0.014458456106393403 0.2622179191646462
0.023447593326017098 0.014426316764653724 0.26213530976352306
0.023502555235604475 0.01428967922447133 0.26207686441035105
0.023525605229680578 0.014246058982353649 0.26199232027542324
0.02355705197935487 0.014162063031402106 0.26202145548880285
0.02357207232585013 0.014119446383241696 0.26196059007341177
0.023587380586547732 0.014095174981627934 0.2618603493899637
0.023601238972837967 0.014033722219002731 0.2619731932781242
0.023617144604712433 0.01399880565391698 0.2619093297982841
0.02362853942189392 0.013977946151929876 0.2618263297035959
0.023656202854702553 0.01386197965645547 0.2618420986386455
0.023660307573959607 0.013843107426869894 0.26177303952027364
0.02367357115026192 0.013795290264148774 0.2618550877980921
0.023690805520377882 0.013738280933402736 0.26178070255698477
0.023696938285032602 0.013705018116178358 0.26170879425991145
0.023721974619737442 0.01362855302204985 0.261741034835658
0.02374669784073216 0.013542869936328528 0.26177168155105984
0.023751183480876487 0.01350467283019574 0.26167762819643825
0.02378406667341848 0.013395331729526283 0.261702936541952
0.02379454098853309 0.01335022220962473 0.2616435582678348
0.023830285944373635 0.013233630895150839 0.26158964684491537
0.02385355862329811 0.013158473835819251 0.2616076026503362
0.0238737419069752 0.01308392306308842 0.2615343355871683
0.023902293752644937 0.013008236548029406 0.26156445741392353
0.023906595205107545 0.012984180116064337 0.26147729497426164
0.023937340838796083 0.01289139624547081 0.26151000452740397
0.023949533843965205 0.012855762305194307 0.26143021301015235
0.023970826525867815 0.01278081503119044 0.26147564867914475
0.02398810675549761 0.012720105834534645 0.26138818410742937
0.024006717350874222 0.012648187563314428 0.26143302391233997
0.024015098988227172 0.012597378562194783 0.2613342044261011
0.024037850129042235 0.012519181520921185 0.2613757833982824
0.024042213329521153 0.012493686691074701 0.26130706975529444
0.024061944170232906 0.012395500143695226 0.2613306233694229
0.024073975143513275 0.01232672349834768 0.261340278152521
0.024095212311914818 0.012208622630164812 0.26138707526474736
0.02408918449716886 0.012221507329412684 0.2613030947213181
0.024108449130854824 0.012122884017199131 0.26140702160704526
0.024109556918677985 0.012102171044801824 0.2613236174627801
0.024117274506271817 0.012028634927534143 0.2613555990152584
0.024107857805068807 0.011987763427686426 0.2612776801058805
0.02408610438290503 0.011891940061572182 0.2612327188755737
0.024065040902591206 0.011865526096130563 0.2611674432543456
0.02407331798142994 0.011833125471610917 0.2612803214736646
0.02403477746196111 0.011778030807281847 0.26119065390471374
0.024002137091543876 0.01173982787697525 0.261130823843415
0.02398938021147702 0.011677949814686839 0.26117603471288675
0.023962858145070015 0.01166978324950152 0.2610798297670338
0.026954748970619356 0.0060049929311986605 0.2607904374066369
0.02697228376117517 0.00597432138730275 0.26075686109630947
0.027035353309856694 0.005865398029411051 0.26075319324479895
0.027091121666414572 0.0057685337244994805 0.2606960150930202
0.027126301863631068 0.0056824777541633065 0.2607380565486719
0.02717076726772795 0.00556285754299507 0.2607483733077835
0.027212922925090435 0.0054592580697674364 0.26076513616849695
0.0272878226083704 0.005289195074319186 0.260818603365204
0.02729383267571036 0.005271240903225338 0.2607651298368849
0.02734038142367954 0.005165076322631912 0.2607843698288268
0.027375155055796525 0.005090823078046869 0.26081331288115345
0.02740468723465339 0.005022636765429356 0.26090176142485877
0.027496429919347185 0.004833542285791026 0.2609777468344812
0.02749260780243344 0.004826086981790101 0.2608912455838281
0.02753061877360842 0.004758623565140563 0.26101417514408237
0.027568916457480594 0.0046757785599070845 0.26103478562728616
0.027609297329712096 0.004577475961213606 0.261040388014985
0.027640139791044543 0.00449551083192512 0.26107152052628246
0.027675781612074 0.00440284973620958 0.26111369245100136
0.027720212563049323 0.004301215026163041 0.2611359093051707
0.027750060206113362 0.004216839090398106 0.26116213071183225
0.027783209875962278 0.0041388162313182875 0.26119446217870157
0.027817257835899785 0.004062941283345611 0.2612214027131105
0.02784973971835078 0.0039722346800094566 0.26123553097994173
0.02787379515983611 0.003888440017018102 0.26126566210818336
0.027897356815283568 0.0037981133429010883 0.26128865737586005
0.027922537223141697 0.0037131023133997187 0.2613316814868122
0.02793524366796106 0.003650039387437354 0.2613573202822035
0.02794999808436424 0.003549624595967027 0.26139406019715405
0.027964149281589218 0.0034570594822387335 0.2614256859957617
0.027983417347266434 0.0033722323581933944 0.2614435799855697
0.027997513944912192 0.003307542484523418 0.26147441755161144
0.02800881597954126 0.003237715515134021 0.2615858640753757
0.028011505308227255 0.0032289610901614085 0.2615220716921735
0.028024188252300387 0.0031604965994596057 0.26160814654589154
0.028026882067535244 0.003140605064364088 0.2615548403277644
0.028038059470695584 0.0030647599377863766 0.26156188394423646
0.02804911513780732 0.002977700497907243 0.26160900871535153
0.02802001016022545 0.0024233319350274174 0.2618137330003559
0.028001281149307417 0.0023570242193417523 0.26188774580594093
0.02798403737701044 0.002285457358313092 0.26190374688463824
0.027295983028799424 0.0013455457079373234 0.2624106599548936
0.02795499977681567 0.0005230216576296298 0.26351434222380055
0.02808987508014857 0.0004013852888534175 0.2634905510039537
0.02815275705053416 0.0003180791053701837 0.2636068114985074
0.028173590588287847 0.00028745595521623146 0.2635413568769799
0.02857357092704276 -9.994710088973013e-05 0.26369186836135666
0.02866279346318002 -0.00018071695645721642 0.263743693134167
0.02878591045291031 -0.00028860212128867246 0.26375868768814636
0.02896326420905356 -0.0004770125063667807 0.26388117317045584
0.029041165775492456 -0.0005522710621744809 0.2640025221248151
0.029099560922006246 -0.0006322425529309283 0.264007898008913
0.029138311673230763 -0.0007061566364137684 0.26409734788394046
0.029182835474865 -0.0007854524490947812 0.2641334849408113
0.029228938977699258 -0.0008852057828843685 0.26413954805257656
0.02925454987095496 -0.0009392101664658092 0.26424599303226387
0.02926439250311988 -0.0009551192882902293 0.26418522201668204
0.0292820693899307 -0.0010101822380403913 0.2643062333919221
0.02931541729408072 -0.0010855747534926907 0.26432907785739146
0.029343706179492057 -0.0011703618289469753 0.2643554297965629
0.029373563769373313 -0.001254235313432217 0.264374090499304
0.029394564965274428 -0.001326094012121859 0.26447620384854564
0.029396358278638117 -0.0013309490065812057 0.2644280232076618
0.02941711345394011 -0.0014256138328916368 0.26443040361893005
0.02943735789167154 -0.001514424825696803 0.2644620122063376
0.02945617200683858 -0.0016056434328268199 0.26449884560672016
0.029468669338797708 -0.0016685192389120918 0.2644976004950672
0.02220582587954465 0.01726256219499761 0.2629952561098929
0.022063337986788466 0.017716756094038055 0.2633466156701617
0.02209511055392812 0.017644507273287202 0.26330039480498735
0.02212133050359734 0.017576249785719034 0.263265742785851
0.02214941652320067 0.017497752617212425 0.2632375582095851
0.02217628256101896 0.017416099274650987 0.2632136033507777
0.022187602965281154 0.01735131730105982 0.2631529558253132
0.022197581769614533 0.017272461149549945 0.2631208852245528
0.022218618499230167 0.017204887758794363 0.2630804390582465
0.022022516465894447 0.01783581536329476 0.2634813156992485
0.022055780297016256 0.017738266758623833 0.26345750361059883
0.0232687761759851 0.014824255717924839 0.2622056447059338
0.02331260734822275 0.014741503357447394 0.26217450836582
0.023349844304670152 0.014661033157381043 0.26214021497613904
0.021915809216680182 0.018140617972707995 0.26375322121033645
0.021940601344108857 0.01807340238279348 0.2637115589577569
0.021966078680624335 0.017990222581768633 0.26367429295950723
0.02198256392608791 0.017915261837034457 0.2636611250921437
0.02202114525064089 0.017788242746510585 0.26357162896184616
0.02317593197831546 0.015000748942885445 0.2623757829041789
0.0232136640741617 0.014923263757488092 0.26232781292411866
0.023251347661654126 0.014847275419171801 0.2623246900130346
0.02329435154499134 0.014763763102936922 0.26230168581656943
0.023328655937897555 0.014691607458130362 0.26226529094124507
0.023365140783503574 0.014618901238587112 0.26221625886316513
0.02340013261442827 0.014529871921787008 0.2621841182001564
0.023426380169714524 0.014473766640359265 0.2621649595222947
0.023462725473304948 0.014381827256622848 0.2621193271387815
0.021848628410805773 0.0183290197517868 0.26391590906225537
0.02187423551153156 0.018251236742077626 0.2639121382144718
0.02197311544408491 0.017961830321145178 0.26377521052931885
0.023104580209860087 0.015107789335608524 0.2625184105048177
0.023152371641600084 0.015032090610870075 0.26247964629032533
0.02318834222764045 0.014961289791801391 0.2624491542658087
0.021740257746784633 0.018578866176648168 0.2641403426507924
0.021771466600480786 0.018505947902794695 0.26410305495189307
0.021663465833086655 0.018757034265555528 0.2643223608284168
0.02489902498729718 0.010899227285988522 0.26092611932396337
0.024932467483716275 0.01082957130022566 0.26090844944901576
0.024970419582645224 0.010746875541196743 0.2608748020148561
0.025022096276270063 0.010651684652469517 0.26085804059071227
0.025053546705795314 0.010583632687628908 0.2608038390283362
0.02508370961964325 0.010514578361088434 0.26078811649628053
0.025131877528732013 0.010416656022902593 0.2607520560329136
0.025151020461717598 0.010350382589426776 0.2607398495292363
0.02524691141988899 0.010142769984512578 0.2606313821672248
0.025275941998216 0.010079010499302044 0.26061059792878116
0.025311013771122257 0.009982844135576707 0.26057498676574103
0.022860615463176456 0.01542259631164894 0.26293993711514246
0.022917136598786525 0.015353782449473774 0.26289788968000205
0.024704912067681856 0.011148220019845001 0.2611061955081885
0.024776192813062002 0.01105917144619839 0.26112491654901293
0.02483295920294621 0.010992443709983146 0.2610840173424302
0.02487901328792433 0.010927650194251681 0.2610387632633213
0.02492146736035658 0.010847970585942224 0.2610131455906409
0.02512509799460101 0.010409820803219172 0.2608514812198074
0.025162912211602557 0.010322687172845901 0.2608058152505246
0.025192223950576666 0.01024176215364353 0.260750727136331
0.025234857176258334 0.01014268785538186 0.2607328319053482
0.02535490988331058 0.009866913319095172 0.2606192756630481
0.02538930124974688 0.009782611910731875 0.26057350814331404
0.02545555397058303 0.00961666997196814 0.2605240669616825
0.02548259171408472 0.009544065168062 0.26049525784027805
0.025502643099217466 0.009510387735895687 0.2604586862691204
0.0255353178413324 0.009431338600078332 0.26041706496863315
0.025561378119639135 0.009348563240020202 0.26037921939608066
0.02559091684782292 0.009263941897827754 0.2603584378012712
0.025623152634248615 0.009177436971705533 0.2603310106900468
0.021506580679149623 0.019042006001389056 0.26464531222700516
0.022768538878180776 0.015540891072022889 0.26306006572940077
0.0228311246714734 0.01545505328169866 0.26303045978523076
0.022886299971330876 0.015375392688633638 0.2630324569077011
0.025641220062900184 0.00912879510436565 0.26041814791322737
0.025663001333775325 0.009064540005542743 0.26038250316306255
0.025680857771715304 0.009002044119187147 0.2603421838585953
0.025699290175619553 0.00894290689087135 0.2603190630970716
0.021443543610008872 0.019138563548176057 0.2647857663243915
0.0257181990221987 0.008878244717408945 0.26038463851124616
0.025738305502634284 0.008824936830104158 0.2603460453823811
0.02575419145193495 0.008777232345023422 0.26034881126704945
0.025792267245587183 0.00864958886903422 0.26037232062635884
0.025822525526020094 0.00855458679889437 0.2603428758894033
0.025828459418259092 0.008513693189528437 0.2604304687357774
0.025855918760314123 0.008433587395946518 0.26039397735503456
0.025878897311763183 0.008370551165973794 0.26036002333783304
0.02589473828691894 0.008321758345245345 0.2604348305724529
0.02591780932389042 0.008250519659239341 0.26040168560497357
0.02594444397594104 0.008179621006571602 0.2603701204238394
0.025970561659982953 0.00809547066676386 0.26032890766622074
0.025997794500289183 0.007981947008574186 0.2603799793622969
0.026016121877560347 0.007909817634770056 0.2603437660943281
0.026036846602602977 0.00783165055293733 0.26029548106569955
0.026069150409808457 0.007711365743086118 0.2603601741245165
0.026084533318648365 0.007654824709632857 0.26030336731020987
0.026113733448388278 0.007521424992025683 0.2603544818352053
0.026123968239167544 0.007457290123017657 0.26030944070583417
0.02613104941558609 0.007426304783860194 0.26038864499926473
0.02613995285675126 0.0073543429700327345 0.2603428177127851
0.026146993351420664 0.007283281261862118 0.26031584003744634
0.026147592473815637 0.00720485617241573 0.2602691453075757
0.026135480761145094 0.007129562338994033 0.2602162940439689
0.027078833997983637 0.005790708010356693 0.260743509252148
0.027374698609814237 0.005095348909820996 0.26085851511012303
0.02757154463080195 0.004675686171652427 0.2610105778708969
0.027623830440065014 0.004544460253158633 0.2610632438463001
0.027660542742749393 0.004442697554715103 0.26111926053164547
0.027709184798210933 0.004331838037486324 0.26117238927885716
0.019083677582312567 0.02300977365752324 0.2694938807396976
0.019133641804612467 0.022946472989985978 0.26957612153236943
0.019279485540257886 0.0227779835097027 0.2695494862248461
0.0193359750037283 0.022712545849432164 0.26953839446055244
0.0194581718350256 0.022528633353111616 0.2694719337705317
0.019171186157678516 0.02288257718209366 0.2696775487175155
0.019249912906933717 0.02280479922365758 0.2696417148643425
0.019319485646105743 0.022724611164557373 0.2696253744591506
0.027678369859400538 0.0007809767074420382 0.26348052887189355
0.027775456172090526 0.0006873079211983102 0.26348854126054444
0.027865032827116866 0.0006068944540890131 0.2634692819100425
0.028016866021678494 0.000470354013183405 0.26354823894156293
0.028082672038144955 0.00040514067224567407 0.2635475543536927
0.028133510974730998 0.00033621649365556117 0.26354473448978144
0.02819390637430476 0.00027224230497152613 0.26361653394585566
0.028257199941101457 0.00020545013382994304 0.26360710042708824
0.02834135060420269 0.00011733903862692907 0.26360399332204504
0.02846596063654224 -3.686785174483731e-06 0.2636783994751074
0.028562025375061417 -9.252087109629104e-05 0.2636590780649185
0.0286028351165084 -0.0001299777829357751 0.26374452784056757
0.028715882753291115 -0.00022796287550513883 0.2637494347287901
0.028762965544992476 -0.0002724634438481255 0.26371134086258097
0.02883139717211721 -0.0003347456821978789 0.26382615610937
0.02889848815233277 -0.0004108142214073185 0.2638138027367024
0.028889821886379008 -0.00039157386256322146 0.26387889354654503
0.028947185800287455 -0.0004555643220511274 0.2638974745281022
0.02905958727675636 -0.0005782121651387584 0.263961229262621
0.02909304698656274 -0.0006293798759902103 0.26408332912865656
0.029135961729273324 -0.0006974144690344297 0.26403677568509554
0.029166025225067234 -0.0007511855917166077 0.2641028845913499
0.029202215295973458 -0.0008207940371972589 0.2640928553298828
0.02917715967746517 -0.000789162645290109 0.26419694804637717
0.029216932381073236 -0.0008623556247955855 0.26419223326124824
0.02925817801439378 -0.0009418412787068897 0.2641578084234959
0.02923133213288532 -0.0008967059556726498 0.26425921610693565
0.029279373377602162 -0.0009902443252708948 0.2642255350080974
0.029288715264487772 -0.0010292794477867462 0.2643337490425827
0.029323512990744857 -0.0011039417971465126 0.2642818077061019
0.0293332458834386 -0.0011472684005968126 0.26438769500341974
0.029360098414158875 -0.0012177871951621344 0.26434607941250743
0.029372270049657374 -0.0012504039548344448 0.26443418149181197
0.0294062973941622 -0.001370958210101969 0.2644554317121127
0.027025581636628958 0.005881876822373733 0.2607513761909136
0.02692546322058363 0.006049772369164874 0.26080801936558007
0.02682368155738303 0.006198641201183963 0.26080484957230576
0.026875080826364355 0.006132188746145795 0.26084088168531055
0.026681272355216494 0.006337382081574139 0.26081367073701545
0.029070427554652313 -0.0005905646169023782 0.26404328761692186
0.02911899508486561 -0.0006722987613028142 0.2640804657778247
0.029154566761084827 -0.0007363475086862858 0.2641479297408684
0.027922303440510526 0.0005542772134305429 0.2634696210663491
0.02778040836816216 0.0006820245559815419 0.2634619614635916
0.02785334165095999 0.0006174730124030581 0.2635138191282321
0.027894994394457195 0.0005760952944595665 0.26354571854228537
0.024907658785274144 0.010890530378060925 0.2608896874392332
0.027702469356489005 0.0007627869272322507 0.263490231703233
0.02488687219649073 0.01091532429622194 0.26098878466396214
0.02751961676607083 0.0008886078670662378 0.2634778509368336
0.024770566259643884 0.011078279689980375 0.26102289081002417
0.0248246234691078 0.011005905772635827 0.261049567681902
0.027297438149399576 0.000988805497541323 0.26342979933393396
0.02463853676409944 0.011215074139140857 0.26101963905893416
0.024751833288137196 0.01109399601381883 0.26110117584271586
0.024475335034426678 0.0113204133100972 0.26097759642112384
0.02454997977200747 0.011283295564215201 0.26106477989313615
0.024624134165425297 0.011222981654726849 0.2610877035786834
0.02322441831037344 0.014898639502838928 0.2623583987114467
0.02317630181339836 0.014993724881347925 0.26242692505100057
0.023202807348910455 0.014932769300865067 0.26242670325105677
0.023084443745549625 0.015157438036943693 0.26243668514608004
0.023121238005787942 0.015087868341931765 0.26247824699095557
0.023069960218822377 0.015173930209505193 0.2625560085130194
0.022994147327051198 0.015268062999613918 0.262699188176616
0.022926113906003437 0.015359081221355209 0.2627618284163313
0.022972798591622115 0.015277323299414669 0.2627866083301459
0.02290001038666182 0.015386585757624749 0.2628442534456766
0.022947905019470048 0.015309544997726854 0.2628520209460803
0.022889692075328795 0.015387266614073303 0.2629224330529008
0.02287486937890673 0.015402354632280513 0.2629859550953535
0.02280090214280419 0.015494510439483133 0.2630319184697094
0.022613678775433826 0.015704221866002677 0.2629957239162843
0.022683828711788055 0.015653405865336423 0.2630353215261336
0.022733979547564065 0.015587853577141653 0.26309134244886256
0.02257290145859968 0.0157234436367073 0.26306022568806453
0.02264734790171139 0.015677081341095966 0.2631186945178258
0.022106751770200023 0.017616704056408306 0.2633275859545565
0.022065949926249107 0.017715432800606 0.26338719806741406
0.022039102453941743 0.017803373639353526 0.26347338246861923
0.02198364859148101 0.01791208742279954 0.2636250957749804
0.021999597791283583 0.0178456167019046 0.26365601669814526
0.02193109254333047 0.018101470649142415 0.26368090193846405
0.021957474707233998 0.018025676766911025 0.263705442389643
0.021981790360063723 0.017931551800648482 0.26371944580185347
0.021900433500622082 0.018178881265383084 0.26375481271571233
0.021929275744286034 0.018097031916123496 0.26380103684800504
0.021888290259269 0.01820044757282918 0.263857590901494
0.021822331099790114 0.01840908302404598 0.2639811261801655
0.02178439656677933 0.018490346292179827 0.26404342875280457
0.021712114042445316 0.018667996907544726 0.2641988151837965
0.021730434416407235 0.018602816788184318 0.2642078090282507
0.0216671013844909 0.01875666119525332 0.2642670792710533
0.021692995277371133 0.018701636081569772 0.2642845438516559
0.0216065356326691 0.01886115848401626 0.2643106826132125
0.021641384858168855 0.01879699366816634 0.26434505178674084
0.021594351940809983 0.01888915860779694 0.2644198955539336
0.021553290681940576 0.018959003571694555 0.2644590918067927
0.021505858070561934 0.019046350068643636 0.2645312659008192
0.021544579008508993 0.018967548285912017 0.26457508424061915
0.021455043352800338 0.01914794929673702 0.26458991906620366
0.021496464129630667 0.019071077916625878 0.2646387534717655
0.021445488330044324 0.019168848462757848 0.264690385316257
0.02138142886468209 0.019237056071316594 0.26475173381201855
0.021422559513274736 0.019171066145560522 0.26480778295781987
0.021351913383617957 0.019263933754550544 0.26482556063384854
0.021393802914892103 0.019201758700035987 0.26486071888559326
0.017797779142517622 0.02356516079577542 0.27006508527661666
0.017856844214789613 0.023562127439066632 0.2699728025193725
0.021342784928553286 0.019269033177878148 0.26492775453283407
0.018014606598169516 0.02351809087081022 0.2699975330742892
0.017907994194690025 0.0235557181386071 0.2699205772522712
0.018078943343483478 0.02350193862109487 0.26996555761601976
0.017942524204347415 0.023552088447618108 0.2698550940003942
0.02129086982174403 0.01934637279357826 0.2649830404960467
0.01811740731574548 0.023500961414989335 0.2698788224639414
0.01818938338544121 0.02348442837569248 0.2698035734765544
0.018218500673967575 0.02348192454412293 0.26973464483783044
0.02121006644867067 0.019469303144790562 0.2651347741160878
0.018391608693798404 0.023418957227645476 0.2697313666331583
0.018258054041023423 0.023473810543995444 0.26966041065731716
0.02110241576336508 0.019613575471939593 0.26514613565525447
0.02114906595431955 0.019560572225034212 0.2651687392479203
0.018503002947373698 0.023373816595763375 0.26974260858244165
0.01839416212941597 0.02342111110053388 0.2696644739482209
0.01855675250122909 0.023356250533699885 0.26967387645659113
0.02101979312655581 0.019688366808408186 0.26518693023915885
0.021078445793442625 0.019638678004024912 0.2652327100511509
0.02114146654681688 0.0195651951417547 0.2652683238644361
0.018657132376891816 0.023309281158114564 0.26964519796780495
0.018778494523933625 0.02324718724377664 0.26960184174025237
0.021008476273912058 0.01969463733700272 0.2652716725958489
0.018815473339426778 0.023225226241953084 0.2695363413692333
0.01923075474164186 0.022815145711812562 0.2696968567992516
0.019184078035530842 0.022881295841459093 0.2696226428803794
0.019118197866678302 0.0229551217421326 0.26961090894916623
0.019065959653552053 0.023023916348971718 0.26953638635555044
0.018988094297832082 0.023097257082798722 0.26949260927204416
0.019242970697298994 0.022817458467815965 0.2696009089019997
0.01915987492148455 0.022926626192414562 0.2695238423376039
0.01910594074414048 0.022987750063351187 0.26946403760103615
0.020817438581075987 0.01980982149656757 0.2653749167143313
0.02086351939803742 0.019780978776945013 0.2653815544423266
0.01737715431886558 0.023621762036698135 0.26999614117858284
0.017340093129392775 0.023632597327402693 0.26991455771205797
0.017301579790234667 0.02364019097176598 0.269831630374152
0.017262098649991328 0.023646461786303613 0.2697480983195255
0.017220631675510897 0.0236509462758 0.26966344804970077
0.0174705942344328 0.023617354291633974 0.26998326993690835
0.017433529200421363 0.023629020216240554 0.26990165593286
0.01739476714778923 0.02363832148506595 0.26981876680888117
0.01735649239838241 0.0236454475214031 0.269735835268054
0.017317195230660373 0.02365095677226761 0.26965244769485547
0.017595660505424535 0.023598269178325193 0.27004938648861976
0.01756138123708345 0.023610612008594406 0.2699688023915352
0.01752563107220967 0.023622062755590673 0.2698878862540549
0.01748700395322296 0.02363233575822568 0.2698051882486639
0.01771960500359883 0.023574976173916184 0.2700935659535093
0.01768208892428752 0.023588033600029867 0.2700304885667816
0.017647896979963162 0.023601260983021455 0.26995181044477484
0.017614049288132122 0.023612582014394284 0.2698721236039141
0.01757729597676358 0.023623106364671964 0.269790410417985
0.01777654717914079 0.023574314006259672 0.2700064490235901
0.01773436246976086 0.023587618977465835 0.269933844606123
0.017849939009943833 0.023559864776350192 0.2700146134725244
0.01782864764791714 0.023571705029091755 0.26991485000617493
0.017936103111018314 0.023542264341827296 0.2699813927426915
0.017892697218045178 0.023561965614043195 0.2698842997433131
0.01802445904269489 0.02352170303803386 0.26993738774043174
0.01798010090039444 0.02353968456121397 0.26988906356495224
0.018090228546787934 0.023504805035661186 0.26991330238705735
0.01806001692928822 0.023519958503579186 0.26984937886417176
0.018130853478303628 0.02350068157683108 0.2698377013379468
0.018106124547021242 0.023513151318695164 0.269765556053309
0.018167514818842143 0.023498984848024373 0.26972116908523847
0.018257111369099285 0.023471482326392512 0.26970280530877744
0.027733946304588086 0.0007271750465996374 0.26349372413736727
0.019322374459004102 0.01993045415256195 0.2655516568323044
0.01944366149898353 0.019952387105090896 0.2655420968309238
0.019551249531917406 0.01997144453529437 0.26555656169951836
0.019658953133776594 0.019989974105624864 0.2655402872511429
0.01975924059599142 0.020001187844989055 0.2655574482060109
0.019862809802299382 0.02000214249673138 0.2655433504776553
0.01994869359939816 0.02000155337697429 0.26551862265660675
0.02005606167963106 0.019991853567119522 0.26551173042649745
0.020010151184349137 0.01999302135316139 0.2654460999358797
0.020152759402592646 0.01998292479518149 0.2655144549825579
0.02689359460101507 0.0060963754843536 0.2607875772218203
0.020237853697356548 0.01997683064773631 0.2654907807061054
0.020218835703332896 0.01997955460033679 0.2654194397144838
0.020326165536193687 0.019962792705655985 0.26547682708996645
0.020272794111512664 0.019969967993725524 0.26539062579839473
0.0204101952409143 0.019944697020663815 0.2654621977150916
0.02037229459287517 0.019953035205638348 0.26537290067790925
0.02048501826649901 0.01992780391439547 0.2654576673284681
0.020459990117217913 0.019936567345582856 0.265338247845479
0.02056373125451634 0.01991160073538295 0.2654233218803378
0.020534112747162908 0.019920698731768716 0.2653501421981581
0.02063581735868701 0.019891151397118 0.2653986914794068
0.020736251233132788 0.019853044838791856 0.26537371495690376
0.02069904506268483 0.01986774179014167 0.26530808837157727
0.020783733481707964 0.019829279882148332 0.26534465477442015
0.0208551775390807 0.019790444056227374 0.2653068153255453
0.026843311641345576 0.006177139128538456 0.2608472197690904
0.020929986078771674 0.019749551839727042 0.2652609613887569
0.021012432247542692 0.01968461150212797 0.2653150746995732
0.020979872143906397 0.019717731105165837 0.2652255895022174
0.021054828343728037 0.01965427313161655 0.2652791329341331
0.02104930918060024 0.019665404257537433 0.2651932356345591
0.021119529582962634 0.01959673815356977 0.2652194768284718
0.02678133562148493 0.006246555808487153 0.260805858095924
0.02668948712217737 0.006325112384306719 0.2607552276054024
0.026726018288548696 0.006298189917645525 0.260835058603595
0.026596950551121434 0.0063829398211784905 0.26072071563701393
0.02662526518311252 0.006371258818432535 0.26081562858602536
0.021717553978527745 0.01864542444330497 0.26422350716333576
0.02170163787497787 0.018691978272425747 0.2641769768286928
0.021735855393652345 0.018595678377631986 0.26411567493738036
0.021771418473239233 0.018516920026392825 0.26406818974305224
0.02180302165957633 0.018451098634089003 0.26402017734956335
0.02183872984088636 0.018363518006593693 0.2639524174397711
0.026506734975174057 0.006428312224398769 0.26069401712614715
0.026541483636451993 0.006417435696270346 0.26077772707164504
0.021861371243487276 0.018289867571588625 0.26389111273186194
0.026417293595640434 0.0064641228577486665 0.2607041681441358
0.026464443943131986 0.006448184781049082 0.26078624493161273
0.026344075238068157 0.006487012883276133 0.26071042346553164
0.02638748707588271 0.006470788245107717 0.2608089241510818
0.02629946546782641 0.006497525366213508 0.2607542131561159
0.026300527747705464 0.0064901137342039394 0.2608228291722668
0.021846409732206647 0.015913182253400104 0.26289006300438217
0.021884797612900686 0.015912917272718374 0.2628782288546003
0.022032496987472026 0.015878754335989287 0.2629478995536443
0.021990559763127353 0.0158877686427637 0.26288362184920766
0.02209521735453298 0.01587505272517714 0.2629414611040533
0.0220801999843215 0.01587816293778993 0.2628748048442615
0.02218423845673638 0.015866665501503285 0.2629277220268813
0.022173564095418985 0.015869254496770957 0.26283501788989716
0.02229585015795566 0.01583738463434825 0.2629653093434865
0.022266361389777355 0.015852934520733608 0.2628954128279458
0.022263015594301362 0.01585543819686841 0.26282736216624114
0.022407191288392914 0.015789968708828428 0.26302710444911837
0.022376922829478195 0.015813056678690873 0.26294847720738523
0.02235113958932005 0.015828492913718906 0.2628744039053453
0.02252411412632733 0.015739744609774065 0.26307416282503104
0.02248565219489186 0.01576250883561875 0.2630085519421537
0.02245024047974048 0.015785651453521565 0.26294365750890525
0.022422408920153646 0.015803385083128285 0.26283465893427266
0.022589515764636914 0.01571802238119957 0.263024209245658
0.022528594180824348 0.01574849128908673 0.2629498392081568
0.02249621462605788 0.015767385867996253 0.262896189221009
0.02620283784437976 0.00650763521658948 0.2607569236934109
0.022674545827005302 0.015660973260594235 0.26308881386183813
0.022646444941267746 0.01568146595333314 0.2629902322029706
0.02597783250149454 0.006540956024382927 0.26051527129917257
0.02606083247624351 0.0065152035161348265 0.2607229894192551
0.026083432080970942 0.00651412048016714 0.26079757335049536
0.022718676934056645 0.015612084937125459 0.26304541601950887
0.022792276538183096 0.015507145276174916 0.2631011246439042
0.025947071630501604 0.006552098515739235 0.2606646086357704
0.025967663669360395 0.006518429648955826 0.2607284884365306
0.025997981532283956 0.006516793959639888 0.26078026024457523
0.025927133048394294 0.006534290077600924 0.26073190165602234
0.025909268137546695 0.006525439024489765 0.2608195642182666
0.023456716959124928 0.014392046381490775 0.262166552694832
0.023447581794724615 0.014427453893097408 0.2620934622892154
0.023483832168318397 0.014330007030054215 0.26209753157629767
0.023528835255856327 0.014232427022967786 0.2620434905814044
0.0235173603474165 0.014262471977695368 0.26197552415681324
0.023560974131729404 0.014153353844035543 0.26198088163051747
0.023544926797247963 0.01419524323810567 0.26192973948233733
0.02358930012059965 0.014073638620616002 0.26194708820793694
0.027253537862911625 0.001001626792184962 0.26344176750630643
0.027315409673997357 0.000983461645962802 0.26340892087244994
0.027452083838990733 0.0009268303986652571 0.26347646456092555
0.02758454903940645 0.0008430026112397071 0.26348830999608697
0.027884527166223326 0.0005890481197370345 0.2634904192796282
0.02779815240333084 0.0006654753744809172 0.26344955938281495
0.01939809767586656 0.01994752217137169 0.2655992525134311
0.019490212528225873 0.019963144705474056 0.26560221173681636
0.01949699748522714 0.01996005160061165 0.26553677673883513
0.019625872629875925 0.019986942723869416 0.265574936780524
0.019705878548565967 0.019997804411328035 0.26557712097834285
0.019799318306630218 0.019999488605150884 0.2655232598893819
0.019916282347100384 0.02000295930494017 0.2655439822029561
0.019909132357881228 0.01999887698260383 0.2654894516867426
0.019973117250476458 0.020000971490139186 0.26555315287635284
0.019976778922728707 0.019998083990842408 0.26548859190281526
0.02018332330478116 0.019983539645447745 0.2654414402659443
0.021807300149368623 0.01844448902449286 0.2639777569277587
0.02190400866995376 0.01591505113163011 0.2628525685519316
0.021956730659079576 0.015889525106273894 0.26291507284212146
0.0219597097736952 0.01589013605812839 0.26282082891969705
0.022018104583687928 0.01588273478410762 0.2629103139028438
0.022037433927406702 0.0158802946582543 0.26285597211360917
0.022135839144825593 0.015873739500774087 0.26286903935873407
0.02221066001044464 0.015865174900669132 0.2628643206096354
0.022309389247343644 0.015844257205291645 0.2628221752373931
0.02236285681353621 0.015827004334973527 0.26282393447905583
0.024032838173693033 0.011425335811801662 0.2609629352214131
0.02407176004718048 0.01141534697923069 0.2608765235116274
0.02409301626113356 0.011415278277749907 0.2608165747697849
0.024138608931463384 0.011407297822970008 0.2609112871298743
0.024179301112114346 0.011406698922291403 0.2608310543675397
0.024228679762132582 0.011400718867685566 0.2609426818142958
0.024234916154893635 0.011402292838508354 0.26084873239747386
0.02430376431399127 0.011374303016386478 0.2609748662479917
0.02431913934013085 0.011380046043785896 0.26089902327331704
0.024381972061123525 0.011350955593529166 0.26099671040131517
0.024410344079144636 0.01134539411140617 0.2609090728784725
0.024460852811550624 0.011325179631850979 0.26100213167530034
0.02446864574418421 0.011319935434360162 0.2609387811402304
0.024524649805995793 0.011298325545544441 0.26108238426995245
0.024513573378653876 0.0113019043535586 0.2610194277246968
0.024578847248611965 0.01125722172398863 0.2610964295526972
0.024596209905570404 0.011247823553141745 0.26102591005803033
0.02466835609390642 0.011186957556069188 0.2610611640806227
0.024732679903366334 0.011119854082551228 0.2610593854355241
0.02479399697226159 0.01104398608465934 0.2610698326819544
0.024795056134635778 0.01104984642600737 0.26102004888765995
0.02716713174654331 0.0010231195986472597 0.263428342886218
0.027340650935427202 0.0009714933411663074 0.2634181481852619
0.027399159259878653 0.0009488306217441123 0.26344012244334425
0.02721224726756434 0.0010111958617383676 0.2634239021699326
0.024560630022262143 0.011273750978549935 0.2610316042581914
0.02450421589416757 0.011305341319885531 0.26096885505671735
0.024465940982812656 0.011320419492214073 0.2610365517869191
0.024421386355087775 0.011341357154438403 0.2609668154201591
0.024338600840330397 0.011359410901728761 0.2610113909622773
0.02436636239840309 0.011363422030423342 0.2608831437945114
0.024311516806780557 0.01137776044654587 0.2609389253488342
0.024218844031350613 0.011395555394646317 0.26098602711330454
0.024267715904578185 0.011396146887976577 0.26087451920442417
0.024188566903714834 0.011405133986054361 0.26093077064645437
0.024101915753940585 0.011402777072116121 0.26097512922284594
0.02396456614755403 0.012807823727288448 0.261437355033478
0.023945012401688295 0.012868795883754114 0.2614737599295573
0.02391845553934413 0.012953093340022925 0.26150165426462796
0.023889713280880825 0.013043764026162363 0.261548015147422
0.02387253274688017 0.0130979100596742 0.26160335304407867
0.02185549665173927 0.018313896428954146 0.26397284066396287
0.02182445469135081 0.018400767875470236 0.26403592078266475
0.021792962251025345 0.018463589749364018 0.2640638094929761
0.02176355342242159 0.018528177492665 0.26409360014109645
0.02173581280876371 0.018590772298427816 0.26414635876167547
0.021717759758803037 0.018648311201062195 0.26418596802663646
0.02169438724695652 0.018709280142536644 0.2642294596438227
0.02183537063584965 0.01836371746578508 0.2639126497146972
0.021803552454146932 0.01844397263384928 0.26394689904187474
0.022253342068433886 0.017069226337044274 0.2629947028261711
0.02223132056907498 0.017172666006035064 0.2630678606374085
0.022205233126123575 0.017242376755510602 0.2630919623308722
0.022186974397438365 0.01732957512706823 0.26311304197091917
0.02222106956073381 0.017219040324926993 0.26293995215967814
0.019263242184593875 0.01988446802885757 0.2668779072371487
0.0193007630365084 0.019978392874893114 0.26684609100278933
0.024098046419209394 0.011902695824131448 0.2612851982261859
0.024043816201490174 0.011779774986938385 0.2612423223043895
0.024078577867898444 0.011883219503092735 0.26120565526842937
0.024012929309256408 0.01173638811490696 0.2611786412740629
0.02404656548398436 0.011825381821445935 0.261151202053117
0.023979029462930013 0.011688951581829976 0.26112009810837555
0.02610006425477092 0.007587902612205988 0.26036057325220147
0.026143263407081042 0.007321808000862795 0.26036501087023567
0.02613246372717387 0.007408617862539657 0.2603427213720459
0.02611738699564759 0.00749986240222672 0.26031873026861607
0.026151271500946247 0.007210808520536238 0.26030664599038583
0.026143599975157576 0.007309677772270318 0.2602918460291149
0.02613285918720684 0.0073839026874154 0.2602516340017362
0.02600306714699658 0.00673789779973033 0.2604029144396161
0.0261363072263755 0.007109654014358202 0.2602407719046887
0.025985161977076884 0.006746137854582224 0.26036106121051505
0.02606644241806521 0.006864908193403629 0.2602825245271818
0.026112253106197594 0.006996793988005623 0.2602453372036019
0.026041026495020297 0.006842244261909991 0.2602164413245882
0.02397485373279247 0.011647194295021146 0.2611322220671424
0.02210256327365151 0.01643645692166279 0.2626861036803495
0.02181224609115697 0.016073554639527143 0.26269379248189306
0.022223497982766495 0.016605275070623593 0.26273884337424996
0.02184298709722056 0.016141910085457845 0.26265604108380225
0.021830408057842303 0.016091112674742114 0.2627045423686604
0.02182685438395649 0.016079914829977116 0.26273312532642434
0.02406652017029068 0.011840327176196097 0.26121054549560063
0.022238757129674394 0.01663313635486746 0.2628665440656182
0.021930529906018383 0.016211202450415574 0.26266630798627366
0.02198553373139394 0.016295025367206617 0.26261369704430626
0.022267525126289434 0.01669077316589801 0.2628908875449296
0.02204358303013474 0.0163601206097847 0.262637754089208
0.024020046513346813 0.011757858093529694 0.26116487885335016
0.02402043620334554 0.011794170705404838 0.261108515026648
0.02206751590916628 0.01770879133347064 0.2634192783294422
0.022101870025704226 0.017626120169083048 0.2633614233568323
0.022121093780297543 0.017559828887368678 0.2633010192292581
0.02215019333941233 0.017488362050408213 0.2632596487485479
0.02218037039807634 0.017397757302255623 0.26319161139231917
0.02614992120534452 0.007244258379173585 0.2603088851328406
0.02614931078207705 0.007171394505088635 0.2603168537799513
0.026102101425124202 0.006951612366446425 0.26025556861331245
0.02606803146607979 0.006880813982912459 0.2602391869870289
0.0260428434821292 0.006819803466825924 0.26036572092592025
0.02600639361268172 0.006780936199028198 0.2602847013442674
0.025980854258313806 0.0067120860578187 0.26039111552628236
0.025989895343408696 0.006739871747119541 0.26038447702868217
0.024423413835013418 0.011334363990156915 0.2610305319798472
0.021975672057606997 0.01795268606194783 0.2636687395283326
0.022027362999727684 0.017805341931607155 0.26351042748502307
0.021864562715576547 0.015889969135824134 0.2629274074774294
0.02187061729603529 0.015920063865207668 0.2628287198884488
0.021989629519224063 0.015885396301710153 0.26291197809268607
0.024069389876986917 0.01141251854864156 0.26092713082012775
0.0241185280173443 0.011411585477902997 0.2608627394275258
0.0241771182219032 0.011399152398205215 0.26096962465643503
0.024206463208574322 0.011405866233647033 0.260891862011348
0.024253902209661324 0.011386538801481605 0.26099458149120336
0.024279233300354974 0.011389982330371529 0.2609362213391041
0.024354504074400332 0.011363285798311529 0.2609490571542548
0.025947634372464702 0.006523601330606199 0.26072151594954446
0.02597068668875587 0.006550234813725131 0.26062630025498434
0.02603147495213154 0.0065161610547543325 0.260773773831212
0.026147129561421907 0.006511795856294134 0.2608006613932491
0.026251948905343464 0.006503997977687803 0.26077714722881373
0.026271189497786535 0.006498964998060464 0.2607147310769097
0.026354365399141592 0.006485523626234335 0.26075751345596
0.02637246212393428 0.006476377720980253 0.2606691443868868
0.02220886824155395 0.01724044399713165 0.2630304514498766
0.022185635550392754 0.017316686018638505 0.2630558473140666
0.022169126996554822 0.017396452763538572 0.26307708447626466
0.023969782970919284 0.011659804600707757 0.2611081645222861
0.02188316435049295 0.018217659527282604 0.26389241493174775
0.021857709598722234 0.018292825952019087 0.26385509174988137
0.021939417475294862 0.018056984814556976 0.2638048102215973
0.02191367078819329 0.018141162630024854 0.26380459184953836
0.021895888447893065 0.018189954685787046 0.2637887359652066
0.021970616857037314 0.01798124133426854 0.2637194676819545
0.021950111933406347 0.018045501226228167 0.263741236859528
0.021923159609177373 0.018122659707583477 0.2637096223015903
0.025984645822197318 0.006524098934620415 0.26068360635341187
0.0259994918774943 0.00651727798157653 0.26074319562964254
0.025937866493445066 0.006536205766584147 0.26069885284223027
0.025953569396026693 0.006520107673995024 0.2607746451087586
0.02191411486082094 0.01589802365532117 0.26290782015966124
0.02191121410272491 0.01590506347753884 0.26281646262299563
0.021988497022661008 0.015881043491658475 0.2629445760971677
0.021988826479335116 0.015887151399123334 0.2628474290054732
0.027301419632496084 0.001067885393196799 0.263032158554215
0.021811268432544807 0.016070891437285906 0.2627015669360514
0.021798866594558014 0.016082953168027103 0.2626727028343665
0.02604586188541333 0.006868838070504146 0.2601796089062016
0.026013674071323295 0.006790259284223832 0.26026968639490344
0.02599392510457605 0.006765419844046661 0.26032313030123616
0.026094150519207437 0.006943557593110716 0.2602348858542699
0.026064948172383584 0.0068550189520227844 0.2603167809241721
0.026015978004527165 0.00677913941488506 0.2603774293157738
0.02212428951262628 0.016481895136235547 0.26265835729506337
0.022070394013070663 0.01638514509599459 0.26268509619820135
0.022066451232712253 0.01640615086359304 0.26261819689244525
0.022026431989066078 0.016325593048414133 0.2626578596753984
0.022026803680580027 0.016353588261709295 0.2626043957550598
0.021972512546504043 0.016252828331849434 0.2626495176410507
0.02191268569538391 0.01621363612979837 0.2626239436917381
0.027129308428192583 0.001031629629786368 0.26344028339537606
0.022108118744075922 0.0176069760093846 0.2632344742443181
0.022133515865788503 0.017537197130408744 0.26324947733591914
0.022133155085763717 0.01753124753096391 0.26315049904231785
0.022161316385426157 0.017465137634518235 0.26323751368012815
0.022166090184783625 0.01745907779736272 0.2631829821056658
0.022160432119099162 0.017433154805092888 0.2630914369099181
0.022185152989002074 0.017372714768380593 0.2631640988638793
0.02191986635502091 0.01588628529880387 0.26294446069733113
0.021940550001206288 0.015900737246028585 0.26286724285223106
0.02205470558543627 0.015880709014758576 0.2629067187631301
0.0222925551876278 0.016902320932143 0.26285045916843247
0.022299011889409928 0.01683040456885815 0.2628808122357236
0.022290353029059018 0.016729830965249326 0.26291329176919587
0.022247520886664582 0.016660022537535624 0.26286971990329555
0.024073735148924406 0.01188526729225653 0.2611864815172972
0.02402589142235425 0.011778848618604343 0.26114965072819357
0.02401477894360496 0.01172837682440031 0.26121624548628963
0.022224583157247194 0.01661428463168818 0.26268011480278963
0.022284802063255178 0.01693702563488575 0.26285359661484553
0.022311127287272352 0.016862223995195658 0.26290845744221925
0.02610454927263764 0.006964692362698199 0.2602488875699355
0.026026182483226377 0.006813478592035793 0.260246094278076
0.026025350525116737 0.006772808310191447 0.26040956475681876
0.0222273165596042 0.016621644761943388 0.262808955146992
0.022241803157941657 0.016642223498659237 0.26270735234651976
0.02213442874410132 0.016486380828093505 0.26268994751433533
0.022198479338119595 0.016588331649288468 0.26264117025976347
0.02205152579746921 0.016361547476121174 0.26266660277027887
0.021955868898980282 0.016250716663827658 0.26262468472025446
0.026044826647732076 0.006810733529850732 0.2604052977600212
0.026050317419643768 0.006831646704202332 0.26033517361038394
0.02599190161121507 0.006632861278935698 0.26044334768596206
0.025987709260695324 0.006671600931674959 0.2605520757748019
0.025987353449009133 0.0065592331507364765 0.26039684640900723
0.025970435013878274 0.006653529237816369 0.2603888585423233
0.025953079056225237 0.006609610038419422 0.26062745842991397
0.025982984627085634 0.006595650570063005 0.26049833922384946
0.026010872486485058 0.006712162368082697 0.2604858016475156
0.02601704625898868 0.006738686567736962 0.260431617952867
0.02597858760283203 0.006568952449399645 0.2605647146253982
0.021845774382038212 0.018324370399925793 0.26386849733114304
0.02183660135406182 0.018351355583013984 0.26388499094055523
0.023976638296641102 0.011526205006538615 0.2610773890150263
0.024002719848766813 0.011458368603345537 0.2610237210148722
0.023963072724347494 0.011611881231068877 0.26108464664539627
0.02182057957040187 0.015981206096111367 0.26284768612195875
0.02181339243650987 0.015935050393230454 0.26289041845512684
0.0218416686200794 0.015931703848294898 0.26285146432851947
0.02215342278753693 0.016527571768796046 0.2626460660408186
