0.029546127444540396 -0.002290110147914748 0.263371198325571
0.029545407704769135 -0.0021361355783467983 0.2633593938517995
0.029542626494605165 -0.00203539697631272 0.26336735494658914
0.029531637097929442 -0.0019214084207425652 0.26335100772787334
0.02951551544182055 -0.001786545942386475 0.2633572757288256
0.029503509158119973 -0.0016740629338308777 0.2633815901820991
0.0294829447468997 -0.0015622481864904225 0.263369086991772
0.029468207728013646 -0.001485188028963802 0.26341426876903135
0.029538528923339538 -0.001994532716030062 0.2632095604982037
0.029439482158869018 -0.0013868661480824218 0.2633008958475851
0.029423880565633186 -0.0013121784357070232 0.26330149024529376
0.0294074142778456 -0.0012475710283659236 0.26332703159379306
0.029347979590032554 -0.0010878232792986275 0.26326448784948164
0.029319118978354722 -0.0010130616194569675 0.2631676083190776
0.029261182840661426 -0.0008886075921596404 0.26310046800526654
0.029199023437567417 -0.0007614593454569607 0.26301481575446467
0.028645452852646962 -0.00015342493112030509 0.26260827474325776
0.028305494528784843 0.00015746552354051202 0.2625097756354564
0.027945637812716077 0.0030942157569295303 0.26049291850521883
0.027921864056772633 0.003171874008257247 0.26036720501815774
0.027913678253889275 0.003248912048027075 0.2603833941398007
0.02789504757144136 0.00334742669968624 0.2604076396956822
0.027883695161787424 0.003353834017583157 0.2602934000328132
0.027866371442610526 0.0034432644567428117 0.26029323358283135
0.027754137504586586 0.003904489931274291 0.2600664168768795
0.027719153067996397 0.004011095642400375 0.2600604578373795
0.02765727835407366 0.004151238077817254 0.2600078204773353
0.027540460475896027 0.004441731496285961 0.2599872022896256
0.027519334986283478 0.00448153586687261 0.2599056522150037
0.02748378702711076 0.004576516670963204 0.2599237470416943
0.02745018106397204 0.004634871267030882 0.2598327084100081
0.02742661317654549 0.004703232760407072 0.25985800031791606
0.02736421833971362 0.004829239655465611 0.259792357736961
0.027301394819414973 0.004956301330026058 0.2597493609143437
0.02723775753353437 0.0050905687265558885 0.2596852546067379
0.027220311837257156 0.005132833524810365 0.25971289661661257
0.027157340234483816 0.005268039318391149 0.259658267949904
0.027123657458608237 0.005345750727331289 0.2596734796043126
0.02706202688354927 0.005481696710863793 0.25961412594411143
0.027006405982513762 0.005624661539195885 0.25955798566776733
0.01960842202634941 0.022507324843786203 0.26821834615007845
0.019575375569155964 0.02257450171816139 0.26828365418339845
0.019541708424778814 0.022634861948810814 0.2683184471546059
0.019521845739847873 0.022671115571781697 0.2683604429492622
0.019402487658745513 0.022832066804649886 0.2683715124440008
0.019376224209649365 0.022861578537449967 0.2684324282897942
0.019320499487138487 0.02292420505556081 0.26848015470942094
0.0192791564268798 0.02297741826011701 0.2684158051583012
0.01925163685845352 0.023000159516826657 0.2684630929368163
0.019213057395583724 0.023055664269665488 0.26836618576238125
0.019163023428481238 0.023101426558672533 0.2682783996203039
0.019135917804027347 0.023129838136090042 0.26833390261113876
0.01908621344774876 0.023167437395858248 0.26826026261024377
0.019029860432890858 0.02322062301476252 0.2683069833107757
0.018940396169178572 0.02328089970712438 0.2682950496953834
0.018873239810342488 0.023320753102360703 0.26833797513953983
0.01883561666718904 0.02334332292792951 0.2684062465733394
0.01881668901419392 0.023358056658992654 0.2684841930198335
0.018727451059622605 0.023404604746991187 0.26854465813099365
0.018671995063608407 0.023426745277493555 0.2685986891833168
0.018620132549760124 0.023451442147250312 0.26854671161044585
0.018563303869989237 0.02346996442253635 0.26862354011149675
0.018599536799613847 0.023459667379588378 0.26847459103759114
0.01855370142419853 0.02347717798895571 0.26854314170731886
0.01845550351413311 0.023512369270763944 0.26861722765364804
0.01842343826913191 0.02352821370848157 0.2685377414513458
0.018381914733620983 0.023538192666371083 0.26862559399825314
0.018312746575670183 0.023566664548631877 0.26853751876253834
0.025878568106990685 0.007814875623909479 0.25917640366274397
0.025854113083544024 0.007910884881413394 0.259202141248135
0.025833363151965077 0.007990311137323625 0.25919956830982216
0.025815266097534213 0.00807432080061321 0.2592363323302076
0.02560521057509394 0.008712568305275337 0.25917450424771415
0.02517566183276855 0.009902630602723395 0.2594175446642283
0.025144775215446315 0.009980073737865636 0.25944409600675056
0.02511921700330412 0.01005571544861128 0.2594657307377993
0.02499594385976891 0.010341361436372876 0.2595977815202987
0.024972065387698306 0.010397601837613013 0.2596235317540825
0.024933033450961546 0.010486210275401975 0.2596774471439742
0.024906426981505997 0.010550946929461624 0.2597164787337992
0.024777986766295543 0.010817299920305667 0.25975877589664875
0.021217799368238983 0.019411151775512947 0.2639045773992861
0.021195505598246525 0.019446375147445127 0.26393465388992665
0.021152530534977516 0.019522194863987763 0.2640032587339278
0.02113378946204378 0.019550950143595314 0.26405898699498076
0.02107469375610796 0.01961944047128339 0.26411410924505385
0.021045987791653384 0.019642344304929615 0.264144076015134
0.021448329707491436 0.019068280956333006 0.26351179157553606
0.02141488092157781 0.019126957719169613 0.26357050977308943
0.021377508902713477 0.019187335553988438 0.2635899765414036
0.021336041422212654 0.019237771577290508 0.26365369959150625
0.021301761117146482 0.019278052791890987 0.2637189245302558
0.021268201401473397 0.019328040104168 0.2637630121248291
0.021048736145957148 0.019649643119752147 0.2640194001034638
0.021002065211880167 0.019689288400326133 0.2640711502323582
0.020943040913008457 0.019730695716107916 0.2641430589998519
0.02088963345636191 0.019762794508164483 0.26418476312582345
0.0228084519601564 0.015350760262142826 0.261810697861782
0.02276712678391292 0.01540650195759563 0.26185763359546643
0.021551994561751664 0.018865211196539 0.26328313776789575
0.021528166511140825 0.018909530808828123 0.26330343964885855
0.021483995004998035 0.0189928776461184 0.2633584533495047
0.02144846849058632 0.019067479470463777 0.26339838650087155
0.021435136596060736 0.019102811018035792 0.26343794560645456
0.021394617304018516 0.019180354306337077 0.26346815025529907
0.021352861771509905 0.01922439230125017 0.263537352690292
0.02090635453520416 0.01975841767457598 0.26405156621050596
0.020851500560143912 0.019788715619399766 0.2641001848454061
0.020800594016635893 0.019818145905653284 0.2641774722569238
0.020757852255983728 0.01984176507449653 0.26423459032201274
0.023387267909959 0.014258433705742146 0.2609718523867177
0.023353732587016736 0.014333877069199086 0.2610168631623771
0.023332869169438872 0.014392881804844604 0.2610399872770277
0.02329773087867934 0.014467987020254092 0.2610779799439622
0.0232777995725314 0.014517306443876443 0.2610953885621954
0.022890444319081826 0.015241176268700862 0.26159036224718657
0.02285078266599925 0.015300155313017927 0.2616367568126679
0.022810089357963678 0.015363629805825507 0.26164837596685153
0.022618602734888575 0.015610241053954976 0.2619337368041774
0.0225998312822958 0.015619727435147057 0.26199253770756703
0.0217237785824793 0.018462868531025578 0.26293121580903234
0.021691774449100407 0.01853830180499405 0.26296540648502853
0.0216670232327301 0.018606500083698074 0.26299556771461213
0.02164684039959515 0.018675078363980302 0.2630459940095402
0.02162250167156396 0.018730959908289713 0.26307961334658636
0.021583646588231836 0.01879354749783252 0.26311594240430153
0.021555271754224836 0.01885003828629206 0.2631744949876288
0.02071717234752142 0.019859935863476563 0.26415648967492616
0.02065937161753971 0.019887023911677126 0.2642289562552116
0.023827590629246477 0.012788996365403649 0.26035603135143376
0.02378651317990642 0.012931244045422063 0.2604145131262451
0.023756845913887464 0.013025525917768066 0.2604381708876331
0.023734709646752575 0.013091635603570406 0.26045186334615794
0.02371946430088233 0.013155599204779489 0.26049431836411413
0.023695161189809792 0.013234608003847015 0.2604918015085166
0.023672118980406123 0.013317459235628104 0.260552872155133
0.023648016834720773 0.013400958792588291 0.26057449578019476
0.023629628706371843 0.013474243650792472 0.26057811623511334
0.023609288016595606 0.013562017479514021 0.26064053767078244
0.023581238884202285 0.013651969183950341 0.26061169371229914
0.023560741190903678 0.013731981374380087 0.26066783316413167
0.023544933220707456 0.013791465830445382 0.2607030621587937
0.023522468646378095 0.01387706015298229 0.26071322876342107
0.023498966807027066 0.013966289418790412 0.26072493493574417
0.023481384630752847 0.014017735439124601 0.2607507497525987
0.023440335650429522 0.014122814698928399 0.26078757858469415
0.0234111949467367 0.014196910076012259 0.260806728359708
0.023388011590870353 0.014251754835767572 0.26084976649672803
0.023367693814217584 0.014299357263270807 0.2609024877623397
0.0233373311492227 0.01437735124893097 0.26092417758887765
0.023315048923325823 0.014437369233378905 0.2609500816513368
0.023275542689818587 0.014530410396250693 0.26099420632159653
0.02325538864380386 0.014583357894762283 0.26101121249784537
0.02322905131720996 0.01464448743148955 0.26104303325785194
0.02319638981665864 0.014718071190125248 0.26109341543969017
0.02317221111604656 0.014768511066471424 0.2611108291529901
0.02312565893623826 0.014851160763109272 0.26117747233719346
0.023105428122687566 0.014893078164328444 0.2612241033553907
0.02308185357662733 0.014943322901903255 0.26125818544048085
0.023045707961045485 0.01501225231490666 0.26127148535015043
0.022999860645937696 0.015091486612175131 0.2613212949871072
0.022977787704626565 0.015130821971747033 0.26137232483767747
0.022934396622624253 0.015206344787158932 0.26141440755924983
0.0229083553653516 0.01524155763127888 0.2614412140608613
0.022868437674102002 0.015300873440332985 0.26151194117109183
0.022540245856583777 0.015675609668329038 0.2619166196263392
0.02180162417842354 0.018244340383676894 0.2626981690463249
0.021751698428870266 0.018390371590324972 0.26275624178619883
0.02172959456463825 0.01845776610970301 0.26281419914676507
0.02056569239146472 0.019917370363075948 0.26420793781355945
0.023847453709965334 0.012688447132213398 0.26021032203111
0.02383630971475305 0.012741273942696363 0.26023623194359347
0.023806793276467744 0.012842736545437328 0.26026117643027863
0.02371962746801963 0.013132347842017611 0.26041196182456683
0.023495766525423796 0.013956048266117183 0.2606120745973184
0.023480660781577407 0.014015200590287269 0.26065571769125234
0.023072990843766093 0.014951781623334326 0.2611551603018108
0.022920330822010032 0.015224130528188218 0.26132536345742874
0.02248646833689659 0.015702018158599784 0.2618212127763864
0.022457348427398133 0.015716587741310017 0.2618722678420553
0.021960484408344333 0.017750733711555722 0.26235240348487177
0.021894586050758197 0.01795260954426048 0.26247027322160355
0.02188003505993373 0.018007033643876513 0.26247688186344686
0.020445315189058788 0.01994756585905505 0.26424542724891786
0.02240072502823985 0.0157453893101121 0.2618020414139651
0.022027815283972463 0.01756948938105679 0.26217897929639417
0.02199918020045783 0.017654563563157588 0.26219911754934677
0.021967672982347072 0.01773598319819808 0.26223628376837416
0.021949984697431535 0.017799089608004637 0.2622645518602461
0.02233994022930242 0.015773745740839507 0.26173792870029194
0.022116492842247953 0.017207541714426067 0.26189888856934507
0.02209574277543322 0.01728467347946544 0.26192695196096294
0.022091453372409642 0.017347939091032827 0.26196999095391926
0.02208140917961965 0.017409118267250223 0.2619944413729047
0.022058585232079125 0.0174842220508718 0.2620384354270983
0.022034258649052244 0.017555525536901984 0.26207584824092167
0.02212807590066293 0.017162848463650737 0.2617978089819256
0.019463081555594827 0.020676807759499316 0.26581642316973647
0.01944886054008202 0.02050624992146538 0.2657405716845632
0.01944210766083254 0.02038423994893035 0.26571636476150695
0.019478038123020736 0.020831465654585046 0.26595066711998555
0.019424697568832208 0.020270920828831807 0.2657326920030567
0.01958441734118381 0.021421198129387586 0.26706265346244046
0.019376740488305552 0.020146020780642537 0.265730957157337
0.019506702035682152 0.021167055413735536 0.26628708749208607
0.029331407930132183 -0.0035321442298943406 0.2637949794876504
0.029366396825959755 -0.0034132872116208746 0.2637978003697634
0.02941538143308982 -0.003166368796175434 0.26364002776004225
0.02940029283076563 -0.0032557209020027122 0.26372471052962454
0.029389637364370454 -0.0033339358200521474 0.26381188288837676
0.029479654461856658 -0.0028439220637465623 0.26341953741281804
0.02946821176635809 -0.002935535371992204 0.2635308096037374
0.02944716180235562 -0.0030610606054733425 0.26363223892826937
0.029439575496922103 -0.0031280008688276406 0.26373684378003026
0.029515051663051045 -0.0026164918149867433 0.2633043739976348
0.02950639083123554 -0.0027106786449521136 0.2634028459299471
0.029493930827836405 -0.002801793440362188 0.2635081185900859
0.02948635384818913 -0.0028760843904939715 0.26358193038391275
0.029468814059841524 -0.002991179866722815 0.26369687292162775
0.029522904081368373 -0.0025771789524692834 0.26338871326646757
0.029514985002574212 -0.002672227761753576 0.2634944912369751
0.02950756754516324 -0.0027539246534264428 0.26358119024859894
0.029533246513193646 -0.002449271635567518 0.26338207666440555
0.029530552308787594 -0.0025319098299997345 0.2634787664983262
0.02954315177003193 -0.00235235395003619 0.263392213592847
0.029541955184452615 -0.0024000269109309413 0.26347349376805895
0.029542967676795748 -0.0020556785637597663 0.2632361094129305
0.029543605392292227 -0.002110180529354355 0.2632940684317738
0.029548370581969886 -0.002202316781441116 0.26341201681081616
0.029548320929886795 -0.0022940317569005164 0.26345015214628287
0.027932814711111732 0.002415282372468963 0.26047807848398574
0.02953934002531705 -0.002002839270693668 0.2632980523411227
0.029547323444437452 -0.002088654926176714 0.2634392703346404
0.027963972957060733 0.0025217833191351624 0.26043611349538104
0.02795669169402195 0.0024612278546847777 0.2605238922783173
0.027939423261237793 0.0023857995974432278 0.2606012711393756
0.02775416610374458 0.000700708877306222 0.26238147587656335
0.02782252724221934 0.0006395814652644938 0.26239170075521867
0.027933353794927 0.0005414979329162461 0.2624098452529252
0.027989332756465778 0.0004933137540119037 0.26240981107166855
0.028044156358977 0.000446076981072574 0.26241203610874025
0.029523921831530874 -0.001854126230646569 0.2633647086388021
0.027987364311322663 0.0026416611732895112 0.2604514303497947
0.027985434846974 0.0025772140693993695 0.26053732459213674
0.027968795343562648 0.00249316860481269 0.2606270457011837
0.028368357865603086 9.848143743657056e-05 0.2625490624089376
0.02798027168473729 0.0027924681003246854 0.2604642437141581
0.028876987125792238 -0.0003632428801872978 0.26273225399115196
0.028936213418744694 -0.00042909850478412004 0.262753832270325
0.029489605255865803 -0.001597592956172289 0.26337157025101177
0.019514584199080906 0.021201306148067645 0.2663852468757326
0.027968967663504457 0.0029100337303671897 0.2605022083574028
0.028934652277804868 -0.0004099774572308701 0.2628328280561584
0.028972101254029624 -0.00044976502492033443 0.26286392929627955
0.029030525738398164 -0.0005139606721742962 0.26286542472261204
0.029084195081436018 -0.0005734399492092757 0.2629088173777656
0.02912686690313933 -0.000636291923339527 0.2629461721161592
0.02941039154598267 -0.0012679374130046273 0.26327415757511474
0.029434961018743405 -0.0013546558196065317 0.2633218149424852
0.029455313977566518 -0.001434155508602708 0.2634019096159452
0.027906901529965673 0.0032473729227695536 0.2603264365757174
0.02792820671099279 0.003143727947838626 0.2603913822247862
0.02794632792326361 0.003079748982014463 0.26045594334232547
0.027959518258513734 0.0030103711483134288 0.260519247647447
0.02929043211502895 -0.0009499314024479788 0.2631945268902306
0.02932488564722755 -0.001026503479812979 0.2632287628652723
0.02935226981504381 -0.0011006244680932808 0.26328727554209835
0.02938205311725104 -0.0011779876669860134 0.26332469209547676
0.02782110256899928 0.003660865794155921 0.26015402552006917
0.027842097106224532 0.0035673690326169516 0.26020785843925825
0.027858636332368403 0.0034780642046882138 0.2602651796238865
0.027874016496942093 0.0034187291295267874 0.2603207573936625
0.027894930651827896 0.0033381899024644834 0.26036706925315456
0.027912661795104675 0.003261712095289193 0.260422559625903
0.027696114380962596 0.004059499958716739 0.26004046990948004
0.02773362671135958 0.003976969317139145 0.260071548327538
0.027760870235233007 0.0038990764138819856 0.26010442485456164
0.027782024725125545 0.0038256865238613935 0.26015764602798114
0.02781149742241297 0.003731495504703697 0.26019253374967005
0.027609101050710183 0.004267866666568976 0.25997923762537134
0.027628390342456788 0.004230396481178456 0.2600496983827524
0.027661031057978056 0.004150513265519462 0.2600701222522742
0.02769464186189386 0.004079082930908029 0.26010601097971653
0.027273938092752636 0.005008219871214081 0.2597139109927374
0.027317569548721082 0.004915544587368759 0.2597381655822878
0.02734063273090246 0.00487728258303749 0.2597813837191313
0.027381858240684107 0.004794534828536867 0.2598133261747092
0.0274056722169104 0.004744732984081068 0.25983272985799605
0.027448550245705944 0.0046593005437087776 0.25987428233660614
0.0274752069561979 0.004597868349062284 0.25990696775608735
0.02750122187234426 0.0045377225292103085 0.25997021687854943
0.02757643139811082 0.004362243694976342 0.2600440846392428
0.027115155501476064 0.005361233781114749 0.25963770079116205
0.027139760858908124 0.005306340454815595 0.2596718192672924
0.02694259123320466 0.0057605664341066065 0.2595314457561264
0.02698614166680459 0.005677411024322676 0.25956327575544985
0.02701688210623339 0.005602679535060384 0.2596207377994124
0.026907760255895967 0.005827651566820524 0.2596031582856347
0.02693022263480537 0.005790533513579721 0.25962734004647514
0.02600137241983054 0.007204976193497192 0.25916487026209
0.02681366037761153 0.005983383860952762 0.2596432215015708
0.02597884583104182 0.007384543599070703 0.25915399755069246
0.02599206065106855 0.007311522730839459 0.25918755631161144
0.02596324104402134 0.007494162067110621 0.25920100437452287
0.025921942365485888 0.007658104122846454 0.25918292777605034
0.02594229691370442 0.007588899483805367 0.25924442289457217
0.025870124915410575 0.00784666254949029 0.2591826817896988
0.02589346569118138 0.007768115380749396 0.2592403397108302
0.025829865684864547 0.00800373273974947 0.2591925039476993
0.02584626585108034 0.007945606781014913 0.2592182276501793
0.025565394522025026 0.00883229494721316 0.2591853921413724
0.025513864003807604 0.00900179772844334 0.25919927012924826
0.025539854824737696 0.008910088811502459 0.25923753748192546
0.025458363745902317 0.009161966532895582 0.2592360583821667
0.025396207190918813 0.009334550467770542 0.2592487672529129
0.025423402262933263 0.009265498477298295 0.25929651719291236
0.025371447981715055 0.00942141045569489 0.259305599057014
0.02530224784147244 0.009578893321416593 0.2593343526688652
0.025318923352561792 0.009531300389304942 0.2593626356945683
0.025267496544214993 0.009673093552440892 0.25937592758574896
0.02517035219251742 0.009917448634373216 0.25941023552895603
0.025197305250621346 0.009836911788978053 0.25942978337263867
0.025112210525674035 0.010066045015495961 0.25943863282977686
0.025139579662896414 0.009997735380792627 0.2594633112481703
0.02488946770277236 0.010579694652058658 0.25966752732513393
0.02484975760701441 0.01066651693591597 0.2597599293874523
0.02488181734849222 0.010608195842150281 0.25977645455608533
0.024779326820000253 0.010813756820167164 0.2597944207461712
0.0248001090390663 0.010770476286896868 0.25981578918108184
0.024679574170225066 0.010972266197242453 0.25987898966269507
0.024716320372164924 0.010921246987898037 0.2598800351390754
0.023968139030201584 0.01211867889733026 0.26018347876384185
0.023916305220258186 0.012404182496237148 0.26014149257256447
0.023934133179593017 0.012312463363159776 0.2601563360018682
0.023952679655769846 0.012231666357435056 0.2602270956986408
0.02389515652035145 0.012500326973467257 0.2601679471239763
0.02391887852567582 0.012415033230817052 0.26020208217528895
0.023868924154062887 0.01261530802588362 0.26022389521995926
0.023890703804725577 0.012545826599535514 0.2602557929488697
0.023825713742242183 0.012781856594624108 0.26025002609558107
0.02385379214312828 0.012698930224332605 0.2602953487501144
0.02380215885764414 0.012866336320258409 0.2603090586617488
0.02382540774162563 0.012798574134229912 0.26032507553217554
0.02377007051498311 0.012969528710197242 0.2603632790778664
0.023736733436475005 0.013075654260844338 0.26040785455090254
0.023685183545186894 0.013245749362617465 0.26044625582120673
0.023717446128950624 0.013153482948503215 0.26045392494210723
0.023656940105198587 0.013348256796703262 0.2605037497918017
0.023684258827048568 0.0132703605003196 0.2605124259111067
0.023633706430923676 0.013439227935266862 0.2605346739236105
0.023587881830848305 0.013614777490950414 0.2605608893794951
0.023614236856923307 0.013533160058705418 0.2605813142578135
0.023551659055648808 0.013749764997170066 0.26060168690664365
0.02356526484546574 0.013702456131713447 0.2606007455073319
0.023585937329814947 0.01364482240401571 0.26065382876950083
0.023518123003853073 0.013880551367350225 0.2606366647711448
0.02354479347350366 0.013788825293277851 0.2606774168739603
0.02348909380110118 0.01399646927330278 0.26070288401658875
0.023511550000944834 0.013917881639463059 0.26074136580703633
0.023434189606971523 0.014134044221783548 0.26072998946101394
0.023457034819448122 0.01407782795012441 0.2607633165426091
0.023487677631152865 0.013991134835086239 0.2607896450840763
0.023426325086401134 0.014163517727730668 0.260829126307158
0.023452922294258077 0.014093386339204983 0.26085616004677487
0.023383350351054245 0.014265163135888048 0.2608919856527032
0.023216685230024764 0.0146672162212651 0.2609806425806392
0.023245811246079495 0.014596566589768989 0.26096510822007146
0.023178583870610066 0.01475501756603742 0.26105234744007644
0.023212337175634867 0.014680834997584102 0.26106994520520643
0.023239583428935562 0.01461763135766947 0.26109431700207536
0.023125077243110248 0.01485071834710866 0.261127821572837
0.023164393758770475 0.014771619425776872 0.2611810991510522
0.023049759405052245 0.015002723966465348 0.2611941644417398
0.023088304896500662 0.014928669760865876 0.26121682231282306
0.023118177519312888 0.01486313677442741 0.26124689569964227
0.023008828644534962 0.015076548050096672 0.26127862236984295
0.023032462214430297 0.015034744446477677 0.26131121379353794
0.022907011750372235 0.015244709602075468 0.2613675158920992
0.0229501607110585 0.015183150176058924 0.26136433306941964
0.022985075616220756 0.015107631995057658 0.26140900893131136
0.022860161309133403 0.015316028987790553 0.2614537944982363
0.02288653387397406 0.015275345777824134 0.2614640591974794
0.022933546222323534 0.015197161538934079 0.2614727011933051
0.022832983691057795 0.015337768507861727 0.2615650846907189
0.02287100874313272 0.015278313484972328 0.2615734924352394
0.019563652156598346 0.02137278336890286 0.26685380834787864
0.02214909435592978 0.017088631615088667 0.26184825791182204
0.02210414114391658 0.017252676035348635 0.26185878940322915
0.02208376490747843 0.017341864091230563 0.261918079306051
0.022099088807134043 0.017275825398150535 0.2619472997477935
0.02206246019392507 0.017455912335588186 0.26197274229205936
0.02208956351385584 0.01737486732099025 0.2619938996963791
0.022035510731301673 0.017541930163125552 0.2620440058304928
0.022055199291336973 0.01748840855266559 0.2620942731053096
0.022025091661630983 0.017582571444491824 0.2621365398006664
0.022046579237427838 0.017499818026079417 0.26213096647783135
0.021989892915582537 0.017679177072718488 0.26222307480266893
0.02196465827192945 0.01776417447494999 0.2622893631196908
0.0218902202891793 0.017973438516702744 0.26242856808243775
0.02191060458680405 0.017877500976037408 0.26244580664680417
0.021888538479034672 0.01799201745377088 0.2625253809964113
0.021861186946475458 0.018075223402166107 0.2625946677254315
0.021874521188173027 0.01802640201649436 0.2626164218905371
0.021825791735517915 0.018169921395037814 0.26265972141162486
0.021794577756726358 0.018279864673182433 0.26276497495322243
0.019576220940868153 0.021396214990673235 0.2669585685639112
0.02173264761218196 0.018448734520785104 0.2627981180304384
0.02168921476460152 0.018549371891488975 0.2628963596299208
0.02171688156380322 0.018482318338034598 0.26291065706294475
0.01946746859652289 0.022756082879770045 0.26841870927107025
0.019404100175180322 0.022829742065587966 0.26839835283667757
0.021653128274277622 0.018646303967157163 0.2629672777518838
0.021677397513587666 0.01857441893966777 0.2629992905890925
0.021611716486771182 0.018742795883143204 0.2630347298430661
0.021649079491548193 0.018663159427740827 0.2630873499622695
0.02159989925966714 0.018765076959555926 0.26317409646883233
0.02151917281568312 0.018923105901082315 0.2632449278755791
0.02155723623537334 0.018853653616890897 0.26323901216749956
0.021510519755093785 0.01894041121188972 0.2633511984606923
0.021423034453361973 0.01910448167144979 0.2633736751882261
0.02146492297397301 0.01903354804687496 0.2634231040628409
0.01971310519191058 0.02177659134772253 0.2676317265347579
0.019687365883094957 0.02172445023299502 0.26752983508106004
0.02137039641603694 0.019208766444339498 0.2634852210929914
0.021429494854868142 0.019116891130947666 0.26350915150913623
0.02131484826507831 0.019265908479189686 0.2636154141929555
0.021350747519355742 0.019220359279880084 0.2636307659675948
0.02129231538400532 0.019293553907799854 0.26375693734034666
0.01961452146207962 0.021511802820576353 0.2672669694141909
0.021230864991474266 0.019387526504877184 0.26384164488402684
0.021274786143014264 0.01932017427978283 0.2638294252145448
0.01961644641108025 0.021535925480630436 0.26709027252756506
0.02588144135362945 0.007809047821352444 0.2592149289904013
0.025912615667865693 0.007700078420629475 0.2592480534939897
0.025905604668412435 0.0077189702685537265 0.25919996722912464
0.025859817623053928 0.007884870761229235 0.25918444203967755
0.025864293091073562 0.007880770615996235 0.2592585523513425
0.02593336815044587 0.0076234247163118884 0.259213889352245
0.02583631167821685 0.00798561946989007 0.2592285660916276
0.025951756306176833 0.0075453251862745985 0.259190431762071
0.02580118237720526 0.008109838795171909 0.25919004255288886
0.02597759185065135 0.0074202444681921165 0.2592376695817252
0.0259697042234436 0.007444132567206829 0.2591522831158042
0.019414956433600236 0.022816911790361383 0.2684289763291422
0.019503991043312588 0.02269828486373593 0.2684300894566143
0.0194839809848925 0.022731403433330133 0.26835372090477483
0.0195543520373503 0.02261735067526993 0.2683567909462823
0.019623185444040278 0.02248228990249096 0.26826894936057377
0.019651925063231407 0.022413030724627636 0.2681887608011002
0.019689210194831955 0.022305230653003716 0.26811271575774165
0.01971466635280132 0.022202469835575223 0.2680664125804978
0.01972882371789729 0.022112839060696943 0.26801826011630075
0.02598500636528997 0.007356308885057117 0.2591814518097856
0.019741928011165935 0.022011027582178655 0.26806005566319097
0.01973854001963099 0.022027169477415565 0.2679745873080441
0.019744152588576702 0.02192257965576483 0.2680242127256936
0.01974338501425571 0.021949868210645984 0.26793651484315273
0.019735564656661472 0.021961249854805687 0.26784799043813734
0.019741738348770896 0.021858045800381143 0.2679894742706981
0.01974114439285632 0.02186903266945006 0.2679156121496587
0.019735852119375216 0.02187663134014145 0.2678179246445973
0.019725673665458937 0.021794785859398036 0.26779513456215426
0.019720373034594035 0.021803376188282042 0.26768973307989663
0.025993228519490347 0.007286179973361284 0.2591546734281194
0.01970372965454352 0.021730026353476317 0.26765868773669566
0.019701911972659775 0.021760470753076744 0.267578095578482
0.019678638012678065 0.021673216438892418 0.26758715241805187
0.019671544611997896 0.021679825074533587 0.267497235129938
0.01964951183394227 0.021610680180842556 0.2674442789889569
0.01965751318381015 0.0216379013672639 0.26737125475729295
0.019627914495236806 0.02155117998842243 0.26734754537968475
0.01963022644740356 0.021559478865838366 0.2672448132673205
0.019619083273812774 0.021536660758477433 0.26716653298207077
0.01960451265735204 0.02148423136802613 0.26711251948789694
0.01960496288934073 0.021499989802702346 0.26704685436223874
0.019586594115163794 0.021435220124391863 0.26699663573216187
0.01958041665323318 0.02144407300935397 0.26691794065422214
0.01956715508258501 0.021367186255001447 0.2669149674994874
0.01956208605475697 0.021390651780190784 0.26679528852813295
0.01955847549671612 0.02138865875062046 0.26673829833771595
0.025747975102265126 0.008265199663064882 0.2592462356086963
0.019551578765148916 0.021320517626640112 0.2667827272912979
0.01954592811978599 0.02131766631648102 0.2666886634404446
0.01953720164343059 0.021302886901767404 0.26659040135359957
0.01952979868282005 0.02122555900130696 0.2665660764078735
0.019524055236752047 0.02122439788844427 0.2664738481825616
0.019508513545313244 0.02119407209157642 0.2663242186454656
0.019510473735374817 0.021120769208434198 0.2663254778031063
0.019499972573954236 0.021043162365072254 0.2662745116685442
0.019493960278728947 0.021039077965788466 0.2661777095699687
0.01948873714597607 0.02096410211271993 0.26614414644673967
0.019484221925843745 0.0208772030049183 0.2660374395099903
0.019470648324920098 0.020738150936221333 0.2658798815535138
0.025853408996206403 0.006751852613632814 0.25907311932672494
0.01946615295275063 0.02058236103630756 0.2658173895019077
0.019466879515674287 0.020486382066258246 0.26581077482016324
0.019456936005218056 0.02040936405962418 0.2657665406687198
0.02600616199090726 0.007165025679206294 0.2592196998144938
0.019440032493619572 0.020337971282846312 0.26573247823164337
0.019415892617854952 0.02022102545375809 0.2657479830424114
0.025997683546833857 0.007074873084873701 0.25917619173913753
0.025989920779193862 0.007101240352515581 0.25910680832083266
0.025728990879520852 0.008328549426860232 0.25930083784046276
0.028585718701242713 -0.004652179657070821 0.2638086284395464
0.028597239717421674 -0.004671809925719861 0.2638972412757439
0.028661711664169566 -0.004577814323758422 0.2637763717055682
0.028672464617676113 -0.00459877039133072 0.2638661483875229
0.028733888769597746 -0.004503060135801984 0.2637468538442808
0.02874470021684601 -0.004524365824661647 0.2638367836387352
0.028753064647614734 -0.004543475994575885 0.2639283190193471
0.028813968191998468 -0.004447283081543574 0.2638090793352489
0.028823276226830057 -0.004467794268982861 0.2638998556629858
0.02887703353146069 -0.004370795740485545 0.2637866309719144
0.028887600266496595 -0.004391799828775245 0.26387661602059365
0.02889401341826702 -0.004411831138084188 0.26396984745913094
0.0289453805612766 -0.004316254613645543 0.2638588266809168
0.028952385529058287 -0.004336289493993839 0.2639517396213278
0.029005274885287195 -0.004259761185578748 0.2639371975647741
0.029055510704467 -0.004183215659611383 0.263925479803652
0.029103455394396537 -0.004106192767475536 0.2639148815729224
0.029149611046532492 -0.004028648815576907 0.2639053683032506
0.02919035878369431 -0.003950907325255326 0.26390011786529066
0.0291924418683098 -0.003969170590867321 0.26399375898653377
0.02922496258735225 -0.0038732290763192623 0.2638989988413292
0.029285889177733844 -0.003717946393498539 0.26390695904864303
0.02931284069568542 -0.0036408245453261046 0.26391366029588265
0.02933867919883141 -0.0035366145823924056 0.2638552269913335
0.029350103416833417 -0.003455271200099419 0.26376713119744877
0.029359178451489498 -0.00346102280676569 0.2638447661597193
0.029371685570279214 -0.0033709455203320138 0.263756332809402
0.02938305222143052 -0.003374373321862245 0.26385217860700566
0.02939797388420312 -0.0032875522347209363 0.2637763531606983
0.029413141720299185 -0.003197211154157442 0.2636909123337432
0.029419975766117802 -0.0032082776360703447 0.2637631897340549
0.029431158023201662 -0.0031103995197337975 0.263618609643901
0.029437234946836026 -0.003114294566431808 0.2636755092881034
0.02945901788204719 -0.0030101930570717306 0.2636235960760803
0.029456860545190797 -0.0030461656697707284 0.26370790336362593
0.02947823248075259 -0.002935793182005264 0.26363826467815005
0.029494523180264548 -0.0028605706207429082 0.26363329973237615
0.029499430215622707 -0.002809666869494465 0.26358862280642065
0.02952052395938013 -0.0018117046017873117 0.26340289597662203
0.029512955355191738 -0.0017371212006929704 0.26341070305109604
0.02949606600373788 -0.0016321790030911498 0.2633712317315085
0.029470008379484117 -0.0015121893774898698 0.2633470099032064
0.029475718068279255 -0.0015206569578941065 0.2634128430167281
0.029443838995121097 -0.0014111706598806117 0.26328714894669347
0.029455207371001296 -0.0014457522501162279 0.2633468368302765
0.029430737517014013 -0.0013301240085232813 0.26333396151311717
0.029442281087408977 -0.00137179100869117 0.2634068164606468
0.02939767421252438 -0.0012318578034978822 0.26325319053413254
0.025986478078329996 0.00700249814400794 0.25916923495753363
0.025972304080067767 0.007005164867599778 0.2590982840783386
0.029273084407884085 -0.0009089145760584061 0.26308931332451907
0.029207540927330508 -0.0007793608851117129 0.2629879010401596
0.0292212539451989 -0.0008109736238162135 0.2630563349556734
0.027167874119591567 0.0013055730734329307 0.2608548886313782
0.027178874022094283 0.0012860033873716703 0.26094588509302585
0.02718127554340293 0.0012693081068849699 0.2610429163648143
0.02716950815887647 0.0012559539822769028 0.26115228517626143
0.027145268628070054 0.0012464580141399173 0.2612810242947741
0.027250307667180826 0.001378322161985135 0.2608176720967911
0.027264200217998413 0.0013577787864593183 0.26090648830282226
0.027269251771228284 0.0013391382148196795 0.2610021530925775
0.027260423782591497 0.0013249426575437928 0.26110845214135153
0.027237942604232367 0.0013141976986957293 0.26123653405451236
0.027199890064596943 0.0012919167180034385 0.2613207997434176
0.027343738333635466 0.0014306704945967752 0.2608716976151932
0.02735252833704347 0.001412087030142395 0.2609638662171624
0.027347573476266304 0.00139607999704916 0.26106698078231316
0.027325991014351604 0.0013840769800320118 0.26118257963101066
0.02730948865889559 0.001383499270944888 0.2612932518828023
0.0274182397600825 0.0015045253595007968 0.2608414255325531
0.027429593823059255 0.001486185524242456 0.26093080661890034
0.027429149232592882 0.0014687072603072338 0.2610302787890241
0.02740998429143273 0.001454120969226258 0.26114511233483206
0.027383266122420397 0.0014456488348559837 0.2612599730234241
0.027486395346250664 0.0015791102290014236 0.2608161146195779
0.027499227012552314 0.0015597182230826512 0.2609045676836648
0.02750111155122907 0.001542264791526915 0.2610015093121889
0.027487594664767842 0.001526286854450054 0.2611139660114432
0.027460572487592316 0.0015165646085009143 0.26124789383668645
0.027561981357427122 0.0016343368468657027 0.26088353101367984
0.027564119928598224 0.0016166686839974576 0.2609800550802861
0.02755459865111426 0.0016001440164407632 0.26108805906186644
0.02753804573286759 0.0015949100761826762 0.2612222887637468
0.027607995966810704 0.0017261267724456575 0.26077870903800054
0.02761856735106928 0.0017083384257711165 0.2608683134500428
0.027620342810674096 0.0016909352937490851 0.2609647526129333
0.027612413179916036 0.0016744710543520336 0.2610684866988314
0.027662074813104405 0.0018006570525230248 0.2607656055905486
0.027671842064108505 0.0017824453948222518 0.2608562558885713
0.027672924759155317 0.0017649076923456075 0.2609531141791988
0.02771214626840885 0.0018760939043788172 0.2607559483939682
0.02772081049228891 0.0018574205516006526 0.2608474261995857
0.027759012493080833 0.0019517850838730033 0.260747951442564
0.027766480529700446 0.0019333566067287755 0.26083983145703504
0.027802070438686842 0.0020282518125256943 0.26074224502255205
0.027807731189906267 0.002010139441163017 0.26083527603511913
0.027841169111810865 0.0021060969422423415 0.2607391047615219
0.027845294409661964 0.0020867292199175935 0.26083121042176916
0.027879593312076692 0.0021907237069106467 0.26074696462384317
0.02787582734563171 0.00215916052725984 0.2608258851952239
0.027908845771382057 0.0022982825805666907 0.2606473978742606
0.02790388005130514 0.0022651383651551837 0.26072112693168625
0.027929315312274786 0.002385150600171859 0.26053224835204924
0.02793326778227897 0.002360429819961374 0.26065567455350847
0.02792826491545175 0.002342271665048412 0.2607263125414021
0.02794916581323255 0.002472600629624566 0.26045599502057803
0.027956707945594954 0.0024471019421499207 0.26058342908735965
0.027953817705094787 0.002436475612324074 0.260657168787822
0.025690812569279922 0.00843625298315881 0.2592372888043741
0.027978105100976668 0.00254929441537749 0.26048643807974975
0.02797646118186816 0.002533157872923464 0.260578107148293
0.024772761934642153 0.010825188822436826 0.2598264761046053
0.027986083486311326 0.002714428533861002 0.26043120364411265
0.024831887957737886 0.010706941656928037 0.25980657486489467
0.02480932182657873 0.010743241852180507 0.2597604884802551
0.02797063025722691 0.002877120248683529 0.26047052900283907
0.024868795454347253 0.010632805298522119 0.2597534021542591
0.024852065765058502 0.010653998597144887 0.25970110081020575
0.027954355155794364 0.002995702991108906 0.2604537024383579
0.02796666706882514 0.0029638523558256358 0.26053931119041973
0.02561901789031145 0.008674371232967382 0.2592240674701031
0.024921509446400356 0.010517618839112008 0.2597127746622079
0.02793816552220872 0.0030860237064014306 0.2604102581538844
0.027952042194658182 0.0030581150512591915 0.2604890658383441
0.027931266533898248 0.003167838118219468 0.2604481368877488
0.024955242550179897 0.010430614570313801 0.2596937107717263
0.024945358869511783 0.010452872322282702 0.2596207677875967
0.027897476671361415 0.0033033473771256205 0.26031691322547545
0.027905467548624746 0.0032975690363891696 0.2604005559900095
0.027915227470881758 0.00324787404546234 0.2604556343078334
0.024997814886101748 0.010336255578831444 0.25965104066110317
0.02498555736430963 0.010369171252241238 0.25957385106787
0.027872281689730778 0.0034029932931473605 0.26028922693065637
0.02788252603744088 0.00338430432364073 0.2603392542517797
0.02786261238872558 0.0034869514623531717 0.2603161166804077
0.027871803446219943 0.0034403583675657323 0.2603538996366216
0.025042997192781642 0.010217989117602244 0.2596825530810579
0.025026184553496353 0.010248041992234669 0.25961094729367595
0.027826818445542162 0.003620294467859164 0.26016667215352896
0.02784859226369784 0.003567621627262152 0.26025860861586225
0.027821870212400922 0.0036826410207171367 0.26017823961373004
0.025068217007989682 0.010138978737121385 0.25963419248142217
0.027790708085395258 0.0037910845442724606 0.2601408726692551
0.027741336611060714 0.003940950914081198 0.26004976316084694
0.02776312746074775 0.003892358586294109 0.2601432340367931
0.025119082679662175 0.010047279408393672 0.2595331996764497
0.02511564609857607 0.010063473264566025 0.25948370754038036
0.02772968800856581 0.003994735576834552 0.2601091968020985
0.02514501403025171 0.009976816903399521 0.2595062089771895
0.02513308277121229 0.010011713815564649 0.2594302916439969
0.02767611052715547 0.004108844834084635 0.2600326274348845
0.027631127145770748 0.004210931256945216 0.25999961989382586
0.027645423570787274 0.004188596493526042 0.2600788932378625
0.02518530248434791 0.009872299120305683 0.25946124227413403
0.02759318086402611 0.004314901449537112 0.25999842020463204
0.02755130154662895 0.004406155572442727 0.2599619709395218
0.027559805789414353 0.004398025350528245 0.2600282513306361
0.025214169610952207 0.00979339781770494 0.2594128136921858
0.02750910684003953 0.004514495811562325 0.25990191692780457
0.027518670246547076 0.004491098200681942 0.2599955715788426
0.027437396045718578 0.004661972257549385 0.25982372042240387
0.027464436959762327 0.00461911359551781 0.2598727743871421
0.025262847438538523 0.00968759952681958 0.25942724306317766
0.025250634051048854 0.009711341025475995 0.2593841619303283
0.027394942500026623 0.004748423653244627 0.25978539771842135
0.02740498020738783 0.004749087322314105 0.2598775442760038
0.025291118847001796 0.009613311654624812 0.2593842549205302
0.027359238491430266 0.004845425918882096 0.25983627807151904
0.027291415271504853 0.004974811596076767 0.25973347210147923
0.027313283235128605 0.004934784893903366 0.2597884458877785
0.025324384191240043 0.009520341888486938 0.25931775268329726
0.02724350399235504 0.005082775619544955 0.2597143190660334
0.027194244475991877 0.005183879517299372 0.25967896433217014
0.025374109533233546 0.009409963330412108 0.25934206999978043
0.025360090381897613 0.009433940130428142 0.2592696398081694
0.02540396674541956 0.009316118499746229 0.25931163936492374
0.025962595360129216 0.006914748346103672 0.25915941663593034
0.025431305580732276 0.009239675523099955 0.25926281942734486
0.027028399236713366 0.005570189391915947 0.25959849385632755
0.02696666222519528 0.005714465820811754 0.2595293959028565
0.02697886016627226 0.005694026744130998 0.2596129446693221
0.025472583100370323 0.009129360668156117 0.2592784007928574
0.02693668324303418 0.005778153533691377 0.2595819498290348
0.026885249205396436 0.005866043803299914 0.2596266325200955
0.025497355502254272 0.009055538354715842 0.2592226360267122
0.025525341994083864 0.008961213171505777 0.25918119965395287
0.025656403178397 0.008553133583507233 0.2591708042258521
0.025659799523449982 0.008547147511551001 0.2592354604551175
0.025948255858322722 0.006871140411204013 0.25916342224471384
0.025926143807784963 0.006866173727189617 0.2590787783266162
0.025554069816550243 0.008867356567472173 0.2592306556778087
0.02588393526549821 0.006749894421134384 0.259235113145327
0.025585167889914266 0.008772976043862901 0.259169753512032
0.025889412870600093 0.006760343279020697 0.2591913057325842
0.019392682147842344 0.022837853225498306 0.26849216175062834
0.019442238337893547 0.02278828339354294 0.26843069847714307
0.0195378734800796 0.02264522527460433 0.2684057591610979
0.01957437980282152 0.02258173821698989 0.26834122610045974
0.019595380436477516 0.022537495116302986 0.2682622630146053
0.019746556406525423 0.021896204066936376 0.2679736272043143
0.021415881476717004 0.019150267993822856 0.26347796763574105
0.02148259180469274 0.018993202155122846 0.26343714864684076
0.021774186344284602 0.01835473814199723 0.26283776018363525
0.019404070245847532 0.02017516289472787 0.26579886594130003
0.0193768813634137 0.02012492510777758 0.2657661787322675
0.021887112765988634 0.017998248128867023 0.2625900626648357
0.021896455875284798 0.017957643726036365 0.26251785251195225
0.019349864755463922 0.020064488200240593 0.2657599387000362
0.021917707682932178 0.0178621081492063 0.2625374611715563
0.02193255150932326 0.017799879353465997 0.26246001561584925
0.021944964094623987 0.017776739868439695 0.2623710756852282
0.01932860384176631 0.02000030735026398 0.26580296483447824
0.01930066657317521 0.0199615969228793 0.2657325249023703
0.022084059556623327 0.017413164079012722 0.26204049686453074
0.02208263182375598 0.017376472451685443 0.26195553018598594
0.022101110151138526 0.01728168045494488 0.26197949383076463
0.022103269841394303 0.01725229582035165 0.2619118107731518
0.022117872884128982 0.017214948539578445 0.26182677662494214
0.022131872558464848 0.017160884005858523 0.2618624568913668
0.022165553278674553 0.016996585546305676 0.26181530561169464
0.022173069837804975 0.01695115428248062 0.26173600830653176
0.022198579074528227 0.01690156544555771 0.26184084270162433
0.022208079973502187 0.016882413390594042 0.2617604390163273
0.022193935484147637 0.016841272965281706 0.26169295723414854
0.02221602911969768 0.016768400315208598 0.26179235624389974
0.022204782584215127 0.01669143309460791 0.26181113115249177
0.022187494460638904 0.01667297372168558 0.2617701649171933
0.022140254014655338 0.016627754755866198 0.2616051630875262
0.022089524078444625 0.016532094111472606 0.26156372679804146
0.022789639490808908 0.015380428763861698 0.26174276318284107
0.022832431891869884 0.015330284115831871 0.26167224690184576
0.02285560449981444 0.015296187079232193 0.2615972771743808
0.022905733127070976 0.01523894970170736 0.26149861888966297
0.022951853928874125 0.015175785428721555 0.26142586615734864
0.02297699606601046 0.015132976737873893 0.2613332056148933
0.02302928805950996 0.015030272469054473 0.2613581712248824
0.023128170412740755 0.014840300810077423 0.2612076574859578
0.023152136458347787 0.014803724714812727 0.2611193828825141
0.023201366658810577 0.0146954288171674 0.26114417439347204
0.023223646131146705 0.014653267986260876 0.2610808632092335
0.02326121053807692 0.014564330404904013 0.26110184611785897
0.023271219922862997 0.014542382631563044 0.26104682190262984
0.023290582419009817 0.014489791054180912 0.2609582529101358
0.023316355130645047 0.01442748721321696 0.26106680517467273
0.023334231342286946 0.014393997723966379 0.26098411966646806
0.0233877877758778 0.01425657076281961 0.2609262229742396
0.023408184379825822 0.014211577958132104 0.2608417163793861
0.023440942564417602 0.014128214604311407 0.26087122114310357
0.023454101051511342 0.014084605812820283 0.26081062810866823
0.02346615387165398 0.014058658747176656 0.26071036287186555
0.023484035328804734 0.013999219958248876 0.2608237186121744
0.023497945808581333 0.013963261377222147 0.26075996770078547
0.02350664905087635 0.013941009847162844 0.2606770032542822
0.023535314826708204 0.013825435705891398 0.2606938271677782
0.0235371895294071 0.013805385829737005 0.2606250037738196
0.023553389731149593 0.013759045167547779 0.260707371363874
0.02356837017365293 0.013700819977783996 0.26063344122780374
0.02357223751006357 0.01366633985791943 0.2605619500112578
0.023598660789444448 0.01359053649596853 0.2605946431913373
0.023624756912272768 0.013505487845950126 0.26062591249742756
0.023626258978058742 0.01346568478871607 0.2605324318372181
0.023660432252787453 0.013356919253571742 0.2605584997995297
0.023669107538178358 0.013310827098419575 0.260499587897873
0.023703524527145553 0.013193451425902947 0.26044652095551035
0.023727702286040875 0.01311870213131272 0.2604649760641
0.02374574162113343 0.013042968391882181 0.2603923659525364
0.023775604321407212 0.012967919664784944 0.26042281079764096
0.023777092678054876 0.012942373695925713 0.26033597938875264
0.02380930679811632 0.012850283116092098 0.2603692304199332
0.023818977560197345 0.012813317930602308 0.2602896993899985
0.023842093797256707 0.012739246902964907 0.2603356775875379
0.023856698696175092 0.012677096152710898 0.26024873941772486
0.023877101629859204 0.01260603352658951 0.2602941599369405
0.023882391633458018 0.012553552284537028 0.260196002754857
0.023906850393113604 0.01247617056262701 0.26023813398781237
0.02390902302127207 0.012449506049817816 0.2601697609518732
0.023929945532827436 0.012351814831687957 0.2601943241623823
0.023942583564749174 0.012283260115767525 0.26020475091519524
0.023965872568737542 0.012166065618083699 0.2602528328671716
0.023956987395850317 0.01217747230085997 0.26016889227513884
0.02398013148900499 0.012080734178302521 0.2602737949347625
0.02397853941702948 0.012058584530484973 0.26019076864911517
0.023987632716597512 0.011985641851772089 0.26022373255248166
0.02397579078826914 0.011943393300547167 0.26014688634988936
0.023952953142615065 0.01184672695442951 0.260104331672482
0.02392983229146265 0.011819109963448038 0.26004026137865466
0.023942013718881057 0.011788698942296005 0.2601533391639113
0.023900732151131275 0.011731919517158629 0.260065972146993
0.023866272868698295 0.01169256733843349 0.26000793373054504
0.02385529600382752 0.011631435033765347 0.26005460283235304
0.023825608881792623 0.0116215071415125 0.2599594943882448
0.026830122519270472 0.005963537629889659 0.2596674553354522
0.026846655301923324 0.005932353724585504 0.2596338426555868
0.02691002779541997 0.005823614622993523 0.25962993703745485
0.026964264121556933 0.005725979558664551 0.25957259630724816
0.02700119362184364 0.005640793609604622 0.2596149085559633
0.027046485124342823 0.005521533391780686 0.2596257843477026
0.027089615739163325 0.005418394555591899 0.25964290376167704
0.0271669797509416 0.005249557838310326 0.259696747040544
0.027171275625399866 0.00523070267885023 0.25964341862575063
0.027218890474806218 0.0051250580929042 0.25966291039263584
0.02725492597252374 0.005051444762616097 0.2596919443487586
0.02728768567458307 0.004984908456385884 0.2597805129073684
0.027382716176082365 0.004797494701431759 0.25985662146890265
0.027376037360306783 0.004788528993040053 0.2597704375609333
0.027418420166069865 0.004723343451988549 0.25989316639337895
0.027457735669271753 0.004641008335729169 0.2599139033010207
0.02749869714621358 0.004542965832151802 0.2599198385684127
0.02753090952452282 0.004461665350680433 0.25995132455729975
0.027568332719148395 0.0043698792577996914 0.2599938652079494
0.027613911261041832 0.0042688076246501505 0.2600163248114935
0.0276449754907094 0.004185008049556682 0.2600429779041717
0.02767951713593586 0.004107678418071525 0.26007551701509113
0.027714767326998097 0.00403240631439189 0.26010260203194013
0.027748087019357916 0.0039420773309974955 0.26011719111553
0.027773490515721568 0.0038589054390248956 0.2601479351142646
0.027798189724500745 0.0037690772097200287 0.2601716770667041
0.027825153519515075 0.00368491647211594 0.26021528814562167
0.02783897654806998 0.0036223537819904394 0.2602415668039937
0.027855375516138016 0.0035226447588838083 0.26027951188348264
0.02787096747547429 0.0034306934375847864 0.26031223180272806
0.027891181780716943 0.003346259873574675 0.2603309253666497
0.027906574780484472 0.0032821655815290507 0.26036238051861776
0.02792189010843943 0.0032143203535889286 0.2604745693552967
0.027922483362637633 0.003204472703158101 0.2604108825243939
0.027938325251538165 0.003137555533716141 0.26049764801862946
0.027939320551013357 0.003116754079638906 0.2604446311195573
0.027951048180107976 0.003041083659956756 0.2604525985784336
0.027964040947593936 0.002954894160008603 0.26050081554631566
0.027944141111574942 0.00240405031030283 0.260715893871276
0.027928176681406076 0.002338965846321539 0.26079162057672167
0.027911780456748782 0.002267624139951796 0.2608094172772371
0.027245035570994183 0.0013341189595997283 0.26135515796014064
0.027944041354649583 0.0005332423042560541 0.26245012414023106
0.028078560276571317 0.0004117064473092569 0.26242392355013805
0.028145644216939214 0.00033065613493699075 0.2625394274756518
0.028164408455727742 0.00029898077516182786 0.26247384778347654
0.02857083184476436 -8.429273320459396e-05 0.26261751598743444
0.028662077542718427 -0.00016382633469563812 0.26266770429721614
0.028786082613585118 -0.0002709846560518536 0.2626804194520901
0.028968226513573517 -0.00045659621236499026 0.2628001168675176
0.02905045747684598 -0.0005294571204396137 0.26292006448005667
0.029109337805375668 -0.0006091094128908292 0.26292485528578274
0.02915136856581063 -0.0006813215364039893 0.26301421420808474
0.029197410443865666 -0.0007598164305895883 0.2630501972423087
0.029244112843323754 -0.0008592805327132247 0.263056426220844
0.029273494775272982 -0.0009113399029781477 0.2631628661054858
0.029281368533422454 -0.0009282626550884965 0.26310208191104667
0.02930331218019449 -0.0009811572606493457 0.2632233617146782
0.029337723799356487 -0.001056020483073683 0.2632463687156754
0.029367236258757298 -0.0011402345753921406 0.2632732115041877
0.0293980556606434 -0.0012236626394795391 0.2632923002833525
0.029422761382674203 -0.0012936653845226909 0.26339487270598816
0.02942296428246139 -0.001299347207423196 0.26334674956373627
0.02944418812986107 -0.0013938800792739348 0.263350059766329
0.029465853398450675 -0.0014820558768331993 0.26338249396682367
0.029486273939571733 -0.0015725536869014012 0.2634202385356141
0.02949898885520185 -0.0016353954907482038 0.2634196561184068
0.022109892058454456 0.017240144991464812 0.2618363058554406
0.021977302181477774 0.017699829633430142 0.2621843839969038
0.02200781822455937 0.017626908127336804 0.26213837332896994
0.02203315447062136 0.017558157309172373 0.2621040406559425
0.022060615202756095 0.017479287209672345 0.2620762842891867
0.022087011347881103 0.017397330196520122 0.2620528497181922
0.02209657314349197 0.01733154978827789 0.26199297912477454
0.02210580860329718 0.017252187248756434 0.2619619519398734
0.02212576806161877 0.017184001146791472 0.2619219910211861
0.021940500608917807 0.017821052992684827 0.26231830989218974
0.02197336300457213 0.01772322908054641 0.2622950768668637
0.023156180619473804 0.014792437977150352 0.2610535551944662
0.023199296957852347 0.014709319842713953 0.2610223950662149
0.0232357076642044 0.014628404732460465 0.2609882617101595
0.02184164878953084 0.018130125035185407 0.2625883588970914
0.02186531936397463 0.018062289360956718 0.2625470508638843
0.021889889268364937 0.017978570593668197 0.26251038730702003
0.021906242615550374 0.017903453912876677 0.26249796468239023
0.021942349462003255 0.017775046396419303 0.2624094224288811
0.0230683268215595 0.01497150954363774 0.2612236492692242
0.023104762741244497 0.014893344009920872 0.26117578114731144
0.023142642406580483 0.014817451345951749 0.2611727042316963
0.02318520687963127 0.014733711139878147 0.2611497112431853
0.023218581252929513 0.014661062173095152 0.2611134332301152
0.023253714901041757 0.014587651906607046 0.26106446341753176
0.023287989937200784 0.014498208077265318 0.2610327034901232
0.023313820018686482 0.014441875898771217 0.2610136434729
0.02334900925762949 0.014349293827715826 0.26096840606159366
0.021779144435323194 0.018321068178488553 0.2627499440137656
0.021804940415866815 0.018243325731622073 0.26274665481279746
0.02190041444334785 0.01795195569787561 0.2626114855780909
0.023001328124738804 0.015080741480540227 0.26136672586264487
0.023048117717681435 0.015004558302847637 0.26132768947412177
0.023083348844857236 0.014933372240158227 0.26129723106384317
0.021677276610251477 0.018574364677969968 0.26297355461741756
0.021707530596812533 0.018500926420915942 0.2629365011641638
0.02160585586473071 0.01875537524145615 0.2631549539997641
0.02475937161479083 0.010851835068349136 0.25978778589120366
0.024792499690789033 0.010782006401234945 0.25977020552631236
0.02482965614374317 0.010698879879798062 0.25973673196005964
0.024881146567366924 0.010603602734922557 0.2597198875770368
0.024911056206707367 0.010534738079972794 0.2596658405459142
0.024940969083465096 0.010465532695655033 0.25965030561799324
0.02498831940345348 0.010367177571091846 0.25961434028094266
0.025007324263221137 0.01030077320700934 0.25960264009564493
0.025100415616187137 0.010091665981062925 0.25949460581284556
0.02512900523915621 0.010027662834060425 0.2594739597083157
0.025163274430640287 0.009931023283124119 0.2594388516834514
0.02277025391238996 0.015401904627082519 0.26179071389866765
0.02282562938947595 0.015332580324339984 0.261747986029697
0.024570331597068812 0.011103196415320093 0.25996995609773765
0.02464257458332183 0.011014746639522233 0.2599878071088731
0.02469822470881853 0.01094752891244083 0.2599461826016902
0.024743014898074844 0.010882130522622546 0.25990053175662076
0.02478492631124221 0.010802175166269912 0.2598748797033533
0.02498489495788036 0.010362039964594838 0.25971403946986615
0.02502153080203308 0.010274267686157412 0.25966863674570656
0.025049327857818326 0.010192508820424606 0.25961399657125817
0.02509175850499197 0.010093296164245091 0.2595963887084054
0.025209116519236324 0.009816037957390389 0.25948363122207163
0.025242316067161333 0.00973108317887117 0.2594381929669959
0.025307581884715984 0.00956455359689834 0.25938941949175714
0.025333949112089797 0.009491560292203716 0.25936097288580173
0.025352909704673618 0.009457328318003055 0.2593243344473634
0.02538450990482953 0.00937769049363335 0.259283006713579
0.025409641340942514 0.009294368202208247 0.25924573752562724
0.02543882726413109 0.009209508369132702 0.259225435473563
0.02547049463217948 0.009122660059258048 0.2591984346685233
0.021458644295501747 0.019045319722830856 0.2634780335553003
0.022681742691993377 0.01552192383629386 0.261911808015305
0.022743667214922166 0.015435815853635071 0.26188160224627866
0.022799215305728995 0.015356404135972612 0.2618831191528723
0.02549166950036017 0.009075600498267666 0.259285740920172
0.02551251946386328 0.009010818018771738 0.2592504960755521
0.025529283170804315 0.008947699189316483 0.25921068117887014
0.025547182982557815 0.008888238356154987 0.2591879756518133
0.02139992734754545 0.019144063239883324 0.26361883988776724
0.025568546149278525 0.008824790776965463 0.25925398243860565
0.02558757739085986 0.008770896623626234 0.25921565929834123
0.025603748777783854 0.008723305602803877 0.2592187109179168
0.025643129105031262 0.008596228406347328 0.25924312175499037
0.025672788655706567 0.008500842118280505 0.2592143169549986
0.02568181928280952 0.008461493106790119 0.25930235165366256
0.025708382933508314 0.00838086852656289 0.25926634298769535
0.025730480832177348 0.00831733837618559 0.2592327266484026
0.02574901914266515 0.008269906272942495 0.25930778878816824
0.025771271246346025 0.008198189296132752 0.25927511875420683
0.025797136291616736 0.008126852685578279 0.2592439022244869
0.025822218409404768 0.008042097543809523 0.259203289938033
0.025851623134021076 0.007929575476741668 0.2592553640514965
0.025869035514364307 0.007856897478374147 0.25921980202590633
0.02588846607389529 0.007777982488985147 0.259172200253817
0.02592342267978838 0.007658954703836651 0.25923783245145726
0.025937138111769523 0.007601495299739913 0.2591815222365188
0.025968594616172132 0.0074691082229556005 0.25923391476586477
0.025977590161808388 0.007404241039440984 0.25918966474482985
0.025987445156745073 0.007374657712994004 0.2592691081855353
0.025995116985992182 0.0073019463294777265 0.2592242516158586
0.026001552973946428 0.007230454438305944 0.25919827821685637
0.02600092358283631 0.007151235396615774 0.2591529439174737
0.025987371587301966 0.00707499403779982 0.2591018292461656
0.026953476534984477 0.005748927688741412 0.2596200872769362
0.027255961051885297 0.005056750799464327 0.2597370520818393
0.027459553839969647 0.004640506468229499 0.25988962628134527
0.027514125560505157 0.00451040415591436 0.25994275883396656
0.02755311979777885 0.004409761494556352 0.2599992549681194
0.027603979043454505 0.004300017078094132 0.2600526220561482
0.019182327417100672 0.023087546316914398 0.26833612390472666
0.01923527944633248 0.023025862155172883 0.268417721041873
0.019380863965525616 0.022857471404700902 0.2683891160995241
0.019437227874490204 0.022792058592964626 0.2683772650267041
0.019557913457689133 0.022607471248465738 0.2683099196671106
0.019276462287590668 0.022963869688181426 0.26851891706067915
0.01935427636869967 0.022885771494388085 0.2684818088701091
0.019423603214559743 0.02280556758148755 0.26846452823069566
0.027665346081669567 0.0007895596674248884 0.2624211652753228
0.027763041729757285 0.0006963993988818862 0.262427530549058
0.027852264559036048 0.0006159927504546525 0.2624066671115609
0.02800722820388544 0.0004813960595022593 0.26248283024804864
0.028073250185536906 0.0004164217899611522 0.262481063178041
0.028124257944962705 0.0003476455475122653 0.26247772724444235
0.028187289187625003 0.0002851453562802142 0.262548552745107
0.028250514485881277 0.0002184318437096766 0.2625381541922794
0.028334886729185216 0.0001305885673815732 0.2625337454890908
0.028462424886134617 1.1325695193464824e-05 0.26260600593220734
0.0285581657052529 -7.747759516973929e-05 0.26258500791146183
0.028601966227416765 -0.00011329997703563022 0.2626696742602412
0.028715528652258453 -0.00021077125619495263 0.26267247595671395
0.028761500282175938 -0.0002557521486794556 0.2626335971571694
0.02883399340056711 -0.00031578652895319914 0.26274710982902183
0.028900955676169723 -0.00039181161779311413 0.2627338257177225
0.02889438785490451 -0.00037147905886203425 0.26279883002428095
0.028952611104574956 -0.0004349279753641522 0.26281657653358603
0.029067598584845852 -0.0005560416781220656 0.2628786297517558
0.029105335974806107 -0.0006049650774052062 0.26300040189348606
0.02914695891082584 -0.0006736380163511191 0.26295361340394396
0.029179442100341055 -0.0007261462108678618 0.26301959269469116
0.02921557130173367 -0.0007957850132800925 0.2630095547165415
0.029193874200592808 -0.0007624480747480678 0.2631138691782973
0.029233776765760035 -0.0008355657357765334 0.2631090835394887
0.02927418531250902 -0.0009154840663632147 0.26307466769014765
0.029250552054350384 -0.0008686983454773145 0.2631761269550276
0.02929783672215905 -0.0009626294573971128 0.26314246821762216
0.029310954596840223 -0.0009997507935285976 0.2632509634556175
0.029344313154214687 -0.0010751734227121834 0.26319917654359404
0.029357762239379 -0.0011166244202410747 0.2633054073320318
0.02938350759635417 -0.0011877544372944082 0.2632641336907068
0.029398754390770644 -0.001218796261530819 0.2633523261989379
0.02943398305384768 -0.0013388392684646755 0.26337449325296153
0.026900131161854607 0.005840023633320701 0.2596281653365329
0.026801251246005443 0.006008507327119106 0.25968523606690924
0.02669879095378582 0.006156925663028057 0.259682918787403
0.02675164649941468 0.006091295448600431 0.2597183460798549
0.026556169745241068 0.006295276619502244 0.25969411831488837
0.029081227006177303 -0.0005669318718868332 0.262960479235638
0.029131355433249052 -0.0006478318998187071 0.26299740913246883
0.029169432482971977 -0.0007105725013645814 0.2630647346677587
0.027909736844401636 0.0005635991112090677 0.2624059924401928
0.02776712532663523 0.000690674801277158 0.2624008945392442
0.027842023428167856 0.0006272979571358972 0.2624513824874448
0.02788489369239787 0.0005866313526607381 0.26248257554637316
0.024766819973313182 0.010842540360925579 0.2597512401490545
0.027689833158804703 0.0007716288737290022 0.2624303668236063
0.02474925151198308 0.010868970025395996 0.259850537191319
0.027506137763270107 0.000896546906204998 0.2624219555857832
0.024633461106704772 0.011032064944855646 0.2598857137430537
0.024688685556618156 0.010960361951086017 0.25991180516149426
0.02728205522899959 0.000995084222838838 0.2623796557694066
0.02450081854169197 0.011168298725354575 0.25988453480378615
0.024617288101399938 0.011049065628095545 0.25996430053627484
0.024335858445481785 0.01127229654296491 0.25984617663007303
0.024413531260572857 0.01123696705500643 0.2599314367190738
0.02448866500393744 0.011177330716036549 0.25995289749217954
0.023116637184231084 0.014869292478652096 0.2612064082488293
0.023070435109627432 0.014965373355448064 0.261274863483227
0.023097176342198628 0.014904520433957458 0.26127480162345285
0.022978261968483238 0.01512889384478644 0.2612848796211118
0.02301671877006762 0.01506018919041352 0.2613263753061814
0.022967704007758022 0.015147396293484994 0.26140432006257736
0.02289631983004238 0.015243715888136555 0.26154831946416646
0.022830032672784065 0.015335555484793983 0.26161162952630834
0.02287786513664475 0.01525441014568385 0.26163623341099584
0.022806581716535684 0.01536438724940159 0.26169439764034175
0.022855034993664536 0.015287668224812867 0.26170187960543345
0.02279887874953078 0.015366383774296333 0.26177285565642466
0.022786123155868476 0.015382514963032945 0.26183656978421643
0.0227133434749974 0.015475181536107552 0.26188339393276083
0.022524128766609475 0.01568354864588617 0.2618498908121275
0.02259577726075452 0.015633682755255396 0.26188798459690066
0.02264804919578274 0.015569294065062134 0.2619434128747343
0.022485448510611655 0.01570373496198363 0.26191538199503295
0.022562002794276614 0.015658664511596476 0.26197211325232944
0.02202047917540423 0.017599622604925036 0.2621656331160274
0.021981274304639226 0.01769921870192881 0.2622248729250236
0.021956949488160245 0.017788539670869463 0.2623103843085393
0.021906136188883908 0.017899660189992284 0.262461979109725
0.021923391066923675 0.017833793549376753 0.2624934861254177
0.02185467268407683 0.018089787687159298 0.262516251708649
0.021882180886616212 0.018014527043177575 0.26254119362438344
0.021907349287770002 0.017920748199067138 0.2625559901030415
0.02182617293223503 0.018168353647432522 0.2625898067046133
0.02185689002428983 0.01808742289150783 0.2626364386078681
0.021817379582384798 0.01819165155145086 0.2626925481474042
0.021754702207443355 0.018402151821537482 0.2628146198896869
0.021718526889059106 0.018484342245221774 0.26287675231837265
0.021650725265421708 0.018664390837422773 0.26303139672234055
0.021669611812721354 0.018599443647706493 0.2630408906245444
0.02160764369896248 0.018754058442011612 0.2630995962840599
0.021634339511055936 0.018699439024628117 0.2631171268648079
0.021548126771304445 0.018859072726781223 0.2631434013113567
0.02158437640876995 0.01879564046427734 0.26317768168558536
0.021539480764025246 0.018888914696323644 0.2632524637664545
0.021499456752540044 0.01895927712798723 0.2632918071129698
0.021454092839581926 0.01904768598985096 0.26336401757997485
0.021494589724542976 0.018969796807423778 0.2634078622657336
0.021404836576614128 0.019150098892835754 0.26342258506549937
0.0214481912051826 0.01907423652940493 0.2634713186986122
0.02139855554875924 0.01917269920098108 0.2635229410108182
0.021336293532048176 0.01924172392847101 0.26358521909018817
0.021379553194518938 0.019176865162747414 0.26364098511399947
0.02130914789552789 0.019269767597287324 0.2636595201006606
0.021352451784411933 0.019208364198709194 0.26369431907694696
0.017913893344914514 0.0236480320130516 0.2689404376334661
0.017969854119297288 0.02364361750099314 0.26884629468304616
0.021303417834953348 0.019276602107553054 0.26376185964177373
0.018128539854308942 0.023600593068167308 0.26886648193109597
0.018019257111388354 0.023636492133786657 0.2687925038695682
0.01819184003882239 0.023584125096952457 0.26883265244004706
0.01805159477607092 0.023631855611685182 0.2687259731953969
0.02125305203209893 0.019354696875211963 0.263817515956484
0.01822738806796881 0.023581787101743634 0.2687447076272256
0.01829687886909083 0.023564217152724887 0.2686673860160751
0.018323686988174465 0.023560626864704948 0.2685975742872387
0.021176844077137394 0.019479939361424947 0.2639697355841533
0.0184968539112063 0.023498245866883094 0.2685895840445365
0.018360771738637885 0.023551373606339798 0.26852220773038027
0.021069023123988992 0.01962399202377657 0.2639822148281846
0.021116626614358425 0.019571559052854515 0.26400415105769076
0.018608751779891353 0.023453714405053006 0.2685978637601727
0.018497161555956418 0.02349925063397279 0.26852261624408136
0.018660248543009877 0.02343515774990096 0.2685276824226399
0.020987493777204047 0.0196991756971977 0.2640244619945241
0.021047853330255953 0.01965050180235678 0.26406909920004135
0.021112339562539814 0.019577877549910305 0.26410384015429444
0.01875981208602752 0.02338806640097313 0.26849647019494105
0.01887991959065209 0.023325675518049482 0.2684501479275002
0.020978988457502165 0.01970687098693924 0.2641094155097696
0.018914781733100836 0.023302719216422074 0.26838383310080605
0.01933692782517464 0.022897000952393776 0.26853737545548606
0.01928751759737489 0.02296168512432728 0.26846364047335375
0.01922097006601084 0.023035055332845056 0.26845285233304056
0.019165979973069985 0.023102357880312896 0.26837894967691306
0.01908638538751048 0.023174644396034005 0.2683365507206227
0.019345920954009138 0.02289769689138471 0.26844104676452285
0.0192598348195408 0.02300520931726635 0.26836494150101664
0.019203674007871138 0.02306509093547765 0.2683059348519591
0.02079102125853588 0.01982312577043982 0.26421700405993176
0.020837419878026106 0.019794571045225196 0.26422258970020973
0.017490963712514615 0.02370189215546309 0.26888465374244463
0.017451151551214072 0.023711177733441946 0.2688041828337
0.017409856887138503 0.023717193594422092 0.2687224733224082
0.017367580366706575 0.023721872823133372 0.26864021465515153
0.01732328933875865 0.023724739382880777 0.26855693574738654
0.0175839391834003 0.023697604057182464 0.2688687386889819
0.01754411864158051 0.02370771959625262 0.2687882231220492
0.01750256945025104 0.02371544256615138 0.2687065307868163
0.017461515080436515 0.023720991692296522 0.26862481712077346
0.01741943048122402 0.023724912650928187 0.26854270975695915
0.017711224602123113 0.023680124086033982 0.268930948695325
0.01767421979295368 0.02369094444560238 0.268851357399839
0.017635737604706866 0.023700861732557588 0.2687714988761412
0.017594325541380393 0.023709560086520642 0.268689976310864
0.017836673676861606 0.023658052983869193 0.26897134701084047
0.017797015854052342 0.023669879079973588 0.2689093461250326
0.017760158261446904 0.023681617171218916 0.26883164133315174
0.01772361909307764 0.023691433004687512 0.2687529497631572
0.0176841116174503 0.023700406571293187 0.2686723442604175
0.017890675333255543 0.02365609095986021 0.2688823965703216
0.017846032135136927 0.02366798254394681 0.26881102746993735
0.017964359528744173 0.02364205380425255 0.2688883460995164
0.01793969650585521 0.023652087122485455 0.2687891627807213
0.018049439206266213 0.02362419615836764 0.26885256625244863
0.018002730142585424 0.023642054605725604 0.26875665691281986
0.01813636165339305 0.023603199416911802 0.2688059872536003
0.018090337775041362 0.023620179232810956 0.268758873621035
0.01820136059000378 0.023586127651605948 0.2687800071175572
0.01816896593394643 0.02360006153136307 0.26871688010706374
0.018239453722953103 0.023580844564920267 0.26870317022005885
0.018212275277485854 0.023591972851199294 0.2686316898035346
0.01827220751972035 0.02357726469046678 0.2685855221346676
0.01836125607971932 0.023549776280971657 0.2685646439138254
0.027721559763289792 0.000736198173316549 0.2624334146812361
0.019302200344232898 0.01994133060572323 0.2644416057922262
0.019423006230591608 0.019963538270659165 0.2644276146686408
0.019530935852238487 0.019983236694689543 0.2644381394851179
0.019637956057875522 0.020001875576385386 0.26441795195989726
0.019738712559174545 0.02001375150994794 0.26443155016007225
0.019841747880409433 0.020014840786915677 0.2644139781979248
0.019926759160473748 0.02001413780417588 0.2643864023592776
0.020033877093817293 0.020004712932038815 0.26437608664595247
0.0199857946589502 0.020004576341827618 0.2643120198105353
0.020130648804092627 0.019996186440603414 0.26437572493585904
0.02676852026933811 0.006054632659221959 0.2596650747821087
0.02021492954790184 0.019989994644120324 0.264349322911708
0.0201935269483145 0.019991413481867448 0.2642786224397834
0.020302784468283222 0.01997604035946593 0.26433266340977757
0.020246532521840388 0.019981526898227575 0.2642481869467017
0.020386354288401895 0.019958001604157505 0.26431554172258687
0.020345455971033016 0.01996465385214896 0.2642274337176551
0.020461055018289806 0.019941306405141357 0.26430879947637187
0.020432013552668424 0.019947909411323406 0.2641901520470532
0.020538644310707427 0.01992479906825123 0.26427212118809496
0.020506558778557407 0.019932520342837767 0.2641998287545669
0.020609953090490782 0.01990419019232853 0.2642454459062967
0.020709656768728088 0.019866024562428142 0.2642177789433219
0.020670216553997284 0.019879446926573452 0.264153192119567
0.02075624167387155 0.019841933895816788 0.2641875577968347
0.020826545257694368 0.01980271037506781 0.2641480202182325
0.02671991676203988 0.006136232314787382 0.2597249711174717
0.02089995231938087 0.019761304338392904 0.26410039650647643
0.020984434928185622 0.01969761261033187 0.2641528266617894
0.0209487628877936 0.019729058674001043 0.26406392604528994
0.021025734457181602 0.019666811813916274 0.2641160120445175
0.02101730102527148 0.01967643387385337 0.26403016915087585
0.021088649236072843 0.01960848969371004 0.2640552203025478
0.026656299825988855 0.006204695330775889 0.25968452125481145
0.02656247893510974 0.006282027070028062 0.2596356523327968
0.02660177094477858 0.00625662455572823 0.2597146661533817
0.026468596751914333 0.0063389094579652805 0.25960326969823705
0.026500116305136087 0.006328977078647269 0.25969736803884824
0.021657082792598904 0.01864226929691043 0.2630562768789629
0.021639423751663348 0.01868795204047552 0.2630095125911611
0.02167198128296493 0.01859073107263093 0.2629487629346443
0.021706271008118574 0.018511293031392262 0.26290147375455997
0.0217365306822737 0.018444766311197236 0.2628535680699274
0.021770325309323636 0.01835615689092146 0.2627861652530653
0.026377348081002054 0.0063834825262604755 0.2595788312604904
0.02641492025723658 0.00637418407386936 0.25966150528093296
0.021791217277957332 0.018281539443349926 0.262725411248551
0.02628814498919301 0.006419136127295333 0.25959135460449095
0.026338078678542202 0.006404794008429582 0.2596720683387276
0.026215080258474743 0.0064418630400574495 0.25959966380188715
0.026261827577873487 0.006427505075333129 0.2596969198997834
0.026171914513056137 0.006452968826255789 0.2596447355317782
0.026175300384061406 0.006446750185178318 0.2597133947101936
0.02175287946730617 0.01588784040731489 0.26176640517841415
0.02179085125017688 0.01588751100399599 0.26175329861902297
0.02194093954698552 0.015855099892971736 0.26181856147862365
0.021896840101793852 0.015862846549558107 0.26175557862345245
0.022003424861333692 0.015851516819282596 0.2618100911141836
0.021986175520147005 0.01585341759698894 0.2617439314658114
0.0220919718805632 0.015843218677021764 0.2617935251665624
0.02207819490105946 0.015844163240114895 0.2617011996308948
0.022204900238055672 0.01581500140781872 0.2618278518208238
0.022173026754665585 0.0158292308780556 0.2617587250348913
0.02216739834036846 0.015830543766733984 0.2616907915926421
0.02231844388432981 0.015769070037875976 0.2618866897511575
0.022285467491302738 0.015790682404785983 0.2618087350194251
0.022257158347293582 0.01580473948354122 0.26173531228587243
0.022437085535548046 0.015720096215442625 0.26193066274528437
0.022396356632000604 0.0157415802693624 0.26186599505672975
0.0223586985516932 0.015763466217386335 0.26180193467843976
0.022327165492341317 0.015779208179391158 0.2616936405262424
0.02250087285853463 0.015697751778686098 0.26187892791009343
0.0224373717296609 0.015726705506034777 0.261806126917625
0.022403137813162388 0.015744549845968236 0.26175327447876445
0.02607538947437825 0.006462770565052067 0.2596505058458774
0.022588255042523528 0.015642141119060482 0.26194161984384357
0.02255678920659218 0.01566082107443817 0.2618436968427854
0.025842295868308704 0.006491079391802379 0.25941598603576
0.02593229871526486 0.006469230733529785 0.2596212203617668
0.02595738230688867 0.006469521801545697 0.2596950133601519
0.022631118012370624 0.015592670534020026 0.26189761504260956
0.022706981781480756 0.015488981004900426 0.26195262281558174
0.025816495372615045 0.006504693085653157 0.2595660561132628
0.025839352860365955 0.006472210761412633 0.25962977963690714
0.025871390403736066 0.006471582550527322 0.2596805277360429
0.025798892120477486 0.006487979541890565 0.25963427503343217
0.02578400407691364 0.006480582222599729 0.25972262573702953
0.023344538917404303 0.01436030698696894 0.2610156237731174
0.023332816667633538 0.014394410129510982 0.2609422826862079
0.02336959513698303 0.014297181576096385 0.26094680953866983
0.02341318016159441 0.014198845856566722 0.2608929764940392
0.023399313423830753 0.014227667434417612 0.26082492623368714
0.02344354359865343 0.014118818674826838 0.26083069433308814
0.02342561905138156 0.014159757389589855 0.2607794060319011
0.023471061902673965 0.01403863448331294 0.2607973459856764
0.027238525470273965 0.0010079501305511052 0.26239286510035204
0.027299341533494267 0.00098944547885349 0.26235828216785734
0.027438434956161523 0.0009344924210301087 0.2624221747073793
0.027571575822132835 0.000851367384887447 0.2624310166401257
0.027872529722015385 0.0005985864689853071 0.2624274433921431
0.027784514963984104 0.0006739784007084304 0.26238819144824543
0.019379398722157257 0.019959496962588474 0.26448633906422925
0.019471494028370895 0.01997550523217345 0.26448594349083554
0.01947610172318165 0.019971304558443592 0.26442038080793784
0.01960606497683383 0.01999932354856232 0.2644537366633889
0.019686052484894065 0.02001051400544751 0.2644530538537406
0.0197776323223703 0.020011607237020446 0.2643960733306423
0.019895207734246537 0.020015864002497996 0.2644128050152497
0.019886256952488995 0.020010812081874885 0.2643586226703028
0.019952325245564173 0.02001424316769812 0.26442010033535446
0.01995383976261006 0.02001025177454896 0.26435551210253416
0.02015875297196898 0.01999564889571065 0.2643017280048857
0.021739417257031712 0.018437438964765407 0.2628111480006154
0.021809184930245813 0.01588927054610112 0.26172697658667915
0.021864073689597766 0.01586502350298291 0.2617881098623711
0.021863899363993994 0.01586401361746992 0.2616938224557791
0.021925282527098064 0.015858376353621584 0.26178141596834514
0.021942795405211955 0.015855066499036174 0.26172650739194037
0.022041609189943023 0.01584909855861716 0.2617363830911196
0.022116266195575593 0.01584072729275038 0.2617293095970914
0.022213619710900606 0.01581944435587923 0.2616842477035226
0.02226718879036177 0.015802420224536373 0.2616845118582215
0.02389267840904901 0.0113753301706786 0.2598445393250912
0.023928733051840137 0.011363989234668415 0.25975705722118636
0.023947974307408276 0.011362960408677847 0.2596964404033777
0.023996739720657335 0.011356787726809037 0.2597896961960621
0.0240347303692295 0.011354948703863887 0.2597081680597184
0.024087836360170617 0.011351082807597057 0.2598181658213875
0.024090923227005644 0.01135105280388804 0.2597240471024581
0.024164065623357163 0.011325502952543753 0.25984826723911975
0.02417687330928829 0.011329988256726098 0.25977186451778417
0.024243057794168084 0.011302823449279631 0.2598678784089541
0.024268508857112202 0.011295849357579657 0.25977944853651286
0.02432218410048915 0.01127743392095415 0.2598710975236449
0.02432787796128144 0.011271122266663158 0.2598076210345376
0.024388740265378663 0.011252206811568133 0.2599496185225383
0.024375551272450245 0.011254654579881174 0.2598870159619212
0.02444355035464383 0.01121155084064418 0.2599625453567594
0.024458586551034528 0.011200996752923298 0.25989165593138097
0.024532127585340062 0.011141014541304284 0.2599255150330016
0.024596639647808644 0.0110741260719866 0.25992273678384237
0.024658592322089494 0.010998675118241596 0.2599324270226643
0.02465796253840276 0.011003676512675531 0.2598825423453953
0.027151628775264162 0.0010288910856753875 0.2623819738701708
0.027324927489596307 0.0009777311303256209 0.2623668634142069
0.027384232863105047 0.0009556664168928752 0.2623872524307138
0.02719662080789953 0.0010170573627668045 0.262376230552187
0.024423107324796037 0.011226888553833136 0.25989809196674163
0.024364494655226457 0.011257181217753542 0.25983673338723945
0.024328439692629614 0.011273289051953572 0.259905404667623
0.02428149143226145 0.011292853117408796 0.259836849802068
0.024200165925490166 0.011311372948827891 0.25988385550377113
0.024223609362629656 0.011313264663921074 0.25975470072852413
0.02417059810919628 0.011328365956845388 0.25981203282129456
0.02407947646167407 0.011346634599123495 0.25986189845838215
0.024124592060627163 0.011345474239824571 0.25974882299730684
0.024047329552199216 0.01135514428779899 0.25980753033895665
0.02396221979343144 0.011353238757219886 0.2598547993353042
0.023834443005920268 0.012765565494851916 0.26029715665280084
0.023815858607118143 0.01282708685446965 0.2603331429242381
0.02378989190184047 0.012911756902179217 0.2603604584003988
0.023762331109752913 0.013003110898065162 0.26040619101868345
0.023746780131560882 0.01305814367036312 0.260461134694848
0.02178797519724613 0.018306958000225027 0.26280686514704
0.021758690771542563 0.01839479439829028 0.2628694474327614
0.02172788205032416 0.018457974074759298 0.2628972915161215
0.021699211833362222 0.018522959893963242 0.26292693608496215
0.021672984800144568 0.01858635683291604 0.26297951073912185
0.021656021859677965 0.01864450644271165 0.26301870784783343
0.02163385767823771 0.018706133311058915 0.2630619037395222
0.02176563832633767 0.01835565553507329 0.26274653474924814
0.021734642758376277 0.018436374705580683 0.26278044633103576
0.022158181579157617 0.017047003635772495 0.26183748365490744
0.022138179075733788 0.017151613132774024 0.2619095498043388
0.022112616567281064 0.017221634812884246 0.2619333102205
0.022094703288621523 0.017309117693199705 0.2619534881415864
0.022123463423615222 0.017195728222030415 0.26178127842100396
0.01928761305649053 0.01991809667045563 0.2657696866937862
0.019323651705129036 0.02001159322633922 0.2657350229715075
0.02396659645051874 0.011858433287626202 0.26015618919664707
0.023911484875902042 0.011734591018441098 0.26011727133305773
0.02394456349901656 0.011837511679437362 0.2600776890752529
0.023878671350598332 0.011689995452145885 0.2600554150284159
0.02391099466771049 0.011778623209729722 0.2600253400112667
0.023843035413017785 0.011641428789249342 0.25999886340856415
0.025954855189444626 0.0075356308941593175 0.2592393174105057
0.02599930502886015 0.007269812792808306 0.2592468771836537
0.02598739903141077 0.007356183661521298 0.259223473612078
0.02597114276907022 0.007446943409008366 0.25919843665797426
0.026005828400166568 0.007157849517303083 0.2591901925828792
0.02599724797316312 0.007256418996332337 0.2591739613113224
0.02598485525008752 0.007329896812762748 0.25913286215552345
0.025862927736719894 0.006686137410799375 0.25929948020186816
0.025989099823893032 0.007055515637034826 0.2591266041367188
0.0258435993031532 0.006693586077523017 0.2592581145709664
0.025921706325407558 0.006811275436957476 0.25917487142199636
0.02596568986614855 0.006942664332033277 0.2591339106432604
0.025894192634334796 0.0067873779902876685 0.2591100754233065
0.023839444017435873 0.011599872667283184 0.2600118360222139
0.021999856281880448 0.016408438999811592 0.26154502320161116
0.02171149764778997 0.016044664696742983 0.26156866225980796
0.022121769721225787 0.016578586165055975 0.2615907758197471
0.021740670260813028 0.01611246830071489 0.2615287338934774
0.02172993415824742 0.016062472529987437 0.2615784947496905
0.021727385023908585 0.016051758294372942 0.26160736883615787
0.023932857699913095 0.011794666626361139 0.2600837164954508
0.022141169337885944 0.016608709777741537 0.26171739644260217
0.02182821301118576 0.016182247791218962 0.26153487181349816
0.0218810726395766 0.016265347933374863 0.26147901629040465
0.02217049035608626 0.01666686425262165 0.2617397691836749
0.021939617187578447 0.016331061821639015 0.2614999942285414
0.023885233719003557 0.011711249835422488 0.2600410551777048
0.023883586004963736 0.011746582363870106 0.2599840943484276
0.021983939488300137 0.017693139406443792 0.26225699213364495
0.022016691000883076 0.017609605211086232 0.2621994482266738
0.02203416618747507 0.017542348854783563 0.26213958216124045
0.02206216950319677 0.01747028340679685 0.26209849450719375
0.022090439682346974 0.017378625303542727 0.2620310515966792
0.02600441203094605 0.007191327965511196 0.2591919006530807
0.026004376806404397 0.007118611227624805 0.259201135959811
0.025956077173006957 0.006897629786342285 0.2591452509750445
0.025921778985741217 0.006826434248592195 0.25913123810043703
0.025901091808349305 0.006767531823479889 0.2592595739890553
0.02586211995369473 0.006727134623614572 0.2591805000307136
0.025840442504160288 0.006660044183476654 0.2592888768719842
0.025849138960812083 0.006687743662003587 0.2592814629707814
0.024285676467999923 0.011286971585183103 0.2599005734872608
0.021899450601822745 0.017940978896584303 0.26250516150441555
0.021946446219202345 0.017791106070998097 0.2623477623386048
0.021772368324743656 0.0158653438688926 0.2618035142001581
0.021774994370379663 0.015893747461481478 0.2617041767414008
0.02189686795704035 0.015860962107038634 0.2617839866856967
0.023928067249130866 0.011362028738171881 0.259807756634992
0.023975029819968977 0.01136016075275803 0.2597417815906891
0.02403721100610212 0.011349794435161487 0.25984684293110777
0.024063912468650417 0.011355268261238227 0.2597680374622248
0.024114838777749253 0.011337895759082006 0.25986942783262756
0.024138190806325274 0.011340421022270675 0.25981020169644414
0.02421396084026857 0.011314226230179303 0.2598209667892685
0.02581908004034899 0.006477187653552208 0.25962339387828415
0.025838824848985475 0.00650225282683925 0.2595270161847031
0.0259046507558076 0.0064709599620916824 0.25967293532774793
0.026021156676558535 0.006467484004960389 0.25969600636482915
0.026125163842806616 0.006459663668714588 0.2596691331549344
0.02614232919580653 0.006453621250746389 0.25960620345493923
0.02622694440075387 0.0064412269227939745 0.2596464014738746
0.02624211673624597 0.00643061871777606 0.2595576462057379
0.022114202418127865 0.01721865072008444 0.26187175440544364
0.02209150862632933 0.01729523549796297 0.2618966002765513
0.02207538126613337 0.017375297044369686 0.26191700468882106
0.0238335188445696 0.011612045943367844 0.25998774864842855
0.02181334733478127 0.01820944496707999 0.26272722342302696
0.02178634154025852 0.0182838603375991 0.2626894875595453
0.02186732168835004 0.01804748448597926 0.26264055777632395
0.021841225818654893 0.018131551161654547 0.26263975538879014
0.02182271710829537 0.018179996019694722 0.26262366785416563
0.02189597241972379 0.017970389459769587 0.2625555323811442
0.02187593440643315 0.01803494117351573 0.26257686866422725
0.02184761420656954 0.01811144164380102 0.26254485329876287
0.02585480163216719 0.006477164238103239 0.25958426332973583
0.025871659327311454 0.0064714303240657745 0.2596434304907649
0.025808507035544555 0.00648936202098177 0.2596008573291451
0.025826801803875706 0.006474636075557705 0.25967634670179507
0.021821203731951087 0.015873239271026462 0.26178214321449933
0.02181522209218484 0.015878685713015483 0.2616908265716823
0.021896843800234635 0.015857170203121884 0.2618166743023296
0.021893901030966917 0.015861596457933336 0.2617194800593036
0.027272412373963793 0.0010672819711153303 0.261980804704107
0.021710791606155272 0.016042132933920095 0.2615765096977477
0.021697381228942367 0.016053647688852646 0.26154787406431923
0.02589768189984397 0.006813347645189871 0.25907265028802995
0.02586885507307149 0.006736222927542002 0.25916509176673924
0.02585100833672667 0.006712240407357961 0.25921958583364074
0.025947473775849286 0.006889189111083049 0.25912498747686386
0.02592139948685085 0.006801975356953649 0.2592093234895979
0.025874805023588632 0.006726978573233844 0.259272872268697
0.022020450615483175 0.016453469201472615 0.2615157883412244
0.021967888915980956 0.016357000093077445 0.261545975142494
0.02196162397141367 0.01637682992595274 0.26147889434719684
0.021923293931600245 0.016296825015916783 0.26152125305607754
0.02192176035405282 0.016323891588109096 0.26146733358176943
0.021869434494193957 0.01622373003414962 0.26151597248387926
0.021808953015163106 0.01618388236652607 0.2614930931967574
0.027114189870455635 0.0010374681550296416 0.26239502615303745
0.02201877524255165 0.017588289044162375 0.2620727087321808
0.02204495479712154 0.017518873738751106 0.2620880496838194
0.0220413120569238 0.01751121014619994 0.26198925580600774
0.022072644949985905 0.017446720091346957 0.2620764017011344
0.02207561953057411 0.017439734563459153 0.2620218530286441
0.022067015475249543 0.017412210017054675 0.2619310075131951
0.022094406283523958 0.01735312786227594 0.2620038286750148
0.02182822601911076 0.01586215814621167 0.26181876689339545
0.021846256489161595 0.015875346622109876 0.26174066289955883
0.0219617512085667 0.015856422542526227 0.2617766326646601
0.022193259391390635 0.016877770520563773 0.2616948967848749
0.02220103124503499 0.016806414536147285 0.261726247746246
0.022193888533130833 0.01670638732218055 0.26176072214011625
0.022149920379417806 0.016635678790995034 0.2617198146643124
0.023939074164170328 0.011839209479760915 0.2600586558732888
0.023890477568192382 0.011731994810618873 0.26002528149868603
0.023881810408871634 0.011682643221139155 0.26009306831130563
0.02212085370798375 0.01658658152091763 0.26153189772446206
0.02218546852898636 0.016912495747654743 0.261697695349949
0.0222139287777246 0.01683875191733203 0.26175292102179726
0.02595824499036655 0.006910601020188201 0.2591382679770916
0.02588046972233888 0.006759075905807543 0.25914069861387234
0.025885272844828326 0.006721239102590648 0.259304779897804
0.022127859591623042 0.01659618110208494 0.261660428821617
0.022138855759283232 0.016615050564704636 0.2615580593795103
0.022031620684636738 0.01645853819895693 0.2615469396208066
0.022093573279161463 0.016559862871941777 0.26149430070197116
0.02194851338452073 0.016333016973960557 0.2615285320098035
0.02185197944088573 0.016221127884851028 0.2614917507161272
0.025904434720694668 0.006759155752082524 0.25929921221385155
0.025907490609616668 0.006778871681861032 0.2592285945853452
0.025853564445702533 0.006581776511323911 0.25934206328233445
0.02585284356195134 0.006622377165792559 0.25945018913947937
0.025847776839626482 0.006507338200701873 0.2592970122298757
0.02583020174378063 0.006601419344019976 0.25928797641347906
0.025821014452457117 0.006561574399189696 0.2595277429785994
0.02584664765248809 0.006545491075993448 0.2593979537453358
0.025873607315028677 0.006661869580872448 0.2593824895027795
0.025877854704807926 0.006687474131878091 0.2593276817656627
0.025844584125488256 0.006519930204661739 0.2594648880497924
0.021774727452163717 0.01831558827847346 0.26270274131092364
0.02176599648057275 0.018342821235078355 0.2627190667484256
0.023839907713136495 0.011477959528880755 0.2599590607640794
0.023864468437518424 0.011409300000437606 0.25990572298036274
0.023826229511529712 0.011563698368100228 0.25996529547739233
0.021725359855230122 0.01595502544651467 0.26172375448019114
0.021719800171378263 0.01590959050252172 0.26176749018505374
0.021746772830551646 0.015905673503219697 0.2617276743757114
0.022048963205983207 0.01649903245183648 0.261501745556627
