0.029516995042618045 -0.001122471226966959 0.26369795447872113
0.029512871243789797 -0.0009684002655227508 0.2636883022860751
0.029507965343554675 -0.0008678652188324198 0.26369768400392724
0.029494409155064814 -0.0007539271876170206 0.26368299577747256
0.029475417750473222 -0.0006195456597640203 0.26369124291173357
0.02946114150235065 -0.0005076959925320867 0.26371719693607787
0.029438084677048622 -0.0003961918805392983 0.2637063812846556
0.02942197942256433 -0.00032010063316156856 0.26375272331148325
0.02950196106664567 -0.0008249253669669332 0.2635405029504234
0.029390400130619207 -0.0002208697211689703 0.2636409121120202
0.029373192270853915 -0.00014655345959563304 0.2636426442286598
0.02935549977525842 -8.267727270167002e-05 0.26366918522614474
0.02929222174426295 7.659123421704939e-05 0.2636092437638903
0.0292611237091263 0.000152039130560222 0.2635135964364418
0.029200076742790362 0.00027612155243833536 0.2634485576543035
0.029134629155853076 0.0004030611791738248 0.2633650728016155
0.028565419289530207 0.0010044938360981304 0.2629704834928833
0.028218189191731344 0.0013092641779538505 0.26287843508764064
0.027781860887218235 0.004265072940146553 0.2609049803389256
0.027755598583595588 0.004343924843553393 0.26078051128639634
0.027745855094634758 0.004420536320214441 0.2607978231513072
0.02772525756164014 0.004518279456611429 0.26082355458775797
0.027713027770901406 0.004526015155013219 0.2607094878411193
0.027693774673674912 0.004615042400253178 0.26071067538151005
0.027570128823581036 0.005076810657120068 0.26049100974012607
0.02753281071252322 0.005182704222865986 0.26048675416487743
0.02746758129906038 0.0053221842167306965 0.26043645974142127
0.027344381343611154 0.005610331279490011 0.2604206169607144
0.02732187147348108 0.00565078970432098 0.2603397620875964
0.02728439740360139 0.005744717966640722 0.2603593990151628
0.027248947730581355 0.005803580633540251 0.2602693925752363
0.027224072693277465 0.005871059008014934 0.26029578047392826
0.02715854432900698 0.0059965763602913835 0.2602322885102357
0.027092711642742448 0.0061228262638325925 0.26019145702881447
0.027025772601184307 0.006256553220140515 0.26012962400792855
0.02700759743982744 0.006298043939932996 0.260157960025305
0.026941365173790283 0.006432592608814347 0.26010561250160213
0.026906110304901046 0.006509337457089426 0.26012211430098414
0.02684117204745972 0.006644720389118897 0.26006504434710676
0.02678211111306629 0.006787205896252757 0.26001124803045406
0.0190773895767909 0.023384216069344488 0.2689517653487161
0.019043323824332423 0.023449752199441898 0.26901820690319295
0.019008586713467987 0.023508881668386106 0.26905404576382164
0.01898821829281406 0.023544112630153102 0.2690966650666437
0.018865484117092865 0.023702267850013226 0.26911071615702986
0.0188389851182508 0.023730359107628274 0.2691721989652446
0.018782231050307616 0.023791096961085 0.26922113796328684
0.01873933066480863 0.023844283660460763 0.26915779374150184
0.01871163369312223 0.023865767531272786 0.269205563464699
0.01867123526898029 0.023921754378935067 0.2691096802377211
0.01861965503103785 0.023967627533454494 0.26902285210605725
0.01859230269936745 0.023994675438053115 0.26907891256814076
0.018541320258279342 0.024032200157705685 0.26900611309550737
0.01848413555761634 0.02408350048281821 0.2690539187735533
0.018393313927489663 0.02414198064470674 0.269043380867375
0.018325592116517 0.024179771116162596 0.2690872727799072
0.018287934102526104 0.02420057473654097 0.26915608389791446
0.01826919898984622 0.024213816990128534 0.26923434388560163
0.018179370416610233 0.02425757868636491 0.2692960035002039
0.018123800900135385 0.024277762751680476 0.2693506803467304
0.018071080350855778 0.02430204351376497 0.2692993742839673
0.018014364727838565 0.024318266063285743 0.2693768039881693
0.018049843781016574 0.024310814585452756 0.2692275043124708
0.018004086775365566 0.024326378608895916 0.2692965749647633
0.017905634408826393 0.024358404823205337 0.26937175100097055
0.01787271877591795 0.024374645367211234 0.26929269350075313
0.01783156061541885 0.024382507372216866 0.2693809320881264
0.01776122284999581 0.024410684630289003 0.2692936923598896
0.02560474928731206 0.0089574892148927 0.25966722726801417
0.02557839272957082 0.009052580807256905 0.25969445170420047
0.025555914869606913 0.00913156604816151 0.2596931147933212
0.02553624558760309 0.009214647781828955 0.2597311577292786
0.025312048718670724 0.009848979536582314 0.2596795350562323
0.024858468709894194 0.011025972651977356 0.2599417971767357
0.024826088718179547 0.011102353469265192 0.2599696162886376
0.024799042780541354 0.011177116944204313 0.25999246125027664
0.0246704853001729 0.011458170829502512 0.26012924207934307
0.024645564686016704 0.011513519055128763 0.2601559212024566
0.0246049778373481 0.011600507031051921 0.26021130726893493
0.024577232546216493 0.011664106182455669 0.2602514015373626
0.02444334345255017 0.011927000190640413 0.26029820223882927
0.020725258517876544 0.02038353196060344 0.2645853701804848
0.020702404499729266 0.02041784478022729 0.26461607225963235
0.02065824729374105 0.02049175994444935 0.2646859922121305
0.020639251418564417 0.020519329833176392 0.2647422309084334
0.020579048524925272 0.020585754324829064 0.26479866749591136
0.020550049473953294 0.020607614055055234 0.26482912783959234
0.02096058953417987 0.020051198478743815 0.26418642267905046
0.020926262463658044 0.020108319537288144 0.2642461591620417
0.020887721522428765 0.020167597757472344 0.26426669679240533
0.020845588390727372 0.02021623772041997 0.26433137232655457
0.02081086981532919 0.02025486145964117 0.2643973635039262
0.020776524631623557 0.020303495479332523 0.26444235063969734
0.02055182982364931 0.020616690982923014 0.2647045511610548
0.020504650020700288 0.020654596121858382 0.2647571369655649
0.020445212816385956 0.020693716405958407 0.26482998013007086
0.020391396063215925 0.020724070038462994 0.26487245761907396
0.022389660076519324 0.01638790108413052 0.2624252804188861
0.022347445543943273 0.01644207976603429 0.2624732436711377
0.021067131858252014 0.01985360142572623 0.26395432263398355
0.02104248389830886 0.019897109102344934 0.2639753875466556
0.020996879630768697 0.019978710533026578 0.26403183027685917
0.020960009221043352 0.020051965588870457 0.26407301876651335
0.02094617403271206 0.02008645012724447 0.26411314836502825
0.02090418537698821 0.02016267161592994 0.2641446814088566
0.020861938116091217 0.02020483378464727 0.2642147482838815
0.02040734257535598 0.020721895992665385 0.26473911163422464
0.020352163489292988 0.020750322544799915 0.26478848668151567
0.020301135738058834 0.020777571669495454 0.2648664906282576
0.02025826530924732 0.020799467164496543 0.26492419600263617
0.022986488299021612 0.01532007421995324 0.26156772062413935
0.022951623357908055 0.015394143658092552 0.26161398554729787
0.02292964023723572 0.01545235697650954 0.2616380587204248
0.022893134473068427 0.01552615046543021 0.26167731156459517
0.02287225542582834 0.015574780791816956 0.26169552911772015
0.022472569087656574 0.01628317378410621 0.262202935034176
0.022431944177299913 0.01634063231113625 0.2622503920086903
0.022389964912280028 0.016403042415289282 0.26226314667481687
0.022195050414011083 0.01664147816199124 0.2625530980070422
0.022176460544784907 0.016649742454784733 0.26261214056226106
0.021245282123868864 0.01945997697291796 0.2635957690000429
0.02121187794146561 0.019534218899465272 0.2636312054592411
0.02118585502216891 0.019601441225046368 0.2636624671660843
0.021164522699225502 0.019668862840526824 0.2637139685861021
0.02113920079873846 0.019723733724194836 0.26374851374468056
0.021099238908226764 0.019784956038192414 0.2637859516916798
0.021070030663950877 0.019840004232573705 0.26384546068395553
0.020216695927951084 0.020817827233394037 0.26484660967646506
0.02015879506111029 0.020842651837100767 0.26491980339661847
0.02345445659503874 0.01386917770665086 0.26092875996540527
0.023410695191863132 0.014009679768314631 0.2609894722999043
0.023379151544751932 0.01410296015238749 0.261014625352883
0.023355681108082012 0.014168378635326606 0.2610293748949934
0.023339332983849367 0.014231404264858027 0.2610728110579943
0.023313312235122258 0.014309894311342719 0.26107154640843344
0.02328888192470878 0.014391375188154809 0.2611339076187089
0.023263121792328416 0.014474025659299394 0.26115684199899986
0.023243178073853385 0.014546837296419535 0.261161597521397
0.023221350982595382 0.014633279118349274 0.261225361255672
0.02319117772412374 0.014722990555300186 0.261197948312499
0.023169320617159206 0.014801756608814332 0.26125532356665043
0.023152459890736624 0.014860392106205322 0.26129147559080146
0.023128217247337546 0.014945330324421247 0.26130297334394414
0.02310286904417154 0.015033858525228316 0.261316067581536
0.023084347154722767 0.015084549689507731 0.26134270545260796
0.023041276870640184 0.01518819511547681 0.26138124904876525
0.023010666636221394 0.015261369330210772 0.261401609973275
0.022986583379795297 0.015315098836218843 0.261445551227741
0.022965584365365055 0.015361516931132468 0.26149905577761806
0.022933684720298338 0.015438526889192117 0.26152201837338307
0.022910279306214004 0.015497683962768627 0.26154889408244175
0.02286905890972845 0.015589228046128722 0.2615945552991944
0.02284787615869796 0.015641485969004387 0.2616124224129932
0.022820431073761756 0.015701584566720606 0.26164525473952344
0.022786514799589708 0.015773739835430345 0.261696859108948
0.022761365258074706 0.01582339800809962 0.261715123679809
0.02271347150383584 0.015904090349077304 0.2617831995654988
0.022692642744921415 0.015944911248142457 0.2618305347870743
0.022668209655363897 0.015994157384375207 0.2618654593286005
0.022630669950615356 0.016062096087019917 0.26187994243428747
0.02258344538623948 0.016139621805176252 0.26193113475445234
0.022560859333214195 0.0161777608270261 0.2619828437103602
0.022516120412674603 0.016251736243318327 0.2620262430637348
0.022489498855746345 0.01628600235606864 0.26205369859548533
0.022448768694911678 0.016343456120810396 0.2621254915639111
0.022115189639009755 0.016705361132585417 0.26253737933711596
0.021326317315018772 0.01924642702056728 0.26335922091350167
0.02127362544178192 0.019390525001336645 0.26341963180103845
0.021250447061586367 0.01945661761180628 0.2634786588053061
0.020064347382272224 0.020871245592510856 0.2648997905878789
0.023475541472281806 0.013771103956578767 0.2607815429018615
0.023463426901299753 0.01382331384581087 0.2608082552348988
0.023431887213753513 0.013923758097600714 0.26083479403087495
0.023339463829570792 0.014209300892425447 0.2609901389592759
0.023099158057290632 0.015025109116328372 0.26120309742875103
0.023083061192137044 0.01508331169049415 0.261247653594348
0.022658497394089774 0.01600384303908331 0.2617626189801286
0.022501095623643358 0.016270439950863524 0.2619375443690509
0.02206023557844833 0.016731910844930642 0.2624426847702064
0.022031139736159833 0.016745139018679855 0.26249411733752304
0.021493559390843922 0.01876120333273551 0.26300563074997807
0.021424080386079826 0.018959955502427572 0.2631267090847026
0.02140839983708405 0.01901395463663702 0.26313416575874793
0.019943591701560945 0.02089830153611838 0.2649384420832117
0.0219734523092519 0.01677367170147892 0.2624246512473133
0.021563663939114693 0.018583873738930223 0.26282928316487236
0.021533328348378802 0.018668020455240852 0.262850782368784
0.021500310902960056 0.018748216474484825 0.2628892743990688
0.02148144686569632 0.018810528006818206 0.2629185284660747
0.021911653860893193 0.01680158470690918 0.26236131772610766
0.021658322343107564 0.01822783609201767 0.26254363019598437
0.021636092868163884 0.0183041047276728 0.26257289406550033
0.021630716773409074 0.01836666227427186 0.2626168365559702
0.021619511742228648 0.018427265776939983 0.26264219918873166
0.02159535618579296 0.01850124221072652 0.2626873764400592
0.021569737771407915 0.018571477837928785 0.26272592954519874
0.02167021198351475 0.01818480415957091 0.2624418675990202
0.01895604938424588 0.021584304144536992 0.2665255039711212
0.018945025435060964 0.021414541102198037 0.2664473717549732
0.018940753885402187 0.021292759076852685 0.2664215086138973
0.018968531480927642 0.021737382478103973 0.26666179565338677
0.01892590321973006 0.021178874286121085 0.26643636207373345
0.019069359270279203 0.022313879616368493 0.26778121486090795
0.01888064633898233 0.021052998858311578 0.26643318328170695
0.018992120066673404 0.022068839651562477 0.2670026775887917
0.029331923953111433 -0.002374603188884772 0.26410570176046877
0.029364353601170234 -0.0022550651834111757 0.26410996253201474
0.029406965028452574 -0.002004987782500911 0.2639553470353175
0.02939436116115566 -0.0020958066160249866 0.26403886780043906
0.029385964777619983 -0.0021754301129074394 0.2641250056666057
0.029462821468844533 -0.001678209610061987 0.26373897930485796
0.029454084102690764 -0.0017715767957022233 0.2638490322969951
0.029436410881926743 -0.0018989173013407856 0.2639488303229853
0.02943095241359328 -0.0019674438929209725 0.26405253681877916
0.02949254679240612 -0.0014484968982068636 0.2636267805203222
0.029486563081807624 -0.0015441997091177329 0.26372398163961214
0.029476758936063358 -0.0016370078107324493 0.26382804904853974
0.029471268698103598 -0.0017124574218887467 0.26390086354066533
0.029456967104905654 -0.0018294819730628742 0.2640142968631702
0.029500095255699355 -0.0014101907730229568 0.26371160937965266
0.029494919178611016 -0.001506840027175771 0.2638160990772198
0.02948983215591002 -0.0015898675499098625 0.26390169505883504
0.029507627715910277 -0.001282009732781142 0.26370669256506374
0.02950734796046102 -0.0013660136579765059 0.26380223583373646
0.029515501755716128 -0.0011850490840846772 0.26371811803229656
0.029515863532665332 -0.0012338541449695706 0.26379873158605427
0.029507892523547095 -0.0008863211252691516 0.2635661688963736
0.029510084285102975 -0.0009415912294344908 0.263623357449134
0.029517605329485136 -0.00103522163681119 0.2637399781883097
0.029519785397530772 -0.0011274337338258444 0.2637768308607701
0.02778361732558677 0.003586290692317695 0.2608807569275909
0.029503526088583282 -0.0008344330183805426 0.2636288636785266
0.029514279044989274 -0.0009219962745641297 0.26376881950546877
0.027812193518433462 0.0036940117655248628 0.26084008851491614
0.02780679277295165 0.003632106728939488 0.26092705801643024
0.027791661290681537 0.003555260653094361 0.26100348332487916
0.027654427859434547 0.001842135319514715 0.26276113756636005
0.027724159027683812 0.0017823703815836311 0.2627700857655467
0.02783719489190739 0.0016864737028484122 0.2627861744978392
0.027894200700083194 0.0016395206372712412 0.26278512194516485
0.027950045638710237 0.0015934584100406046 0.26278634871013645
0.029485330762523472 -0.0006870237790811418 0.2636976808077805
0.027833087657588268 0.0038141461298776824 0.26085692985840503
0.027833109214394497 0.00374849288346657 0.26094192764467616
0.0278188728733303 0.0036628757388367794 0.2610305697438082
0.0282825663480823 0.0012511214200045528 0.262916505726435
0.027822820904554013 0.003964572411553957 0.2608718879486304
0.02880223408898852 0.000798058143564262 0.26309008951658447
0.028863008642569132 0.0007332116271592803 0.26311038045414825
0.029445523461338316 -0.0004314147078606778 0.2637083302904993
0.01899989740590427 0.022101895210557 0.26710125420322967
0.02780922553383875 0.00408132984556514 0.26091155707892383
0.028861547617880783 0.0007512021035587235 0.26318964326993083
0.028900048871534093 0.0007118110249121345 0.26321995432220846
0.028959855540864984 0.0006488837398268554 0.26322019284966225
0.02901507840734697 0.0005899897783115393 0.26326241892708535
0.029059340234797282 0.0005275689373627213 0.2632986288807722
0.02935857309841835 -0.00010224250157064851 0.26361601500793885
0.02938531987010739 -0.00018905689598341935 0.26366230579349015
0.029407905823335398 -0.0002691941848252388 0.26374115685469957
0.02773874351182376 0.004419636833594476 0.2607408927261046
0.02776270488758103 0.00431559200784748 0.26080425403612184
0.027782623374205714 0.004251136289606161 0.26086780353318184
0.02779772075502461 0.004181193840166464 0.260930051638846
0.029231254616662317 0.00021415442796124395 0.26354156958506975
0.029267576505330434 0.00013788273840892318 0.26357452077133686
0.029296935496323187 6.35728379290712e-05 0.2636318237838106
0.02932862609408808 -1.3634953480556877e-05 0.26366797307230916
0.027642910747742708 0.004833510939405095 0.26057479728857535
0.027666270083504405 0.004739757617773677 0.26062719055451516
0.02768510730014949 0.0046500500179197934 0.26068315770825307
0.027702126744240108 0.004590301171844613 0.2607378066150632
0.027725076851812892 0.004509603167279608 0.2607828608259831
0.02774481658526822 0.004432769480009757 0.2608371688118013
0.027508602022399818 0.005230868497544894 0.26046758600984976
0.027548090199515915 0.0051487501718129325 0.2604972779994602
0.027577223633166954 0.005071020405347626 0.26052889613427166
0.027600304372831966 0.004997379219721987 0.26058095703069273
0.027632031695268025 0.004903377339071424 0.26061434512056303
0.02741671016820349 0.005438123343299017 0.2604098044103238
0.027437261856114295 0.005400111552203601 0.26047961516710044
0.027471753260512675 0.00532068112980022 0.260498720923287
0.027507132247663768 0.0052495083829905975 0.2605334015660109
0.027063909690433936 0.006174621153080484 0.2601569050290024
0.02710969036421613 0.006082588509826292 0.26017959466945145
0.027133855197183858 0.006044243079788458 0.2602221315657047
0.02717706591078172 0.005961976360146948 0.260252661470221
0.027202076101364922 0.00591243990706708 0.2602712211653495
0.02724705933426195 0.00582739260179288 0.26031131231554167
0.02727524912562561 0.005766108004037596 0.260342972466218
0.02730296794751582 0.005705673561248181 0.26040521467085237
0.027382430299985945 0.0055308651709257695 0.26047616184354305
0.026897043578327118 0.00652512475486644 0.2600866081409815
0.026923050530884 0.0064703125694710595 0.2601198050391933
0.02671520319761067 0.006922047433139067 0.2599870009609503
0.02676074632275309 0.006839425194510529 0.26001739834136817
0.026793467102288325 0.006764592325533114 0.26007362154749536
0.026679396948918167 0.0069873647284133256 0.26005985603896564
0.026702812798935223 0.00695041259137269 0.2600833784418213
0.025740628161429677 0.008350615468878775 0.2596464325146496
0.026582215599577096 0.007140450623692451 0.26010266830130774
0.025714156022146238 0.008529784747019209 0.25963820379589286
0.025729163463167705 0.008456611574171713 0.25967065888161783
0.025696491443627047 0.00863837951550428 0.259686829903319
0.02565154290133713 0.008801620704974367 0.25967129656799126
0.025673787180143265 0.008732031823421804 0.25973169374445393
0.025595662054997727 0.00898899575929174 0.2596740000716359
0.025621068788833752 0.008910185201579934 0.25973041176607015
0.025552082363174813 0.009145004827553371 0.2596862600137548
0.02556990156483968 0.009086898904167029 0.25971106886538964
0.02526972605451984 0.009967652314105735 0.2596923372854931
0.0252146355966507 0.010135789299921927 0.25970889570185524
0.025242850233103617 0.010044146497506456 0.2597457191937492
0.025155926894380988 0.010294193027311549 0.25974825618364705
0.025090138926273924 0.010465195707239472 0.2597637543774064
0.025119129435435823 0.010396097581802766 0.2598103677396501
0.02506387789441445 0.01055070526494628 0.259821943754843
0.024991478673005038 0.010706237565350218 0.2598533179300572
0.025009362135630743 0.010658631833542764 0.25988083093541087
0.024954970396489924 0.01079907870634661 0.2598964164008466
0.02485279272369801 0.011040771454404241 0.2599347283417942
0.024881606356401076 0.010960576291906998 0.25995298428555186
0.0247916388946416 0.011187665088741305 0.2599655538828764
0.024820637569293515 0.011119631304646604 0.25998910767854067
0.024559338450150417 0.011693152063857015 0.26020296160342793
0.02451836212478633 0.011777808533164236 0.2602968091647394
0.02455178140174292 0.011719974307753955 0.2603123208538446
0.024444991191535224 0.011922995338152498 0.26033378525040485
0.02446684222078989 0.011879885133049883 0.2603544191530051
0.024342387486079628 0.012078120428692773 0.26042117175572266
0.02438023371139414 0.01202790103031659 0.2604212783210868
0.02360833519310314 0.013204513472857171 0.26074601262651015
0.023550071844415696 0.013489377416387283 0.26070833232693336
0.02356997381824248 0.013397870590923566 0.26072178503042953
0.023590721169997497 0.013316526064797773 0.26079129530351575
0.023527022501553405 0.013584666032481596 0.2607362550548884
0.02355280342724332 0.0134994440885981 0.2607690502062265
0.023498675216573305 0.013698267585030066 0.2607939619660241
0.02352215802962581 0.013628841461397756 0.2608247525124391
0.023452046153502937 0.013863462750578925 0.2608226791360877
0.023482203848780935 0.013780547505418794 0.26086666661198205
0.023427054870537006 0.013946588589359876 0.2608830283796844
0.023451866267336044 0.013879132220739554 0.26089795478318456
0.02339309665024629 0.01404830215482128 0.260938879740239
0.023357763994389796 0.01415305394238453 0.2609851359023414
0.023302800606512283 0.014321444139929973 0.2610262231249737
0.0233370987711138 0.014229802462128405 0.26103240533288674
0.02327272236905094 0.014422511223260492 0.26108531429942694
0.023301773912458502 0.014345113732450843 0.2610927343292119
0.023247729408012632 0.01451252127604613 0.26111764688200345
0.023198292848496657 0.014686656557972688 0.26114659028836085
0.02322653764926271 0.014605356083516208 0.26116571180458825
0.02315942695459621 0.014820250284164393 0.26118948915913326
0.023174045573321644 0.01477326529617029 0.2611878041102465
0.02319630302343781 0.014715366505986427 0.2612399497419866
0.023123300102718097 0.014949782892112906 0.2612264938406132
0.02315221072003723 0.014858103389380206 0.26126579734535404
0.023092203141288375 0.015064118527221004 0.26129450108680263
0.023116601881077767 0.01498551300940626 0.26133174379569657
0.02303451575959236 0.015200082456493347 0.2613238612303631
0.023058786467146618 0.015143920492906804 0.26135625928433126
0.023091465988554424 0.01505755756870547 0.2613811864663611
0.023026660013742956 0.015228007183142545 0.26142344611575596
0.023054941620062025 0.015158102987152478 0.26144933434333134
0.02298190770099484 0.01532781880894779 0.26148798125391975
0.022807171810379875 0.015724898676060084 0.26158326474968413
0.022837716370094657 0.015655118845319616 0.2615665669446289
0.022767648258160883 0.015810854472446068 0.26165642120181
0.022803110419363004 0.015737185962662714 0.2616727737609118
0.022831873903162943 0.015674258050346723 0.26169609291079426
0.022712577118822214 0.01590432078182069 0.26173355201292875
0.02275393900537683 0.015825365777999978 0.2617854772458344
0.022634424209107593 0.016053726056683093 0.2618024726038028
0.02267470741955066 0.015980220010279655 0.2618238567918522
0.02270618396688588 0.015914941813764794 0.2618528281316146
0.02259245685361637 0.01612547178939372 0.2618882033159828
0.022617199464370172 0.016083744987960058 0.2619200618321943
0.022487608914612753 0.01629014137763124 0.2619800612617271
0.022532056600178006 0.01622958254696205 0.2619757534344471
0.022568884758384818 0.016154230315917006 0.2620191551272669
0.02243978933792181 0.01635922965720743 0.2620676141840673
0.022467101057130394 0.016318990486807794 0.2620771472297204
0.022515847213515544 0.016241732957843535 0.26208440716470727
0.022412871470232687 0.016378836123581597 0.26217936279244963
0.02245222633497073 0.016320109831244323 0.26218670525183063
0.01904828956914901 0.02226791294779379 0.2675718477267287
0.021693156593621324 0.018110371602070963 0.26249114588887557
0.021644737999357365 0.01827324094662114 0.2625042413741777
0.021622824472966873 0.018361138980873548 0.2625648938748325
0.02163976139229834 0.018295051320837585 0.2625930954183103
0.02159941540044555 0.018473932698800932 0.2626212723052809
0.0216284006903988 0.01839321057914145 0.26264112960781705
0.02157107658378493 0.018558353647822046 0.2626938935620632
0.021592243206640577 0.01850458313313985 0.26274328695157734
0.021560382714147744 0.018597478163119185 0.2627870478419163
0.021583617038066008 0.018515295308589252 0.26278018848966
0.021523667061846045 0.01869209361665547 0.2628751374697289
0.02149703237422465 0.01877560036076603 0.26294275923917765
0.02141899478766756 0.01898125850383131 0.26308532619669345
0.021441559166653565 0.01888555707695344 0.26310109911952073
0.021417540533569326 0.018998458502489768 0.263182397257732
0.021388847681562476 0.01908008706345432 0.2632530052266772
0.021403374879736023 0.01903127089838902 0.2632739936983115
0.021351837354559824 0.01917308775397314 0.2633195906617076
0.02131893875737438 0.019280864542556564 0.2634265579045714
0.0190610290127013 0.022290163558373932 0.2676768445600466
0.02125359009535943 0.019447877225178045 0.26346243474970066
0.021208631322394825 0.019546182828342584 0.2635623368098393
0.02123783303000977 0.0194795544568635 0.2635755264946881
0.018932397086854236 0.023627067644662936 0.26915644583221987
0.01886732074838661 0.023699608394965432 0.26913751103311356
0.021170919690606887 0.019641320916214455 0.26363482142313055
0.021196944150760816 0.019569544419947293 0.26366567813969766
0.021127871123839202 0.019735951276000085 0.26370386725215805
0.0211672873446328 0.019656425600900418 0.26375513970712455
0.0211164803429347 0.019756044893163294 0.2638436014507627
0.02103281917845458 0.019911292180135265 0.26391712751923946
0.021072335447307404 0.019842770470836935 0.2639100085901923
0.021024484386023598 0.01992693715912025 0.2640236805687861
0.02093362153454869 0.02008874473839084 0.2640489836617285
0.020977353317313582 0.020018061264719222 0.26409715853719196
0.01919402904751661 0.022664092866599983 0.26835437905222304
0.019168761510716843 0.022612816870026753 0.26825193199292163
0.02087946748060162 0.02019031315305808 0.2641622963321722
0.020940691805368616 0.020099420313067107 0.26418457720278365
0.02082354395344055 0.020244433888989388 0.2642936148668584
0.020860518128908156 0.020199466844822322 0.2643081075645841
0.020801338319644924 0.020269627795555467 0.2644356464781274
0.019098824340629046 0.022402287425625167 0.2679865836637766
0.020738422742406268 0.020361066670412487 0.26452203472967584
0.020783708932479814 0.02029485844734591 0.26450860557158673
0.019099080117570305 0.02242888280754507 0.26781023169146356
0.02560799790825638 0.0089511939259046 0.25970564907820726
0.02564173434521618 0.008842479813007065 0.25973705760218013
0.0256340046112356 0.008861877008817465 0.2596892837086055
0.02558454308791982 0.00902694337616472 0.25967635658278143
0.0255895872520897 0.009021918764051451 0.25975037339830964
0.025663916289315677 0.008766773340449341 0.25970170034169765
0.025559152331673024 0.009126539659847 0.2597220255380346
0.025683835276485198 0.008689422434600691 0.2596770428739742
0.02552109728627884 0.009250487355350778 0.25968545568844054
0.025712674132837066 0.008564291680703162 0.25972237153812117
0.025703717814503084 0.008589179304013705 0.25963737686141813
0.018878650371297816 0.02368659524346567 0.26916788487272486
0.01897023322003151 0.02356992417731657 0.26916679279147515
0.018949016631535226 0.023603651696472827 0.2690910187284711
0.01902185452870768 0.023491121288588046 0.2690920626809533
0.01909301885868954 0.02335881129292866 0.26900192224836705
0.019122727246244198 0.023291305487120717 0.2689205995431051
0.019161838794625963 0.023185399773921755 0.2688428296787938
0.019189208601817248 0.023083864443504687 0.26879494172486584
0.01920498672776791 0.022995235162462324 0.2687454577084222
0.025721103447595643 0.00850131410232019 0.25966522310880136
0.019220559357408767 0.02289316481174869 0.2687857479567616
0.01921626840280271 0.022910407562598267 0.2687005355500845
0.01922446210173731 0.022805289147465546 0.26874866242301176
0.019222535526057336 0.022833762506459465 0.26866135990796347
0.019213896365194813 0.02284619258373788 0.2685730528970388
0.01922321756760635 0.022741203740556715 0.26871304334025936
0.019221906707663397 0.022753193599141963 0.26863934665147815
0.019215817242685555 0.022762023289227162 0.2685418092146178
0.019207262183635172 0.022680298582352598 0.2685179438683829
0.019201092842601866 0.02269022589658548 0.2684127072275997
0.025730665203270574 0.00843175641991789 0.2596374193060538
0.01918583729710925 0.022616967687894673 0.2683807460497249
0.019182838819497033 0.02264847498158462 0.2683005989289011
0.019161515275065003 0.022560619486740652 0.2683085824981883
0.01915369699243221 0.022568313134444296 0.26821881172710055
0.019132820271919537 0.022499443962534338 0.2681650342950209
0.01913975712500747 0.022527837715956456 0.2680923484791017
0.019111886181633217 0.022440830006906387 0.26806761624140907
0.019113351117048732 0.022450594308811356 0.26796499745281493
0.019102195606519864 0.022428622444537694 0.26788647719323067
0.019088411037810837 0.02237663976560683 0.2678318293373104
0.019088094206311607 0.022393309127441974 0.26776638874063063
0.019070803778259454 0.02232885544458857 0.2677153868018008
0.019063925570041496 0.0223386575754837 0.2676368625483397
0.019052309693598224 0.022261549522260227 0.26763290004376
0.01904595771508185 0.022286549209348472 0.2675135935053205
0.0190420210895349 0.02228526512249651 0.26745660452217235
0.02546491089160202 0.009403866649889903 0.25974413749107067
0.01903688722677143 0.022216383632919445 0.26750012111035176
0.019030688848650168 0.022214709005055733 0.26740606344968454
0.019021645943935614 0.022201101422235192 0.2673076608086422
0.019015758074188885 0.02212397421333917 0.2672823065656492
0.019009442311034568 0.02212396187307253 0.2671901084535021
0.01899358835597814 0.02209537418452423 0.2670401698238147
0.018997140394066553 0.0220221207006705 0.2670403948320687
0.018987988149434976 0.021945015138095214 0.266988417798312
0.01898143708172855 0.02194213777716375 0.26689160725856564
0.01897761766697595 0.02186753665217478 0.26685703520162185
0.018974288711229734 0.021782041174293054 0.26674915724365356
0.018962700579954944 0.0216449153159885 0.26658976325287026
0.025601899233464093 0.007895697482436181 0.2595492919069895
0.01896116739102626 0.02148994196811882 0.2665251345550514
0.0189639250481234 0.02139410181035084 0.2665171781685387
0.01895536130023935 0.021317504069470306 0.26647193708970346
0.025746635924678143 0.00831002529132907 0.2597006691043952
0.01893978380372814 0.021246238271503903 0.26643698806192495
0.018918278105515524 0.021128593291564912 0.26645101030637974
0.025739825440384563 0.008220319075918081 0.2596559618441311
0.025731044285596055 0.008247466868712805 0.259587002140195
0.025444916984839826 0.009466029847149782 0.2597997340521047
0.02861071866079331 -0.0035106375073256646 0.2641083535065033
0.02862323637566832 -0.0035312343997716544 0.2641966110321647
0.028684875685883564 -0.003434202538457942 0.26407666658074574
0.02869666174320054 -0.003456157522208181 0.26416607409128845
0.02875522720602 -0.003357499449432144 0.26404774726110675
0.02876708029217364 -0.0033798047829576294 0.26413730263026436
0.028776449962600967 -0.0033999905840165767 0.26422850915915175
0.028834484875811917 -0.0033008620674134237 0.2641102471342044
0.02884482325902392 -0.003322417469926453 0.2642006693242634
0.028895735399413966 -0.0032227216971596473 0.2640884770791956
0.02890733767647305 -0.0032447316026231188 0.26417809341603515
0.028914787484943444 -0.0032659039903487064 0.2642709950486997
0.028963355114543565 -0.0031677120365775635 0.26416100143902344
0.028971394597371962 -0.0031888707559629137 0.26425358089576095
0.02902252218222203 -0.0031110193737172165 0.26423977981791086
0.029071014872840903 -0.0030332473430177975 0.2642288193800806
0.029117213970647954 -0.0029550632727319837 0.2642189991858176
0.029161620270500586 -0.002876412111521287 0.26421028216949255
0.029200643443558966 -0.0027977396647067 0.2642058637334959
0.02920372873796971 -0.0028172442077888937 0.26429922646405557
0.029233552441159202 -0.002719320782993362 0.2642056133981706
0.029291159344460978 -0.0025628772681032808 0.2642153600509717
0.02931648080944843 -0.002485288594905488 0.264222968710663
0.02933968119024804 -0.002379745871858241 0.26416583490593654
0.02934877252322747 -0.0022969655179890247 0.2640788125629553
0.029358473659933042 -0.0023035898883149164 0.2641563021123436
0.029368456675002118 -0.0022120503615390974 0.2640690572990434
0.02938051687404919 -0.002216553331238158 0.2641647737676517
0.029393066056871586 -0.0021283905585389173 0.2640900750459727
0.02940572284237624 -0.002036570894665246 0.26400580960758413
0.029413263633601444 -0.002048483060366757 0.26407788200574045
0.029421388956189343 -0.0019483990442715204 0.2639346139358327
0.029427917980360284 -0.001952946318004023 0.26399141502776746
0.029447108507179853 -0.0018476900119014372 0.2639408241609432
0.029446276573885967 -0.001884861225002532 0.26402463353096584
0.029464805583480143 -0.0017731002699804543 0.263956409217587
0.029479434237749333 -0.0016974805605737275 0.2639523925867213
0.029482949822901984 -0.0016458704948534297 0.2639084000830715
0.02948126493366328 -0.0006452170086136411 0.26373647611521267
0.029472137106377395 -0.0005709302693868712 0.26374536886754774
0.029452727815534922 -0.00046584444929842483 0.26370746965983394
0.029423926412645476 -0.0003461256105372623 0.26368508471316676
0.029430245122306437 -0.00035537518220046804 0.26375075676682946
0.0293951918458472 -0.000244881906874328 0.26362680101699437
0.029407692256206833 -0.00028002923966657933 0.26368592947493497
0.029380646151666003 -0.00016479250369816345 0.2636748190873396
0.029393560335612606 -0.00020720084508563108 0.26374701321960636
0.029344943128903657 -6.616137650961029e-05 0.2635956321243018
0.025730141769148063 0.008147820945542117 0.2596480663388675
0.025715453037859028 0.008151158549348836 0.25957724866823406
0.029212341708279216 0.00025623350776260434 0.2634370474805197
0.029143356584950146 0.0003857218852443278 0.2633378589178907
0.02915819367079861 0.0003534725785219739 0.26340575925661924
0.027045300554687804 0.002455148666126006 0.2612467907873532
0.027057311457095147 0.0024345681274686726 0.2613374357328931
0.027060703234437558 0.002416591166841231 0.261434208105671
0.027049937619468514 0.002401476507656375 0.26154345090640435
0.027026745433044057 0.002389680725406851 0.26167219278346837
0.027125899247715926 0.0025301761406973933 0.2612100822210287
0.027140808947333825 0.0025087150969516636 0.26129851567713347
0.02714688324899297 0.0024888698538523824 0.26139387819747395
0.027139054532757736 0.0024730201948037767 0.2615000216594024
0.027117642975872554 0.0024600230613183727 0.2616280781069281
0.02708062881595208 0.002435760624824701 0.2617122590450363
0.027218525615445188 0.002583788831327316 0.26126425259489394
0.027228313479097918 0.0025641300558619795 0.26135609697834944
0.027224375374774207 0.002546597519458904 0.2614590070886477
0.027203808436505057 0.0025325345479738637 0.26157455882071284
0.027188041405029027 0.002530071341710516 0.26168531234044623
0.02729121540283891 0.002659653741355683 0.2612345522104679
0.02730354330761342 0.0026403326286433826 0.2613235969198414
0.027304122468881392 0.0026214774933860374 0.2614228166177177
0.027286023294295587 0.002604895124177553 0.2615375521528005
0.027260240856543036 0.002594260614969479 0.26165244683726174
0.027357577404249177 0.00273604223562679 0.2612098618943136
0.027371399248875355 0.0027157141726298906 0.26129795487113877
0.027374289977776155 0.002696969330858834 0.2613946302438735
0.027361852061198823 0.002679151142211733 0.2615069348309773
0.02733591651936898 0.0026669971562597317 0.26164087888943255
0.027432388409159555 0.0027919602098406826 0.2612775722207352
0.027435535035104645 0.0027730119836755773 0.26137382551351196
0.02742707461244715 0.002754795407772792 0.26148164553489406
0.027411510625723175 0.0027473512519521903 0.26161588916774625
0.027475726952608963 0.002886165109383665 0.2611737570539542
0.02748726190971567 0.0028673752367215366 0.2612630375980267
0.027490039237582274 0.0028486852463924794 0.26135921194029854
0.027483141024376642 0.0028306225532614415 0.26146275354822224
0.027528096246066967 0.002962025078259267 0.2611613591982968
0.027538843214319694 0.002942780149177482 0.2612516845855255
0.02754093358383103 0.002923934815209084 0.2613482804210616
0.027576461954583506 0.003038656793176997 0.2611524446479179
0.0275861215277386 0.0030189149647851243 0.2612435978412696
0.027621628532890935 0.003115450284116028 0.2611452135447239
0.027630089542993258 0.0030959217422775742 0.26123677972167647
0.027662985914524665 0.0031929048146892014 0.2611403071022155
0.027669640741839044 0.0031736371701185373 0.2612330397423489
0.02770037190585512 0.003271615956497831 0.26113801025493655
0.02770551279189709 0.0032510728304363523 0.2612298096594135
0.027737008464053442 0.0033569400210199385 0.26114681096609027
0.02773443803920115 0.00332421622874568 0.26122530567760177
0.0277632824623373 0.0034664723886608795 0.26104857404455284
0.027759513047139188 0.003432213707690035 0.2611218632360289
0.02778112175020378 0.0035553452498931493 0.26093452211890145
0.02778640891509699 0.003529014771758987 0.26105756486760534
0.027782258422796552 0.003509779054403528 0.2611279724892914
0.027798582145454123 0.003644249615331774 0.26085937380552277
0.027807500894815644 0.0036171640602376542 0.26098639087845027
0.027805319858908197 0.0036054607067493305 0.2610599917643111
0.025404008133915447 0.009573746499326852 0.25973793026451997
0.027826054289624383 0.003721125794961311 0.2608907032373762
0.027825354762802956 0.003703693618278936 0.2609821468729029
0.024438389064928463 0.011933838648812034 0.26036603690056737
0.027830103221434907 0.0038871408172885813 0.2608377278363595
0.024499926281559246 0.011817188281775248 0.2603441234129511
0.02447628214568217 0.01185362292740716 0.26029868817622553
0.02781139330146612 0.00404890059408658 0.26087941229035627
0.02453808129303786 0.011744611248653392 0.26028969484083775
0.02452055823651883 0.01176615642543788 0.26023779862857177
0.027792450355216526 0.004167323212869722 0.26086434155222105
0.02780600335696886 0.004134568622614909 0.26094942008982447
0.02532699983935098 0.009810410590552432 0.2597284745259122
0.02459300738212676 0.011631167521231889 0.26024713988876264
0.027774030795419943 0.004257862408478252 0.26082226168083994
0.02778901880490218 0.004229176323261641 0.26090058520404147
0.02776561140858183 0.00433897722077059 0.26086131924927497
0.024628488382909153 0.011545187150791336 0.2602266564446579
0.02461765255354905 0.011568229897111149 0.26015409343587165
0.02772804953342041 0.00447551971165161 0.26073220915161277
0.027736706377492468 0.0044687621655093435 0.2608157121456959
0.027747895432464302 0.004418535153766279 0.2608700308500268
0.024672812026063376 0.011452372129845845 0.2601824122592273
0.02465934505361858 0.011486076377378751 0.2601057664109939
0.02770052771151712 0.004574968107860011 0.26070607120198575
0.027711498189964198 0.004555817092579406 0.2607557687302579
0.02768922103238715 0.0046583175345263905 0.2607341881058239
0.027699662026101836 0.004611417775237603 0.2607712602251172
0.02472074334223375 0.011334690246608381 0.2602119925328543
0.024702820538786488 0.01136535672657285 0.2601409181420854
0.02764958408749263 0.0047929025021697935 0.26058684147646355
0.027673087668253556 0.004739450569473169 0.2606778981235708
0.027643364835875116 0.004854961396433988 0.26059930736399795
0.024747350229282185 0.011256920767734768 0.26016237994758284
0.02760962440016105 0.004963208628555815 0.26056364948638583
0.02755643508135209 0.005113211679735996 0.2604749455135251
0.02757987746762775 0.005063818100448814 0.2605675931737811
0.024799528906283445 0.011167749512118519 0.26005980556999164
0.024795421858754607 0.011184546576043175 0.2600105662218633
0.027544013013394104 0.005165905429978246 0.2605351941526222
0.024826801179629696 0.01109824555469996 0.260031675152119
0.024813625830968758 0.011133919904496636 0.25995632701442306
0.02748748593103105 0.005279871231446853 0.2604605562121687
0.027440093452862357 0.005381403381335026 0.2604292542050106
0.027455383672654973 0.005358292025192224 0.2605081184357869
0.024869046154625526 0.010995257243096024 0.2599850071688696
0.02739990211210766 0.005484532337376002 0.26042973902893174
0.027355824659236083 0.005575350631872311 0.26039482546948656
0.027364932824871138 0.005566492773283804 0.2604609321450949
0.024899296625573497 0.010917676888520855 0.25993530554222194
0.027310909369661525 0.00568356836177264 0.26033655004844425
0.02732158412894193 0.005659093302655793 0.2604298084078311
0.027235521917706867 0.005830519294801995 0.2602608626058293
0.027263800703663216 0.005787584490047737 0.2603091459384147
0.024950342192421933 0.01081277069793024 0.25994795691688577
0.024937339088067403 0.01083683396688434 0.25990528739656515
0.02719096201101752 0.005916549849104891 0.2602240124302235
0.027201581162090302 0.005916159219865658 0.2603160953555641
0.024979932721499537 0.0107397142273562 0.25990376309835683
0.02715350113385271 0.006012042982730004 0.2602764602158059
0.027082231432929718 0.006141333170167518 0.2601758899057601
0.027105315822991083 0.006101035428427493 0.2602301638852175
0.02501476696890404 0.010648414969541886 0.259835766562928
0.027031874742476973 0.006248486210897797 0.2601585408599965
0.02698021321063828 0.006348975769542908 0.26012490471825306
0.02506702297514455 0.0105388162746346 0.2598582343951869
0.025052018907051103 0.010563480685547744 0.25978623369397535
0.025098703096184623 0.010446070394718954 0.25982631417292024
0.0257080977659988 0.008059717453269666 0.2596371738058951
0.025127369996150423 0.010370919791997057 0.25977626497056006
0.026805539016124702 0.00673266987314497 0.26005085594559574
0.026740251044147678 0.006876512685237479 0.2599841596201763
0.026753430108026312 0.006855191839942876 0.2600673381981349
0.025171122228635615 0.010261322048728871 0.2597900510730943
0.026709244573715638 0.006938803413676253 0.26003778091484464
0.026656214351346144 0.007024931779972987 0.26008400215059735
0.025197121617334506 0.010188831411412025 0.25973311027674684
0.02522687041100196 0.010095716655633413 0.2596901904860715
0.025366649853149195 0.009690759462256615 0.25967329586605775
0.025370594537543645 0.009683956624752632 0.2597378400917245
0.025694730349907408 0.008015757495133169 0.25964065984486207
0.025672181641498086 0.008011480969491613 0.2595560934763844
0.025257940418640344 0.010001831831347952 0.25973815445790704
0.02563351193582509 0.007892166351389174 0.2597110505329201
0.02529067479873416 0.009908997957128407 0.259675751097763
0.025638477874558113 0.007903335283155732 0.2596673599548089
0.018856339472530827 0.023706174273355973 0.26923149281550535
0.01890655520814328 0.023658544543204763 0.2691690387771841
0.01900509573018297 0.023517953191624197 0.26914151582899737
0.019042545757609018 0.023456170037722268 0.2690758791674452
0.01906398445765825 0.02341348718940872 0.26899617845163887
0.019227106847555887 0.02277967267053682 0.26869770021712036
0.020926158087453448 0.020132921163825868 0.26415394654751795
0.020995980773043037 0.019977918262551686 0.264110529631763
0.021297407046021608 0.019354266120191144 0.26350050470711867
0.01890778029561184 0.021081787032227073 0.2665013211628028
0.018881471790252374 0.021031427059590047 0.26646810580638824
0.021416400533084037 0.019003763384942807 0.2632471670872907
0.021426149889568077 0.018964371860677565 0.2631743414375221
0.018855727663340233 0.02097051003005529 0.2664611913040782
0.02144958826063688 0.018869058374858694 0.26319248441089194
0.021465270269424783 0.018808241235371947 0.2631140884515253
0.021477602247861813 0.01878660637751617 0.26302475942749953
0.01883613858039687 0.02090529517477463 0.2665034494001091
0.018808587615450748 0.020866963606855027 0.266432651042562
0.021622373064799638 0.018430732062373445 0.26268828930804633
0.0216211869286608 0.018395194376739532 0.26260282986514594
0.021641864734529927 0.018300503931021617 0.2626253548586904
0.021644219423456068 0.018272110101811012 0.2625572566707349
0.02165907371228476 0.018236265767637316 0.26247162134851887
0.02167446991236814 0.01818203040745109 0.2625064570891952
0.02171138658922407 0.018019167961771165 0.2624568123446893
0.021719368155858176 0.01797500936137758 0.26237684439107445
0.02174662330581635 0.017924543439409968 0.2624808173289993
0.02175601359485632 0.0179067136862312 0.2624000971749278
0.021742323620785278 0.017866211386829423 0.2623321373305114
0.021766631938893666 0.017792470260626803 0.26243037208493725
0.021757173541892626 0.01771502530620206 0.26244814151262413
0.021740022742421025 0.01769676235129497 0.2624070297788302
0.0216927001472573 0.017652810760806825 0.2622417093382291
0.02164378141872999 0.01755665289219105 0.2621992584995738
0.022369770096940036 0.016418089251418577 0.2623578837359697
0.02241317740380777 0.016369863083551706 0.26228641161802596
0.0224365941857759 0.01633731495396712 0.26221083178418914
0.022487306397218833 0.016282546034926515 0.2621110766293464
0.022534308106253488 0.016221407641801577 0.26203716621036555
0.022559767312960277 0.016180437661357794 0.261943763979684
0.02261442767534569 0.016078557463708898 0.2619669711167524
0.022716413042167927 0.015892871842502154 0.2618132142579421
0.022740590241859475 0.015858046337170417 0.26172429162362737
0.022792309302765365 0.015750512324372745 0.26174726569446044
0.02281508314900306 0.015709722765354373 0.26168323616687644
0.022854696297761136 0.015621340096282355 0.26170274418454037
0.022864820160755653 0.015600376272786376 0.2616473584255179
0.022884739187121292 0.015549444751950414 0.26155794668538285
0.022912556674266234 0.015486222431190577 0.2616654581776368
0.022930615177224778 0.01545427322004922 0.2615822047303908
0.022986752004155057 0.015318852992342369 0.2615220673311286
0.023007567034286698 0.01527548409748597 0.2614368170409265
0.023042310053852447 0.015192451894241454 0.26146495339313874
0.023056014179696174 0.015149979416092474 0.26140367799975167
0.02306797362056979 0.0151256864216755 0.26130298807673924
0.023087871135919924 0.015065090668653525 0.2614153912955481
0.02310214122663727 0.015030325776298037 0.2613510603817474
0.023110784417823646 0.015009415610501398 0.26126774149665843
0.02314204984631621 0.01489426950347339 0.26128277479029216
0.02314391047930542 0.014875216901198862 0.26121366829283027
0.023161642881963818 0.014828106187172396 0.26129527997042534
0.023177397775875026 0.014771245770964225 0.26122045398706073
0.023181545068394233 0.01473784776018544 0.26114846647536055
0.02320981211816269 0.01466219157590204 0.2611799354930932
0.023237942651675038 0.014577305715907207 0.26120985394654994
0.02323969752570733 0.014538838721741498 0.2611158199942934
0.023276381932915313 0.014430490883134639 0.2611401570675976
0.023285668583613736 0.014385415375784083 0.2610805557567404
0.023322268866437297 0.014269557827522983 0.26102564559549346
0.02334817573456105 0.014195103162467415 0.261042906798681
0.023367375696178208 0.014120788143142105 0.26096913766843954
0.023399050383096448 0.01404599201073492 0.26099834783251924
0.023400526613297112 0.0140216853130265 0.26091116119081936
0.023434938639549104 0.01392986525505674 0.2609429250839005
0.023444889379924297 0.013894219903686 0.2608628281114756
0.023469899056110195 0.013820040348391072 0.2609076252305049
0.023485278872466556 0.013759427069661712 0.26081974032912525
0.023507507299489486 0.01368820374163815 0.26086403857601304
0.023513292772475283 0.013637209501120795 0.26076512844995714
0.023539691198027395 0.013559802577647162 0.260806024585798
0.023541995555889393 0.013534137775002952 0.26073727433896154
0.02356518347271294 0.013436593828160537 0.2607603432758202
0.023579367548242504 0.013368192103460963 0.260769734876296
0.02360549556231037 0.013250878051985382 0.2608160332813145
0.02359582108061245 0.013263246783908833 0.2607323164934253
0.023621731090128585 0.013165594906455413 0.26083571506032394
0.023620078985276252 0.013144564041543738 0.26075239952173346
0.023630960402924818 0.013071387808964274 0.2607842864333968
0.023619535544882164 0.013029956970343481 0.26070693355090446
0.02359851647686713 0.01293341441310486 0.2606631776996202
0.023575582319744492 0.012906189205919905 0.2605988730572465
0.02358915212399402 0.012874491769762797 0.26071143830878396
0.02354854083852414 0.012818041261163593 0.26062354558911177
0.02351456391730935 0.01277875545402124 0.26056517874850904
0.0235052140365985 0.012716761008994992 0.2606110581972479
0.02347513145365772 0.012707504983034301 0.2605160062715071
0.026599259811745456 0.007120633676494292 0.2601265207044426
0.026616244049562775 0.00709028278769569 0.26009237483624603
0.026681925039229303 0.006983008699275539 0.2600865613562176
0.026737885240823565 0.006887374286731418 0.26002753035440596
0.026776921066412794 0.006802433825243592 0.26006842146129727
0.026824849025540796 0.006684045728972854 0.26007735297825757
0.026870308785337735 0.006581640612380257 0.2600927655100049
0.026951651503852286 0.0064137952890346295 0.260143769781156
0.026956007487450834 0.006395775670348325 0.260090158120584
0.027006019897081762 0.0062909301921996175 0.2601078800277803
0.027043825627376512 0.006217722401664738 0.26013566124916965
0.027078590033124524 0.0061506964615618 0.2602230890888222
0.027178140793722487 0.005964356269876181 0.26029598767541307
0.027171097814576772 0.0059564381893976726 0.260209730171703
0.027215675497395626 0.005890499871432531 0.26033127354551844
0.02725689501126277 0.005808758876836351 0.2603506167866891
0.02730000342423352 0.005711555712180294 0.2603549309508018
0.027334169059980623 0.005630546508719136 0.2603850804348535
0.027373842575017716 0.005539015646590373 0.26042610485176054
0.027421739639465835 0.005438656457523172 0.26044687060932026
0.027454780045786095 0.005355190780973074 0.2604721600317776
0.027491195378397747 0.005278187121502909 0.2605034034451474
0.027528239195064724 0.005203330966617015 0.26052921769358567
0.027563597262610387 0.0051135535016837985 0.2605423395208061
0.027590991375817234 0.00503053600025738 0.2605717631799688
0.02761777976598085 0.004940945729069002 0.2605940971778384
0.027646838701589647 0.004856795963392946 0.2606363629724948
0.027662180908927254 0.004794191193928488 0.26066168082616203
0.027680976935068963 0.004694347243054842 0.26069812996024255
0.0276987645749711 0.004602313039023864 0.26072946768439575
0.027720919836773508 0.004518088011983334 0.26074685685903054
0.027737898328395967 0.004453914763814182 0.26077731953031286
0.027755404464958548 0.00438487577559149 0.2608884546849123
0.02775579684598642 0.004375923318669317 0.2608246343107972
0.027773644269476955 0.004308174423970523 0.26091035875737945
0.02777474460330282 0.004288133234371327 0.2608570518846057
0.027788156318348953 0.004212632349677892 0.26086389092035855
0.027803321535974597 0.00412608775635287 0.26091082030817225
0.027796727806702407 0.003572025577106286 0.2611183179234907
0.027782665724053586 0.003505570973868999 0.26119322738844775
0.027767931022607703 0.0034336514304745824 0.26121012903485386
0.027125073881932513 0.002478454291419352 0.26174692199272837
0.027848319691126375 0.0016778967517365184 0.26282626742554427
0.02798526077748613 0.001559681704220106 0.26279754257206667
0.028054829249407415 0.0014785195844108645 0.2629114877475792
0.028073847422214852 0.0014481670623632814 0.26284535791612307
0.028489383252906217 0.0010718563884790089 0.2629811495076612
0.028582650432794468 0.0009936363165868323 0.26302965817811164
0.028709022322675068 0.0008890287557389298 0.2630401100804001
0.028895908390375175 0.0007057788145093391 0.26315607808520736
0.028980471899008473 0.0006330707345579834 0.2632744867889305
0.029041089732846775 0.0005546563221777712 0.2632778020192122
0.02908525063015059 0.0004821467082973263 0.26336588359301877
0.02913321081273159 0.0004041801825082625 0.26340048306473685
0.029182091316135403 0.0003056764094848119 0.2634050355351799
0.029213281991682667 0.00025280264568794397 0.26351055535256446
0.029221124772862372 0.00023689534424042868 0.2634494935605499
0.02924499346903981 0.00018282038175487791 0.2635698859916865
0.029281163610782257 0.00010841106492015529 0.2635916335918879
0.029312662832001506 2.4494717546508227e-05 0.26361711651962494
0.029345401326096164 -5.8500473970157785e-05 0.2636348492038414
0.029372279649323846 -0.00012935976618871914 0.26373628083276823
0.029372292807287544 -0.00013437106793545706 0.2636880828267756
0.02939557572341847 -0.00022845782108754653 0.26368994339059626
0.029419351676798836 -0.00031658201974277267 0.2637210104495531
0.02944196788361749 -0.00040712777114720877 0.2637573625979317
0.029456033873086027 -0.0004696648464437847 0.2637558254728156
0.021650612267523364 0.018261149176456548 0.2624815501408969
0.021510381970998638 0.018713000181888595 0.2628368170418695
0.02154216740776896 0.01864140005214837 0.262789606196394
0.02156876006212486 0.018573695642632615 0.26275416220583947
0.02159773805489889 0.01849583062643656 0.26272513953388155
0.021625746507035956 0.018414796963431068 0.26270040171528747
0.021636338705912854 0.01835007218416934 0.2626395618741266
0.02164708547082836 0.018271364561773806 0.26260737476769114
0.021668253955999653 0.01820418569523191 0.26256634435670484
0.021471839606024938 0.0188315363120638 0.2629726451536333
0.02150665687524292 0.018734778529228113 0.26294784762301165
0.02274444985023899 0.015847759701334396 0.2616582892089266
0.02278914916640286 0.01576603475287075 0.261625706998549
0.022827077641532564 0.015686407631540056 0.2615902241446203
0.021368087038231495 0.019134633653666855 0.26324758347560645
0.021392949374006445 0.01906790422171256 0.2632051880092113
0.021419084223437267 0.018985252357525406 0.26316720949434264
0.021436976111142224 0.01891068684584335 0.2631536398914766
0.021475273879080298 0.018784327433439163 0.2630630942943013
0.022653852938189542 0.016022517881740195 0.26183140387586257
0.02269165801326402 0.015945829554310897 0.2617822260278546
0.022731148192919916 0.01587082642443305 0.26177785691818817
0.022775362260390015 0.01578835490473257 0.26175343564311804
0.022810062607415 0.01571695490905095 0.26171594241795654
0.02284645582129973 0.01564500722420642 0.26166573736214893
0.02288244889838184 0.01555677510183806 0.2616325219939508
0.022909366050531024 0.015501285133471154 0.2616125189434132
0.022946253404704173 0.015410121673338661 0.2615657782498069
0.02130252130278703 0.019321926998207395 0.26341219868033083
0.021329969472397486 0.01924481541976636 0.2634076663569338
0.021430838370256354 0.01895747920373314 0.2632678598016496
0.022585439707543044 0.016128284992681152 0.26197640146589674
0.022633610325914308 0.016053681129619135 0.26193601783874476
0.022670173127630998 0.01598370351704037 0.2619043524338301
0.021196657337478164 0.0195698427838355 0.26363994515469535
0.021228250114703556 0.019497596752023116 0.2636016849009776
0.021122520798714566 0.019746739859750062 0.2638242890752705
0.02442417506442618 0.011960719558229749 0.2603278055705016
0.024458689637413433 0.011891875503084404 0.26030904865917126
0.024497415744996108 0.011810044777154471 0.26027419007220504
0.024550842743673987 0.011716148952792271 0.26025570058114617
0.02458188207412263 0.011648702099023522 0.26020051461660815
0.024613182078424667 0.011580383119949855 0.2601838315045176
0.024662412387268656 0.011483584421233817 0.2601462060155772
0.02468277151891464 0.011417775908940497 0.26013346379958646
0.02477965673984004 0.011212249049167566 0.2600219505623537
0.024809488211363473 0.011149172422183828 0.26000023758385915
0.024845609213731218 0.011053793044812465 0.2599635742334913
0.0223502366955403 0.01643847549877714 0.26240624830614656
0.02240681881233806 0.016370965503044455 0.2623622160709676
0.024230933836874483 0.012205381252769654 0.26051462934414715
0.024305185855738543 0.012118281958454269 0.2605307978667874
0.024362004189706826 0.012052868571727438 0.26048789653042137
0.024407899890006496 0.011989093842557641 0.26044106194156513
0.024451362002031678 0.011910428452626465 0.2604140387173816
0.02465974722862075 0.011476998067486699 0.26024584319224187
0.024697975800306866 0.011390676481291162 0.26019899529620016
0.024727177894366403 0.011310302026927233 0.26014304959137635
0.0247716275175361 0.011212285940249311 0.26012379795372065
0.024894215382611183 0.010939222403892945 0.260006461736171
0.02492894741251709 0.010855643310913765 0.2599596388708657
0.024997478827869325 0.0106912582465859 0.2599081454126819
0.025025232107140603 0.010619253880482349 0.2598785212780662
0.025044689762026853 0.010585950376977904 0.25984129247710974
0.025077734636270173 0.010507595037716866 0.2597986636793841
0.02510441837348336 0.010425360062580158 0.25976008165335396
0.025135298967656337 0.010341441838144394 0.2597384182461639
0.025168659850859323 0.010255682102477404 0.2597100137780253
0.020971178514327435 0.02002893461772509 0.26415228462269136
0.022259940551666732 0.016554862929294145 0.262529549580346
0.022323514074627918 0.016470544073189264 0.26249776346099396
0.022380774061459205 0.016392343038085344 0.26249782916306136
0.025191413258152835 0.010207892506378602 0.25979652271317794
0.025213429088277485 0.010144070364403734 0.2597602497602011
0.025231294073633406 0.01008188573326868 0.2597194557845573
0.025250326918040196 0.01002314638226054 0.25969581314559853
0.02091125685047128 0.020124427822240387 0.2642948147159774
0.025273484436906406 0.009959272268641683 0.25976079547419145
0.02529342670874836 0.00990633787597528 0.25972160763338803
0.025310642297208454 0.009859071382366469 0.2597238953169094
0.025352917409578728 0.00973255380152438 0.2597462879409615
0.0253844437895075 0.009638240243674934 0.25971597310013445
0.025394894143159985 0.009597885070511236 0.2598033930933138
0.025422959614247766 0.009518360593522512 0.2597661001798811
0.0254462065718001 0.009455794967693887 0.25973146527221236
0.025466252638244515 0.009407744745381752 0.25980574265474465
0.025489836834265325 0.009336985285251398 0.25977193886057726
0.025517034269822998 0.009266664401332891 0.2597395713292533
0.025543677959032486 0.00918304212405574 0.25969762692476006
0.025575845081719985 0.009070476561310215 0.25974794428758635
0.02559459277691839 0.008998691296700556 0.25971126541342615
0.02561541474828636 0.008920881080488996 0.2596624487496579
0.025653360973355244 0.008801745282449647 0.2597261975451646
0.025667949042050053 0.008745379742685022 0.25966900794227393
0.02570259879844409 0.008612995867614381 0.2597193540533761
0.025712706585842467 0.008548956114533768 0.259674149204529
0.02572371426192499 0.008518499868990004 0.2597531099705755
0.025732664254854168 0.008446598158736496 0.2597071974909084
0.025740474981932333 0.008375628077981978 0.2596801906384406
0.02574126340522319 0.008297047325229456 0.2596337611748904
0.02572903062892959 0.008221242644815496 0.2595816735505302
0.026726912838975277 0.006909425230326949 0.260075402508987
0.02704503867435889 0.006222426526346914 0.2601808312915428
0.027258565925123802 0.00580863172176016 0.2603263243356301
0.027316280440131922 0.005679023225262647 0.2603772990832317
0.027357806618006728 0.00557848018825724 0.2604321441674309
0.027411371165721066 0.005469139058930206 0.2604836602092591
0.01863962889987069 0.023953374002971317 0.26908025663142426
0.018694430361791983 0.0238917329879737 0.269160656451333
0.01884343121073004 0.023726951846819166 0.26912880582597765
0.018901117470004697 0.02366294730720997 0.2691156952005038
0.01902532419653348 0.023481969369506694 0.26904503707747707
0.018737599558461063 0.023829257864943165 0.2692607214605083
0.018816840671480817 0.023753386214426853 0.26922204697854246
0.018887770965557965 0.023674951696313118 0.26920322094735194
0.02756396799110704 0.0019284815604921346 0.2628026110095645
0.027663693409232908 0.0018373841731469387 0.2628070718389147
0.027754495737358366 0.0017592281686986122 0.2627845373858334
0.027912823288696806 0.0016269873266290813 0.26285785566442676
0.027980221163115174 0.001563491569158637 0.2628547741701235
0.02803268061688142 0.0014958909528698938 0.26285016397620886
0.02809750641682795 0.0014338015701287898 0.2629197196173325
0.028162089859823783 0.0013686255983064166 0.262908000718587
0.028248310399170598 0.0012827030480873636 0.26290184545591233
0.02837886272069682 0.0011652497075315127 0.2629716450972896
0.028476361967421267 0.0010788431318171088 0.2629488186595151
0.028521475275336147 0.0010428143976186077 0.26303270452936833
0.028637133456832276 0.0009478009113308983 0.26303344383746236
0.02868381302163945 0.0009043690890636613 0.26299365781549533
0.028758322182512154 0.0008443608109588996 0.26310587143857633
0.028826824149569455 0.0007699972615418105 0.2630911143681567
0.028820240685140427 0.0007892833301594293 0.2631564352274084
0.028879935557618253 0.0007268738500488259 0.2631729346029173
0.028997914117845094 0.0006074388393983998 0.263232580131314
0.0290374899094998 0.0005576696873738629 0.26335342239346454
0.029080282543192705 0.0004905684677036781 0.26330542425891323
0.02911432066034258 0.0004378717969636403 0.26337046272732856
0.029151880466867848 0.0003691785592311869 0.2633592313861963
0.029130145789153683 0.00040059381706281094 0.26346413280639663
0.029171587286710744 0.00032843225318207603 0.2634580813290139
0.029213489208187324 0.00024989223144578077 0.2634223051517134
0.029189509680862334 0.00029474922025390926 0.26352455117767204
0.029238593723180724 0.00020233980858042067 0.26348929409861194
0.02925321499868961 0.00016401784956765475 0.263597177992961
0.029287858771135378 9.005883351576038e-05 0.26354413910557295
0.029302890038494754 4.744708813858578e-05 0.26364969640592434
0.029329898046848997 -2.2531050411334075e-05 0.2636072765543236
0.02934638448049654 -5.444907556695355e-05 0.2636949316470208
0.029384342398121863 -0.00017399391093431138 0.26371520451871044
0.026671664801274815 0.006999221986903004 0.2600850798969959
0.02656953949338607 0.007164716587773345 0.2601451050556495
0.026463882730589652 0.0073108945025959216 0.2601454915702342
0.026518373214559132 0.007245943924376441 0.26017967250564755
0.02631838061694032 0.007445950332334805 0.26015950169075874
0.02901230589981494 0.0005957182142464212 0.2633141838797437
0.02906440971723586 0.0005154229560377921 0.2633496712679172
0.02910427014752675 0.0004526000634081373 0.26341587853910897
0.027813081302090606 0.0017081082797583136 0.26278277648841075
0.02766772672460792 0.0018321177344578499 0.26278033383617294
0.02774430324785608 0.0017696902087030453 0.2628294685796378
0.02778824400239166 0.0017295367548522678 0.26285982561234356
0.024431585091739504 0.01195209398661301 0.2602910883822991
0.027588896089874568 0.0019109610419076328 0.2628114098799673
0.024414094697730003 0.011976763098526522 0.26039085110897986
0.02740249321121426 0.0020319677945076497 0.2628058786276367
0.02429503749773953 0.012136805964665154 0.260429014240777
0.024351966902105296 0.012065964881410263 0.26045376106162
0.027176063548286854 0.0021261939443054656 0.2627663450995767
0.024159476863542903 0.012270132707150494 0.2604305560236593
0.02427901149752828 0.012152365355957151 0.26050792904331654
0.02399206216984119 0.01237104606190692 0.2603946736594038
0.02407103234878727 0.012336236868650485 0.26047895030268087
0.02414757513223699 0.012277954383504264 0.26049911193274766
0.02270424809089682 0.015921620902228706 0.261812440742971
0.02265642585370596 0.016015722566557034 0.2618825135344146
0.022684474986305762 0.01595547089200383 0.2618814377677406
0.02256080733077606 0.01617705062695196 0.26189537885220787
0.022601008584206682 0.016108630421383108 0.2619356737860399
0.02255062776841714 0.016193669230592622 0.2620151287111774
0.022478115218300482 0.016286420370628996 0.26216089615918114
0.022410271262943246 0.01637591734347954 0.26222588963786997
0.0224600049658294 0.016295497169177775 0.26224906324705155
0.02238674063082345 0.016403088262182508 0.26230919527530755
0.02243688815136001 0.01632734274186176 0.26231530681646936
0.022379505935359666 0.016403834029165176 0.2623877196989804
0.02236681869365441 0.016418803654990433 0.26245173028170365
0.02229235894661903 0.01650921400094557 0.2625002915009603
0.02209847178597036 0.01671386880607717 0.26247086877042536
0.022171427059975178 0.016665048326369503 0.26250781926373723
0.022225437124958558 0.016601050126118733 0.26256201977891147
0.022059790385846795 0.016732305142235393 0.2625368732808283
0.022137667584604268 0.016688127717701007 0.2625924955468303
0.02155559181850783 0.018614022023946908 0.26281640403526424
0.02151462919565718 0.018711916779976245 0.26287726814349843
0.021488935488255242 0.018799500069270503 0.26296416538014233
0.021436718030943637 0.018907388773749423 0.26311760627918096
0.021455596566268817 0.01884148344880987 0.26314808457061256
0.021381511139879322 0.01909558754517221 0.2631748417062688
0.021410800775807787 0.0190206044314023 0.26319856120829854
0.021438085530468727 0.01892719850672464 0.26321189279478363
0.02135179835264219 0.019172493822619374 0.2632496598736068
0.021384559440792178 0.01909161271813059 0.26329496792410456
0.02134317088285645 0.019194175081030274 0.2633527685987411
0.021276752940413396 0.01940156072883714 0.26347814872996367
0.02123921404069462 0.019482081381027305 0.26354164371936256
0.021168542761505857 0.019658464632683115 0.2636991999513344
0.021188889740598044 0.01959381770553925 0.2637076704030744
0.021123977176861056 0.01974622638786111 0.2637689083718684
0.02115196042076016 0.01969196234334708 0.2637855101770071
0.021062490351366696 0.019849309826809713 0.263814540816523
0.021100324207695247 0.019786211967600664 0.26384770844650374
0.021053909805559504 0.019877448935232134 0.2639240601322205
0.021012630832980397 0.019946376548986622 0.26396462763996903
0.02096583673040879 0.02003277509027468 0.2640383430863003
0.021008291290320988 0.019955185239756867 0.26408084607842186
0.02091476003432398 0.02013327689237887 0.26409863646397025
0.020960059553732174 0.020057707719889684 0.2641460383912589
0.020908643832819138 0.020154348228091423 0.2641993346858535
0.02084531035109912 0.02022113946480758 0.26426295332849176
0.020890322790456176 0.020156471122526942 0.26431754080974706
0.020818048031188238 0.020247559246985514 0.264337804742124
0.020862893863732038 0.02018663549484212 0.2643714755102802
0.017363329030225146 0.024477808892124753 0.2697001687087235
0.0174187596524103 0.024475909596504086 0.26960562861087967
0.020812836256373833 0.020252854575501078 0.2644402631370909
0.01757846587748644 0.02443606412214122 0.26962423100708915
0.01746795476897582 0.024470601066292508 0.2695514387768414
0.01764188616999586 0.02442144211320396 0.2695897838700143
0.017499952391699103 0.0244675860992577 0.2694846509440136
0.020761156946245425 0.020329062391738928 0.2644973135520667
0.017676904615431324 0.02442109015284083 0.269501596550613
0.017746255352570038 0.024406101180262707 0.2694236086537355
0.01777268092211734 0.024404057402031054 0.26935358897689654
0.02068325016280345 0.020450508721605476 0.2646517333366012
0.017947100001271095 0.024345564927761576 0.26934365764360263
0.01780946682079776 0.024396652195026458 0.269277872532398
0.020572424531437858 0.020592001849148722 0.26466688699261076
0.020621291485291918 0.020540316399390912 0.2646877949337901
0.01805998552277162 0.024303362016937058 0.2693506226384693
0.017946951006094433 0.024347500388360366 0.26927670973629625
0.018111414492389497 0.024286897649844097 0.26927987186532676
0.020489565454695317 0.020664808391760936 0.2647106822315556
0.020551251390529067 0.020616844233149023 0.2647542619127037
0.020617516293167826 0.020545163781492293 0.26478758706279426
0.018211767715393387 0.024242413155751596 0.2692473902117657
0.018332892196412383 0.024183288540138348 0.2691994597691799
0.020481447630831276 0.020671143971498884 0.2647957858100062
0.018367810969998205 0.024162011652854254 0.26913261674172934
0.01879961467717941 0.023763468526648346 0.26927787107907797
0.01874834033262123 0.023828076893674 0.2692053523863125
0.018680154069385946 0.023900127707510044 0.2691960004276096
0.018623243605252547 0.023967234819218586 0.26912338513700046
0.018541831769136374 0.024038355507678633 0.26908249173272586
0.018807964977236975 0.023765688995872836 0.26918150760360426
0.018719083099512715 0.02387234832651014 0.2691074430749807
0.018661259316136464 0.023931805951444562 0.2690496258585723
0.020291714491125955 0.020781796511268602 0.26490614653599176
0.020338754670290934 0.02075418095036602 0.2649110461217048
0.01693898087817708 0.024523243918944837 0.26964776130856616
0.016898455653081873 0.024532773261588814 0.2695676757601835
0.01685651092285126 0.02453901889570076 0.2694863153535939
0.0168136099067734 0.02454391461396971 0.26940439330245913
0.0167687274454857 0.024546968631664 0.2693214383360938
0.01703192200285205 0.024521194416489978 0.26963121253870737
0.01699137017284663 0.024531553880281165 0.269551093959132
0.016949134198853397 0.024539500298548955 0.26946977610046896
0.01690743976146622 0.024545284623763486 0.2693884035450661
0.016864747987413845 0.02454942439887775 0.2693066210207088
0.017159956727881627 0.02450562355378033 0.2696923833611726
0.01712221068308542 0.024516735946780055 0.26961318133326895
0.017083005416773628 0.02452691719627159 0.2695337086684576
0.017040886558923142 0.02453583930826514 0.2694525733079115
0.01728611316530544 0.024485724295833622 0.2697316924012233
0.01724580726833394 0.024497541725416794 0.2696701091865673
0.017208200819016833 0.024509548701827366 0.26959280532452123
0.017170947847828702 0.0245196545862284 0.26951448603035866
0.01713073309982524 0.024528880489952276 0.2694342596672135
0.01733956588383214 0.024486162493887464 0.2696423905302207
0.017294213634378844 0.024498066519157646 0.2695714719779802
0.017413573310273836 0.024473646756438427 0.26964768736395295
0.017388055699634246 0.024484510603489162 0.2695488081888224
0.01749878491817504 0.024458135053014474 0.2696111358463952
0.017451079028449237 0.024476297866766805 0.2695157758837165
0.017585836543415598 0.02443967433874905 0.2695637312614715
0.017539151501900788 0.02445630015721173 0.26951714483684797
0.017651019173063956 0.024424377253274288 0.2695371136288175
0.017617921729051966 0.024438474918872466 0.2694743888233212
0.01768871784938726 0.02442098308101126 0.2694599761152582
0.017660841678428234 0.024432504570504665 0.2693888274612124
0.017720776738009814 0.02441973901066652 0.2693420889715602
0.017810261113024736 0.02439448016524698 0.26932027851177
0.027621400110112514 0.0018761884361648828 0.2628137669879902
0.018802176551417568 0.020864555707597765 0.2651415901124432
0.018922380889644833 0.02088957055002516 0.2651271620554125
0.019029925661198543 0.020911459184222936 0.26513729184832313
0.01913638471955545 0.020932692812342335 0.2651167037345034
0.01923694720818693 0.020946563469934287 0.265129841928375
0.019339818650551767 0.02095013072615587 0.26511164910482204
0.01942464441548092 0.020951653288739103 0.2650835402057443
0.01953187177241726 0.020944698305914 0.26507243093311517
0.019483388522892622 0.020944402713611476 0.26500866741893414
0.01962880076076251 0.020938279506595048 0.2650713511027243
0.026535689107812212 0.00721039470882906 0.2601257918178753
0.019713022417909933 0.020934283016649347 0.26504434389006815
0.01969113552040811 0.02093621283533198 0.2649738039679134
0.019801048360889098 0.02092246968799838 0.2650269477201216
0.019744143629472972 0.02092789980422155 0.2649429059342038
0.019884875564355933 0.0209064866353893 0.2650090590173115
0.019843271778913346 0.020913465364277517 0.26492130727841157
0.019959874297636647 0.02089151097512476 0.2650016222030789
0.019929927104873797 0.02089911929675292 0.2648832604778987
0.0200375624119166 0.020877198998995095 0.26496423755998993
0.02000484876104474 0.020885219331443772 0.2648922598779347
0.02010912520574036 0.020858512487060166 0.2649368364776784
0.020209448652586906 0.020822904865747116 0.26490802323563145
0.020169309019373347 0.020836358450813497 0.2648438752887092
0.020256346088825525 0.020800250166910617 0.2648771812772813
0.02032722270966257 0.020763110891841574 0.26483666612621326
0.026485723431347148 0.007290085969748117 0.2601871197055653
0.020401196678794357 0.020723968778155022 0.2647880161382684
0.02048737468526657 0.02066140764172525 0.2648390291170982
0.02045045487254407 0.020693296332812916 0.2647507981258919
0.020529090291982063 0.02063202135245512 0.2648015336459145
0.020519893651895417 0.020642642111549203 0.2647158871019831
0.02059285472370223 0.02057592283190668 0.2647395463226969
0.026420380463234132 0.007357704223900363 0.2601480229189508
0.0263245948985652 0.007433649070514525 0.26010081873615076
0.026364938951084695 0.007408016947259677 0.26017922591237697
0.026229297046060675 0.007488922440678947 0.2600698142323055
0.02626163424098682 0.0074783784686056065 0.2601635679659764
0.02117553830144292 0.019636144944286005 0.263723729460723
0.021156592835257705 0.019682074872507616 0.26367771680589214
0.021190848677662272 0.01958643105767488 0.26361541730231947
0.0212265393645462 0.019508416081579105 0.2635668138808913
0.02125791799294148 0.01944322921640046 0.2635177989720552
0.021293181307812374 0.019356312777973006 0.2634489594684587
0.026136949640383884 0.0075318380548556885 0.2600465650963088
0.02617525003467036 0.00752221682658627 0.2601288671926617
0.021315286038243703 0.019283011932766603 0.2633870429610913
0.026047080061086483 0.007565371359553319 0.260060136433493
0.026097835092104213 0.007551003426928382 0.26014033160752786
0.02597359673198686 0.0075863906101820144 0.26006921396881055
0.026021273962701506 0.007571709362243884 0.26016596909389633
0.025930494635492102 0.007595933935511501 0.26011470259507485
0.025934459867291232 0.007588843126203004 0.260183246126937
0.0213224617611458 0.016902509765393314 0.26239501703122253
0.021360345887920407 0.016903185341110682 0.26238167224812287
0.021511520189293497 0.01687314094540876 0.26244554620753724
0.021466855586662337 0.01688079745861415 0.26238295177585724
0.02157401202608379 0.016871031860661745 0.26243663991222965
0.021556296399335907 0.016873470906193844 0.2623706212828451
0.021662608262539934 0.016864886530411016 0.26241941184786033
0.021648214873319332 0.016866806190689143 0.2623271955415411
0.021776340572074795 0.01683865525386996 0.2624526417936757
0.021743718821111813 0.016853142535597554 0.2623839188038378
0.021737622349250876 0.016855270536149325 0.26231604642400264
0.021891229999540025 0.016794390759976685 0.26251012941353496
0.02185728874255874 0.016816356415436495 0.26243268925499463
0.02182820625375008 0.01683080800296094 0.2623596463404668
0.022011185361515792 0.016747400622353803 0.26255267984243347
0.02196958261891166 0.01676888638334295 0.2624885714031877
0.021931045175636377 0.016790832157612845 0.2624250567886687
0.021898476746580228 0.016807379441241 0.26231718996599673
0.022075103400371866 0.01672716180780881 0.2625002445080243
0.02201051998911914 0.016755732893303454 0.2624282488674297
0.0219755659595446 0.016773557996099753 0.26237586334150126
0.025833819816283993 0.007603558258569121 0.2601212066498864
0.022164072234857023 0.016672600343477395 0.2625616127669238
0.02213157486203971 0.016691942955445738 0.2624641564288938
0.02559865094832335 0.007630036806358098 0.25988855229198804
0.025690435719210564 0.00760731554432964 0.2600929007810576
0.025715985799074796 0.007607132255008808 0.2601665339103131
0.022207707674226973 0.016624683611528746 0.26251665800376844
0.022286150177827112 0.016521915301618173 0.26256974409523376
0.02557353727452081 0.007641014741644747 0.2600389544685846
0.025597504708238468 0.007608159582776108 0.26010207621013776
0.025629877196672937 0.0076075263011005645 0.26015261124102607
0.025556742677600962 0.007622983128131311 0.26010704147563
0.025542591985372384 0.007614045698866978 0.2601953709795774
0.02294185279651649 0.015420382445185565 0.26161317167876796
0.022928920286841584 0.01545523226357004 0.26154038712785177
0.022967820021479138 0.015358771451703779 0.2615433302926854
0.023013169552583618 0.015262157073550942 0.2614878627637812
0.02299824159783008 0.015291607511410454 0.26142030807795735
0.02304485032815668 0.015183674900747735 0.26142428420834646
0.02302571257176747 0.01522491905245027 0.26137368357761204
0.023073877966554385 0.015104574662011871 0.26138965153098837
0.027132352598044744 0.002137928703808689 0.262780001824965
0.02719332852475754 0.002121227183971508 0.26274478832618053
0.027333989014594863 0.002068428630313479 0.2628070459741472
0.02746894983229522 0.0019880981079627436 0.2628139035585991
0.02777526682075404 0.0017419806113113112 0.26280494309970814
0.02768539027891636 0.001815979538826118 0.2627672917776336
0.0188792531430243 0.020883773758515523 0.26518609333980053
0.018970976470005278 0.02090178059814074 0.26518535063242243
0.018975248050260365 0.020898586253009888 0.2651197084839102
0.01910478927548407 0.020928955681281003 0.26515264619776574
0.019184510141512123 0.020941887535497916 0.2651516241086077
0.01927567303696978 0.020945754121521276 0.2650940983074025
0.019393235160500323 0.020952329838602568 0.265110159249338
0.01938404401009497 0.02094783323681576 0.26505596821477884
0.01945042052712015 0.020951848253883187 0.26511707740087676
0.01945160152189946 0.02094878255004895 0.26505243166233716
0.019656428899214352 0.020939373353121793 0.2649971812404792
0.021260686736629765 0.019436552450295908 0.2634752638165626
0.02137846595461134 0.016905705449967667 0.2623552642676158
0.021434261708896493 0.016881813657892986 0.26241571249732687
0.02143349700882964 0.016882101763714186 0.262321423062453
0.021495555147848178 0.016876589291782262 0.26240854765676913
0.02151277855462702 0.01687441844712556 0.26235349087251497
0.021611760279180936 0.01687046035822065 0.2623626702808052
0.021686533257363 0.016863809501403426 0.26235501856613597
0.021784029330843474 0.016845268092907206 0.2623090623214366
0.02183795439850087 0.01682940835818547 0.2623087573743895
0.023546757661362223 0.012464451510198149 0.26039721744748684
0.023582480161284405 0.012455104193149324 0.2603093641421233
0.023601345143629923 0.0124553299175586 0.2602486208750924
0.02365083708416927 0.012448930252311419 0.2603414777677088
0.023688328409510857 0.012449041533564076 0.26025969820705563
0.023742218681753316 0.012444810990705546 0.2603693003971102
0.023744694262527656 0.012446147091487003 0.2602751730937677
0.023819176807969154 0.012420478231502718 0.2603985696393096
0.023831388187520147 0.012426294549608918 0.26032215901666356
0.02389876634073078 0.012399249613892216 0.2604173731753901
0.023923787433462504 0.012394050688431135 0.260328698754092
0.023978442102210534 0.012375541036166227 0.26041974795429207
0.023983858739357933 0.012370231182189273 0.2603561556026076
0.024046036376636007 0.01235068267554712 0.26049749596630667
0.024032391340560157 0.012353707539386083 0.26043501649056267
0.02410179507655419 0.012311051064653966 0.26050951510527126
0.024116595219904585 0.012301805222700635 0.2604383936825958
0.024191633681656895 0.012242971285668647 0.26047095724061947
0.024257556823763037 0.012177543154537562 0.2604668473511378
0.024321187238473846 0.012103327732669533 0.2604751009855305
0.0243201256084134 0.01210900236048107 0.2604252957333897
0.027044954748042777 0.0021571274650773464 0.26276994193029446
0.027219216849325996 0.002109953461382097 0.26275304682059625
0.027279116362247093 0.002088901503796814 0.26277275860219107
0.027090153772628675 0.002146353226659903 0.2627637556824003
0.02408060726404896 0.012326829749309431 0.26044540962881413
0.024020956431058497 0.012356687466192007 0.2603848434611452
0.02398500844672767 0.012371059741864143 0.260453954585536
0.023937204183537508 0.0123905448479939 0.26038597117241224
0.023855804373456926 0.012406645031454777 0.2604337332202261
0.02387836230774768 0.012410827538314517 0.2603044746594384
0.02382541047334371 0.012423982179525506 0.2603623388931918
0.02373424101615581 0.012439579212011664 0.2604130177088221
0.023778635962070443 0.012440958983664763 0.26029965983036885
0.02370156535428236 0.012448138958344623 0.2603589736262242
0.023616825384225965 0.012443734785500593 0.2604067376381621
0.023461431302838523 0.0138467159194266 0.2608695230473068
0.02344175575193628 0.013907316947469772 0.26090647784938725
0.023414143198261975 0.013991018498495711 0.26093513128260964
0.02338491210432036 0.014081112986379318 0.2609823027634002
0.02336853252604293 0.014135031729058278 0.26103810352597
0.021312024365875523 0.019307227431291263 0.26346886180259227
0.021281255508366154 0.01939353550877082 0.26353284262838683
0.02124927003913396 0.019455641431663895 0.26356175501154
0.021219395187743767 0.01951957445205793 0.2635924796052347
0.021192146129462637 0.019581655631340178 0.2636460943364354
0.021174185341105448 0.019638876890397505 0.26368620255745656
0.02115097545372624 0.01969940619975985 0.26373038978112995
0.02128824901741537 0.019356256899705215 0.26340935561272394
0.02125573709622218 0.019435808711993463 0.26344458045114794
0.021703071176531252 0.01806910329350897 0.26247973630281135
0.021681280971519556 0.01817224942875667 0.2625533762284564
0.021654365997739684 0.0182413652980008 0.2625782683096281
0.021634697684140787 0.01832815202409721 0.26259977435560694
0.021664782767303423 0.01821780112532312 0.26242582587958363
0.018796718825496626 0.020822681548948174 0.26646928294358496
0.018830502630035967 0.020917407655198617 0.26643570343874234
0.023612240052038228 0.01294469714041313 0.2607151078878445
0.023559566195626033 0.012820237127808443 0.26067480945719107
0.023590155123254714 0.012924387881761201 0.26063646169509724
0.023527323137923974 0.012775798077059974 0.2606125418861882
0.023557527574288237 0.012865513037750131 0.2605835056889118
0.02349237865254597 0.012727254778672481 0.2605555405035442
0.025687460309970482 0.008679123828517155 0.25972576850218937
0.025737692595323165 0.008414253829158946 0.2597293465391116
0.025723771074153093 0.008500660816483707 0.2597072234586352
0.025705394940268154 0.008591383378658723 0.25968355530881654
0.02574626590349105 0.00830325154971423 0.2596710673340283
0.025735452050514578 0.008401826276741298 0.2596562651762352
0.025721207659223297 0.008475578164941822 0.25961627185174707
0.025614305588231426 0.007827086127136396 0.2597746514073114
0.02573134025184467 0.008201466222525433 0.2596061633211169
0.025594552498332306 0.007834683882425086 0.25973351412550993
0.02566955568159831 0.007955178182462164 0.25965143757429987
0.02571042256308663 0.008088043411558055 0.2596120407737354
0.025642144706658647 0.007931585984607137 0.25958648636758874
0.023489770489594816 0.012685455410624158 0.26056795454465803
0.021556687353885037 0.01743135111342642 0.26217938859753054
0.021276417281887 0.017061113655669813 0.26219973957087717
0.021675189736094065 0.017603455921916256 0.26222675279187063
0.02130385787206914 0.017130078986960506 0.26216058038816836
0.021294528093252996 0.017079179941709377 0.2622097049870955
0.021292398647003885 0.01706801538905872 0.2622384421411436
0.02357941738073821 0.012881219795791488 0.2606419636346969
0.02169475559787523 0.01763224279731529 0.26235365847400316
0.021389910160643455 0.01720165029444476 0.2621671481942043
0.021440597735354637 0.01728664093758936 0.2621121302539688
0.021722957630375794 0.017690705474970203 0.2623766577193005
0.02149784343044342 0.017353313911165624 0.2621336592597122
0.02353333125638997 0.012797386037075587 0.26059843935822824
0.023530550511654702 0.012833457350098776 0.2605419879062053
0.02151763364434081 0.018705453989466048 0.2629092823626351
0.021551808445758512 0.018623452380896688 0.2628503778319087
0.021570343947127216 0.018557423794364092 0.2627894729359682
0.02159963076283354 0.01848655696325263 0.2627472120264418
0.021629436662217782 0.018396473526882284 0.26267832414685754
0.025744137473116734 0.008336664614533917 0.2596732506763042
0.025745733729500786 0.00826384368892702 0.25968147143413456
0.025701859210084083 0.008042658642481715 0.25962281152214217
0.025669017394062923 0.007970935823646497 0.2596080201976998
0.025650441776183128 0.007909832574713949 0.259735648151888
0.025611839424362244 0.007869694523936765 0.2596562615950052
0.02559232113854889 0.007800659972723334 0.259763824813429
0.025600368617597145 0.007828641330273056 0.2597567440570679
0.023941929043184866 0.012383876501505187 0.2604495795355135
0.021429421594735806 0.018947952699296555 0.2631614010478511
0.021478622140267425 0.0188013217815049 0.2630016398837123
0.021342672798440168 0.016879931350068433 0.2624316874339051
0.021344039300978876 0.016909753677148198 0.2623327412243852
0.021467108624372344 0.016878522130034823 0.26241133009067286
0.02358218610747432 0.012452430098452205 0.26036003445048933
0.023628748688510247 0.01245249243349733 0.26029375020604456
0.02369182027358805 0.01244202868171751 0.2603982697293618
0.02371788492666653 0.012449167845035247 0.26031938437579716
0.023769832076432712 0.012431506672933745 0.2604202053886425
0.023792739006740282 0.012435355316519403 0.2603608767287349
0.023869125752170414 0.0124106647561531 0.26037080616735914
0.025577088028183884 0.007612783064637529 0.2600958861220103
0.025595660301097556 0.007639598688575444 0.25999974677943066
0.025663093233942724 0.007607730442570904 0.26014480505794135
0.025779794416723734 0.007606465285904862 0.2601671034416525
0.025883769608482862 0.007601275348321834 0.260139480231366
0.025900652548712703 0.007596476017810827 0.2600763673162389
0.025985775085904758 0.007585367031395118 0.2601158638614398
0.02600059649356052 0.007576316644689052 0.260026877077165
0.021655616229715888 0.018239266253078257 0.2625166682363293
0.02163143445326464 0.018314990316122215 0.2625427193718857
0.021613713458770535 0.01839439378984037 0.2625643373670662
0.02348342733669225 0.012697828564015079 0.2605440763666199
0.021338980282764458 0.0192113964950707 0.2633877128567718
0.021310128118440623 0.01928572211049373 0.26335118600081864
0.021395878316937754 0.019051857025449814 0.26329846525769884
0.0213679670914683 0.019135340709411197 0.26329899648743177
0.021348311675081333 0.019183589973019 0.2632837007831995
0.0214256357748156 0.018976582796538577 0.26321219759595665
0.02140434636174729 0.01904038384639395 0.2632345553603475
0.021374172210411102 0.019116686390770243 0.2632037855437596
0.02561254694048866 0.007614074906063084 0.26005653857845423
0.02562990845513611 0.007607892010175588 0.2601155145244627
0.0255661082733665 0.0076250350483803575 0.26007358738710185
0.025585206811095447 0.007609668984743467 0.26014874939442556
0.021391186370425933 0.01688917881716906 0.26241012656459506
0.02138449559559208 0.016895754095214488 0.2623189335152396
0.02146737867477029 0.01687427977203515 0.26244396119349495
0.021463709878716056 0.016879982269672855 0.26234685818655795
0.027162272970280815 0.0022036638733957115 0.26236860661533734
0.021275817091119864 0.017058459092161693 0.26220755517473254
0.021261975337824313 0.017070074297624194 0.2621791664416194
0.025644828829967534 0.007958139340402404 0.2595494060024602
0.025618276366920767 0.007879138648195838 0.2596409401072356
0.025601306319198172 0.00785402462183632 0.2596952040341144
0.025693308839134316 0.008034313766276668 0.25960248599637425
0.025669673618349105 0.007945398981628882 0.2596857578878472
0.025625124444482318 0.007868538777261402 0.2597485423524254
0.02157611344893548 0.017477216830402653 0.2621506573334207
0.021525845971337887 0.017379222410501494 0.26217982132601797
0.02151871849251863 0.017399835649594575 0.2621130635675193
0.02148240227466376 0.017318440792126744 0.26215453943156697
0.021479934024129066 0.01734620937996806 0.2621010130439755
0.021430101941159622 0.01724427416073232 0.26214857405622594
0.021370348459292365 0.017203443066749036 0.2621255165006558
0.02700742476837306 0.0021647091397825613 0.26278334411797616
0.02155352985940827 0.018603937863925335 0.2627233430222602
0.021581302517604845 0.01853490184585599 0.2627375523912052
0.02157718481920773 0.01852852538550509 0.2626386857344735
0.02161046931922405 0.018463533696109313 0.2627247284376397
0.021613239903579606 0.018457367955110937 0.2626700703101538
0.021604642986257194 0.018430919742211282 0.2625789049486015
0.02163377651760197 0.018371446346658882 0.2626507243858929
0.02139868415841098 0.016877748223026345 0.2624465480197125
0.021415917858252843 0.016892401647634836 0.26236852530291155
0.021532025707588408 0.01687549349562051 0.2624035118248611
0.021740871534617658 0.017902655428554293 0.2623345896291307
0.021750387078856542 0.017831058954299372 0.26236489408906827
0.02174563175969306 0.01773043398512797 0.2623980142976864
0.02170293727790537 0.017659359403790265 0.26235639817565964
0.023584506904744312 0.012926228719233879 0.260617488370532
0.023538023019837 0.012818455661474382 0.2605829242306602
0.02353086478518887 0.012767996668498816 0.26065006885594477
0.02167371884828409 0.017612241445223775 0.2621679986773827
0.021732350370728716 0.017937161485788944 0.26233792019666435
0.021762755673989234 0.017863297338953255 0.26239193518019555
0.02570370080689286 0.008055769011954539 0.25961599673428926
0.0256292357819925 0.007902572794194873 0.2596167964409319
0.025635920825967363 0.007862587931463882 0.2597803014327194
0.021681350089509478 0.01762021577176831 0.2622966052540945
0.021691270939893578 0.017640730598294907 0.26219444266984643
0.021587373403147855 0.01748209655600358 0.26218180647641365
0.021646778659302437 0.017585458614920835 0.2621302025093415
0.021506880415285243 0.01735506755390076 0.26216216588248875
0.021412550287325027 0.01724162844020849 0.2621244269298839
0.025654222241116763 0.007900984689921342 0.25977514429751747
0.02565639271794097 0.007921735137819963 0.25970479080618714
0.025607476564769575 0.007721968797338552 0.2598158326981449
0.025606580533539196 0.007761047929794873 0.25992451642431624
0.02560300660796662 0.007648051355114482 0.2597697850378219
0.02558334409814323 0.007741844734633574 0.2597621706326687
0.025576577142526917 0.007698504135435047 0.26000141074735017
0.02560170862637355 0.007684773822864088 0.25987125366403785
0.02562604591737678 0.007801912293702584 0.2598572466116625
0.025629382990470684 0.007828357047523882 0.2598027758824724
0.02560063265837728 0.0076582527407356715 0.2599378366340498
0.021297917367149005 0.019317004599550158 0.2633649524321401
0.021288706086305155 0.019343813754479577 0.26338170967586294
0.023492526079548992 0.012564321108083198 0.2605134830505357
0.02351821802943979 0.012496953455536641 0.2604590422358726
0.023477038917070578 0.012649648724932239 0.2605209969710322
0.021293220253122247 0.016969664130399464 0.2623534783014739
0.02128892788589814 0.016923519892717565 0.262396609972116
0.02131571978914601 0.016920739050857392 0.2623565771513447
0.02160354291260555 0.017523577545721813 0.262137074771149
