0.029745153511508526 -0.0014402376886780144 0.2630650093513264
0.029740481400388978 -0.0012860092590257222 0.26305870105800233
0.029735818600542856 -0.0011856982426613483 0.2630703345610664
0.029721576048864246 -0.0010715092206364796 0.26305852752203535
0.02970275460568638 -0.0009373633798701597 0.263070263380837
0.029689348282887024 -0.0008260993911399783 0.2630990447293261
0.02966576292851044 -0.0007144421249523081 0.2630914192151518
0.02965135047882851 -0.000639351754524009 0.26313990177039703
0.029723760632964627 -0.0011395473941525625 0.26291441640817903
0.029615403516510798 -0.0005379051743315544 0.26303144819891416
0.029598186442220398 -0.0004636743048677672 0.26303536837384933
0.029581445608765806 -0.0004003923638576934 0.2630638772608366
0.029515734386008137 -0.000240050039455042 0.2630096931339279
0.029480914250181595 -0.00016271281709856478 0.2629168793618938
0.029417279311910925 -3.743986009591138e-05 0.26285679189585387
0.02934853860537788 9.10603103250196e-05 0.26277850270396175
0.028763952203837345 0.0006993562839656686 0.2624184241251953
0.02841309719794504 0.001005269877667081 0.2623460069378088
0.027898165378143124 0.004000166540376049 0.26045202946332535
0.027867071881392154 0.00408150921453565 0.2603303066629946
0.027857906437321105 0.0041577291682550754 0.2603495542054349
0.027838191648898974 0.004254881752771611 0.26037806364841853
0.027821602172903206 0.004264937161314042 0.26026473091023034
0.027802303124671753 0.004353883041833373 0.26026848849935225
0.027669805609437215 0.004819825864909311 0.2600632742031138
0.027632226758784573 0.004925710781064019 0.2600626314632498
0.02756495770823901 0.005066066603504948 0.26001775171229635
0.02744090116613848 0.0053542351028464386 0.26001257070377093
0.02741526969232399 0.005396303081912357 0.2599334859290832
0.027378462302505964 0.005489733656953488 0.2599564723816643
0.027339528936368138 0.005550364621656756 0.25986911832497356
0.027315600697229152 0.005617236971877104 0.2598978228167425
0.027247545056370837 0.005743903913577986 0.2598394814306816
0.02718005050010886 0.005870836700189175 0.25980380590464314
0.027110638895061677 0.006005674602029387 0.25974734506943764
0.027093510858488108 0.006046537991258594 0.2597772040711597
0.027025167061342753 0.00618200378046857 0.2597302097529343
0.026990477776294708 0.006258323447473235 0.25974962492306386
0.026923245569015708 0.006394722976229283 0.259697880415534
0.026862003090337573 0.0065381678363801154 0.25964932850206324
0.01948495741397442 0.022932612582108575 0.26921790776564825
0.01945337827448404 0.02299670139340207 0.269286939078949
0.019419966262158278 0.02305501284699432 0.2693252900465027
0.01940119986925934 0.02308931979431078 0.2693693735361943
0.019278905190480394 0.023246910420166605 0.2693913596860331
0.019254742093163163 0.023273679226605393 0.2694543757723118
0.019199827988888668 0.023333285954796446 0.26950668844483083
0.01915447507197411 0.02338767924178567 0.26944613894641967
0.019128598607038166 0.023408121681542604 0.2694953643526567
0.01908449891158487 0.023465988525794096 0.2694022687126014
0.019029583628047853 0.023513535600858393 0.2693184380559961
0.019004361823005342 0.023539371090418176 0.269376047973802
0.018950589939935022 0.023578284229650553 0.26930603776535955
0.01889521337892741 0.02362847789792022 0.26935704000410066
0.018803986176532367 0.023686983242307974 0.26935118615739606
0.018737946629400398 0.023723729645092728 0.26939840208158466
0.01870292138436455 0.02374303968677105 0.2694690154025699
0.018687175278123275 0.023754632984907292 0.2695481901648149
0.018599717121200093 0.023796940419081536 0.2696141243630826
0.01854625401416228 0.023815886363949268 0.2696712879227945
0.018491582423705077 0.023841112992820213 0.2696225441212122
0.01843784832099718 0.023855628158379355 0.2697024011702121
0.01846760423009086 0.02385131814000832 0.2695517336869397
0.018424502039395704 0.02386536840182235 0.2696228075126439
0.018328956870119942 0.023895647931447966 0.269702332691133
0.01829302461259788 0.023913445727741678 0.26962494151711125
0.01825525959511956 0.023919410543867065 0.26971483077132696
0.018181605724467878 0.023949236987764966 0.26963094024812895
0.025669784456972537 0.008712741170702365 0.259395347438179
0.025644375055383473 0.008807200725655051 0.2594255137072392
0.025621769012440385 0.008886152296372019 0.25942666527303987
0.025603469684727098 0.008968395284193575 0.25946713681439204
0.025376712715182867 0.009603211245738541 0.25943720550585314
0.02493209402081667 0.010773666460522746 0.25974081355038514
0.024900710473210692 0.010849395131759865 0.25977141808260407
0.0248744688890268 0.010923619599584433 0.25979681611078853
0.024750900196585858 0.011201547591754457 0.25994417321722324
0.024726951907378336 0.011256286303250984 0.2599729202450302
0.024688408514432977 0.011342036854756321 0.26003159789304703
0.024662140551840156 0.011404743318310429 0.2600740254450594
0.02452982673545867 0.011666354991359984 0.260131316291787
0.020968296948952518 0.02002559976148438 0.26473081915305124
0.02094659240407784 0.02005922890785461 0.2647630726279988
0.020905052208766817 0.02013160355009269 0.2648361372119943
0.020888186942934164 0.020157973719299782 0.2648936168604308
0.020830106348775287 0.020223104906998357 0.2649536690283444
0.020802266771804648 0.020244276478935508 0.26498565883603065
0.021188602176110072 0.019702004313353005 0.2643164076038207
0.02115651561560644 0.01975781720477021 0.26437857660161457
0.02111871758722382 0.019816584507472756 0.2644017890763523
0.021079029480059214 0.01986380116807457 0.26446901565302633
0.021046812649138373 0.01990099130469325 0.26453706694062395
0.021014154339067226 0.019948622211979405 0.26458432615511596
0.02079927392783361 0.020255916554488995 0.26486131873539503
0.020754093498816024 0.020292639325704298 0.2649164383064026
0.020697437400932384 0.02033013628507402 0.26499228927284746
0.02064524749153515 0.020359503928289446 0.2650374077600681
0.022553656983851908 0.016078518478510828 0.26242680757909076
0.02251324225728129 0.016131616157716466 0.2624774549505843
0.02128643002586901 0.019509431927590914 0.26407638285269397
0.02126255364468821 0.01955244859463917 0.2640992663659244
0.021219043264479168 0.019632782132791238 0.2641590801934397
0.021183687242533306 0.019705101953954474 0.2642031485174274
0.021171355035089476 0.019738726708977528 0.26424447977689525
0.021130511980139044 0.019814200778791924 0.26427915837329086
0.021090923546968288 0.01985482994432941 0.2643516419808639
0.020656088622124216 0.020360103670886587 0.2649035336415972
0.02060280327283781 0.020387400130331357 0.2649555554692583
0.02055476177258432 0.02041293892225382 0.2650359964181621
0.020514102185923103 0.02043355869008112 0.2650957360179874
0.023118538439643427 0.015029729236714529 0.2615252439330873
0.023085379469485384 0.015102762836654793 0.2615743241213288
0.023064263537322806 0.015160425404007027 0.26160041456853184
0.023029197279091904 0.015233324063331388 0.2616425462502261
0.023008972166663318 0.015281528264290023 0.26166254680864803
0.02262813164617341 0.01597854886796768 0.26219934597081385
0.022589282146463982 0.01603493923606314 0.26224949447885126
0.022547747146437334 0.016096991012203854 0.262265127205759
0.02236377438598336 0.016329029631766134 0.2625671655219419
0.02234744484838881 0.016336041470928264 0.2626270327534923
0.021451212689219776 0.01912361528626061 0.2637032466462872
0.02141909935676381 0.019197046874605994 0.2637414563493958
0.021394210648289037 0.019263560751529185 0.26377506861006217
0.021374782403058235 0.019329866947912944 0.2638287265089063
0.021350734314903703 0.01938396588502833 0.2638653376405345
0.02131215998048268 0.01944432655753703 0.2639055288614449
0.02128518226293534 0.01949808179474155 0.26396723236725317
0.020469576224945565 0.020453428250605643 0.26502018879458644
0.02041448566622195 0.02047662839996245 0.26509603650654495
0.02356346234406652 0.013593203192023395 0.26083909425262597
0.023521886914706053 0.013732340633574314 0.26090431797018465
0.023491217196378242 0.013825021734455156 0.26093257553053933
0.023468250168341268 0.01389007671196374 0.2609495565147426
0.023453499439487963 0.013952163524660555 0.26099487577210023
0.02342735644677351 0.01403061153721441 0.2609962246079981
0.023405230877861727 0.014110744586975088 0.2610611403028367
0.023380268237115774 0.01419285506403184 0.2610867412154084
0.02336043463673998 0.014265514069323915 0.26109375539006396
0.023340958111490312 0.01435058329798683 0.26116007518800466
0.023309653007895004 0.014440779788908398 0.26113569034815853
0.02328991141910372 0.014518306189192864 0.26119547053744335
0.023274375271824292 0.014576152574234058 0.26123344155751616
0.023250489209760375 0.014660788464049002 0.26124760585045
0.023225555160905374 0.014748978563957849 0.26126348137518984
0.023208004854845067 0.014799074668825352 0.2612918468072205
0.02316631642328841 0.014901820539846844 0.2613341362049745
0.02313642009435471 0.014974500138176139 0.2613571558683729
0.023113970201385545 0.015027267177969594 0.26140308340605023
0.023094976447898666 0.015072533803441035 0.2614582966739023
0.023063886541550463 0.015148992288876006 0.2614840438976023
0.02304145534754269 0.015207537980068075 0.26151300801468236
0.023001901805274866 0.01529804238272392 0.2615620881266828
0.02298135552243541 0.015349880013329598 0.26158182498344057
0.022955114150385425 0.015409236583617536 0.2616169137816044
0.022923109486025717 0.015480248501556049 0.2616712526845186
0.022898617582209374 0.015529470944933954 0.2616914844865974
0.02285326506873181 0.015608651870752 0.2617629891878965
0.022834212290908047 0.015648449685422783 0.2618119170102947
0.022811073523419656 0.01569691902625886 0.2618487572306799
0.022774034349131146 0.015764471431698734 0.2618660612529672
0.02272870901982925 0.015840834893284195 0.26192060743851986
0.022708070566517954 0.01587785800532726 0.2619739166714873
0.02266493543108218 0.015950837062958634 0.2620205090993931
0.02263934207949589 0.015984478842330008 0.26204966199007845
0.02260131749904419 0.016040363839235017 0.262124127484117
0.022283295624176934 0.016393064765594823 0.2625558286602224
0.021523400951328778 0.01891513458842814 0.2634594230726833
0.02147288580395433 0.01905785577700142 0.2635247608038803
0.021451902042303315 0.019122674870254486 0.2635859802827806
0.020319308337915093 0.020505441392398238 0.26508023881547116
0.02357902150367862 0.013498219041157167 0.26068918821560155
0.02356787487793681 0.013549844645579179 0.26071741468903753
0.023537253594695384 0.013649659599465236 0.2607472042726762
0.023450496751844838 0.013931765049520928 0.2609118207410732
0.023217539689201677 0.014742546625973185 0.2611505789332892
0.023203088551554868 0.014799788877901399 0.2611969080797836
0.022797426483881486 0.015708698097614104 0.26174658439187304
0.02264650954450769 0.015971331007196776 0.2619328534301326
0.022224731222132962 0.016421447622699537 0.2624638693146626
0.022197606673831263 0.016433558053254527 0.2625166372779661
0.021677581561175288 0.018437614694767346 0.2630897731929247
0.021612545466504866 0.01863369786254615 0.2632174893544073
0.02159709742796282 0.01868750124052554 0.263226651380559
0.020200086134042866 0.020531458774988298 0.2651240230421631
0.022137272752870203 0.01646339931595231 0.2624500279098407
0.021741105063230744 0.018264087224394654 0.26290725775518675
0.021711513688052367 0.01834771411890984 0.26293163041874235
0.021679896539126692 0.01842703646247784 0.26297300083455716
0.021662090563116923 0.018488695986720094 0.26300423270431494
0.022073065928677943 0.016492486830748887 0.2623896895372234
0.02182519857589557 0.017914185793866944 0.26261091689040034
0.021804013471422412 0.017989792608100852 0.2626425748971264
0.021800246653592023 0.018051422653975968 0.2626879713730784
0.021789947380028783 0.018111469626594157 0.26271498778371066
0.021767448503646522 0.01818445371674149 0.2627625704575207
0.021743239103117193 0.018253831122227004 0.2628035139421564
0.02183324125345846 0.017873278945826965 0.26250790872557317
0.019273108962891652 0.021182734881711407 0.26676144711682304
0.019259307989023755 0.021014592904694096 0.2666803085323826
0.019254195312318256 0.020893360247937254 0.2666521214187916
0.019290609546426196 0.02133300269548577 0.26690029060899834
0.019240058035664184 0.02077916506343852 0.2666651793798154
0.019433463584597632 0.02188655781163623 0.2680266937397032
0.01919486181096597 0.020653292648644295 0.2666611358953149
0.01932681642799658 0.021657426348167308 0.2672467861045069
0.02957728393161728 -0.0027008514832638775 0.2634536174689037
0.029609711160002675 -0.0025813626708555693 0.2634591010415064
0.02964608612507219 -0.0023280753948581867 0.2633081612861931
0.02963679105828066 -0.002420617068275732 0.26339021173783367
0.029631787163848095 -0.0025020113136700606 0.2634749470336507
0.0296932455133828 -0.0019968078409841605 0.26309660346774993
0.029688831161701408 -0.002092435263264081 0.2632049609483746
0.029675135787640194 -0.0022218355055442784 0.2633027137341515
0.02967372596818263 -0.0022924906726183303 0.26340511776568754
0.02971838901858192 -0.0017647784916967613 0.2629881125588423
0.029716237893989278 -0.0018624713497998324 0.2630834769575383
0.02971052812035197 -0.001957418833146707 0.26318590676028686
0.029707914103516295 -0.0020343603965913837 0.26325730633683087
0.029698096797936425 -0.0021537206117245855 0.2633687655641497
0.029729128642074602 -0.0017282099317479371 0.26307336321755237
0.02972806424016248 -0.0018269973086570968 0.2631759589689848
0.02972635060707232 -0.0019117771880036716 0.263259956319655
0.02973631590138681 -0.0015999402929955941 0.26307080681814643
0.02973978734734166 -0.0016858914291149052 0.2631645383772009
0.029744506037264376 -0.001503219744903861 0.26308392041609463
0.0297480062751036 -0.0015536712741552328 0.2631634377188109
0.029730741366723934 -0.0012014461100299245 0.2629385655371264
0.02973518263587003 -0.0012578760255585464 0.2629944767038268
0.029747266126620306 -0.0013538696132921468 0.2631087694702879
0.029750962245235234 -0.0014468155112978276 0.26314360252572516
0.02789979849149632 0.003322030672825771 0.26041376359364266
0.029728712789928308 -0.001150866826210184 0.2630024380509682
0.029744910479032258 -0.0012412680083065397 0.2631400456254082
0.027926671945470105 0.0034306213231037885 0.2603742637665076
0.027924672301937105 0.003366930562004433 0.26046008092199713
0.027912563745238643 0.0032884995810831263 0.2605354272755015
0.027844634227721342 0.0015393279654216663 0.2622613369183896
0.02791472715661477 0.0014795292346928002 0.26226638142256364
0.02802840879734045 0.0013835450070350253 0.262276160967689
0.028085388287165315 0.0013367359693046144 0.2622719642873285
0.028141293813828135 0.0012907684237340455 0.26227010747749246
0.029712986316232474 -0.0010049399390536506 0.26307492510243186
0.027948052206297404 0.0035504249442944724 0.26039276885220203
0.02795139998181815 0.0034830380041370734 0.2604763317961144
0.027940663205894854 0.003395588385816495 0.26056366836633754
0.02847895112778663 0.0009464836047829994 0.2623803843452853
0.027938186519019338 0.003700491320735133 0.26041120706731347
0.029005409433220962 0.000490972067266171 0.26252461720363696
0.029066991817836577 0.00042584195545880554 0.26254123098228666
0.02967331246829983 -0.0007496828498363972 0.2630923559427606
0.019338316396905295 0.02168846322879109 0.267345654545661
0.02792597893630438 0.003816381357943488 0.2604537658102474
0.029068539871385038 0.0004421958926319469 0.2626208459185056
0.02910821805735491 0.00040226584733060733 0.2626488458567265
0.029168064618339914 0.0003394649718924114 0.2626455026572918
0.0292249306572906 0.0002798241661814971 0.26268436566294256
0.029270617921460414 0.00021675933272063963 0.2627175640390057
0.029582507761301634 -0.00041885406157787797 0.2630102362956208
0.029611106937846778 -0.0005065490528541883 0.2630536717800315
0.029636784839887756 -0.0005882460768967257 0.2631299334467413
0.027848625320275114 0.004157986472444586 0.26029293043250396
0.027875113951544364 0.004052708227685831 0.2603531713861318
0.027897522965147685 0.003986998804706932 0.26041457115926747
0.027915071158101518 0.003915821077642212 0.2604747417159705
0.02945206254443023 -0.00010124483993229072 0.2629472477131549
0.02948970753156384 -0.0001781062098911712 0.26297720794766255
0.029521323082244755 -0.00025352066224409997 0.2630318034074687
0.029554463500691346 -0.00033139282340544085 0.26306511627707274
0.027746024639812232 0.004574998663998464 0.26013918609614
0.027771480302151645 0.004480234068279576 0.2601887045659579
0.027792548950783084 0.004389431930232057 0.2602420496713645
0.027811715300606 0.00432860567672777 0.26029476501086923
0.02783646608700554 0.004247043713219767 0.2603372362008846
0.02785835793743857 0.004169148636066322 0.2603891547307161
0.027607246161612045 0.004974211200307166 0.26004539907229113
0.027647937482807146 0.004891577699240368 0.2600718617002945
0.027678350050999646 0.004813271804507191 0.26010073456897737
0.02770349080357358 0.004738621338610194 0.26015034638411627
0.027736582276570616 0.004644015520341327 0.260180552917591
0.027512967767314538 0.005182428811180528 0.2599954550226872
0.027536217503431624 0.005143030175683627 0.26006363131762517
0.027571507932495444 0.0050632918317004005 0.26007976392483245
0.027608270767382627 0.004991490896443962 0.26011159314517107
0.027149887752096785 0.005923274231607101 0.25977145443433425
0.027196611087935724 0.0058308849157996945 0.2597904765665153
0.027222429353666477 0.005791720646142862 0.25983125984540395
0.027266872688688992 0.005708928891084264 0.2598584143895243
0.027292632570504016 0.005659070677389355 0.2598749799899068
0.0273392158382992 0.005573305823287689 0.2599115617430419
0.02736866758740443 0.00551143886439176 0.2599408517630421
0.027398816507461718 0.005449792115300112 0.26000073054013223
0.027481139239474872 0.0052737188228393905 0.2600649715206348
0.026980041991503077 0.006274819590956715 0.2597148240129328
0.02700736356645407 0.006219387761755679 0.25974586616417306
0.026794057750544407 0.006673347291127285 0.25963044000252933
0.02684082714750876 0.00659020741545141 0.25965736575006193
0.026875761378841886 0.0065142989359917025 0.25971074326243626
0.0267609847625253 0.006737082007133854 0.25970594074649284
0.026785326236306937 0.00669970023733979 0.2597277847809462
0.02580548781437282 0.008106692335876464 0.2593568683218115
0.02666532943710479 0.006889063364358294 0.25975558066566007
0.02577850839041848 0.008285940405414138 0.2593533531475498
0.025794831887924446 0.008212145078103583 0.2593836955633451
0.025762586564036252 0.008393477322271914 0.25940484748080495
0.025716883937164703 0.008556914481268385 0.25939441163602833
0.025741502643046837 0.008486142393466678 0.2594524673868966
0.025660925410276092 0.008744083816364545 0.2594031106111466
0.025688562858383314 0.008664180204096872 0.25945687369893644
0.025617661415958712 0.008899721603525423 0.259420240441951
0.02563648454858282 0.008841153076862562 0.25944314718250405
0.02533476976449983 0.009721512035687774 0.25945405914300973
0.025280153342894213 0.009889164077058477 0.2594761730575258
0.025309863201539433 0.009796839270110935 0.2595099945421381
0.02522280431058281 0.010046608943231727 0.2595210049960144
0.025157454288349756 0.010217126781469243 0.25954252728067284
0.025188286912172966 0.010147142068913595 0.2595865647126675
0.02513333512492108 0.010301369826126616 0.25960342806295317
0.02506200376007571 0.010456081108308535 0.2596407447905018
0.025080982022338993 0.010407955056037421 0.2596665672236611
0.025027059411459676 0.010547944275909382 0.2596871113823339
0.02492613450141337 0.0107885962682166 0.2597342733079808
0.024955719737829077 0.01070809962964292 0.2597497579443847
0.02486602956618287 0.010934704174992704 0.25977043434970337
0.02489598778535433 0.010866257749031993 0.25979145557890826
0.024642373843079497 0.011434743763746147 0.2600269134550947
0.0246049139627042 0.011517371684049316 0.2601239831514405
0.024638970116244982 0.011459296717853895 0.26013701138644774
0.02453283794375785 0.011661622575025121 0.2601667202669905
0.02455551263849852 0.011618140360641016 0.26018561128206835
0.024433465377244133 0.011814715458049185 0.2602611415442105
0.024471347463078677 0.011764579184075585 0.26025876715905466
0.023711031093946566 0.012932741787453184 0.2606369360135362
0.02365103295914498 0.013218204895770524 0.2606073906804002
0.0236715428748476 0.01312648020696855 0.26061818362819267
0.023695027957810588 0.013043764646569422 0.26068515862013797
0.02362895480829861 0.013312853592974683 0.2606381323568795
0.023656071175576554 0.01322702630904482 0.26066815464458154
0.023602699214606462 0.013425188446812564 0.2606992101213531
0.023627423832920394 0.013355190302053899 0.2607276431985622
0.023557006173694772 0.013589665963078257 0.2607330875586132
0.023588921133232015 0.01350592337372225 0.2607741720640342
0.023534241200165534 0.013671483888600788 0.26079604852702537
0.023559684793241213 0.013603783899655664 0.2608086222960796
0.023502321934449226 0.01377196038617251 0.2608552415883742
0.023468658925882277 0.013875669047110795 0.26090496363178173
0.02341510663765678 0.01404307012954914 0.26095158361166465
0.023449724507885378 0.01395138849180999 0.2609545603989099
0.02338718910392841 0.014142841313119103 0.26101385194101084
0.023416594631107263 0.014065365028877619 0.26101855948298724
0.023363343544981506 0.014232118065666821 0.26104896467905625
0.023314843121208975 0.014405523604866466 0.2610833597145813
0.02334389433142041 0.01432390297081626 0.26109970803506044
0.023277486995896934 0.014538130119371828 0.26113045734416507
0.02329208615864599 0.014491218620273416 0.2611272467056984
0.023316388821685817 0.014432303825720083 0.26117729926259525
0.023242647450762835 0.014666802978909155 0.26117147799400553
0.023273147607330416 0.014574391856744473 0.26120774982122197
0.0232140369864082 0.014779654540743481 0.261242966526799
0.0232399343234211 0.014700348094929316 0.26127762140939825
0.02315735289994672 0.014914872039227367 0.26127730578342734
0.023182910567183614 0.014858103723468241 0.2613075883076168
0.023216621133665294 0.014771311083845495 0.2613294630788109
0.023153275826310618 0.014940727634878803 0.2613776727010052
0.0231826089349612 0.014870361781523234 0.26140101497206936
0.023110904495567818 0.015039102763999779 0.2614459143195493
0.022939467807942066 0.015433794235346743 0.26155596931253877
0.022969434490144006 0.01536443284537542 0.26153668182594625
0.0229026673149631 0.015518149524594071 0.2616323387140848
0.022938815744973154 0.015444230389212776 0.2616458024740459
0.02296852393161264 0.015380893106846538 0.2616667035555743
0.022850473605972213 0.01560990135606738 0.26171342731724867
0.022893883243670823 0.015529977030112774 0.2617620959270047
0.022774834986161452 0.01575770354039968 0.26178834844110377
0.022815993049127486 0.015683852875178372 0.26180665834277594
0.0228486311168776 0.015618054936267833 0.26183305421875436
0.02273608987351193 0.015827588425952333 0.26187708052727937
0.022762081385851063 0.015785264216633343 0.2619071036915337
0.022634634305149046 0.015990127403657017 0.2619762515622386
0.022678956554667423 0.015929757685716806 0.2619690016344147
0.022717505755897247 0.015853601690228702 0.26200940215836876
0.02259011403998576 0.01605730639879882 0.2620669728116873
0.022617817772715945 0.016016933628784424 0.262074624114464
0.02266689722590995 0.01593963938937093 0.2620784225388289
0.022567463514452005 0.01607455782147571 0.2621800483559427
0.022607139755023417 0.0160157706562275 0.2621846700045871
0.019404462006146497 0.02184486447591305 0.26781738048641135
0.021858140565814824 0.017797894225191513 0.262554729434014
0.02181006501778099 0.017960364106060944 0.26257302027575324
0.021790381489381824 0.018046953039881464 0.2626362651028112
0.021808462099896668 0.01798033297918078 0.26266243042596327
0.021769010680750836 0.018158517281931186 0.2626958104077003
0.021798829274510698 0.01807746120947512 0.26271287747201133
0.021743368106953195 0.018241371102850568 0.26277118636453056
0.021766470665385798 0.018186638145031908 0.26281861606221346
0.021736195954799892 0.018278550730746745 0.2628654680801651
0.02175924844524299 0.01819657225327226 0.2628560331442707
0.02170276177922162 0.018371262304741287 0.26295682794909486
0.021678632097437478 0.018453308275537206 0.2630271252017663
0.021605856767156983 0.018655837218830573 0.26317677897729846
0.021629120783307976 0.01855987636269807 0.2631897017882481
0.021608093128190134 0.018671034682926524 0.2632741688200665
0.021582023139407318 0.0187511374114413 0.2633474893190375
0.021597399666506117 0.01870192872749965 0.26336689656611445
0.021547474556949296 0.018842676160401695 0.26341734320789784
0.021518560536425937 0.018948165619222357 0.2635276885675415
0.019421178616350135 0.021864976480525822 0.26792225078875553
0.02145443306667913 0.01911427614678579 0.26356947124405306
0.021413208883512877 0.01921041794463796 0.2636730232885912
0.021442972221428123 0.019143590140924205 0.26368371140193897
0.019347605994458325 0.023170917850939943 0.26943294031319426
0.019281767689812643 0.02324370419025834 0.2694180043381672
0.021378182436462938 0.019303970952228577 0.26374884165627227
0.021405452155173754 0.019231626585678674 0.26377719531511795
0.021337692133073224 0.019397076529287127 0.26382141780560514
0.02137913325535719 0.019316591241201497 0.26386949678111027
0.021331626332072584 0.019414270158635172 0.2639618697004591
0.021250652582980145 0.019567807552089922 0.2640417227784776
0.021289949014624276 0.01949952473654676 0.26403168849417125
0.021246377666835917 0.019581241794877913 0.26414881634837173
0.02115635671566754 0.019742315457515702 0.2641809021794379
0.02120198138884785 0.019670742683972953 0.2642259040481169
0.019579533026091805 0.022225156542223734 0.2686017795438282
0.019550429302021638 0.022175948220969077 0.26849933643491136
0.021106452647009444 0.01984142549332113 0.2642982706182706
0.021168591367676487 0.01975021458447712 0.26431631813892376
0.021055524740352716 0.01989272424549715 0.2644327170345439
0.021093079012322283 0.019847541675059033 0.26444485684448643
0.021038733759958565 0.019914948518422626 0.2645759823351939
0.019470651327787802 0.021970781995572897 0.26823256708644005
0.02097905755659743 0.0200044675317671 0.2646665773941223
0.021023875782544124 0.019938638834602784 0.26465006620541165
0.01946413550423444 0.02200099839796149 0.2680569199658541
0.025674506583458732 0.008705663590096557 0.2594334791713446
0.025709547466226196 0.008596393343261621 0.2594613278803184
0.0256999745664635 0.008616753501982322 0.2594142941857261
0.025649859703340668 0.00878195296418538 0.2594066720677789
0.025657734945924895 0.008775417415701925 0.25948032290932377
0.02573045152820952 0.008521473772231225 0.25942359563191963
0.025626114986291942 0.008880538892475587 0.259455321495889
0.02574950516621191 0.008444685646497696 0.2593966055962545
0.025586543356710373 0.009005137087346793 0.25942279538995705
0.02578020349684436 0.008318706378401042 0.25943820979683807
0.025767975883057 0.008345318717896733 0.2593541504526363
0.019294265281234763 0.0232300915936183 0.2694476485622482
0.019385877567615395 0.02311364840008187 0.269440654267206
0.0193617405810506 0.023148884986062712 0.2693664573219321
0.01943469835725825 0.023036500696656886 0.26936239823513874
0.019502522273393386 0.022906212695830402 0.2692668966768231
0.019529180830350407 0.022840452029831343 0.26918312400437955
0.019565416925359208 0.0227362451304014 0.2691017498522813
0.01959105673511652 0.02263577009767867 0.26905076795593585
0.019605037059357053 0.022548208330318814 0.268998900297121
0.025786517086993192 0.008256933952336565 0.2593794945717466
0.01962225899800317 0.022445361996486807 0.2690364529780717
0.019614694067109015 0.02246434476781836 0.26895184030045693
0.019624845585114764 0.02235827533645912 0.26899744113612156
0.01961955012498004 0.022388533957515583 0.26891088163662136
0.019607527594957014 0.02240276014318593 0.2688232440618425
0.01962231653367158 0.022294933558176022 0.26896058153326524
0.019618175852419054 0.02230843364333135 0.2688872515976348
0.019608352643128074 0.02231925503403523 0.2687902206816211
0.019598988510695914 0.02223802162624161 0.2687650191344061
0.019588789931429415 0.02225009856229726 0.2686603219544228
0.025795091591340538 0.00818798166730117 0.25934991738351654
0.019572410776268714 0.02217748310697709 0.26862746266920734
0.019566314074615412 0.022210625771604098 0.26854815532143694
0.019545415274142025 0.02212258283049673 0.2685551338284361
0.019534162687597917 0.022132105313448225 0.26846590484931776
0.019511327484875163 0.02206431546924792 0.2684115550283436
0.01951544769544128 0.022094211420802035 0.26833925835521427
0.019486754928585093 0.022007675888874867 0.26831381938227455
0.01948428528644891 0.022019551066755516 0.2682114427032015
0.01947016301792659 0.021999176453573077 0.2681329692932498
0.0194543615189241 0.021948301376831014 0.2680778272893348
0.01945152413431482 0.021966312162437385 0.2680128042122743
0.01943237344844706 0.021902886863923443 0.2679611813816738
0.01942248757812709 0.02191428797965439 0.2678831959084874
0.019410820058451836 0.02183725496021882 0.2678780905386414
0.019399883396609793 0.021864690001717646 0.2677596545220514
0.01939377313238913 0.02186457025012012 0.2677028430757513
0.02553245917029079 0.009157166274995687 0.25948673051162086
0.019390387728559624 0.021794798539713778 0.2677450941948831
0.019380601116006257 0.02179504608709315 0.2676513273098169
0.019367820127850766 0.02178344696116752 0.26755308207166495
0.01936105888680903 0.021706845942856157 0.26752638599305345
0.019351224076060422 0.02170871695529447 0.2674345156675398
0.019329685124068796 0.021683187189522057 0.2672847341563086
0.019333329903264848 0.021609951710545194 0.2672833126417447
0.019322289163683587 0.021533913323490972 0.26723014395581324
0.019312046332489702 0.021533014304575104 0.2671336154497949
0.019306996750897865 0.021459132447276985 0.2670976833501077
0.019299648522174487 0.021375866861611137 0.26698827101863476
0.019282139423594094 0.021242024916607094 0.2668266418278169
0.02566368642947653 0.007653595387764889 0.25925573518998263
0.019278320842269867 0.021088410523539713 0.26675893662506833
0.019280885884921675 0.020992759851859 0.2667489059639127
0.019270690049042458 0.020917091831862966 0.26670245488663136
0.025813612092288184 0.008065007435586746 0.25940998732590786
0.01925387262771816 0.020846529164413208 0.26666666394919764
0.019233057869894363 0.020728578566624634 0.26667906806295294
0.025805204161330274 0.00797622621742583 0.2593637322840328
0.0257937617406198 0.008004768874532886 0.25929573272643464
0.025514531099409543 0.009218133608094037 0.2595443201423659
0.028858052576049856 -0.003838119534124107 0.2634603788120701
0.028873958602747885 -0.003860502129702681 0.26354765042102657
0.028930853834528376 -0.003760903145747563 0.263427466257778
0.028946074297628882 -0.003784668631320709 0.26351588669997594
0.02899995782750795 -0.0036834831037940163 0.26339746954865517
0.029015251336221348 -0.00370760177256918 0.2634860279254907
0.02902812384057485 -0.003729640207827678 0.2635763744484068
0.02908147912854847 -0.0036279867151824408 0.26345805200261446
0.02909529128269301 -0.0036513764224319067 0.2635475496896945
0.029141760313398865 -0.003549294642923362 0.26343557499399206
0.02915680517671681 -0.0035731196946844346 0.2635242099509579
0.029167825175778435 -0.0035961831455538773 0.2636163029466453
0.029212037219620762 -0.003495654694404826 0.263506583329945
0.029223634132521464 -0.003518696692859258 0.26359833221777695
0.029274104686688264 -0.003440477360718397 0.26358419727378934
0.02932205093270511 -0.0033624009668624666 0.2635729992732828
0.029367748353805956 -0.0032839405882978956 0.263563036522646
0.029411695896835892 -0.0032050394361410883 0.26355425400307864
0.029450428510174806 -0.003126216002269644 0.26354997201327857
0.029457102834556118 -0.0031476300486548703 0.26364272673127964
0.029483211018476167 -0.0030477438367937926 0.2635500824442867
0.029540963052916536 -0.0028914205633968626 0.2635608463939551
0.029566464920031288 -0.0028139549839355515 0.26356908103252497
0.029587339788756523 -0.002707214250251777 0.2635132916847214
0.029593000582945603 -0.0026226442647764303 0.2634277113104183
0.029605664009654004 -0.002630841457740285 0.2635046207913132
0.029612196959639354 -0.002537507836165631 0.26341896474279203
0.029627911818535385 -0.002543954217306077 0.26351403763524867
0.029637492551848027 -0.0024542495467260728 0.26344074822861074
0.029646810852713604 -0.00236069184004728 0.2633579724242355
0.029657114739232965 -0.002374068569750365 0.2634294433051944
0.029659640108455017 -0.002271043980326626 0.26328806393087
0.02966834059944247 -0.0022767453716290853 0.26334446841201997
0.029685458947527568 -0.002170433435216057 0.263295363051468
0.029687874712040027 -0.0022093216650821423 0.2633783586619525
0.029703650399246946 -0.0020961451884888294 0.2633117958717536
0.029718025304626305 -0.0020204301878150033 0.26330878388432066
0.029719795876511995 -0.0019679196200655946 0.2632657629132736
0.029710356659001652 -0.0009639478214359398 0.2631147012774122
0.02970148741256072 -0.0008898777797859414 0.2631254661878872
0.02968051943002674 -0.0007840733477423867 0.26309051098843994
0.029650741809997307 -0.0006639765403627096 0.263071715850702
0.029659576743812477 -0.0006745620476454328 0.2631368939933577
0.029619680854303686 -0.0005616126357644857 0.2630166722301197
0.029634473546668615 -0.0005979436424269347 0.26307454280992926
0.02960688614622077 -0.00048255635170030287 0.26306685214836445
0.029622600258835223 -0.0005264146615628351 0.2631376105515455
0.029568066030952425 -0.0003823883840629594 0.26299113717553907
0.025795311661547908 0.00790388681717219 0.25935471890403405
0.025777923169256436 0.007908650924889404 0.2592845976910277
0.029429118954923263 -5.706281035655625e-05 0.2628444140738966
0.02935624010753283 7.43014973835221e-05 0.2627506236140672
0.029373699583862996 4.06921348860001e-05 0.26281722834617227
0.027177350326336586 0.0021821481923030572 0.2607843189921393
0.02719284113563092 0.002159731857331426 0.26087399546203993
0.0271999502216915 0.0021397755617171277 0.26097017640901354
0.02719338548152358 0.0021223966306624376 0.2610794156777859
0.02717514455456655 0.002107910429212545 0.2612086786169885
0.027256398288610012 0.0022580733403191333 0.26074611452042246
0.02727470229784685 0.002234827875248757 0.26083345273256076
0.027284440276167693 0.002213037973158083 0.2609280841916275
0.0272806927049676 0.002194993717455185 0.2610340997355172
0.027264206331750904 0.002179324024942808 0.2611625851208135
0.027230465245204248 0.002153262856673388 0.2612475998182904
0.027350963750976405 0.0023107433076882677 0.2607978024480726
0.027364277896577742 0.002289219494176098 0.2608887811240291
0.02736429651067309 0.002269566874091633 0.26099138309027403
0.027348177487992842 0.002253090360774035 0.26110732130880754
0.027336657745836282 0.002248319260944265 0.2612185217627053
0.027422375442540288 0.002387346018987546 0.2607669188354343
0.027438120372342598 0.0023662223705311347 0.26085501044435033
0.027442513472323744 0.002345332221110552 0.26095372570319986
0.027428832197976358 0.0023263584947841864 0.26106870230317364
0.027407472318841615 0.0023133129420806475 0.2611842539562038
0.02748765483334032 0.0024643567116223175 0.26074129300165894
0.027504857428938642 0.0024422488422540245 0.26082835596115767
0.02751146303501517 0.0024215258362361713 0.2609244432968994
0.027503347434557797 0.0024013776990430835 0.26103674957231116
0.027482564402539593 0.0023864209942861536 0.2611713071624462
0.02756493270931306 0.0025190179423345005 0.2608072359644539
0.027571778134826995 0.0024981007786363807 0.2609028876519056
0.027567466197550447 0.002477654392107731 0.2610105534862025
0.02755705300835034 0.0024674207964740513 0.26114511144810404
0.02760416034339805 0.0026154228400768753 0.26070380642459523
0.027619121289641557 0.002594823906017174 0.2607921748810891
0.027625594363991687 0.002574165818514551 0.26088776711994344
0.027622679796627192 0.0025539643350134256 0.26099110209060405
0.027655927685298842 0.0026916247779536495 0.2606909848967474
0.027670141690195778 0.002670547847016813 0.26078041791775797
0.027675944601378066 0.00264972442808159 0.26087645428142126
0.02770382658323236 0.0027685187810139733 0.2606818121888532
0.027716986214193204 0.002746925891831009 0.26077210351207813
0.02774859283787768 0.0028455336041893764 0.26067444684050506
0.027760570313387793 0.002824143101643417 0.26076520092515826
0.027789640744003842 0.0029231540172529047 0.26066956305319333
0.027799857629223164 0.002901996810967755 0.26076155685341174
0.027826818411172426 0.003001969286131112 0.2606674639687371
0.02783548830561413 0.0029795530757166233 0.260758556920391
0.02786366349585128 0.003087166398876129 0.2606766169799855
0.02786413365528405 0.0030528304953430507 0.26075446104256367
0.027886034107451135 0.0031987471564315917 0.260579728148947
0.027885109023231172 0.003162981365446904 0.2606523857274535
0.027899396212779717 0.0032899813814730727 0.26046693525146547
0.02790941320813084 0.0032611369091368747 0.26058911717492306
0.027907979407342222 0.0032404493767044795 0.26065922026199595
0.02791386650608485 0.0033804464118828426 0.260393024430305
0.02792766521724447 0.003350772461082563 0.26051902268590493
0.027928312555563037 0.003337553906782087 0.260592396159145
0.02547116256513185 0.009327017463755749 0.25948635812367393
0.027942424897481187 0.003456716136980509 0.2604248606724572
0.02794524136949479 0.0034374060152715935 0.26051588536847414
0.024527460418014596 0.011671787392269428 0.26019941725625967
0.02794424964587263 0.0036237930107125838 0.2603752042211419
0.024588253255521816 0.011555733803804924 0.260172768923998
0.024562846798193524 0.01159304831948732 0.2601290307467906
0.027926954989848242 0.003784624267556269 0.26042089975588084
0.024624386119800237 0.011484366638534138 0.2601154379206904
0.0246048669667564 0.011506939779949266 0.2600647040567423
0.027907309690498323 0.0039032941674949084 0.26040900874826933
0.02792414314645137 0.0038688238759780336 0.26049281410826153
0.02539356896852734 0.009563673694990671 0.2594847325518801
0.02467777998004264 0.011371930408665853 0.26006848615393546
0.027887188160803822 0.003994642993543518 0.26036953904188215
0.027905192590506944 0.003964382065784922 0.26044662485745323
0.027880171608063872 0.004074920791731107 0.26041055410747777
0.024712553994558753 0.011286459507320823 0.26004489399554104
0.024698925549434717 0.011310968035783242 0.2599732883315464
0.027837541117741678 0.0042140149011969386 0.2602858158470811
0.02784939099851553 0.004205558852509839 0.26036877023796096
0.027862707328330863 0.004154247698839153 0.26042157469013344
0.024755264175933836 0.011194661417873952 0.2599970848689981
0.024738837847301402 0.01122990793866796 0.2599217205525109
0.027808922710664444 0.004313925283465692 0.2602628043523171
0.027821807212027302 0.0042937780864941155 0.26031164119475003
0.02779860019444135 0.004396656492488937 0.2602930453991305
0.027810505930278895 0.004349025035160159 0.2603287166974934
0.024804430302795652 0.011076490887217794 0.26002238006525846
0.02478376793190549 0.011108576943893167 0.2599526894611842
0.027753201495434678 0.004534164389998929 0.2601501266587537
0.02778023123606544 0.004478897862930931 0.26023909769059705
0.027747389736729855 0.004595941457294861 0.2601640981016664
0.024829213696304295 0.010999810593611159 0.2599701944074721
0.02771218300670291 0.004704832291302641 0.2601319945671272
0.027655464827159894 0.004856522444772027 0.2600484987034586
0.0276824894188369 0.004805280569778414 0.26013914527974163
0.024877539555474032 0.010912870374628292 0.2598638852368482
0.024871533764114155 0.010930668230111962 0.2598151955109266
0.027645292066367892 0.004907941619396838 0.26011025160637635
0.024903799079438238 0.010844013429050114 0.25983330655396597
0.02488771142518785 0.010881203522752902 0.2597592682178751
0.027585818819544763 0.005023306404062788 0.2600401927991408
0.027537144457269395 0.005125367112029322 0.260012823867001
0.027555464940334132 0.0051006692014178845 0.260090553305515
0.02494435152483132 0.01074208996094872 0.2597829454904067
0.0274968789229977 0.005228384871599268 0.2600169697641299
0.027451391819588535 0.00531981480615723 0.2599856451477689
0.027463030316260587 0.005309617489993312 0.2600511590626135
0.024972772210716143 0.01066560776420955 0.2597305356411816
0.02740415403239673 0.005429119184250264 0.2599313714949443
0.027418414168138276 0.005402752788421505 0.2600236296235815
0.027325755040470558 0.005577446466084435 0.2598616646148776
0.027355909305562434 0.005533583750555182 0.2599079371756795
0.025024388184676324 0.010560564434931696 0.2597390624346209
0.02500973532776176 0.010585474319297905 0.2596974258996414
0.027279717490489436 0.0056641285521731866 0.2598283248946771
0.027293848616974675 0.005661865507310071 0.25991990750215366
0.025052354555193446 0.010488490603247913 0.2596922736987273
0.027244175415177402 0.005758449026018908 0.259884123059486
0.027168961087153068 0.00588963909458512 0.2597890353059662
0.02719415058648146 0.0058482794594008625 0.2598415456059179
0.025084672704502542 0.010398677649971488 0.2596211282227714
0.027117851287008304 0.00599702674709407 0.2597758352977173
0.027064823020234705 0.0060980846663760135 0.25974627594770083
0.025137878960110223 0.010288743355240493 0.25963931923171
0.025120104894868225 0.01031485342378019 0.25956846795701705
0.02516842578805914 0.010196736061613643 0.2596043066893613
0.025772971805058525 0.007815982646295405 0.25934286149055186
0.02519524790011328 0.010122687123781615 0.2595516601699045
0.026886992194804525 0.006482875202017513 0.2596868798088738
0.026819032605169373 0.0066279300561538634 0.2596257058179291
0.026835406244289317 0.0066049294003321934 0.25970786308038196
0.025239624796253683 0.01001291553409217 0.25956150237423015
0.026790024381203446 0.006689043801753225 0.2596817451999846
0.026738697465421846 0.006774098848764898 0.25973172408846956
0.025263514811195903 0.009941662442644661 0.25950212747090196
0.02529171177304962 0.009849508720658318 0.25945619186634206
0.025431222814826966 0.009445260849010817 0.25942562429217125
0.025437639458342126 0.009437140064949334 0.2594898167820141
0.02575979944883844 0.007771934037945516 0.25934594812853684
0.0257340402875742 0.007769352851645095 0.2592622342904439
0.02532470334284531 0.00975471892538815 0.2595009880630005
0.025701462379686707 0.007646801204300613 0.2594160614247565
0.025355138740823943 0.009663252535810685 0.2594354790305886
0.025704741669891756 0.007658875917543273 0.2593724527128304
0.019274378520168098 0.023248314546405358 0.26951245231002563
0.01932222702665111 0.023202078156111194 0.269447157326758
0.019419810071935356 0.02306227697328428 0.26941299808418373
0.019454797329456208 0.02300193045791868 0.2693447190691469
0.01947322484386732 0.022960937800499237 0.2692633945571575
0.01962557102608528 0.022333717435364553 0.2689458976765051
0.02115285794985236 0.019784309473919792 0.264286962201237
0.021221153779793257 0.019630370024860178 0.26423772338488327
0.021499783798389578 0.019019988581546132 0.2636039016372327
0.01922454596964583 0.020680727097838136 0.2667287671242029
0.01919704689098041 0.0206310089945434 0.26669554913092625
0.021609423090795957 0.01867500437384717 0.26333903055727315
0.021616428668054168 0.018637137930088643 0.2632650888794158
0.01917112945990336 0.020570196394989748 0.2666883679470483
0.02164065615774522 0.018541517921466966 0.2632803541338997
0.02165340252944717 0.01848235666617265 0.26320017899947246
0.02166233707885306 0.018462587537116493 0.2631100170636942
0.01915324696754045 0.02050408792061348 0.2667299893632008
0.0191230557261714 0.020467165997034076 0.2666595192794503
0.021794564004608566 0.018113993096595338 0.2627609966988972
0.021790154677402057 0.018080217892777473 0.26267493019065713
0.021811790357538566 0.017985125245711497 0.2626946916005012
0.021811574329489235 0.01795814236729998 0.262625982104036
0.021823187338157565 0.017924095814847607 0.2625391210374078
0.021839967871475754 0.017869186074181587 0.26257221756564786
0.021875153044483703 0.017707451953262676 0.2625178512559423
0.021880124800643067 0.01766496282768687 0.2624367431993234
0.021911393473521418 0.01761242348129277 0.2625385366739517
0.021917712997954884 0.017596275828911323 0.2624571662995302
0.02190148366523785 0.01755715259286106 0.2623889579916746
0.021929615916148767 0.017481455189672868 0.26248465122345854
0.02192093526066742 0.017403642736501024 0.2625011679771285
0.021902247396570887 0.017386195220795098 0.2624603732712073
0.02184869313881413 0.017345559086426376 0.26229610926279495
0.02179830163392367 0.017250198193107247 0.26225358341582805
0.02253116999856221 0.016110046825079438 0.2623608564725403
0.022571871103336874 0.016063386135812985 0.26228679959340473
0.022592420746868125 0.016032445199233414 0.2622097255491725
0.02263934822389864 0.01597983911631956 0.2621069984069947
0.022683563203180657 0.015920326178863797 0.2620301019852153
0.022705482603417426 0.015881335682629172 0.2619349706638925
0.022761110572600773 0.015779107775848844 0.2619539676431223
0.022857364858639415 0.015596824386853836 0.26179263192136276
0.022878167117549184 0.015563882417155062 0.26170215164529875
0.022930853723425515 0.01545600089620175 0.26172091149865745
0.022951212096356047 0.015416581521203065 0.26165523147029013
0.022991646498444762 0.015327894664981856 0.26167138576263993
0.022999671016014613 0.015308094125160487 0.2616152332690127
0.023016218593744225 0.015259051240101906 0.2615240948040464
0.02304819953590459 0.015193686564584363 0.2616291389563492
0.023063100835142528 0.015163491643363947 0.2615446154914799
0.02311705859395577 0.015029447523269124 0.26147959839886675
0.023134651610031226 0.014987881848002926 0.26139273920865047
0.023170542871669142 0.014904357298405835 0.2614178100174256
0.023181945408714252 0.014863180854465696 0.261355193159365
0.023190076643058263 0.014840987027172903 0.26125364043681093
0.023214327250018034 0.014778132162717117 0.2613639283059368
0.02322616943386937 0.014744725603947573 0.26129839614426936
0.02323164673449822 0.014725550159293221 0.2612143944901182
0.023263600193897442 0.014610181131348765 0.26122584511121794
0.02326284087413974 0.014592557245994342 0.2611563397610748
0.023283735175183007 0.014543813418446516 0.2612362258728834
0.023296686132977334 0.014488534779169115 0.2611596961653716
0.02329811867859788 0.014456632293598004 0.2610869293581898
0.023327657342128036 0.01438040089702236 0.2611157290966084
0.02335701125770047 0.014294973408030598 0.2611427946053811
0.023355216552923087 0.014258451628946456 0.26104798895108083
0.023392932555586485 0.014149698793966603 0.26106866785402416
0.023399987911273915 0.014105876745864054 0.261007838506204
0.023434600026531874 0.01399124513809552 0.2609491931826242
0.02346123580920423 0.013916502496559569 0.26096391339721725
0.02347769037469627 0.013843758037887732 0.26088794803532767
0.023510546834813337 0.013768439673709998 0.26091437866048434
0.023508718617300722 0.013745933824461154 0.2608267165268671
0.023544428172810328 0.0136535480524001 0.2608552428702358
0.023551352651231115 0.013619576893832364 0.2607741062861066
0.023578143955923128 0.013544541334857052 0.2608163764065483
0.023590225460907235 0.013485778415024297 0.2607267370140356
0.02361421498371539 0.01341370322823654 0.2607686759022535
0.0236162764033548 0.013364765085649877 0.26066858641204976
0.023644310173301444 0.013286585797477823 0.2607068396373188
0.023644015698799106 0.013262344671923887 0.26063753689771463
0.02366818382181239 0.013164392895681942 0.2606576870406684
0.023682797452442825 0.013095840612301735 0.26066511754153693
0.02371081472961291 0.012977651095286702 0.2607079552859655
0.023697933140327476 0.012991719522673473 0.26062494187916674
0.0237278915775539 0.012892013447663941 0.26072523979562134
0.023723081381895043 0.012872696967314634 0.26064163213266733
0.023735260162199498 0.012798902130863599 0.26067156440327044
0.023720936399939482 0.012759048160454756 0.2605938662625117
0.02369837473236433 0.012663384488848739 0.26054896332061367
0.023673031952121296 0.01263744213135215 0.2604850335773241
0.023690931449683247 0.012603463613186372 0.2605963209134872
0.023647057571115765 0.012548752369459126 0.2605088976374718
0.023610921317604262 0.01251060812398197 0.26045107306121623
0.023603405129242437 0.012447665092570004 0.2604959878361704
0.02356972275605912 0.012440306224563158 0.2604019833192661
0.026683296255025676 0.006868793783335214 0.25977835106835623
0.02669899900409494 0.006839184964255285 0.25974296289795484
0.02676453680130856 0.006732182769626449 0.25973243453241196
0.02681831323863694 0.006637892877504992 0.25966935002375896
0.026858983895149187 0.006552206672291561 0.25970696029143914
0.02690735833749215 0.006433754657279689 0.2597116117500975
0.026953495155281393 0.0063311440823500265 0.2597231619776663
0.02703692644390998 0.006162446148294476 0.2597675506386413
0.027039251617424646 0.006145541336324778 0.25971345154160264
0.027090028906376712 0.0060404524085445055 0.2597270847945036
0.027128955433337494 0.005966763514770268 0.2597518864584216
0.027167115149002788 0.005898022689673543 0.2598365221646298
0.027269599833560185 0.005710419528102695 0.2599017078079864
0.0272592747414113 0.005704262901521151 0.25981563722694234
0.0273085431171316 0.005635927318219824 0.2599340040234216
0.027350568547688574 0.005553887273903824 0.25995006932189785
0.027393925414723408 0.005456701113390194 0.25995072870459374
0.027429314258395086 0.005375156599332909 0.2599778745158865
0.027470635036605358 0.005282879915487149 0.2600154577063647
0.02751940954676106 0.005182209561534479 0.2600323052371663
0.027553491147933866 0.005098306814265485 0.26005458787530067
0.02759116510874389 0.005020748930389229 0.2600828232826028
0.027629257056173126 0.004945450967492604 0.26010565492784954
0.027665197069226995 0.004855492539989292 0.2601155627673117
0.027693793980384372 0.004771941733403451 0.26014220059926374
0.027721522437471564 0.004681964144797934 0.26016164303265843
0.02775227510244055 0.004597020534134966 0.2602010239773507
0.02776864783256308 0.004533938772569968 0.26022444104946024
0.02778894137224057 0.004433403699215577 0.2602580790602961
0.02780802266478532 0.004340779820694474 0.2602868100401356
0.02783092604462064 0.0042562588755192254 0.26030159987511764
0.027849132347269497 0.0041915064063118845 0.26033006208823267
0.02787095485824708 0.004120231468654922 0.2604390002843653
0.02786891842883648 0.004112593984948343 0.2603750404344758
0.027890109288389822 0.004043132039256048 0.2604586054365522
0.0278891952352755 0.004024193403235843 0.2604048934707289
0.027902947920941903 0.003948594438601238 0.26040965690259427
0.027919998099996186 0.0038611332308322033 0.2604541782056951
0.027921995520112486 0.0033029096586924545 0.2606503059444789
0.027910885343090733 0.0032349012102422803 0.2607243113449977
0.027896892533727964 0.0031626204323157436 0.2607402765643345
0.027276152023784347 0.002195322273750022 0.2612814133761947
0.0280410679117118 0.0013741674143165628 0.26231561442987095
0.02817695100822415 0.0012568381681038465 0.2622792495035632
0.028250919531429025 0.0011734875276526724 0.26238875700701053
0.028267432348354375 0.0011445387466596513 0.26232133730620877
0.028688299648401784 0.000766335268144569 0.262433372795184
0.02878344517478227 0.0006873182823335933 0.26247666115809054
0.028910247971440574 0.0005827672242595949 0.2624801202931334
0.029101646487777674 0.00039754020079241226 0.2625850635116921
0.029190759661157153 0.0003225795736466752 0.26269863208000277
0.029251552718915996 0.0002442332104073963 0.26269801232560785
0.029299133532489405 0.00017001496118684845 0.262782829247636
0.029348473304449813 9.144816494616181e-05 0.2628139568420077
0.029397608688573072 -7.031848909877514e-06 0.26281460707117477
0.029432871979650957 -6.200257318522695e-05 0.26291774602974527
0.029438394166225804 -7.663545427144536e-05 0.2628561142348132
0.029466910664997514 -0.0001331273678177869 0.26297436662041984
0.029503973625799304 -0.0002078966907627655 0.2629931780260814
0.029536523098072053 -0.0002922570294970339 0.26301570354501896
0.0295700136429033 -0.00037553460379541326 0.263030457796131
0.029600832787126233 -0.00044841145692708917 0.2631293061826985
0.029599009809991618 -0.0004524306047023474 0.2630810497395481
0.02962245821528864 -0.00054648964607662 0.2630800791599371
0.029647508467803722 -0.0006351869841767499 0.2631083916936081
0.029671604677842793 -0.0007264163176293192 0.26314197868483324
0.029685675684084124 -0.0007888807166644973 0.2631386162100707
0.02181508208121824 0.01794875307742866 0.26254987674342634
0.021687997096010644 0.01839292617602417 0.26291948207769367
0.021718039738154282 0.018322374737739455 0.26286962537594766
0.02174333849493186 0.018255465999878873 0.26283180307428033
0.021771278290552434 0.01817827148846729 0.26280009541702526
0.02179841676755443 0.01809781898906271 0.26277264025347497
0.02180675264844454 0.018034379901957165 0.2627101184707349
0.02181635460620912 0.017956372095586037 0.26267592816286484
0.021836019033138934 0.017890092966037163 0.262632742669933
0.02165453371629926 0.018508568112047263 0.26305909851243947
0.021688492367875484 0.018412409496819382 0.26303099941991703
0.022879513565217016 0.015554962741247957 0.26163585189672917
0.022923031717279135 0.01547401330223419 0.26159990811751144
0.022959670637304544 0.015395207540151667 0.261561368242032
0.02156100587823491 0.018805742924230096 0.2633439903326293
0.02158430875180825 0.018739948483080804 0.26329930928522577
0.02160907087176514 0.018658146692948685 0.2632586640746048
0.02162651935699006 0.0185839113800641 0.26324288630593246
0.021661478215463034 0.018459516239156093 0.26314835772595396
0.02279539217267594 0.015725945429484633 0.2618158669562111
0.022831380899846945 0.01565035919072144 0.26176371030729423
0.022870764030193752 0.015575539743667044 0.2617562905844849
0.022914110071794162 0.015493675129136353 0.2617285031850868
0.02294743664919345 0.015423129711914896 0.26168824776622296
0.02298196967586376 0.015352301442940086 0.2616352165548185
0.023016771462433194 0.015264842076326501 0.2615988384770364
0.02304297014741883 0.015209828312817586 0.2615766820687172
0.02307815210935392 0.015119718107579616 0.261526696808226
0.02150155767681783 0.018989482210024833 0.2635148166022833
0.02152890386223151 0.018912534383773993 0.26350765017509836
0.021624696020706193 0.01862833303880368 0.2633581979539982
0.022732445335998733 0.015828573645989774 0.2619655215516277
0.022779125660586465 0.015754911029978558 0.2619217980053538
0.02281453437744182 0.01568567153052064 0.26188732312920504
0.02140418172020269 0.019232453448270126 0.2637515036804241
0.02143437468740958 0.019161071821786668 0.26371058317417345
0.02133693529697135 0.019405376122861195 0.2639421529659588
0.024511763835448508 0.011699420669936067 0.260162319076235
0.024545617823492252 0.011631045021196662 0.26014084212223776
0.024583080260541096 0.011550024860618735 0.2601028500231869
0.024635872727790706 0.011456634568290103 0.26008040141520183
0.024664860093633542 0.011390398035397487 0.26002269125030986
0.02469558049972191 0.01132249837236421 0.26000341972183544
0.024743451432790525 0.01122659103168655 0.25996195353595747
0.02476338661008197 0.011161098700096406 0.25994708875175987
0.02485618246512357 0.01095809962957417 0.2598277424285898
0.024885236970566015 0.01089554173068924 0.2598036099608212
0.024920043274928888 0.01080100778445292 0.25976363487000725
0.022513475167806496 0.016129395735778096 0.2624103417948016
0.02256841299506318 0.01606291707731361 0.26236279816951835
0.024325514361091982 0.01193980774039205 0.26036139149737736
0.024400433151540446 0.011852540930818778 0.2603729131849554
0.02445564776198115 0.011788135645820208 0.2603265336101608
0.02449979546280384 0.011725428015112616 0.26027667537450094
0.024542286149237237 0.011647420737922798 0.26024639568375213
0.024744604013443874 0.011217952066685133 0.26006146278146536
0.024781116381689783 0.011132687550338027 0.26001141905541336
0.024808254126046397 0.011053538175689492 0.2599527534230211
0.024852051533556435 0.010956026475907266 0.25992980122702614
0.02497038866036621 0.01068567553612032 0.25980226314928184
0.025003404753109144 0.010603145520949597 0.25975243450675656
0.02507011269252321 0.010439989437183883 0.25969498258207724
0.02509679874364673 0.010368664278717521 0.2596628416573056
0.025114858771848575 0.010336171742381217 0.2596242181183198
0.02514634304862015 0.010258774801308823 0.25957875174471456
0.025171630095982153 0.010177403302752686 0.25953749122898306
0.025201759529864892 0.010094009302026974 0.25951293841739537
0.025234111985697444 0.010008917683286656 0.2594815182069925
0.021197905067085188 0.01968046802992862 0.2642814382227027
0.022427819642975348 0.016243044996194556 0.2625393751566608
0.022490231696064233 0.016159523037384715 0.26250345249353846
0.022547544917391138 0.016081450204656955 0.2624997188959448
0.02526021158961453 0.009959404317080256 0.2595660912295368
0.025280900590438075 0.009896385042144629 0.2595276955796334
0.025297267055961706 0.009835087709074708 0.2594849754407669
0.025315451946668913 0.009776884553202192 0.25945941693344643
0.02114336144840695 0.019772892007494325 0.26442809151258206
0.025341151695925018 0.009711733533131706 0.259522136496359
0.025359644359833955 0.00965965553373238 0.2594811324189994
0.02537699075867869 0.009612386019825558 0.25948178579647885
0.025420240578674314 0.00948551832177208 0.25949993388896714
0.025450696989623656 0.009391910371425838 0.25946649875678474
0.025464528553370752 0.009349786857391185 0.2595526051009742
0.02549124238270839 0.009271101495208989 0.2595126356176103
0.02551322272656692 0.009209307213175144 0.2594758553703058
0.025536149805544653 0.009159779447877048 0.25954830637246673
0.025558508607519924 0.009089776655039405 0.25951217460017195
0.025584532379285436 0.009020189934278777 0.2594773488066149
0.02560965254530087 0.008937500488668149 0.2594327019999659
0.025643852490890295 0.008823987712405834 0.2594794222316318
0.025661269662145693 0.008753008918592098 0.25944058162048556
0.025680302837699745 0.008676260127505775 0.25938941119743564
0.02572079876949939 0.008555913728987397 0.2594491940308524
0.02573325720680901 0.00850076491716023 0.25939033884931456
0.02576996253607628 0.008367442359673738 0.259436584296319
0.02577841109580256 0.008304365707336503 0.25938971539971917
0.025792464553474906 0.008272314047994445 0.25946755334586935
0.025799738430098022 0.00820138938426751 0.25941985956331753
0.02580659531709715 0.008131005163629745 0.25939111631218104
0.025805701742867074 0.00805339742520661 0.25934307995239037
0.025791576957425413 0.007978655844562088 0.2592899452409581
0.02680915235620153 0.006658933129384814 0.25971805081362764
0.027131888357954416 0.005970540229753629 0.2597970646321023
0.027351309967195703 0.005554262946688093 0.25992573333071045
0.02741108392713435 0.0054237477134097545 0.2599717833046036
0.027454794890896764 0.005322180245641406 0.26002291754106094
0.027510418607379197 0.005211908744713611 0.26007008473461557
0.019051753687020084 0.023498144117610476 0.2693747318285522
0.019109660828586034 0.023434971076393002 0.26945169205086866
0.019257530544589452 0.023271173716668786 0.26941078347186087
0.019314749336076728 0.023207566125358015 0.2693941624511829
0.019436379072696464 0.02302832452108816 0.26931509570932155
0.019156696774827703 0.02337053681596646 0.269548725923534
0.019234491694546774 0.02329563278361141 0.26950549730682183
0.01930474348729612 0.023217741920131096 0.26948236294489425
0.02775572332634718 0.0016246246865968539 0.2623080062720769
0.02785565417011994 0.0015336515851793187 0.2623067761170717
0.02794562140412621 0.0014561546000468883 0.26227918373586523
0.028106791877221954 0.0013227464727827432 0.2623436598863549
0.028174097878468148 0.001259460476691121 0.2623366981915227
0.028226422819326538 0.0011920724853161646 0.26232869502448575
0.028293933049933384 0.0011286939120123685 0.2623944292485199
0.028358098558150857 0.0010639001167706552 0.2623789111090254
0.028444122539771535 0.000978292418849891 0.2623676972808285
0.0285773861078854 0.0008596862399589122 0.26243002369210366
0.028674043973279238 0.0007739596484264699 0.2624017137245704
0.028722372950230043 0.0007363026454214605 0.26248305485507384
0.028838087311551852 0.000641522209219314 0.2624774175155233
0.028883263601890183 0.0005990097556973772 0.26243499079532473
0.028962077975258793 0.0005368537867972423 0.26254301595804436
0.029030053906301367 0.0004629445698809964 0.26252412340518017
0.02902594889025513 0.0004808704035653699 0.26259003184492785
0.029086304589532992 0.00041825264285266783 0.26260294912049226
0.029206617862229618 0.00029784922325443164 0.2626555702613206
0.029250842063311758 0.00024568391287782543 0.26277376105847483
0.029291848436617696 0.00017966830994420313 0.26272279026666606
0.029328409737604352 0.0001257126407184228 0.26278538093632664
0.029365594170235113 5.733903725751999e-05 0.2627713092868248
0.029347847371658048 8.654774209049254e-05 0.26287758969566033
0.029389112730516448 1.460769430622344e-05 0.2628684732773351
0.029429709693480098 -6.309733651083116e-05 0.26282951104326346
0.02940960228524031 -2.0399592820519175e-05 0.2629335014842551
0.02945741237866953 -0.00011196757110609745 0.2628944975803609
0.02947619150780388 -0.00015247086689024192 0.2630009312039935
0.02950887044899099 -0.00022525521640670565 0.26294509415653977
0.029527975430552987 -0.0002699987351224009 0.26304909925599385
0.029553425322393738 -0.00033903645885019484 0.2630042449149801
0.029573287546730713 -0.00037271756127893463 0.26309052963833
0.02961213405880868 -0.0004925789245884271 0.26310686862804683
0.026754208249280716 0.006748402835550338 0.25973168062629465
0.026654255740166083 0.006912426569843533 0.25979896191351626
0.026548517927233853 0.007058357082531219 0.2598063972402086
0.026604351816979732 0.006992824934883901 0.25983712574782897
0.026403497746785118 0.007192809210465945 0.25982873550908586
0.02922413177724452 0.0002844815116532229 0.2627363058499256
0.029277648846161894 0.000203576390027993 0.26276811427065505
0.02932008486285008 0.00013948410295178126 0.26283144148222304
0.028004157357225737 0.0014051973071023682 0.26227413312298176
0.02785866888341735 0.0015289440135579646 0.2622798006824475
0.0279371411867268 0.001465670431090138 0.2623246775615168
0.027982257555713486 0.0014249879498360873 0.2623525000015333
0.024517775378542023 0.011691566532476771 0.2601251756410895
0.02778099022155709 0.001606976118781911 0.26231548362859725
0.024504081354352517 0.011714144559933692 0.2602260210027957
0.027594368978707012 0.0017277033601881264 0.26231957104826525
0.024386380255162807 0.011873133879666486 0.26027199499501347
0.024444297698193007 0.011801911277788235 0.26029308366672455
0.02736648241524523 0.0018222759771487351 0.2622906644103634
0.02425081980922758 0.012006133262281338 0.2602814613893586
0.024373363562599185 0.011887035696699577 0.26035176829003054
0.024082036681438906 0.012107432908335602 0.2602540868321355
0.02416421126069733 0.012071053887689698 0.26033455065680566
0.024241537629504407 0.012012520146904848 0.2603505684898939
0.0228451451992657 0.015625559238757858 0.26179291654539705
0.02279992459150186 0.0157181057069255 0.2618666900742755
0.022827983441353658 0.015657944297243875 0.2618633016926387
0.02270467666038696 0.015878946327353538 0.26188652156031766
0.022746469545996267 0.015809791409039597 0.2619238324030505
0.022699061533841297 0.01589307899483544 0.26200689002904487
0.022632063210566586 0.015982670107276276 0.2621572018717253
0.022566646854766045 0.016070677842778824 0.2622265704639374
0.022617325075176276 0.015989896358705902 0.2622461646367199
0.022546285080721457 0.01609608363158943 0.2623112564884791
0.0225967191929059 0.01602032745404175 0.2623138852698573
0.022542055884876844 0.016095200341069538 0.262389998572528
0.02253180658941438 0.016108825563738383 0.2624547420335858
0.022459150180911568 0.016198071320775054 0.2625079653156569
0.02226403798356194 0.01640290527648658 0.26249019459724193
0.022338409909045107 0.016353479234176016 0.26252331759893927
0.02239452772333509 0.0162884866669874 0.262574084810105
0.022227885639330626 0.0164199042319339 0.26255799421464704
0.022307884000980452 0.01637474602254374 0.2626096791994881
0.02173251092522281 0.01829447798910877 0.2628953207366313
0.021693788481192126 0.018391019612065906 0.2629597105399008
0.021671330945448958 0.018476746766339924 0.2630493132352198
0.02162488821727171 0.0185813544346069 0.2632068284841299
0.02164499582205083 0.01851487368227578 0.26323519802765
0.02157168631010701 0.01876822734122796 0.263269999255417
0.02160194983951607 0.018692830234591784 0.2632910316114095
0.021629834756834346 0.01859922389475177 0.2633013824726258
0.02154476363141497 0.0188435202122767 0.26334746754790683
0.021579328141833845 0.018761789307269128 0.2633898139194887
0.02154005746722399 0.018863059692642792 0.2634512556981246
0.021478234382004524 0.019067692075668496 0.26358333075728113
0.02144305427850421 0.01914681595372364 0.2636498599263667
0.021378247401710057 0.019319782558998633 0.2638136038410012
0.021398979777941744 0.019255015360874317 0.2638199561573432
0.021336274646234638 0.01940600438236645 0.2638867582384967
0.021364936177327182 0.019351465704871007 0.2639011567694106
0.021276454732422366 0.019508006322026095 0.2639368214716839
0.02131560325459872 0.019444314501274207 0.2639672118876191
0.021272032814842856 0.019533870550920374 0.26404714555794173
0.021232252845081553 0.01960186793219265 0.26409067258800245
0.02118820795840347 0.019686640046394144 0.26416788722140394
0.021232347749253803 0.01960827647862018 0.26420712889580017
0.021139353938037404 0.01978577995835662 0.26423214681251794
0.021186521445536247 0.019709341512228584 0.2642762158400756
0.02113706580183737 0.019804764161573618 0.2643334182569677
0.021076130962678755 0.019870108166126388 0.2644007728213693
0.021123273314098377 0.019804419907381743 0.2644522563980295
0.021051718010810752 0.019894929460729294 0.26447713959565844
0.02109789003622909 0.019833414759133916 0.26450780975145194
0.017799458350983705 0.02400720455829508 0.2700536119010772
0.017851237497514175 0.02400735888554059 0.2699570050303708
0.021050419591529666 0.019898106612509903 0.26457980967705474
0.01801158506775072 0.02396745421020774 0.26996866963091337
0.017898331865083952 0.024003262722877367 0.26990087820884456
0.018073659774317172 0.02395366864190676 0.26993153163404615
0.017927757121886934 0.024001684778288956 0.2698328692619849
0.021000868222811372 0.019973023216896313 0.2646403513688494
0.018105282633465142 0.023955199111565684 0.2698420829272812
0.018171619816250456 0.023941953643075414 0.2697612111655557
0.01819535242824083 0.02394140215068402 0.26969020622288087
0.02092877631313947 0.020091114852321457 0.2648001051481552
0.01836933365430042 0.02388347017257683 0.2696724176031652
0.018229226418953054 0.02393562793347198 0.2696130036933315
0.020818443338038617 0.020232047743275305 0.26482239446965194
0.02086813482796178 0.020180039731381105 0.2648403507896543
0.018482452787345366 0.023841355564381078 0.269674195049558
0.01836662382236809 0.02388678152520038 0.2696055783762494
0.018531159648370488 0.023826450878327465 0.26960120752855116
0.020737232437851617 0.020303774895977345 0.26487081396423917
0.020800595610590132 0.020255046467624716 0.26491100789923927
0.020868170570313642 0.020182826688428412 0.2649402930219332
0.018630250754499686 0.023782841582004333 0.26956400699951866
0.018749524833199777 0.023724953892708733 0.2695102771476832
0.02073236558651044 0.020308343202615653 0.26495627800365035
0.018781888619052542 0.02370512481732187 0.26944172490384993
0.01921939987699922 0.023304531121314503 0.2695621345271741
0.01916531496527661 0.02337051578028354 0.26949297451412685
0.019096735832829767 0.023442609112931917 0.269487721002873
0.019037012272629147 0.023511082860089516 0.26941873123473925
0.018954012871242612 0.023582868758951853 0.26938245184673437
0.019224058566060992 0.023308749024955694 0.26946558876960236
0.019132284751439743 0.02341673333113506 0.2693971876587281
0.01907222315901834 0.023477253141894777 0.2693428591466795
0.0205468580052499 0.02041632887779493 0.26507606185043675
0.020594083738712306 0.020388711185753916 0.26507859103711706
0.01737336378816931 0.024052871052302693 0.2700183950547525
0.017329796159513522 0.02406396521855092 0.2699401289796716
0.017284765228762475 0.024071799792791337 0.26986057573446964
0.01723875884466848 0.024078294402907513 0.26978047005201183
0.017190735168590696 0.024082965038740606 0.2696993701106007
0.017465606901478206 0.024051345467298813 0.26999827055382764
0.01742201044201931 0.02406327020432586 0.2699199896138136
0.017376688092720083 0.02407280375086457 0.2698405250723854
0.017331907353697704 0.024080177857806473 0.2697609406187564
0.017286116286235956 0.02408591422952608 0.2696809507520219
0.017595904294295 0.024034772493032736 0.2700541734880003
0.01755514570594144 0.024047436682874818 0.2699767166214805
0.01751291972240432 0.024059172616447883 0.26989902589244874
0.017467720223104083 0.024069678126813765 0.26981975932626245
0.01772349437205588 0.024014317871827673 0.2700882176993781
0.017680850334732684 0.024027319619781634 0.2700284753364275
0.01764030272570244 0.024040839446787116 0.26995292796533044
0.017600071779006576 0.02405248016372738 0.26987631341555646
0.017556809377951926 0.024063274463261647 0.2697978885448039
0.017773494491137937 0.024016697585608315 0.2699969678536023
0.017725450905839407 0.024029967919096062 0.26992809343483315
0.01784766505337665 0.024004221483246435 0.26999917553724145
0.017818374218225214 0.024017065890337447 0.2699015879812591
0.017931435766432316 0.023989632634903446 0.2699590846699751
0.01788009873506642 0.024009658352134172 0.26986601081725625
0.018016633854317773 0.023972322195219692 0.269908019881729
0.0179681827999294 0.02398981036433792 0.2698636029348557
0.01808076964112494 0.023957704176124278 0.2698786227939761
0.018045282455230627 0.023973023356130135 0.2698175116774649
0.018115496681272658 0.023955971157401168 0.269800048396564
0.018084908053035947 0.023968898216026352 0.26973026886104035
0.0181430281191641 0.023957214568512297 0.26968102246427844
0.01823164339851871 0.023932585971036674 0.26965529459512283
0.027813601731108473 0.00157222653513589 0.2623158802155463
0.019067309686440298 0.020491293074174965 0.2653698699130709
0.01918684507958808 0.020516836192531973 0.2653513811870572
0.01929467243186532 0.020538723851540208 0.2653578461220159
0.019400241645744512 0.02056058613298245 0.2653336500431793
0.019501216292103996 0.02057438190362293 0.26534322181966097
0.01960331297689459 0.020578525258374503 0.2653211914459426
0.019687000623814482 0.02058079268179952 0.2652899012662687
0.019793733220309126 0.02057427897510855 0.26527456443900055
0.019742848825555506 0.020575198998796784 0.26521270629057236
0.01989055765553896 0.020568074810180803 0.26526965191622953
0.02661963789748912 0.006958425343975061 0.25978190148424884
0.019973690276442746 0.020564800514747072 0.2652393716366555
0.01994912116405187 0.020568137237957307 0.2651697737480773
0.020061000977407012 0.020553520922742152 0.2652183868707208
0.020000919472836873 0.020560565799922215 0.26513670921824406
0.020144102122840207 0.020538074347718538 0.26519698437909656
0.020099166751845254 0.02054677395245208 0.2651110479222751
0.020218779517821583 0.020523402633696952 0.2651863818281551
0.020184321599354807 0.020533384083437745 0.26506943208930966
0.02029499897770677 0.020510015557691275 0.2651457706544362
0.020259548868633792 0.020519449717602556 0.26507527539364883
0.020365484333961195 0.020492037521037565 0.2651152773231691
0.020464675376110665 0.020457227714014092 0.2650819259499996
0.020422097523165636 0.020471918332708172 0.2650196486639237
0.02051038660583708 0.020435304470252158 0.2650488550237976
0.02057970693967434 0.02039914590973063 0.2650049056390727
0.02657195826345376 0.007036740073202541 0.25984672301912953
0.020651813826362317 0.020361158313693672 0.2649526695027349
0.0207399525330431 0.020297731454256063 0.264999053449166
0.020699649897239103 0.02033135479348297 0.26491297303556055
0.020780239405752438 0.02026920465333293 0.2649593943302097
0.020767763625866992 0.020281566102846815 0.2648743986910147
0.020841654565259403 0.020214518389351566 0.2648938736028443
0.02650508879033009 0.007105019016658276 0.2598115527199451
0.026407479270611905 0.00718172947536716 0.2597696168619586
0.026450820781432856 0.007154570118297399 0.25984588098434463
0.026311000712146967 0.007237440727989708 0.2597434204979408
0.026346909878577386 0.0072250349605526565 0.25983563362499207
0.02138620173750437 0.01929697704057287 0.2638373828185109
0.02136545720230535 0.019343805947620085 0.2637930841602451
0.02139742024644402 0.019249531080481053 0.2637275628397814
0.021431319656321612 0.019172602496855318 0.26367603345756807
0.021460879244923195 0.01910849924844371 0.2636245221843865
0.021493588741193954 0.019023086358464447 0.26355260853492346
0.026217781474777005 0.007280643209430726 0.25972460468061864
0.026259210721756306 0.0072694072145153 0.2598051682779377
0.021513397740781287 0.018951117866808698 0.26348839462175694
0.026128456587513504 0.007313713156168911 0.25974228653962994
0.02618225646014681 0.007297799342623923 0.2598201717169302
0.026055349038334792 0.007334396421231293 0.25975459503261006
0.026106706630263016 0.00731782278280918 0.2598491356263293
0.026014005672808732 0.007342917401957305 0.25980188350810296
0.026020596037492058 0.007334426513358694 0.2598700648127557
0.021485473138701527 0.016591536038867538 0.26244793735725813
0.021522818742270314 0.016592560544129387 0.2624331724331793
0.021676359237614892 0.016561507153984467 0.26249059386689394
0.021629325961795252 0.01657036107461024 0.2624299218728998
0.021738467485628868 0.016559704833071565 0.26247926615009126
0.021718238787963473 0.01656346592876834 0.2624140365115063
0.021826347776313412 0.016554089697600638 0.26245854444256406
0.021808438263622276 0.016557876750296407 0.26236700423562176
0.021941297975303732 0.016527404918866284 0.2624868591337328
0.0219060564311543 0.016543237905612906 0.2624197453542486
0.021897367911904567 0.016546749042990694 0.262352213607288
0.022058352892952902 0.01648219425931996 0.26253899256751123
0.022021450794811465 0.016505680667695255 0.2624633744422079
0.021989580865438313 0.016521573771565545 0.2623918089215215
0.022179902389602962 0.01643457566535006 0.262575953225953
0.022135854496290838 0.0164572930497886 0.26251393692455544
0.022094891811096695 0.01648046418114102 0.26245240632327826
0.022058205088916476 0.016499161720090083 0.26234622603766494
0.0222417936459995 0.01641554534858164 0.26252070914006725
0.022174472062419792 0.016445463426008056 0.26245183672739403
0.022137520387616738 0.016464292989587515 0.2624012029139424
0.025917641099540124 0.007350215800223825 0.2598122302999488
0.022333107431478136 0.01635990902777873 0.26257749701279615
0.022296886277573133 0.016381187375851924 0.2624817723367034
0.025673721137864917 0.007381009040236142 0.2595893213749012
0.02577327559992383 0.007354271685405589 0.2597895038612501
0.02580162136572077 0.007352624736312041 0.2598620881778761
0.022375049591162155 0.016313012901976953 0.2625299301742862
0.022455585292535322 0.016209329572362874 0.26257785149484886
0.025654360988313564 0.007388842525409223 0.2597407672316269
0.025680762221694166 0.007354743695918875 0.2598022367224607
0.02571504316316213 0.00735313524699549 0.25985147490220095
0.025640202213147126 0.007369381633563488 0.25980905955091943
0.025629448280279632 0.007358601966074019 0.25989766187987695
0.023075553879127755 0.015128993500986898 0.2615744252292855
0.023059807839246688 0.015165307004800344 0.2615029217876281
0.023098905829084942 0.015068882933577554 0.26150238748488075
0.02314221670673758 0.014973519096798615 0.2614432480622275
0.023124682952449266 0.015004322901110534 0.2613769344075214
0.023171537362596778 0.01489642343427583 0.2613769011432323
0.023150430880304426 0.014938661524612151 0.26132792954197215
0.023199313823718745 0.014818109415996483 0.2613395613970029
0.02732331147630921 0.001833641259390728 0.26230621941891186
0.02738291677772562 0.0018177875638025198 0.26226836623834204
0.027525916320263695 0.0017639973814463916 0.26232410511629983
0.027661135647587404 0.0016838090191553245 0.26232414599656173
0.027967177597844693 0.0014385320784507938 0.2622984213694246
0.027875840180626166 0.0015131122526202967 0.26226576359949627
0.019146008006179716 0.020509743867841324 0.2654117842827223
0.019237614548980306 0.020527942937085375 0.26540791106767847
0.019239378038153176 0.020526107442791597 0.2653421017752751
0.019370047402397617 0.020556048462684606 0.26537068807926356
0.01944965559332415 0.020569155715483678 0.2653668894135156
0.019538548688665128 0.020574384030901283 0.26530601639717344
0.019656630879314047 0.020580859828050024 0.265317708578443
0.01964538067041055 0.020577460357456 0.2652638268440675
0.019714039398538843 0.020580348814072114 0.2653224265955191
0.019712752491426414 0.020578615353217533 0.2652577334445404
0.01991532962755352 0.020570747980608595 0.26519451948273787
0.02146202823653292 0.019102703982457614 0.26358178368522667
0.021539913298220997 0.016595658839687166 0.26240614937040907
0.021598006784851013 0.01657063917611129 0.26246391731693414
0.021593638694564585 0.01657286451475415 0.2623697518617227
0.021658987756134715 0.016565684068117037 0.26245431093124216
0.021674096945847626 0.016564679727083753 0.26239860355753536
0.021773361795937307 0.01656072884088461 0.26240391296756993
0.021847795530352265 0.016554384127899224 0.2623932760179049
0.021943485877526037 0.016536983817610984 0.2623432577086608
0.02199737863468669 0.01652124003137645 0.2623405667942019
0.023637044442300262 0.012199888361120348 0.26027555891300214
0.023669394257975776 0.012192419913135022 0.26018623151345166
0.023685923655707986 0.012193931792401469 0.2601248297526325
0.02373893583926251 0.012185721703076524 0.26021557727727124
0.02377327411682023 0.01218758843206641 0.2601324454156462
0.02383131882862203 0.012181211351297239 0.26023979923845986
0.02383019360507419 0.012184487514568243 0.2601456936407188
0.02390936811669775 0.012156433638491448 0.2602656003717486
0.023918643373518483 0.012163843959249854 0.2601889153839272
0.02398964322694675 0.012134979790157652 0.26028090919163066
0.024011263167371483 0.01213165463857907 0.260191255644891
0.024069379555599124 0.012111384492807686 0.26027975029732703
0.02407236810957697 0.012107394049716946 0.2602159015180978
0.02413992525175345 0.012085066001307432 0.26035433125440893
0.024123898735704363 0.012089348041127768 0.26029249407612354
0.024196149457509336 0.012045305614653057 0.26036339255896257
0.02420823156573689 0.012037553334188544 0.2602915823131171
0.024284529350001208 0.011978210282572233 0.26032003646116664
0.024350324681718577 0.011913010564320425 0.26031206380388794
0.024414311884035464 0.011838766689264313 0.2603163493559308
0.024411340825027807 0.011845462121021 0.26026674859382004
0.027235570332133432 0.0018528705043440175 0.2622999023106135
0.0274091151473113 0.001806397463197773 0.262275395885507
0.027469749139670242 0.0017850627497515426 0.26229236762297803
0.027280512630877836 0.001842314861730865 0.2622917737257064
0.024172508435855153 0.012062357320333672 0.26030048195708555
0.02411055111807922 0.01209333646192734 0.26024286642653927
0.02407725373331375 0.01210621373305848 0.2603135815413026
0.024026863127547662 0.012126998343545359 0.260247889470111
0.023947329178479873 0.012141952546397938 0.26029904688367667
0.023964925585067146 0.01214883647085907 0.2601691349621328
0.023914208386725075 0.012160694111500281 0.2602292379824459
0.02382502400558012 0.012175066038074278 0.2602836721039722
0.023865052474627862 0.012178863915675298 0.2601687542141925
0.023790296615709375 0.012184670816750398 0.2602311032194553
0.02370744930352678 0.01217911841395003 0.2602819672911293
0.02356819459731685 0.013571977989092543 0.26077918359047203
0.023549874037688295 0.013631767430067498 0.26081810465344324
0.023523277659822095 0.013714807514830396 0.260849511643222
0.023495764088948913 0.013803855209555904 0.2608996128775569
0.02348146526992441 0.01385658277270363 0.26095709847887594
0.021513236780105333 0.01897363939094282 0.26357076031086557
0.021484833482999302 0.019058552814286978 0.26363763568861764
0.021453902855492674 0.019119987934497817 0.2636690230122806
0.02142514839898982 0.019183216659597824 0.2637021779222254
0.02139989483666551 0.01924412844211565 0.2637580629447309
0.02138341230674605 0.01930047737394075 0.2637999992761111
0.021361836493099237 0.019360039430086573 0.2638462794298831
0.021487146520814293 0.01902383511369471 0.26351322918548514
0.021455910421795378 0.01910258156499245 0.26355130289854395
0.021867660705699732 0.01775688887166066 0.2625421009416899
0.021848578714207353 0.017858455845600196 0.2626186307026033
0.021822552923421 0.017926992077543003 0.2626459524526392
0.0218036181598844 0.01801327930461205 0.26266997905403333
0.02182716384428887 0.01790658802292544 0.2624927699217686
0.019112648069319643 0.02042211675860528 0.2666956566810702
0.01914501164195638 0.02051757971580087 0.26666277223536017
0.023714059609713414 0.012673624059143518 0.26060055321034725
0.023660031497510496 0.012549915400390965 0.26055973747512845
0.0236890091339296 0.012654892742834267 0.2605224056246371
0.023625484861102768 0.012506702636282452 0.2604978433612644
0.023654451255594768 0.012597055041120075 0.26046953128203676
0.023588444898635416 0.012459272890736561 0.2604412289910227
0.025755001967576033 0.008433394475401201 0.25944493450716744
0.025805647897332973 0.00816860643357109 0.25944112870859026
0.02579078872999834 0.008255422443056604 0.25942134001123207
0.025771414047185637 0.008346576095978608 0.2594002668025329
0.025812119024837057 0.008058843088501355 0.2593802878835798
0.025800630640550798 0.008157679832603515 0.2593679454712631
0.02578478084872276 0.008232210258915074 0.25933005471575704
0.02568477787404315 0.007580389231403917 0.2594789936718751
0.025794844272767528 0.007958384630087578 0.259313915902488
0.02566345802457866 0.00758879230387155 0.2594388061266414
0.02573512683200313 0.007711096413835272 0.2593564277263878
0.025774300812554045 0.007844823934579082 0.25931824751628496
0.02570528149522735 0.007688790760850994 0.2592920979019073
0.02358636258454687 0.012417222039833309 0.26045286892256664
0.02171066023081518 0.017125160044347332 0.2622344739753372
0.021431811302129386 0.01675403066902248 0.2622578729548401
0.02183068235592804 0.01729648780276949 0.2622808176402486
0.02145765355507663 0.01682384057504821 0.2622191250583386
0.021450268340914028 0.01677192388808446 0.2622675099736168
0.02144925196505329 0.016760166619998795 0.2622960711260318
0.023678540635414524 0.012611599569733845 0.2605274221774116
0.02185504997773066 0.017322697638506634 0.2624074502696074
0.021543809178620796 0.016895431184251852 0.26222387665865526
0.02159225634090449 0.01698163489753518 0.2621687277177513
0.0218840411591585 0.017380730516465548 0.2624305565690779
0.021650204033085138 0.017047963800283616 0.2621894254164425
0.023630924045017182 0.012528587812496439 0.26048396989232453
0.023625945127583543 0.012565806715884809 0.26042842169512814
0.021698021923287805 0.01838390583877919 0.26299144658876716
0.021730017583053707 0.018303200299112865 0.2629296014739778
0.02174629001504412 0.018238474678000605 0.26286668448637707
0.02177402417458721 0.01816854967498538 0.26282188359187975
0.021801282147540735 0.01807996070016099 0.26275006469777784
0.025810036030920483 0.008092199934189526 0.25938323950721487
0.025812031532675188 0.008019228655544719 0.25938988981289834
0.025766209104582938 0.007799210498887987 0.25932839916869044
0.02573291092906936 0.0077277423901483955 0.2593133967741932
0.025719299006828067 0.007663991247334689 0.25944035370650825
0.025677738370713583 0.007625418035040299 0.2593616882698855
0.025662427015632892 0.007554147999934313 0.2594684718042042
0.025670164860486067 0.00758228484608392 0.2594616674639875
0.024034023449186273 0.012119032803068697 0.2603111199608489
0.02161922285918843 0.018620994804389446 0.2632516971435849
0.021662455204820193 0.018477777201180767 0.26308718382581897
0.021507097621439375 0.016568248254465012 0.26248333580558486
0.021504646228524674 0.016600101467310946 0.26238504565142806
0.02163066608755991 0.016567503208676226 0.26245821686477533
0.023671040132821265 0.012188703914534305 0.2602368101635957
0.023715035299216175 0.012190220970169474 0.260168811613787
0.02378206773799192 0.012177734619141123 0.2602706084157494
0.023805089990385844 0.01218654569567107 0.2601909493068848
0.02386087329975537 0.01216691758179217 0.26028932745253386
0.02388149146396823 0.012172030486998997 0.26022925933366176
0.02395823107295153 0.012147291592707443 0.26023575332490934
0.02566011842129698 0.007359453229092261 0.2597969274473266
0.02567497105090124 0.007388276579939512 0.2597007224888277
0.025747936326643156 0.007353565331116196 0.25984241189365753
0.025865405876666872 0.007352071974721153 0.2598602068172007
0.02596825545705763 0.007347656089664589 0.25982853219845614
0.02598271964770442 0.007344188804569163 0.2597647350792187
0.026069302590906403 0.007332437840035788 0.2598007148204492
0.026080722927701548 0.0073252483668141966 0.2597110592641112
0.021821450459255015 0.017926162580134297 0.26258431938840565
0.021798192339686398 0.01800128715067656 0.2626128310084047
0.0217812164922079 0.018080194237241554 0.26263674283167737
0.023579096829316387 0.012430071038648016 0.26042951062788594
0.021537185059807576 0.018879550639812948 0.26348668220426147
0.021506869981743587 0.018954554598547668 0.2634528242965279
0.021590819478213202 0.018721992495338124 0.263392055871394
0.02156285011426534 0.01880539242618695 0.2633953740658976
0.021542567359962572 0.018853907165140127 0.2633818383582249
0.021617347278958615 0.018648566839858327 0.26330318082312415
0.021596852370192446 0.01871185258644248 0.26332764622101495
0.021565433956876753 0.018788712068885327 0.2632996311792811
0.025694046065655562 0.007361623763022962 0.25975628958037056
0.025713656181905957 0.007354263731102206 0.25981441948550354
0.025648279962441095 0.007372139467815064 0.2597753216624765
0.02567025531352711 0.007355268829850159 0.25984936666851544
0.021554740739827674 0.016578032715424074 0.26246013341359653
0.021544561803340162 0.016586468535044918 0.2623694173775317
0.021632188078242416 0.016562591319726594 0.2624907194230025
0.021624804073836934 0.0165702820238654 0.26239396560112044
0.027337409190345725 0.001907880586036692 0.26189542490027984
0.021431513394821022 0.01675121478255842 0.2622656493701233
0.02141658303338602 0.016763383961436507 0.26223805548143664
0.025706515055002703 0.007716106197025008 0.2592554975743554
0.02568357385768564 0.0076351878764208125 0.2593463301778426
0.025668719847791788 0.007608929970491007 0.2594006730832329
0.025756898054916058 0.0077912684874543725 0.2593082472057962
0.025736567935671514 0.007700613829650482 0.2593905095287026
0.025694541883534622 0.007622391222937452 0.2594533509453067
0.02172891974203582 0.01717164504572538 0.2622059738420591
0.02167991966621606 0.01707297277332842 0.2622350089816264
0.02167022160491562 0.01709494025371322 0.2621690113883933
0.02163561347305988 0.01701263834227812 0.26221015638059875
0.021631068444338743 0.017041496762128072 0.26215734733575147
0.021583211218996534 0.016938507105600964 0.2622046642664525
0.021522668555688768 0.016898041055799895 0.2621830681456641
0.027198571033220646 0.0018601010053784783 0.262314881347123
0.021726905754892625 0.018286305458834695 0.2628022181807346
0.021755282910215577 0.01821704673839708 0.2628139299354759
0.02174739723021296 0.01821269644154544 0.26271518216857354
0.021784022775700136 0.018146014997506177 0.26279853250653684
0.02178470967875444 0.018140979926631162 0.26274369292570804
0.0217726661549337 0.018116394974864836 0.2626523963114191
0.02180459364012924 0.01805551492723101 0.262721809094746
0.021563638555913534 0.01656587043287283 0.2624959985143498
0.021577860384272278 0.016582159022558107 0.26241769341206267
0.02169524048019887 0.01656476394249179 0.2624478645782607
0.021900083211078163 0.017593535571568786 0.26239221499773896
0.021910834767189566 0.017521350002783542 0.26242065104353196
0.021907467882619693 0.01742005610480979 0.2624518464922636
0.02186329827333288 0.017349768252044373 0.262410434176836
0.02368263773270208 0.012657112188053543 0.2605037038223358
0.023634994462769454 0.012549981215170092 0.26046872473173616
0.02363046738348043 0.012498138234979417 0.2605350388475642
0.021826956642048742 0.0173064766681707 0.2622223562296936
0.021891654709753926 0.017627948985940167 0.2623965794194334
0.021924189615923934 0.017553049863782588 0.2624478591862088
0.025767773379175324 0.007812461828355988 0.2593217908472447
0.025693574773220026 0.007659135072682621 0.25932227403351993
0.0257065512029677 0.007615809890385683 0.2594845451099628
0.021839488020910652 0.01731181989672609 0.26235071467995075
0.021845472815767333 0.017334450592661144 0.2622486925802271
0.021741356159804492 0.01717590542911579 0.2622367642958792
0.021798623351977936 0.017280423623187102 0.26218507208264896
0.0216603218153517 0.017049148722144858 0.26221759625849933
0.021564752664569822 0.016936323871649173 0.2621811555583215
0.025724596670461994 0.007654340573169938 0.2594794858128685
0.025724052178954286 0.007676537497011249 0.2594095436517567
0.025679652204175583 0.007474434089882465 0.25951822915063566
0.025682864292408125 0.0075112683374389255 0.2596276506041817
0.025673513165462812 0.007401470451227243 0.25947087120053347
0.025653462962614317 0.007495361629755504 0.25946594906072273
0.025655895692556566 0.007447097627672206 0.2597043283795151
0.025676050636923325 0.0074360961032013395 0.2595730511005332
0.02569969609717404 0.0075535455690594056 0.25956054359162095
0.025700917622810557 0.007581111298263443 0.2595065421115619
0.02567755156586543 0.007408209464185911 0.2596390654927272
0.021495157252116218 0.018985523275140137 0.26346768916231234
0.02148656140089182 0.019011963986673264 0.2634853352331313
0.023587177770926074 0.0122972390709008 0.2603958454288353
0.02361085005152984 0.01223105585992107 0.26033908554057417
0.023571888069402094 0.01238236345109428 0.2604057033355095
0.02145458594641947 0.016659472565182354 0.2624089392759564
0.021451999788637523 0.016612442828738694 0.2624512426065342
0.02147724539423776 0.016610538555264898 0.26241016707804804
0.02175575514477099 0.01721832922444483 0.26219231272873234
