0.029324034481468572 -0.0010255255949556674 0.2637508717227999
0.029321008409127797 -0.0008711341179171717 0.26374940666168534
0.029316498915785832 -0.0007712125995806285 0.26376406049200757
0.029303911160013726 -0.0006565612766175066 0.2637552280660982
0.029285540145233255 -0.0005226842997610448 0.2637702794641626
0.029271389864007076 -0.00041228542195331785 0.26380189635869755
0.029249210278377742 -0.00030020566833938167 0.2637966088913314
0.029232606037147293 -0.00022659020830628762 0.263846627925881
0.029313958357093356 -0.0007198931244906115 0.26360931675921684
0.029203897872027963 -0.00012130916332464547 0.2637396816182166
0.029187092416400065 -4.707432477546458e-05 0.26374504657923403
0.02916923456296252 1.541306967978162e-05 0.263774610726521
0.02910812551432007 0.00017809179190941826 0.2637220287628098
0.029079429362262404 0.00025875718133017145 0.26362995536867945
0.02902044958604781 0.00038655792603664585 0.26357044420712006
0.028957463770262523 0.0005182280320993882 0.26349258185242097
0.02839995659268279 0.0011438163899018527 0.2631194239919529
0.02805646517559978 0.0014554674702569326 0.26303687787451663
0.027677816691080354 0.004515472106350005 0.2612162438021505
0.027654563962127135 0.004601043434936891 0.26109567542063983
0.0276449162548406 0.004676685820835358 0.2611168675370916
0.02762436830053086 0.0047730543304847495 0.26114737946626115
0.02761451714128481 0.004786959695131321 0.26103366831027563
0.027595763930270294 0.0048759274050343415 0.26103923661982786
0.027479330512330237 0.005349620631608598 0.26084218535851633
0.027442726062403208 0.0054558461348828136 0.26084286011749214
0.027379353416750955 0.005598263030887618 0.2607988100367271
0.027258187398620688 0.005887691084241642 0.26079595513180154
0.02723757092790688 0.005932567811254508 0.2607169479839735
0.027200252501777315 0.006025569557716048 0.2607408319435762
0.027166993599227134 0.006089402474888206 0.2606534142326336
0.027141978986370635 0.006155544735037988 0.2606828742099915
0.02707849559650235 0.006284726684407993 0.2606248941714629
0.027014249213341543 0.006413431151267968 0.26058957062321164
0.02694936950129722 0.006550731880659244 0.2605336582875989
0.026930861711812124 0.006590773746172451 0.260563805541779
0.026866499598122658 0.006728383153585704 0.26051742138594114
0.026831363602523972 0.006804378646375231 0.2605372993583974
0.026768396568712535 0.006943064532688281 0.26048627120155693
0.02671128011094047 0.007088627021767935 0.26043900991269914
0.018922523569715854 0.02323704395097234 0.27009924970151994
0.01888749056852459 0.023299169779450374 0.2701684090122701
0.018852374252780454 0.023356538448340042 0.270206659046236
0.018831345302885383 0.02338958147616088 0.2702506867622651
0.018709275160540807 0.023547605702403773 0.27027072195301305
0.018681689896000317 0.02357255369912556 0.27033307660031225
0.018624303313403152 0.023630980726959155 0.27038404913366454
0.018583017456786907 0.023687772565259252 0.2703227961856052
0.01855447610815157 0.02370686395927199 0.27037108216175487
0.01851637286019804 0.023768173581901614 0.27027754379706737
0.018466846251743003 0.0238189776846848 0.2701922792094865
0.01843851254897986 0.02384317954701015 0.2702491473530092
0.018389248213565662 0.023884893454134748 0.27017745319488873
0.018331399149515232 0.023933960219277906 0.27022678000855915
0.01824115479576279 0.023993547421840455 0.2702175676686516
0.01817277209013339 0.02402940609128701 0.27026205165224493
0.01813383804215133 0.02404676264650113 0.2703311079806937
0.018113585406870227 0.02405593281526594 0.27040957278916855
0.018022772751363825 0.024096957510451017 0.270471671119942
0.017966216431067973 0.02411457482445631 0.2705262232792195
0.017914697881880312 0.024141927351348125 0.2704752428696269
0.01785650767910478 0.024154380828495498 0.27055227535178783
0.01789498582429372 0.024154673763672085 0.27040353387326954
0.01784791871812926 0.024166840541132162 0.2704724058882215
0.017748139518429046 0.02419548414022904 0.27054719652157866
0.017716941508498604 0.02421615416715131 0.2704684772948077
0.01767403558457055 0.02421957385795598 0.27055616561219764
0.0176056607735341 0.02425285965043128 0.2704691652068249
0.025553885096013584 0.00928229433548411 0.260188168661993
0.02552753342972703 0.00937597523607997 0.2602199133867117
0.025505549133571226 0.00945507277990365 0.2602223586031855
0.025485592058681186 0.009536136784495775 0.2602643950447728
0.02526620428577988 0.01017385797941528 0.26024233616556697
0.02481424006243045 0.011338264763038675 0.2605581117519631
0.024781744924917755 0.011413272001584762 0.26058932675322416
0.024754674829600413 0.01148689315673418 0.2606155962727093
0.0246249925533365 0.011761118554531602 0.2607646272957409
0.024599855599106116 0.011815133044346837 0.260793727246291
0.024558654119769242 0.011899315550171652 0.2608528674222589
0.024530467192082267 0.011960871568539144 0.2608957458237019
0.024397187022666494 0.012221809329416466 0.2609538641167671
0.020641717989995104 0.02046267031494728 0.2656123570790461
0.02061844214543193 0.02049545065371705 0.2656443879680442
0.0205732978188006 0.020565827310300294 0.26571726612719476
0.020553318091356076 0.020590483014187727 0.26577450806773717
0.02049236346767766 0.020654211591174226 0.26583320127200727
0.020462876207461664 0.02067461240347529 0.2658642002017051
0.020883207084372295 0.02015051190623418 0.2652009868267592
0.02084800069446622 0.02020459504972208 0.26526299597286074
0.020809394922874744 0.020262956356000367 0.26528590138989083
0.02076623379733788 0.0203083608112965 0.26535223029898525
0.020730400189756484 0.020343641947557056 0.26541948505489044
0.02069542750799925 0.02039003878107859 0.2654663139697816
0.020467254603275586 0.020690321742383055 0.26574034966508464
0.02041923229579319 0.020725688043983337 0.2657939321519174
0.02035854853514031 0.020761269949843814 0.26586755764796566
0.020304053226443915 0.02078968190464281 0.26591051047272246
0.022326551096784247 0.01657676656702234 0.26327518445133324
0.022283682406426197 0.016628595434328763 0.26332512355225346
0.02099331409384557 0.019964868771650657 0.26496082153753764
0.02096849531291603 0.020007358079300652 0.2649836876095352
0.02092222450672772 0.02008614013430393 0.2650434933350483
0.020884948540993785 0.02015734272580888 0.2650877981354832
0.02087049786158017 0.02018972824095097 0.2651294314967872
0.020828319413580258 0.020264444421929373 0.26516415276151534
0.020784896202527506 0.020303093149511536 0.26523551484597296
0.020322708076156472 0.020794527206408703 0.26577758685167263
0.020266698554119708 0.020820655677749267 0.26582729532304944
0.020214247586153616 0.020844049634764716 0.2659056061181838
0.020170335597017378 0.020863126107629998 0.2659635286698638
0.022934532174333493 0.015552190913452058 0.2623738128963943
0.022899162253503365 0.01562392151131331 0.2624232697354657
0.022877032104686307 0.015680915865304068 0.26244998051655716
0.02284016339657699 0.015752757032163278 0.26249238901460475
0.022819200766397152 0.015800487625749315 0.2625127625531257
0.022413373053648003 0.016483500529219652 0.2630492584112251
0.022372123121240373 0.016538620526951098 0.26309889971485884
0.022330257116202193 0.016600548928269565 0.26311413362546276
0.0221308542696501 0.016824491453166945 0.263412467821172
0.022111110446220064 0.01682971695388058 0.2634714829097397
0.021176452130682866 0.019589745539809106 0.2645853465639427
0.021142764901670948 0.019662216982391345 0.2646240312677874
0.021116501585483463 0.019727851035588384 0.26465832028911734
0.021094515415941588 0.019792569912632785 0.26471292078181646
0.021068813753791382 0.019845690136882033 0.2647498402460383
0.021028453383936746 0.019905099322617942 0.26478969389700524
0.020998357209785094 0.01995708933058099 0.26485146771648754
0.02013046810794987 0.020885893870148553 0.2658862178950303
0.020071229706831284 0.020907171497257182 0.26595945836483725
0.02340697920334408 0.014134311575362046 0.2616675709200176
0.02336280750841018 0.01427166772208871 0.26173483181224383
0.023331301673169817 0.01436368666462623 0.2617643072996881
0.023307917120919515 0.014428384306667319 0.26178206585059693
0.023291053153524283 0.014489110119311366 0.2618284789272285
0.023265522400869654 0.01456773385659832 0.26183089857677433
0.02324029913528209 0.014645932619014645 0.2618970320352477
0.023214558777581176 0.014727415627575513 0.2619238391966286
0.023194947519353873 0.014800005386524262 0.26193208703552784
0.02317232719302849 0.014883064903679744 0.26199993879856187
0.023143244669595227 0.014974319956246707 0.2619767707362398
0.023120680052398347 0.015050056495678366 0.26203783266173897
0.023103426801284035 0.015106791401549469 0.26207672803783677
0.02307945062969767 0.015191159549786115 0.26209227035938726
0.023054357488176518 0.01527903479521625 0.26210957666717366
0.02303559146540838 0.015328356892447603 0.2621385144938744
0.02299234850817295 0.015430089972917116 0.26218168230002337
0.02296175639759563 0.015502281613727353 0.2622053150985785
0.022937094447060408 0.015553751373936053 0.26225157900329765
0.022915277947981122 0.015597387888402037 0.26230706080187327
0.022883365954244325 0.015673279581327304 0.26233347059931056
0.022859762079835887 0.015731076386798715 0.26236300131027745
0.022818152503425136 0.015820332504724366 0.2624126639276446
0.02279691457893744 0.015871706255064344 0.2624328758434238
0.022769155732802485 0.015930152838372347 0.2624683226932256
0.022734613988574383 0.01599968011645253 0.26252302674159905
0.02270938686906488 0.01604846411787575 0.2625434164877082
0.02266058408731743 0.016125732528948056 0.2626147416091177
0.02263903118163635 0.016164108518641696 0.2626637677436964
0.022614177536642313 0.016211585739369205 0.26270078248727924
0.02257674705228741 0.01627891159107897 0.2627181273894844
0.022528939798895795 0.016353915680014153 0.2627724404014259
0.022505524969612806 0.016389392105194966 0.2628256541207663
0.022460341301759994 0.016461250331978206 0.2628720466686909
0.02243336483255852 0.016494183627260017 0.2629007581328003
0.022391512393069427 0.01654799897529946 0.2629746931923066
0.022051705698733798 0.016889674605367 0.2633985928692381
0.02126105550904943 0.019388587017495157 0.2643393733969724
0.02120798251563076 0.019529611801232666 0.2644063465605633
0.021183989177275257 0.01959261418579422 0.26446835201963026
0.019977379224300908 0.020937447210306187 0.26593911266435305
0.023430494753363208 0.01404410228697095 0.2615157644659543
0.023418141948069 0.014094892559629923 0.26154498672638354
0.023386653584550075 0.014193990871862627 0.2615762295619708
0.02329274413746321 0.014471456323360277 0.2617447607323015
0.02305290455101025 0.015276361419073958 0.26199624829017304
0.02303624074079602 0.015332209587556989 0.2620435261931112
0.022606625336777986 0.01622682080749749 0.2625984343843347
0.022447241473884105 0.01648477133849552 0.2627841934492734
0.02199885393910432 0.01692162712310674 0.26330437171920185
0.02196879099106218 0.01693228874397612 0.2633558441447854
0.02143265158145318 0.01892180791694706 0.26396372728408546
0.021361874750730786 0.019114281361539892 0.2640938592692368
0.021346360666639363 0.019167912076699656 0.2641038816285526
0.01985601902580253 0.02096323421787255 0.2659767242192425
0.02191270257181236 0.016964891954551697 0.2632868614601014
0.021505308200081077 0.018753675419261318 0.2637795768502236
0.021475031478057023 0.018836760880388548 0.2638049394201396
0.02144170322896738 0.0189150117823991 0.26384700144276274
0.021422609527258676 0.018975799909107666 0.26387916685285384
0.0218523751357816 0.016996577100549137 0.2632238855044907
0.021603703122574196 0.018412766319966883 0.2634772193410629
0.021581326034196345 0.01848751404555421 0.2635100746577598
0.021575418539886232 0.018547669426994956 0.2635571885951317
0.021564051654939284 0.018606906952151503 0.26358553131800605
0.021539410381549065 0.018678528661198707 0.26363411244745844
0.02151342008898375 0.01874677915189646 0.26367585048301223
0.021617418122656724 0.018375153242015607 0.2633735569465325
0.01884027695548405 0.021570257883791466 0.26757809711738323
0.01882986076067005 0.02140499359590886 0.2674907765628943
0.01882540758354137 0.02128480035745267 0.2674583456433438
0.018850865190625704 0.021715743313962144 0.2677226172906624
0.018809591834673088 0.0211703900500865 0.2674667751602995
0.01893216333204545 0.022230877878734456 0.2688731135088563
0.018763675176805036 0.021045180779852957 0.2674559486891378
0.01886941855472804 0.02202833726146497 0.26808117212575056
0.02912336294389537 -0.0022963484078680763 0.2640871512437185
0.02915639615555264 -0.002177436363181351 0.2640984606891521
0.029203617314825202 -0.0019197540667851287 0.26395835220175423
0.029188779466619498 -0.002014817376507605 0.26403661740222817
0.029178160043525504 -0.0020988706196159446 0.2641181797261045
0.029265790100114694 -0.001582273852275995 0.2637609679058129
0.029254260873093782 -0.0016813265812319345 0.26386566302418374
0.02923380898708805 -0.0018136933201455818 0.2639581203650939
0.029225832630894587 -0.0018876250704657482 0.2640578760663669
0.02929914247001429 -0.0013471043671883787 0.263661856731843
0.02929061523948919 -0.0014478215322079602 0.26375365122737504
0.029278145040343116 -0.001545988707404744 0.26385237908791676
0.029270727710493598 -0.0016251821917627196 0.26392092186327015
0.02925342831509463 -0.001748000042098019 0.26402761256744745
0.02930517959527 -0.0013134398007671466 0.263748750482978
0.029297305363795177 -0.0014154971593999255 0.26384778713794765
0.029289985751354018 -0.0015029434343400427 0.2639286925869162
0.029313559229255354 -0.0011852344073563503 0.2637508602068144
0.029310836846611926 -0.0012742205773900728 0.2638417409202549
0.02932176416062246 -0.001089079805481008 0.2637676197067905
0.029320193736985994 -0.0011421247933298129 0.26384549379062927
0.029319005576011956 -0.0007826124335815199 0.2636317706218766
0.029319705614722406 -0.0008408738047214204 0.26368594848985516
0.029324295392403707 -0.0009406529522599794 0.2637975131426683
0.02932518356611708 -0.0010347157126741613 0.263829409086779
0.027676104480066854 0.0038389586950846044 0.26115573040353957
0.02931366205596994 -0.0007341201832671285 0.2636970548125587
0.029321041638862573 -0.0008291105035764801 0.26383230629759247
0.027706134140358656 0.003948498874304929 0.26112147377149353
0.027698596138949767 0.003882073155954513 0.26120487579950485
0.027681457809345292 0.0038013590122547014 0.2612767549589683
0.02749833914321176 0.001997736521768101 0.2629369938940991
0.02756752277849315 0.0019370973972086536 0.26294412657115035
0.02767964446721645 0.0018396975831523332 0.26295732240532754
0.027736384764122136 0.0017924743051913605 0.26295490142914485
0.027791923082115574 0.001746026791847266 0.2629547804390391
0.029294925390064522 -0.0005904770666332326 0.26377329091551815
0.02772738087367886 0.004067413919414509 0.2611451433673877
0.027725282353092996 0.003997313272312675 0.26122648504420376
0.027708738127651213 0.003907181688698358 0.2613101090649138
0.028119710426381096 0.0013949288065857046 0.26307306462008057
0.02771768909709217 0.004216893263349453 0.2611679295935644
0.028633068712443817 0.0009296487532580167 0.26323253238392674
0.028693036321901087 0.0008633912423801071 0.26325053702966755
0.029256401903714903 -0.0003355329787274042 0.2637968171358121
0.01887537294259363 0.022056022566229988 0.26818151441526605
0.027703967956432256 0.004331455065949563 0.26121351573272983
0.028690061106622748 0.0008771295361041376 0.2633306044586234
0.02872770433351779 0.0008359091682852426 0.26335952905448584
0.028787125210048857 0.000772646490584894 0.263357597515603
0.02884112894487733 0.0007111990124188949 0.2633977087278959
0.028884276449784828 0.0006466272002479956 0.26343140450497904
0.0291732793732156 -1.3033550639307556e-06 0.26372054117636745
0.02919856737136358 -9.065076603348432e-05 0.26376264251842113
0.02921906917856186 -0.00017504213081315223 0.26383752491723567
0.027638964274292965 0.004678879493985766 0.26105983930964527
0.027661018103553016 0.004571433651822998 0.2611180041488258
0.02767925726032347 0.004503537321728868 0.2611783965806369
0.027692670955696552 0.004430265166098679 0.26123709894673686
0.029049358117515633 0.00031949401297420854 0.263660610342521
0.029084553191463657 0.00024132061740611555 0.26369015112611166
0.029112300818332007 0.0001638529005643652 0.26374396905017505
0.029142794835407895 8.460590886272268e-05 0.2637765594986043
0.027548963432678847 0.005101692567667626 0.26091426341283386
0.02757069955476868 0.0050051136233764115 0.2609620174358695
0.027587865176133854 0.004912414827583866 0.26101346538239567
0.02760341529104674 0.004849714288987728 0.26106516572558564
0.02762496846088494 0.004766566755004253 0.2611062839181819
0.02764314546359946 0.004686805588127896 0.2611567832521462
0.027419195714909805 0.005505132465241369 0.2608258173305536
0.027457588820069767 0.0054212731928330316 0.26085185464430366
0.02748561578700659 0.0053417648547594565 0.26087984202183556
0.027507197595852746 0.005265288512192934 0.2609283361065735
0.027537686692709215 0.005169419152438959 0.26095727089416987
0.027329715350369876 0.005715810477285532 0.2607773876206339
0.02734861402847058 0.005673980633050746 0.2608454604786416
0.027382243489563772 0.005593405729702128 0.2608609725125814
0.027416490308468017 0.005520237965866592 0.2608924941453159
0.026986462174046932 0.006467196803726205 0.26055727141636426
0.0270312315458072 0.00637376828958236 0.2605759131275799
0.027054297886440606 0.00633303791019163 0.2606168115239357
0.027096394700080205 0.00624895990355534 0.2606437522195736
0.0271207307878433 0.006198330358175408 0.260660130133574
0.027164388122461858 0.006110952538809222 0.2606965030564262
0.027191566820085944 0.00604786975975713 0.2607253944527671
0.02721765474131057 0.005984004721033276 0.2607848538859546
0.0272946288464712 0.0058051084468691005 0.2608479161593429
0.02682311659104182 0.006822103384659772 0.26050251499187516
0.026848119333193983 0.006765416595351126 0.26053324351450075
0.02664567003933547 0.007225031737205623 0.2604206822911854
0.026690099369884063 0.007140589661744912 0.2604475184939513
0.02672122703614918 0.007062634169654525 0.26050029790514384
0.02660876461097718 0.007286608332668976 0.2604961979263138
0.026631478792208133 0.007248290625931519 0.26051817257583065
0.02568661482813863 0.008676473051047184 0.26013762538021157
0.026511624255048633 0.007437856554261546 0.26054518897156875
0.02566136291799826 0.008856005031083303 0.26013847707181
0.02567527658556662 0.008781099740230336 0.26016726033703536
0.025643342812953343 0.008961965503893832 0.26019248645447585
0.0255996749266374 0.009126110859459802 0.2601848209570477
0.025620273790130016 0.009053241196086803 0.2602418379569926
0.02554484548563602 0.009313456044850288 0.26019643572396206
0.02556863368199286 0.009231569211633872 0.2602490432677165
0.02550193601993856 0.009468884915559916 0.26021615802107667
0.025518905020318707 0.009409414159248009 0.26023817128003074
0.02522432248809886 0.010291967130049318 0.26026062486862445
0.025169887837099114 0.010459356263031905 0.2602850570733931
0.025196808620263085 0.010365683271409909 0.2603174774462231
0.025111313019102965 0.010615832690596183 0.26033165984598705
0.02504622166882496 0.01078621408369318 0.2603549721668774
0.025073849746572216 0.010714524421695959 0.26039838976449303
0.025019276859696904 0.010868671309338218 0.2604171196776883
0.0249471610313909 0.011022802096498974 0.2604553203368049
0.024964200332234045 0.010973671306260868 0.26048059714588667
0.024910322448069254 0.011113457725913378 0.2605025885664557
0.024808796199844885 0.011353459149318401 0.26055173328931647
0.024836762070362443 0.011272205346648023 0.26056624186050037
0.024747883996018676 0.011498915284556377 0.26058914933863575
0.024775997623357873 0.011429520765827095 0.2606096023317702
0.024513736490634062 0.01199258798030789 0.26084858183369297
0.02447134613344814 0.012072389512021109 0.2609459877624339
0.02450410323975609 0.012013578928560198 0.26095904706790257
0.024398083945771865 0.01221589717470134 0.26098920738423864
0.02441925672466201 0.012171595557391723 0.26100793691540813
0.024294623587735258 0.012366836927010738 0.26108269995553546
0.02433216587324162 0.012316422771481095 0.26108087627212306
0.023560676318723515 0.013479314618449978 0.2614526059469175
0.02350485927591777 0.013766181809178935 0.26142907805462556
0.023523947598264594 0.013673951190305123 0.26143800620068997
0.023542795028971185 0.013588866285670187 0.2615034614980999
0.023481800959977678 0.013859999228912845 0.261461596927922
0.023506408381706 0.013772969908009913 0.26149029065370055
0.023452944247676043 0.013970547856645588 0.2615247258433376
0.0234753872624578 0.013899414448460767 0.2615522183191722
0.023406703466900443 0.014134291041844715 0.261561309276666
0.02343547144741042 0.014048936596473882 0.26160138850386416
0.023380970069995025 0.01421424378825703 0.2616255109209194
0.023405077018212185 0.014145915923737318 0.2616372974631534
0.023346472193172665 0.01431305972206598 0.2616860377110227
0.023310813987221374 0.014415431789017719 0.261737120177255
0.023256006663682702 0.014581761958159523 0.26178605712260095
0.023289635695091182 0.014489685574026967 0.2617880086941743
0.023225317920417467 0.014679732335107276 0.2618498617374615
0.02325375939076993 0.014601849610490825 0.2618537068083968
0.02320019549957999 0.014768056637325 0.2618864613987854
0.02315119543235175 0.014940734294785984 0.2619236932483957
0.023178568459731222 0.014858334464830647 0.2619389953298037
0.02311224178449106 0.015072110279793327 0.2619728981097582
0.02312661720112409 0.01502518240947931 0.2619689923595841
0.023147466090058452 0.014964426757506477 0.2620183978803643
0.023076123283283602 0.015199727095038917 0.26201605589859284
0.023103689002251473 0.015105880094755941 0.26205096423822216
0.023044311336836834 0.015310477281355928 0.2620894523582759
0.023067484640041103 0.015229826644519273 0.2621229130530749
0.022986830924501926 0.015445073910682061 0.26212488950928814
0.023010106255409966 0.015387094019824632 0.2621547133005845
0.023041764817838005 0.015299298111226434 0.26217562942016714
0.022977105198371962 0.015467690192963568 0.2622256494543408
0.023004443299548732 0.015396308182858809 0.26224831844323426
0.022931627127850483 0.015564217587625773 0.2622945270369157
0.022757302216930203 0.015956837891592857 0.2624074168913995
0.022787773638621486 0.01588784038355806 0.26238762174186503
0.02271679466855729 0.01603903262783546 0.26248426440573047
0.022751484564841655 0.015964351685716416 0.2624973559442189
0.022779397660556935 0.015900069787944726 0.2625178434918142
0.02266070568835489 0.016128622203976817 0.26256516976739863
0.022700536262037746 0.016046720440653806 0.26261361101701775
0.022582034518680086 0.01627466806025174 0.26264041148605877
0.022621442513806475 0.016199847052973393 0.26265863197425143
0.022651938847709496 0.016132897423680015 0.26268469104668224
0.02253874382324074 0.016342018278948378 0.2627290022746877
0.022562586257611997 0.016298478141299477 0.26275907023997913
0.022433004101834138 0.01650226522417897 0.2628274252072853
0.022477176186432926 0.016441716878876744 0.26282077307053375
0.0225126692508947 0.016363899579119767 0.2628608066705923
0.02238380975781737 0.01656690498412078 0.2629175752735716
0.022410685578253757 0.016526025699532654 0.2629254856570914
0.022458821302518625 0.016448154928049186 0.26292957407953343
0.022354729107695967 0.016580696993190036 0.26302965039513904
0.022393582173158955 0.016521391142068187 0.2630346253149215
0.01891510796073724 0.022196313395111023 0.2686612034463737
0.021638916068554795 0.0182980363349039 0.2634192278514906
0.021591191775735402 0.018460304361154145 0.2634400546354895
0.021568557107404275 0.018544984851028956 0.2635048765401522
0.021584528099530577 0.018477368745252826 0.26352983159475396
0.021544659920293405 0.01865476362676774 0.2635667350864129
0.021572761612305202 0.01857289686048838 0.2635828176106252
0.021515336555767102 0.018735376908421364 0.26364319076778375
0.021535175203551 0.01867889817748289 0.26369004780680333
0.021502970134240622 0.018769540034630272 0.2637380736367658
0.021525859526252425 0.018687682330803174 0.2637272894744206
0.02146501528619693 0.018859564307769583 0.263830350207225
0.02143749248165487 0.01893952010866856 0.26390179985195994
0.021357760250945823 0.01913780030194262 0.2640535832846572
0.021379438477629062 0.019041238740432176 0.2640646566186868
0.021354423317003074 0.019149797468430235 0.2641513875717214
0.02132477083028029 0.01922773247013268 0.2642256765516632
0.021338580871740537 0.01917776494361917 0.26424430723734527
0.02128695133689617 0.019317295646151617 0.2642963917291117
0.021252503804481217 0.019419426796887934 0.26440829678020317
0.018925829062476487 0.02221283197150853 0.2687674762684464
0.021187411971733863 0.019584731824006135 0.26445174943396615
0.021140996049062673 0.01967786664943652 0.2645558511674514
0.021169532637129458 0.019610427999130348 0.2645660364011938
0.018774799563219938 0.02346960748863683 0.2703136923021239
0.018710548354909103 0.023543505358970374 0.2702973673552399
0.021102367352134693 0.01976925369432561 0.2646325562774512
0.021127336364903104 0.019695752194743288 0.26466003996098386
0.021058470224945502 0.019860354484628 0.2647056938111177
0.021096365578343726 0.019777931238045054 0.2647534136886694
0.02104434417555466 0.019873029756565297 0.2648460467298972
0.02096010600192251 0.020024701136425682 0.2649260886934811
0.020999358729263687 0.019956385865804394 0.26491610438097485
0.02094968726052017 0.020034686423041792 0.26503313788954896
0.02085927266030202 0.020195535673856096 0.2650652426490072
0.02090159752030954 0.020122077447669195 0.26511043043641513
0.01904713839498204 0.022549086591239192 0.26946660572817244
0.019023670459585425 0.02250353527868948 0.26936107179934754
0.020803408567346943 0.020291275513321244 0.2651827230812396
0.020863633109881548 0.020198900063869873 0.26520132803528845
0.02074513045779361 0.020338686562506453 0.26531560237557117
0.020781537608286438 0.02029275430798788 0.2653284051248006
0.02072017483419855 0.020356406808174216 0.26545830490338496
0.01895794167486975 0.022307977389159378 0.2690834741963278
0.020656042194496245 0.020443531450789337 0.2655481863190058
0.020701205983506776 0.0203778236012557 0.265532141981317
0.018961956041550883 0.02234395738101158 0.26890884108679103
0.025556311161785646 0.009273932270557061 0.2602262555334191
0.02558876346725731 0.00916346394410189 0.26025246617285724
0.025582124887736146 0.009185439719423427 0.26020565442795324
0.025533902444016057 0.009351299560167892 0.26020059798158346
0.025537403760916358 0.00934229153923749 0.26027432569441167
0.025611220822881545 0.009089603551522885 0.26021355660993956
0.025508165789439298 0.00944848616234234 0.2602510177462496
0.02563118750449147 0.009013544939353357 0.26018519574711174
0.025471590255408808 0.009574471679508312 0.26022038359251887
0.025658363056031017 0.008885973784252266 0.2602243258223057
0.025651290751018747 0.008915429744256131 0.26014062377082514
0.018721178816814885 0.023528809361681446 0.27032722189498437
0.01881208209136717 0.023411732104017202 0.2703217210847267
0.018792615495317175 0.02344960721119732 0.27024745180645954
0.01886475858220022 0.023336680221834438 0.27024392875544967
0.018936976145330346 0.023208887271891937 0.27014827740982117
0.01896794532887712 0.02314562011396093 0.270064068260094
0.0190080187498428 0.023043753865456762 0.2699815378205713
0.019035768027307012 0.022944735924876836 0.2699288385715869
0.01905203620773143 0.022858770837958897 0.2698750044120145
0.025667590462771422 0.008826083625264103 0.2601640664203735
0.019066186120044383 0.02275458770302652 0.269910073226896
0.019063737937953497 0.02277638923435424 0.2698258379692172
0.01907033266493889 0.022668794730751424 0.2698684190233428
0.01907035660675689 0.02270190588429602 0.26978274625090176
0.019063596332011525 0.022719097231147845 0.2696950762652808
0.019069442034171727 0.022606714709452608 0.26982939998911115
0.019069707305329878 0.022622634897482424 0.26975644003952026
0.01906566373259362 0.022636706750321506 0.269659413089258
0.019057121075436598 0.022556435507073258 0.26963103665509014
0.019053161369694857 0.02257201542154294 0.26952638031321086
0.025677312042486772 0.008758046777010475 0.26013277380195415
0.019038134593064707 0.022500677442971767 0.26949024027312385
0.01903695838447847 0.022536443128107847 0.26941185217645025
0.01901496356688992 0.02244843626562712 0.269414687499279
0.019009026239141538 0.022460970611998504 0.26932531889517075
0.018988850950351077 0.022395220169060398 0.2692675205433286
0.018997437194469363 0.02242740928314174 0.2691966143352323
0.01896956988207453 0.022342042784628674 0.269166701322487
0.01897318828696863 0.022357267155888927 0.2690648031916614
0.018963511397472953 0.022339600928797387 0.2689850103246241
0.018950543039274403 0.022290709854432322 0.2689273901377703
0.018951660741511042 0.02231085462106247 0.2688629434247499
0.01893504000492629 0.02224934008530366 0.26880822462628207
0.018929825052225138 0.022263372278379268 0.2687302159618542
0.018917842553279704 0.02218666847662848 0.26872189560032367
0.01891407574178465 0.022218052083159634 0.2686039962259731
0.01891129695246903 0.02221984286180742 0.26854695272027984
0.02541511305052878 0.009724880894906085 0.2602860575306708
0.018904872904916097 0.022148771296363834 0.2685866046281588
0.018900588010504274 0.022152168875376327 0.2684924868087157
0.018893478339051833 0.02214390275001918 0.26839333468345644
0.01888765953463139 0.02206828342991099 0.2683637716839219
0.018883228991502368 0.022073242311179936 0.2682715970633144
0.018870275368155956 0.022052819318161915 0.26812005399518396
0.018873394301561944 0.021979635665656916 0.26811642552988213
0.01886485596404034 0.02190548340186793 0.268060218929137
0.01886026768632751 0.021907829563572373 0.26796328121958657
0.018856719964619434 0.021835210975670677 0.26792469239656946
0.018855096827342537 0.02175562826176969 0.26781234396723674
0.018845967542341698 0.021627300624893653 0.26764563192847174
0.02554724595389081 0.00822836829579271 0.2600134850051952
0.018844850402416534 0.021476017139630044 0.267572775790193
0.01884721042626457 0.02138072238569838 0.26755975331882464
0.018839125783174843 0.021306713131819144 0.26751031066733477
0.025691276035355225 0.008633001618700509 0.26018971924853607
0.018823849811462845 0.02123752658167008 0.2674712879448935
0.018801375562345 0.021119452051237442 0.2674785524538037
0.02568485681609231 0.008545862270377569 0.2601401424949321
0.025677645192081135 0.008576716922835237 0.2600725737521523
0.025394350617398552 0.009784120865794999 0.2603444916321834
0.028395633369915983 -0.00342588010808359 0.26401444716223654
0.02840622465036787 -0.0034512506118726805 0.26410170814043343
0.028470867382285256 -0.0033483761716810445 0.2639883969544652
0.02848069574350224 -0.003375159187651189 0.26407671857566484
0.028542241764584045 -0.00327072606930523 0.2639650477263731
0.02855213207274855 -0.0032978672922418517 0.2640534995410629
0.028559518163482643 -0.003322963113377375 0.2641436634674703
0.02862053517739198 -0.0032180600249036018 0.2640320718614139
0.02862889779170623 -0.0032444882458554924 0.26412139882161717
0.028682672930684334 -0.003139293804771015 0.26401575433764934
0.02869231296556688 -0.003166141550786372 0.26410427780833007
0.02869773923178462 -0.003192299826004996 0.2641960426342304
0.028749116684781917 -0.003088708290474196 0.2640924655147016
0.02875513915495969 -0.0031148397814952378 0.2641839212719287
0.028806991739613257 -0.0030367179376044606 0.26417534080738136
0.028856151519501286 -0.0029588089028317888 0.2641695391401951
0.02890299733192052 -0.0028805334865242838 0.264164851842393
0.02894803093742153 -0.0028018382037938716 0.26416125491988063
0.028987594923984047 -0.002723314129844223 0.2641618425231742
0.028988657978258246 -0.0027478014081961932 0.26425406935665846
0.029020959469324613 -0.0026452236809317298 0.2641664549740256
0.02907926763890111 -0.002489927269047787 0.26418572432057946
0.02910488093641564 -0.002413033307099688 0.26419798597244026
0.02912985971400807 -0.0023047511081653593 0.26414706621435036
0.02914121043388873 -0.0022175031368854015 0.2640648039498196
0.02914928737349299 -0.0022283264334693187 0.264142006565693
0.029161585261965675 -0.002132326301951315 0.26406000937252366
0.029171660690358876 -0.0021420217414589993 0.2641555700950798
0.02918624809942609 -0.002050081743193932 0.26408596909138204
0.0292011599131983 -0.0019539796252715513 0.26400701511908903
0.029207156808912164 -0.001969778558828017 0.2640784827672963
0.029218792025262966 -0.0018622393619683875 0.2639409745352545
0.029224132419373536 -0.0018698609346982642 0.2639975701333154
0.02924496688563042 -0.001762186656595166 0.26395308668750944
0.0292422056483616 -0.0018037772362521354 0.2640347506388744
0.02926277702619836 -0.0016886607721262048 0.26397299782273587
0.02927792596873352 -0.001613037570965814 0.26397333291424235
0.029282640985765183 -0.0015591756912693988 0.26393224806143784
0.029290311879613798 -0.0005507762905536118 0.2638141807284304
0.029281438147599516 -0.0004770095719669465 0.2638268553490991
0.029263421191236358 -0.00036991657318952154 0.26379425812534824
0.029235782681704597 -0.00024897594171924275 0.26377774499571016
0.029240704094886334 -0.00026176562632374 0.26384294087717525
0.029208836634497422 -0.0001445654726285328 0.2637244034866937
0.02921992084720438 -0.00018290836646417397 0.2637818032473288
0.029193780699149276 -6.705804008083627e-05 0.2637763413487085
0.029204969228816748 -0.0001133525432299165 0.26384640469206333
0.029160279627881827 3.59090602016221e-05 0.2637018508480836
0.0256749133641997 0.00847395851117505 0.26012818136718396
0.02566169444069053 0.008481177775904403 0.26005736340916463
0.02903283084667098 0.0003672290166596981 0.26355813382744764
0.028966644045538288 0.0005023079385172435 0.2634646589627747
0.028979902092654976 0.000466373872663961 0.2635310184383445
0.026923870941160492 0.002695009908175894 0.261445731437977
0.026933906837398477 0.002669531649208523 0.26153536661860766
0.026935215555940507 0.002646385385088601 0.2616310855044822
0.026922131985518766 0.002625528811105282 0.2617391232960493
0.026896245606954777 0.002607030213384931 0.26186655636156697
0.027005639555064284 0.002771332173486074 0.2614147218314302
0.027018613639829048 0.002745072810046767 0.2615021602134845
0.02702262217581778 0.0027201177538940247 0.2615964253603398
0.02701253387765428 0.002698672556004922 0.2617013885192464
0.026988434717445955 0.002678998656492848 0.26182810869189166
0.026949567202513847 0.002650528754830017 0.26191010823568495
0.027097451181639025 0.002821330525015764 0.26147353666008766
0.027105245415148888 0.0027967239783599496 0.2615643740328242
0.02709910309094011 0.0027737442154309733 0.26166609714548317
0.027076097641894545 0.002753668486057681 0.26178029295672134
0.027058056784184194 0.0027453988694707276 0.2618904162952767
0.0271711743686349 0.0028981692202842413 0.26144940972060876
0.02718156724637298 0.0028740318859238334 0.2615375211278288
0.027180008850878526 0.002849897401431989 0.26163557977386165
0.02715947257543306 0.002827332470348831 0.26174887533147995
0.027131286247752233 0.0028107514476712336 0.26186249406241296
0.02723847188590392 0.002975306791049681 0.2614301855601376
0.02725037193341589 0.0029502044907402936 0.26151732286264573
0.027251177215219503 0.002926300114613367 0.261612893702462
0.0272363433748585 0.002902591883160721 0.2617238098277168
0.0272076058738046 0.0028834765691445052 0.26185636224490805
0.0273122089734072 0.0030270067912269716 0.26150228373284823
0.02731327753124474 0.003002920112298857 0.2615974274293413
0.02730250959278837 0.0029790262081687002 0.26170392490464855
0.02728416268286528 0.002964526058942263 0.26183723710464796
0.02735820899897485 0.003126323068268433 0.2614045562747702
0.02736780739109549 0.00310270908813165 0.2614929156597318
0.02736850985519089 0.0030788870461854745 0.2615879869501496
0.027359392091861418 0.0030553646421091485 0.26169025265162543
0.027411262712808415 0.0032023728009349384 0.2613972949932152
0.027420049288007592 0.0031782540404957094 0.2614866572989774
0.027420055429583486 0.0031542591105496176 0.2615821272680733
0.027460247078094246 0.003279034714940121 0.261393472219535
0.027467926688107186 0.003254383064559274 0.2614836125075507
0.02750599958261684 0.0033557903491474583 0.26139127452817
0.02751247370714044 0.003331337902315046 0.2614818144693869
0.027547900110937808 0.00343310819634407 0.26139135657273194
0.027552546149734708 0.0034088664323444484 0.26148303875530676
0.027585784161405884 0.003511568857493874 0.2613940314693771
0.02758892822227746 0.003486113823964687 0.26148468319605267
0.027622730804617912 0.0035960449179604503 0.26140812496657995
0.027618366028896668 0.0035591913720337542 0.26148468630333377
0.027651645651823237 0.0037104864149208328 0.26131644492139794
0.027646179558124838 0.003672386718324039 0.26138770294718394
0.027672330213571794 0.003805202051346601 0.26120769950990064
0.02767494834056486 0.0037722972806121247 0.26132923628488647
0.02766924784892251 0.003749355358909745 0.2613984146429448
0.02769184124236994 0.003897872588615403 0.26113778805248805
0.027698004518495356 0.0038639762883805884 0.26126332515082074
0.02769425177036726 0.003848371486413038 0.26133613464770844
0.025355342754196132 0.009895267298560384 0.26028773798479465
0.027719115891503963 0.0039727724586219315 0.261173736654514
0.027716446291649044 0.0039504833054037625 0.2612640825204151
0.024390887629273175 0.01222504676917241 0.26102185447216186
0.027725215656578775 0.0041413494370713955 0.2611298234469007
0.024452177617186738 0.01210931099835677 0.2609949638262926
0.024429679920785256 0.012148284664973918 0.26095107993098876
0.02770660269803693 0.004300775890324515 0.2611797297989755
0.024491012385349432 0.012039484158479996 0.2609375027671781
0.024474679466760477 0.012063892915278207 0.2608864937742265
0.027688663400885653 0.004419963023880036 0.26117064751883545
0.027700283704929538 0.004382615220639097 0.26125410418260175
0.025279926867207092 0.010132626020894597 0.26028942955847423
0.024546133224224456 0.011928099312640272 0.26089004343997063
0.027671636441388023 0.004512747117461247 0.26113311704683495
0.027684853207759756 0.004479812989113874 0.26121007655876605
0.027662894505161337 0.004591714940535396 0.2611762871055556
0.02458152273338278 0.011843092949543665 0.26086570010670207
0.024572306556276152 0.01187005532357438 0.2607942727585351
0.027628776423853252 0.004735219295783244 0.2610539489669694
0.027635685657543263 0.0047239488623226356 0.26113712706035597
0.027645469042040766 0.0046708143370441935 0.2611888907243607
0.024626198481142683 0.011752470522266745 0.26081744645775695
0.024614497428262397 0.011790315326930423 0.26074246127374395
0.02760237553771802 0.004836110658772486 0.26103262872575494
0.02761221626200481 0.004814255460441785 0.26108143925281047
0.027590983556891435 0.00491791455741597 0.26106493775142237
0.027600390871955205 0.004869029362642885 0.2610996463088008
0.024672827456502545 0.011633046884560738 0.2608416365944649
0.02465654000173633 0.011667591424034396 0.26077196147329684
0.027555152068512015 0.005060453242259899 0.26092424639467476
0.02757647770944431 0.005002049781130502 0.26101276245630733
0.02754904185148254 0.005121798782601439 0.26093989164085546
0.024699987986802154 0.011557857713728525 0.2607884734391465
0.027516669648388642 0.005232028038665126 0.26090941351633157
0.027466180634201018 0.005386922112993742 0.26082782246912517
0.027487436281111215 0.005332486500687295 0.2609181431294818
0.02475373011874577 0.011473936793316875 0.260682338183593
0.024750728169557486 0.011493369452830748 0.2606339968695305
0.027452837985758705 0.0054364053441780524 0.26089054583928417
0.024781165204082453 0.011405848423706899 0.26065107818652933
0.0247697406961011 0.011445589093194874 0.26057749999202834
0.02739851414264728 0.00555458589641028 0.26082100006843006
0.027352364770025478 0.005657971555452668 0.260794236641688
0.02736590517945367 0.005630573064858868 0.260872040706657
0.024823752879295155 0.01130521142011881 0.26059981792581205
0.027312774737871158 0.005761203012271399 0.2607994381969466
0.027269950881109922 0.005854060449817011 0.2607685617547202
0.027277654526899696 0.005841619367314865 0.2608342685748207
0.02485455909430334 0.01123019063008418 0.26054664921057974
0.027226868315216805 0.00596554640041691 0.2607152770445783
0.027235492231755372 0.005936048859221221 0.2608072858687581
0.02715390239608103 0.0061168508263302335 0.2606460717055957
0.02718093754891232 0.006071202142277354 0.2606925439075624
0.024904722115352995 0.011124407312397722 0.26055468519330716
0.024892734303434742 0.011150806091707766 0.26051311349119677
0.027110607810774387 0.006205034322860348 0.2606129956293041
0.027119340770800894 0.006199649417980957 0.2607051201228366
0.024934782411156757 0.011053614040052118 0.26050724436588174
0.02707264129339937 0.006297845018000847 0.26066972079590556
0.02700419750637765 0.006432815702458405 0.26057480993006205
0.027025932427624133 0.006389516047596189 0.2606272998813596
0.024970465083234812 0.010965840306426444 0.26043516783226106
0.0269548323114294 0.006541088899873482 0.26056221818478054
0.0269044564547129 0.006643587787270588 0.2605329828219054
0.02502161029447375 0.010854838287758961 0.26045277711444603
0.025008224798798093 0.010883418777651033 0.2603819142870748
0.02505339396586894 0.010763713795162277 0.2604165769213298
0.02565258249428192 0.008386717822279677 0.260112143750473
0.025082638256032255 0.010691148766423852 0.2603631595552675
0.026733575003379563 0.007031891217172792 0.26047610192866044
0.026670504422446416 0.0071795415870218315 0.2604159093726073
0.026681856452750445 0.0071537150447801845 0.26049807422594384
0.02512545901146973 0.010580670566414874 0.2603719305316407
0.026638773017352353 0.007239090719479646 0.2604721570219296
0.02658531321846022 0.007322990829287779 0.260521851328209
0.02515219273806204 0.01051114842422024 0.2603117217730822
0.025182268116475462 0.010420256829464791 0.260264481467028
0.02531999677503078 0.010015823229809317 0.26022872773740036
0.02532258202947965 0.010005553437203385 0.2602928810227353
0.02563889019833493 0.00834272798974478 0.26011300040982915
0.025618049540474586 0.0083431334017664 0.2600278904443666
0.0252118029043037 0.010323729907542156 0.2603079613227326
0.025575525718136496 0.008215978320392225 0.2601754245875826
0.02524526293885352 0.010234139402633013 0.2602413443975706
0.025581448468453685 0.008229431656125108 0.2601325037186918
0.018697687583803677 0.023545114926327326 0.2703913263061679
0.018748889995093117 0.023500544546918967 0.27032743176369717
0.018847149765123833 0.023360946173076658 0.2702944016726576
0.01888557174332256 0.023302501417983845 0.27022631499118877
0.018908384898803476 0.02326399171671467 0.270144888887603
0.01907386854733853 0.022645920812937287 0.26981622106917325
0.020849924145485574 0.02023408989800346 0.2651722503313068
0.02091971317775125 0.020081149197343523 0.2651220032571921
0.021229894584676362 0.01948891874622996 0.26448562224791244
0.018789578843612036 0.021070097659947495 0.2675260623863182
0.018763660925379642 0.021021768199500662 0.267489674902654
0.021351991118405057 0.019151640949160775 0.2642163125914655
0.02136299631019324 0.019116131289787147 0.2641416917683337
0.01873770821850696 0.020961487481931884 0.26747899094293026
0.021385502169889478 0.019019824388270185 0.26415516961310004
0.021402427393596685 0.018963176874396415 0.2640739589470864
0.021416455510144115 0.018946262209530274 0.26398386496638515
0.01871687933795227 0.020894244566898812 0.2675172924352339
0.01869055739698764 0.020859943235952555 0.26744400296587323
0.021565990819639946 0.018607885129586776 0.2636317891196093
0.021566343633469043 0.018576974629392062 0.2635445419597695
0.021586003652146614 0.01848107478165739 0.2635623725618361
0.02158958346317487 0.018456345378450978 0.26349291207760184
0.02160597488299508 0.018425027014457862 0.26340579516745766
0.02162033915056178 0.018368902091838085 0.26343797756914233
0.02165731096742876 0.0182086739452961 0.2633804306864008
0.021666666872335913 0.018168798093303185 0.2632983883529917
0.02169149675367732 0.018112660024935112 0.26340003489042646
0.021702430158637917 0.018099105206856092 0.26331868042857703
0.021689895405427734 0.018062388625519427 0.26324838700984593
0.021711760470644895 0.017983336253086568 0.26334299861767385
0.021701488952586834 0.017905119651267676 0.2633563998831624
0.02168507542217863 0.0178891991770688 0.2633140325063163
0.02164088485330394 0.017854474563014977 0.26314567748500317
0.021592283124432322 0.01776106389267007 0.26309716181726167
0.02230821897151155 0.016610650556261042 0.26320911586533163
0.022352795273761404 0.01656601371207045 0.2631360492750292
0.022377561036868734 0.016537390067996816 0.2630593199997969
0.022429980294662165 0.0164876809732189 0.262957812950245
0.022478124618122944 0.016430256094208395 0.26288169251153676
0.02250524733362022 0.016394161204038693 0.2627867598806468
0.02255882631796076 0.01629081030728763 0.26280556907195785
0.022662846175618832 0.01611290584044872 0.262644165210506
0.022688631518632797 0.016082715963303573 0.26255400826344355
0.022739241616973813 0.015973752288468257 0.26257222277997017
0.022763080465186117 0.01593628634337585 0.2625065704466206
0.022801770025245423 0.01584671524202158 0.26252210737825454
0.02281290088691354 0.015828671846845666 0.2624658926416719
0.02283434497381736 0.015782454981811467 0.26237429897800857
0.02285959028200818 0.015713386042484345 0.2624788061616592
0.02287915926644883 0.015685807657964068 0.26239434027709496
0.022935721514272325 0.015553409548385522 0.26232817426692967
0.022958020528413607 0.015514515709464827 0.2622411583961799
0.022991695997753567 0.015429859882214125 0.26226549832586815
0.02300640107296137 0.015390629067370654 0.2622023232340214
0.023020273351022996 0.015371669884710504 0.26210073707505155
0.02303751585996329 0.015305017097040574 0.26221010956602286
0.02305289420735454 0.015273642049381808 0.2621443082551247
0.02306311579692929 0.015257155355496987 0.2620601792801439
0.023093394689316073 0.015141156655178567 0.26206964728417137
0.023096555699172898 0.015125812213698575 0.2619996706614153
0.02311234147691671 0.01507428549569051 0.26207898100091986
0.023129289726786947 0.015021397655335555 0.26200154790354596
0.023134711988479363 0.01499186679355441 0.26192797238940846
0.023161887921081953 0.014914442992519594 0.2619559045773017
0.02318890516133649 0.01482788674235569 0.2619817915293547
0.02319235641910624 0.014794489087151697 0.2618858860610712
0.023227902657236725 0.014684744021151552 0.2619051156851808
0.02323814185035416 0.0146428550751036 0.2618433837273041
0.02327517937928586 0.014529847117270012 0.26178309192921423
0.023300292984002983 0.014454398759253917 0.26179685652985446
0.023320562016975036 0.014384001344582786 0.26171961265948274
0.02335119599350837 0.014307533474949896 0.26174540423360243
0.023354311438325823 0.014287911517505802 0.26165708788126807
0.023387530558635003 0.014194289025765805 0.261684571960046
0.023398907535114304 0.014162907312703532 0.2616028964692825
0.023422563120841247 0.01408626823561343 0.2616441485883395
0.023439381296321005 0.014030333509563342 0.2615534693757534
0.023460283714823817 0.013956692282554806 0.26159432593808324
0.023467791152438237 0.013911018282550036 0.26149296213091305
0.0234928960383139 0.013831355397584677 0.2615301746565484
0.023496454786997828 0.013809386252572553 0.2614602083748461
0.023518596574776146 0.01371059060012697 0.26147847958695225
0.02353218617347972 0.013641688139043151 0.26148447623298704
0.023556677319743896 0.013521889269384912 0.26152493876730304
0.023548787808660376 0.013538781206574979 0.2614418273976065
0.023572009084759704 0.013435565762732804 0.26154034554765404
0.023571936930079668 0.013419029648815362 0.26145600660391977
0.02358173709753915 0.013344180236156467 0.26148413956576844
0.023571653453482444 0.013307022787194145 0.26140446426025193
0.023550969503795066 0.013213104561312028 0.26135518564244975
0.023529195489974994 0.013189514432904226 0.26128906701675425
0.023540277134519186 0.013151753119732046 0.26140002233786014
0.023501141317016062 0.01310036320341501 0.26130843341446164
0.02346813528864493 0.013064489116739353 0.261247374869635
0.02345748810672066 0.01300019749688397 0.26128967002814574
0.023429300451154426 0.012996243202220592 0.26119367354890094
0.026528061541654324 0.0074166756161322955 0.260568283065381
0.026545562430186236 0.0073880761432665865 0.26053290835474757
0.026610721032370555 0.007280813879468273 0.2605226769166162
0.02666731638532422 0.007188085861317917 0.2604597434209722
0.026705011934152097 0.007100813155892949 0.2604968012242852
0.02675205534183661 0.006981787915455229 0.26050033853006216
0.026796592002062858 0.00687839314381633 0.26051115291370786
0.026875894193267268 0.006707502635566132 0.26055471577357925
0.026881239418564844 0.006692344286708618 0.2605003140785098
0.026930266264995055 0.006586357754942929 0.26051339478236646
0.026967068371543806 0.006511509837952512 0.2605379680274873
0.026999647186708872 0.0064396680667133666 0.26062236025703284
0.027096597960057256 0.006249013368713585 0.2606871565422484
0.027091272822642107 0.006245765540949744 0.26060047464663966
0.02713297197315405 0.0061731185812995415 0.26071918194801647
0.027173309681153175 0.006090177187122292 0.2607349424665778
0.02721575266892235 0.0059925862341145275 0.2607349081118204
0.02724882156258867 0.005909846873894231 0.260761354654922
0.02728711345360115 0.005815981804947246 0.26079820528875997
0.027333989432231906 0.005714327012290632 0.2608145227045283
0.027366018312645644 0.0056294022827032 0.26083596293829436
0.027401337430270865 0.005550588604843698 0.26086376140969914
0.027437408361715467 0.005474205117931286 0.26088626728741626
0.02747196614542423 0.005383612015158468 0.2608952682770913
0.027498268150488732 0.005298952951322933 0.26092074654508735
0.027524071054524743 0.005208113765864331 0.2609387824683663
0.027551768494268027 0.005121626215798092 0.2609770546216269
0.027566224391932515 0.005057653097920833 0.2609992852629082
0.0275836884568455 0.004955876095450562 0.2610307032944329
0.027600294402421996 0.004862177649063826 0.2610574164282106
0.0276215975869933 0.004776992263140656 0.2610707099812434
0.027637575118517888 0.004711166654749577 0.26109802585696296
0.02765240340129358 0.004636167229780719 0.26120563197939217
0.02765404745213825 0.0046306359084276605 0.26114144442467235
0.02766974368922659 0.004558280399773629 0.2612237574400993
0.02767181596893148 0.004541109669956467 0.2611694863207597
0.027684644087762944 0.0044652601332298425 0.26117253873711316
0.027698341674051954 0.004376228189877929 0.26121505940376866
0.027684274673867887 0.003811927225903955 0.26139240138318676
0.027668297147999753 0.003741663063218603 0.2614633453787696
0.027652800509407306 0.003669046753148386 0.26147607029543396
0.026993543246164403 0.0026910001102107284 0.26194789460860557
0.027689897465109338 0.0018289133268016844 0.26299711366000955
0.027826704334616863 0.0017114570976934362 0.262964853925057
0.02789345499609895 0.00162384150924888 0.26307566197013144
0.02791364287279635 0.00159693568729119 0.26300839647021335
0.0283241130996083 0.0012110374715785799 0.26313215375771926
0.028415911346343005 0.0011296927866939477 0.26317826624775664
0.028541430365197816 0.0010238036701644138 0.2631856357461329
0.02872483473766297 0.0008333282199884384 0.26329535110714003
0.028806535207870076 0.0007538120129165771 0.2634113695495569
0.028866613775400958 0.0006749146645452231 0.26341169626565525
0.028908541585062973 0.000597497190445162 0.26349663616252894
0.02895532875003 0.000517462748700237 0.2635279655581332
0.02900353006164994 0.00041852037641681994 0.26352821540818094
0.029032248914112803 0.0003598680443898661 0.26363135636251533
0.029041244709851977 0.00034719296926682963 0.2635696999595255
0.029062332333775795 0.0002865970218016156 0.26368747770346734
0.029097615489563834 0.0002108831124051913 0.2637059299808755
0.02912809694772129 0.0001255086959742746 0.26372750829470415
0.02915998113645029 4.145972358587935e-05 0.26374142330995876
0.029184367131480662 -3.490365197511558e-05 0.263839432580027
0.029185335847346686 -3.733184807930279e-05 0.2637910453239233
0.02920802614499634 -0.00013154251933300554 0.2637883300312134
0.029230647411558994 -0.00022136363859986963 0.2638151027287379
0.02925198706554767 -0.00031387722035258747 0.26384699882503404
0.029265716151271833 -0.0003763386574204275 0.26384239646861596
0.021597457762666646 0.018449402210029803 0.2634168707939476
0.02145263825627386 0.018882580488309125 0.26379294569060396
0.02148496311356727 0.018813387486632388 0.263742614898638
0.021511878677191884 0.018747491625048185 0.2637041360647049
0.02154098851032006 0.018671090222716596 0.2636715716111241
0.021569022969415826 0.018591302489587846 0.26364309575564315
0.021580477996362285 0.018529849978706797 0.26357910083971947
0.02159142045715757 0.01845290254531043 0.26354296570936897
0.0216130302912 0.01838786758183175 0.2634988287849406
0.021412021342656684 0.018993951969324074 0.26393412735919003
0.02144677249295178 0.018898419014724416 0.263904886284678
0.022693778809194987 0.01607594501335069 0.26248764042607786
0.022738656609883057 0.015995770674137377 0.2624516313322667
0.02277683661538915 0.0159178930166764 0.2624127027020833
0.021304444137794608 0.019282633299233548 0.26422276884868134
0.02132977750431493 0.01921809449635664 0.26417736739645836
0.021356199880149772 0.019137411527345743 0.2641355482003059
0.02137392962697588 0.019063555712397012 0.26411836553532825
0.02141333107231288 0.01894195391363107 0.2640219681601448
0.02260068549825437 0.016241824500753288 0.26266801376423277
0.022639039117417145 0.01616761414200174 0.2626155675389056
0.022678171731874627 0.016092680087597788 0.2626079807822659
0.022722393283661414 0.016011327465365544 0.262580069508316
0.022757435003265693 0.015941794772098505 0.26253950970242146
0.022794425747983287 0.01587238284089676 0.26248626356066374
0.02283057421939816 0.01578580490284398 0.26244909881450695
0.022857570022294632 0.015731278253821812 0.262426696518366
0.022894871813964393 0.01564248989912781 0.26237588952860114
0.021236623207788685 0.01946131067298465 0.2643958311084682
0.021263707555850796 0.01938436333326163 0.26438772651103193
0.021365732645684178 0.019104218152372066 0.26423478185709187
0.022529942551819795 0.01634016228055757 0.2628170656665787
0.022578491853506258 0.016267491586135663 0.262773719182546
0.02261528483338602 0.016199054849270034 0.26273909127070083
0.0211275771554547 0.01969742739532679 0.2646343593550152
0.02115952273980542 0.01962711240494741 0.2645929260173697
0.02105072354395203 0.01986472856082605 0.26482638884577525
0.02437761496133909 0.012254030281910966 0.26098484031304336
0.024412103036816978 0.012186049749796313 0.26096311932542215
0.02445105487294759 0.012105932803736452 0.260924711909262
0.024504299369429876 0.012012791669180956 0.26090229575553164
0.024536065492649528 0.011948177299518914 0.26084421042649963
0.024567300417587333 0.011880632504471189 0.26082452338695344
0.024616723224997618 0.011785644483273183 0.26078276275074447
0.024636953882257485 0.011720471640325247 0.26076692483267067
0.024734895743133672 0.011520532394336369 0.26064652994905213
0.024764795849699706 0.01145850131941667 0.26062207263170856
0.024801100938784473 0.011364969902272148 0.2605810852164023
0.02228782078657853 0.01662855760771076 0.26325810092488877
0.022344895657444866 0.01656310723019544 0.2632116608516901
0.024182028544150504 0.01248968971430603 0.2611805830639553
0.024255424880633578 0.012401338767613013 0.26119355065854005
0.024312725049363243 0.01233791987660704 0.26114835670067926
0.024359194985978154 0.012276423098385947 0.2610991042757701
0.02440274014008454 0.01219901534098311 0.2610687841166724
0.024611984345676047 0.011773761102664593 0.2608818302953193
0.024650657512673077 0.011689804028855832 0.2608312026229267
0.024680526857649668 0.011612334169236793 0.26077162930523096
0.024724787521719936 0.01151518164984644 0.2607480511502529
0.024848150876076794 0.011247937116025175 0.26061874102132065
0.024883343792027224 0.011166741421692383 0.2605682150152573
0.02495195209242796 0.011004872778545338 0.2605093760487312
0.02497988399675586 0.010934364134226382 0.2604765004894672
0.024999903497338674 0.010902963977443891 0.2604379394073967
0.02503335444198803 0.010826771977801186 0.2603918465577071
0.02506034034716923 0.010746533745942533 0.2603494582011719
0.025091166638785842 0.010663681446906659 0.260323954887865
0.025124599646072943 0.010579333411752934 0.26029167273196663
0.020894361217513868 0.020130031571219814 0.26516592468062467
0.022195705193913888 0.016738811333711134 0.2633856213753706
0.022259421527802303 0.016655873628473705 0.2633506473057507
0.022316210649411528 0.01657738626550115 0.2633476737858724
0.025145301266120586 0.010526832302708733 0.2603759368131432
0.02516768064446992 0.01046488905945403 0.2603367464094737
0.025186012053492995 0.01040485131047919 0.26029304672250375
0.02520518072391162 0.010347329105781011 0.2602666783144927
0.020832098351932463 0.02021818345446455 0.26531213332075926
0.02522663230053386 0.010279914531884426 0.26032859746489667
0.02524706171846674 0.01022901335747961 0.2602870385870588
0.025263950700701157 0.010181574089362655 0.2602871361555399
0.025305020024399022 0.010053750896057367 0.26030356341654803
0.025336608033759457 0.009960976269436317 0.26026887889954153
0.025345034170332167 0.009915935272660326 0.26035420365522177
0.025373390982962332 0.0098383251373943 0.2603132752716542
0.025396975077287838 0.009777540515887972 0.26027581228080765
0.02541521837104449 0.009725451612668468 0.26034779649153683
0.025439074804376308 0.009656438310613746 0.26031073105307734
0.025466516875140517 0.0095877611698722 0.2602751956145443
0.025493523344138916 0.00950631762951848 0.26022937526025847
0.025523997841690467 0.009391003743763837 0.2602742258951608
0.02554307162296003 0.009321153271835025 0.26023413796007544
0.025564432043171048 0.009245920938881269 0.2601816510147773
0.02560037153462552 0.009123288517109363 0.2602396751940852
0.02561579575152159 0.009069960346805905 0.2601798526541423
0.025648636021590898 0.008934838222581787 0.260223720126225
0.025659291279394814 0.008873237493301933 0.26017536155580234
0.025668505255117387 0.00883852927893164 0.2602527824632279
0.025677971535188762 0.008769123852556127 0.2602032729648338
0.025685917951229174 0.00869964618963831 0.26017266514348714
0.02568719607122521 0.008623655565555666 0.2601221177116947
0.02567558775282331 0.008550829532939841 0.2600658085035906
0.026655497047784506 0.007207622232148991 0.260508498055366
0.026967385659991114 0.006513784641138054 0.26058334045962955
0.02717547583813068 0.00609133694369185 0.26071071657075023
0.02723137901811397 0.005958792872108876 0.2607558237326646
0.027271188139252653 0.005855177259586841 0.2608060267974698
0.02732304956397872 0.005742870907450293 0.2608526767899153
0.018485559452651457 0.023801538620605717 0.27024922737237
0.018538345842309734 0.02373531082514463 0.27032729415259826
0.018687001733951797 0.023571439726953136 0.27028966133636534
0.018744569150103967 0.023507829479183118 0.27027430219979454
0.018869134896091946 0.023330030834907867 0.2701965595974434
0.0185790959084782 0.02366727967858176 0.27042471551475566
0.018658666363605803 0.02359303656896697 0.27038363169500246
0.01872950735325056 0.02351523106955794 0.2703620595335933
0.0274075564335534 0.002082367087919923 0.2629812078568247
0.02750663629421348 0.00199047319636797 0.2629827845327645
0.027597422230006288 0.001913006410424245 0.26295792419612607
0.02775344381540651 0.001775943057294116 0.263027218683049
0.02782051870098707 0.0017122376099736325 0.26302209462156895
0.02787266580790035 0.001644618399976927 0.2630149243231098
0.02793569323096673 0.0015784530426874999 0.2630823420688181
0.028000120996797773 0.0015135509302798278 0.26306844819264785
0.02808594615918549 0.001427485231799086 0.263059432076735
0.02821435702237162 0.0013055682528726464 0.26312544787988273
0.028311796157929628 0.0012198321220634467 0.26309998857047384
0.028354974893980145 0.0011790601570851877 0.2631827131921103
0.028470037096256125 0.0010833444367078782 0.2631806847493415
0.02851726547448951 0.0010417788696370778 0.26313957494000695
0.02858911460058905 0.0009753447160811834 0.26324988682522354
0.028657468440465614 0.0009014036195233999 0.2632325462683131
0.028649664380019542 0.0009172162092379588 0.26329866107563393
0.028708644253548292 0.000853602306530088 0.2633129892402339
0.028824680101461317 0.0007303362760653354 0.2633685087794302
0.02886148722290048 0.0006739070882577081 0.2634872818684476
0.028904859145768916 0.00060917232354607 0.26343662724729194
0.028937252978239285 0.0005528406143001652 0.2634994198666935
0.028974632711664554 0.00048458739612849966 0.2634852813823944
0.028950942936267793 0.0005105010930164799 0.26359125731105393
0.028992077394514162 0.0004384808779444027 0.26358218238043474
0.029034242289747277 0.00036167690549088194 0.26354309897826284
0.029008440911034813 0.0004011702590084876 0.2636470988863612
0.029057694719421247 0.0003104395808658511 0.2636079349922339
0.029069884572437546 0.000266306283693174 0.2637138828495228
0.02910517243034113 0.0001950495093663851 0.26365766461585155
0.029117794674690417 0.00014675416441811695 0.26376106810759103
0.02914525475929295 7.895782294792264e-05 0.2637155113733261
0.029159760071012432 4.228735615163792e-05 0.2638016441249184
0.02919659719911711 -7.843004400909237e-05 0.2638162419258294
0.026600588046250533 0.007297153821826996 0.26052186035308306
0.026498225591195766 0.007459907014669087 0.26058860154811947
0.026393438279057192 0.007606583395814548 0.2605946959823702
0.026446838818801395 0.007539523141097071 0.26062643604210955
0.026248471307002988 0.00774170162965282 0.26061299531563287
0.028837332806972815 0.0007141717723704311 0.26344964006848404
0.02888823093167392 0.0006317358384050342 0.2634818144168561
0.028926362756614317 0.000565189843977576 0.26354534840030097
0.027655732071370176 0.001861649283397826 0.2629546045419714
0.02751118428197405 0.0019866154819213055 0.26295588922375757
0.027586375056649508 0.0019211224963933682 0.26300313749515813
0.027629451165288463 0.0018791007418418881 0.26303217643813037
0.02438572318827198 0.012247328268058522 0.26094787004706754
0.027432196820436613 0.0020642291821679204 0.26298955450340744
0.024366342347333106 0.012266750870313814 0.2610484395559961
0.027246655576291558 0.002186646320583241 0.26298677007468707
0.02424746669519235 0.012425345887070338 0.261092722289517
0.024303463977094625 0.012352891001455257 0.26111477711370723
0.02702163498467374 0.002284416142377621 0.2629478001543091
0.02411268362506743 0.01255933507660656 0.26109868081241494
0.024229922709972776 0.012436776072782152 0.26117201940697543
0.02394662911695431 0.012663178643680939 0.261064900007028
0.024023656214399003 0.012623369144683705 0.26114876031795536
0.02409942946045162 0.012563563861102911 0.2611673043288071
0.02265086763361447 0.016141738690372998 0.26264468875295266
0.02260217384338034 0.016232289720020665 0.2627187273342626
0.02262988683147655 0.016171988889127298 0.26271498895435336
0.022507255984476178 0.01639335780575546 0.2627382934585286
0.022546225336249018 0.01632260514230932 0.2627756645334086
0.022494728926628363 0.01640362277917584 0.2628585329418207
0.022419795859747002 0.01648895074084472 0.2630075737659099
0.0223511617718498 0.01657531385767802 0.26307589240706564
0.022399941192907384 0.01649342770210077 0.2630957188390711
0.0223260929285653 0.01659815599210618 0.26316004446402885
0.02237566199359222 0.016521846704528442 0.2631630955329766
0.022317259747084657 0.01659475407471106 0.2632383348463434
0.02230335485793352 0.016606368782475123 0.2633027876439651
0.022228447562366478 0.016694567964074924 0.2633546169603407
0.02203640029196409 0.01690184028530667 0.2633323111722531
0.022108299040969503 0.01685061082532635 0.2633680513810044
0.02216081577473762 0.016783434956115673 0.26341981959393584
0.02199648661395171 0.01691699007961711 0.26339841810562525
0.02207295176898811 0.016869364947172283 0.2634531471310585
0.021497677085788112 0.01878452410076617 0.2637681718011636
0.021456051666780752 0.0188793073682256 0.26383335781271644
0.021429099579863144 0.01896229710905903 0.26392428864811995
0.0213743886163041 0.019062190015360803 0.2640822090794676
0.021392255330225186 0.01899462085688952 0.2641094859296734
0.02131912354778038 0.019247438627550517 0.26414832410334904
0.02134748410980447 0.019171094007123884 0.2641685760749466
0.02137394493229501 0.019076922404920676 0.2641774298883402
0.021288337758005857 0.019320440258272453 0.264226542901984
0.021319693437182256 0.019237028394898353 0.26426810182198734
0.02127773202655888 0.01933663915888001 0.26433047092265016
0.021209978077423634 0.019537482434416525 0.26446542168533177
0.02117162040997042 0.01961475253462927 0.26453237225710424
0.021098775623011178 0.0197829482822508 0.264697700037271
0.02111856747834953 0.019717801721900075 0.2647031020217888
0.021053308178205027 0.01986716554095802 0.2647711006210469
0.02108062905010681 0.019811899327653565 0.26478533030922036
0.020991504712072284 0.0199680861040733 0.2648209455467112
0.02102828390772006 0.019903045358658777 0.26485143856892
0.0209808526131139 0.01999039053510418 0.26493162057029
0.020939156501840674 0.020057335685074812 0.2649749849958033
0.02089137120818947 0.020139992987524058 0.2650522682350114
0.020932494701988866 0.02005995039442962 0.26509139776923357
0.020839660883293407 0.020237480042705952 0.26511682091792305
0.02088354039329233 0.02015917367256939 0.2651610067753696
0.020831611545214603 0.020253181347376414 0.26521836016249445
0.02076738243220276 0.020316913971270112 0.26528418040704993
0.020810891752633162 0.020249110550418586 0.2653361182781703
0.020738751101646927 0.02033948372923619 0.2653597768754592
0.020782543103495227 0.020276538492096874 0.2653910295648729
0.01719994327354451 0.024300917412332812 0.2708705776408914
0.017257282008129163 0.024303689726976413 0.27077720433053054
0.02073147790940051 0.02033933161856666 0.26546224639940114
0.017416339423471636 0.024261802187500014 0.27079685024514877
0.017307542270720497 0.024300944438219785 0.27072380725669787
0.01748036387244229 0.02424860332496659 0.27076295036518105
0.01734087972686428 0.02430128174436147 0.2706576101816686
0.020679089524100566 0.020412737482009835 0.2655222478035333
0.01751717426911814 0.024252722535522353 0.27067559222016313
0.0175880153406733 0.024241443192032197 0.27059832240010806
0.017615853708034625 0.02424296157945563 0.2705288388574358
0.020598754193098853 0.020526293863756984 0.26568135572463514
0.017790094804849853 0.024183877237274998 0.2705192943936102
0.01765413516211925 0.024239359056843546 0.2704535887976086
0.020488470092477076 0.02066753883235481 0.26570183827808563
0.020536597027574537 0.020614472733147454 0.2657209247689375
0.01790256611005376 0.024140581818299506 0.2705262549971375
0.017791325077281178 0.02418938890893063 0.27045255685990316
0.017955332972082766 0.024127566527106903 0.2704557713347271
0.020405159962977912 0.02073847266237716 0.26574779756747513
0.020465661465571536 0.020687822012619095 0.26578997556722617
0.020530811957471397 0.020614005877438807 0.2658207372591862
0.018056067492952146 0.024084187814707086 0.27042297589273057
0.0181777987640665 0.024026872091080675 0.2703743899600127
0.02039534205918464 0.020740306930239177 0.2658329380509511
0.01821395121335076 0.024008956739189347 0.2703072181089339
0.01864036248402716 0.02360024001245037 0.2704395584014525
0.018590958707193767 0.023668985224542527 0.27036958967308766
0.01852339961151979 0.0237419032535231 0.27036274313810205
0.01846837755104372 0.02381318776513841 0.2702926986018074
0.018388234918510285 0.02388695430579399 0.27025404674764336
0.018650692838962715 0.02360754952912336 0.27034363951836415
0.018563967130171825 0.023718627600492342 0.2702736247420976
0.01850768492751901 0.023781489190559557 0.2702179258753338
0.020204042852963816 0.020846214180936296 0.26594523411788606
0.020250811058291615 0.020818051198218446 0.2659495912929859
0.016777027059472274 0.024352025397348126 0.2708121646188631
0.016738202996980103 0.02436610160618688 0.27073190659860136
0.016697966626247902 0.024376976840728926 0.27065017136847414
0.01665677777983788 0.02438654075899163 0.27056778388096003
0.01661361828788757 0.024394334575677246 0.27048422669409944
0.016870273367468824 0.024350219807124956 0.2707974004463851
0.016831428227821375 0.02436512688033679 0.27071715338728625
0.016790909740087914 0.0243777001700555 0.2706355459014933
0.01675092116046864 0.024388113682373674 0.2705537788570241
0.01670993424418564 0.024396913850325053 0.2704714943728388
0.016996938374714922 0.024330515846178097 0.27086020921935794
0.016960884055080165 0.02434610634320014 0.27078097391890243
0.01692337093665617 0.02436079161721691 0.27070138922267784
0.016882971506451752 0.02437432861841013 0.27062001856065615
0.017122146943805802 0.024307671175066742 0.27090092239938646
0.01708317746482129 0.024323041780785676 0.27083926338960274
0.017047229147496276 0.024339423148327072 0.27076197387621975
0.017011643876698714 0.024353958008253435 0.2706835758472319
0.016973131326738104 0.024367736595205997 0.2706031672243291
0.017177414837647682 0.024312511327202135 0.2708128642246518
0.017133591398469213 0.02432850226438177 0.2707417884235189
0.01725122424692417 0.02429921827877468 0.2708189687529516
0.017227796208100943 0.024315527557539768 0.270720320907952
0.01733707289409634 0.024285092603394204 0.2707833580863789
0.017291432295845413 0.024308655787029176 0.2706881689359032
0.017424965683294803 0.024268589498585263 0.27073679111054216
0.017379340148587205 0.024288004178906086 0.27069023376234996
0.0174905881511441 0.024254285895141475 0.27071070714915024
0.017458862136814537 0.024271944525082412 0.2706481754051847
0.01752983463239447 0.024254758206845944 0.27063427157345993
0.017503485793368752 0.024270258460984184 0.2705632966666009
0.017564287782478878 0.024259594385040634 0.2705171550053334
0.017654050120135753 0.02423491832096014 0.2704958248998515
0.02746444231151679 0.002029156081724548 0.2629906978888591
0.018710513715150985 0.020926583226099194 0.266154799303887
0.01883113176855393 0.02095150054622627 0.2661441500573893
0.018938573075378322 0.02097207137330398 0.26615759660197164
0.01904555274273105 0.02099363736408158 0.2661403186589552
0.019145905058763096 0.02100608942776891 0.2661561988408475
0.019249145829166814 0.021009911544064036 0.2661402937299246
0.019334535672083625 0.02101234684152306 0.2661140166895104
0.019441925200423038 0.02100525327373015 0.26610470732331265
0.019394754040845452 0.021008701603112162 0.2660400583532623
0.019538816886751187 0.0209982303963695 0.2661052327888862
0.02646504417408918 0.007506785315231079 0.2605710870114367
0.01962354802368063 0.020995099965195663 0.2660797478161511
0.019603118664638666 0.02100094848509712 0.2660089871123382
0.019711840566650755 0.020983624057881067 0.26606351579510706
0.019656697599538725 0.020993931844394603 0.2659787593256474
0.019795921036335276 0.020968039880312345 0.2660464843028901
0.019756160406551218 0.02097998636472323 0.26595841433565154
0.019870967349964033 0.020952964162586935 0.26603976417299563
0.01984348980438009 0.02096709454988377 0.2659214022891667
0.019949318230409158 0.02094013308813339 0.2660032348647372
0.019918129501037593 0.020952215073680114 0.26593114752753133
0.020021315639895523 0.020922442679722597 0.2659763153369272
0.020121997264786695 0.020887732090465044 0.2659476572664641
0.020083255969701758 0.020904872393491092 0.2658835287215927
0.020169382024323765 0.02086643393517823 0.2659165943553804
0.020240853632835218 0.020831023203497084 0.2658755798718582
0.026414301973505888 0.007583429089393856 0.260635579930909
0.02031557641374407 0.020794025859901283 0.26582639880761494
0.0204003273457073 0.02072823259794268 0.2658757079833555
0.020365404865134912 0.02076504602842255 0.2657885881768419
0.02044262809207273 0.02070060410548577 0.2658375377140155
0.020435245539132424 0.020715850436175076 0.2657524157044493
0.020507317156885772 0.020647458490607673 0.26577392762430607
0.026350167420704618 0.007653491008640878 0.26059885695297413
0.02625581141919843 0.007732511493755034 0.2605538743239705
0.026294394624592814 0.0077024468585438766 0.2606315903941948
0.026161491320355335 0.007790021382510004 0.2605239671835251
0.02619184399825219 0.007774258222713104 0.2606176521334248
0.021105138058650885 0.019759301627265163 0.2647211341581361
0.021087405209248802 0.01980775510527477 0.26467727689054166
0.021122367834055092 0.019715342658247315 0.2646106436803454
0.021158588059452643 0.01963979151838552 0.2645586573865967
0.02119058050742615 0.01957710169543017 0.264506860896653
0.02122673496424201 0.019493746493341346 0.26443418620066406
0.026069890384954567 0.007834756563876943 0.26050119993112664
0.026106444292270076 0.0078204855450964 0.2605836212462274
0.02124967184922273 0.01942370821044065 0.26436888822875293
0.02597995959044347 0.007868138065168173 0.2605147399669518
0.026028980657731474 0.007849153609706616 0.2605950537392002
0.025906430100958472 0.007889150411107604 0.2605234523543511
0.025952033867404953 0.007868989368735757 0.2606202203266166
0.02586246399826469 0.00789654718523225 0.2605685117645389
0.02586498639706266 0.00788577595643386 0.2606366427892961
0.021263216787373883 0.0170996339034577 0.26325109904662947
0.021301368974944328 0.017100759399631627 0.26323857345115653
0.021451028593884702 0.017066298257010448 0.26330377042890757
0.021407697761186867 0.017077598215603285 0.2632407913714876
0.02151367598500857 0.017064235548145124 0.26329602126008056
0.021497327545300753 0.01707032203600234 0.26322988552855303
0.021602568351537732 0.017058406469717458 0.2632802721833607
0.021590073658561984 0.01706535144420762 0.2631880206149362
0.021715442840547536 0.01702964989735939 0.26331432738380045
0.021684317246414987 0.017048014853123572 0.2632458377123917
0.021679621398971366 0.017053809371954 0.2631780680446316
0.021828873243395525 0.01698158186418275 0.2633716576576204
0.02179665022137546 0.01700788934627745 0.26329483923315244
0.021769151149921402 0.017026425030442383 0.26322210590941636
0.021947657731228476 0.01693155538211577 0.26341403096811494
0.021907499747354328 0.0169567242076879 0.2633503427851413
0.021870396922977195 0.01698229941793261 0.2632873336838608
0.021840136484659323 0.017004813032263144 0.26317987574026147
0.022012514568599352 0.016913705798656864 0.26336188144638567
0.02194958363228485 0.01694653029286647 0.2632902368650521
0.02191581195456889 0.016967371221205507 0.2632381898546652
0.025765722630258635 0.00790448218015205 0.2605734713282233
0.02209989081862747 0.016855327828793232 0.26342201358143524
0.02206950502620182 0.016880075835070674 0.26332510025157835
0.025535515249113683 0.007944984588323045 0.2603378918792072
0.02562297121813742 0.007910739558960156 0.2605425323843523
0.02564700992688805 0.007906444352615505 0.2606165483933237
0.02214415518468326 0.016809581186690237 0.26337544206509766
0.02222089524354138 0.01670358194219196 0.2634245114907337
0.025507398205324494 0.007948082295729186 0.2604881312297695
0.025529878641237347 0.007911735430818356 0.2605498709172672
0.025561207549439385 0.007908178113516962 0.2606009396298463
0.025489110911420455 0.00792655429720246 0.2605548032498461
0.025473106412412197 0.007913007113107384 0.26064222493373856
0.022889563728487564 0.01565023331488158 0.2624236666114028
0.02287832480920063 0.015689011960374588 0.26235260850949327
0.022916592416774233 0.015592264693678803 0.2623511606153379
0.022962500961880968 0.015498441152370257 0.2622915190745923
0.02294912866197002 0.01553156257255539 0.26222535291390564
0.022995015437627477 0.015423251595869325 0.2622244765868691
0.022977156727814932 0.015467272639713925 0.2621757839613221
0.02302428232121058 0.015345916245739943 0.2621862461402892
0.02697772337580251 0.0022957066191610642 0.26296118498304694
0.02703930752824467 0.002280489149676157 0.26292635947959825
0.02717835588098648 0.002223466093267623 0.2629885125329232
0.02731267707640314 0.002141951364608208 0.26299376677629605
0.0276176709736504 0.001894549530530809 0.2629777897760429
0.027529016107242628 0.0019710754643484374 0.26294235882607586
0.018786775784025503 0.020942861237978866 0.2662018077592991
0.018878598710108774 0.020960246530351168 0.2662038737831699
0.018884191928014382 0.020960535458113827 0.26613825385986756
0.019013208208308624 0.0209882035001005 0.2661753672411695
0.01909300746108252 0.021000619215919614 0.26617664131237007
0.019185347759282115 0.021006923422776297 0.26612124845990404
0.019302593558455025 0.021011817240213893 0.2661399973245948
0.019294485504021797 0.021010287018808832 0.2660854695080627
0.019359621842397257 0.02101057067888032 0.26614802725706316
0.019362105564393606 0.021010956207034193 0.26608334691002417
0.019567960671017764 0.02100309532692854 0.2660317981152689
0.021194178754697104 0.01957268872831419 0.2644640933512732
0.021320039252969478 0.017104561745840074 0.2632127077966747
0.021374447783702427 0.017077087733819385 0.2632728980188621
0.02137561153591659 0.01708241995967047 0.2631787631244379
0.021435843275620023 0.017071829497075253 0.263266696477236
0.02145417508251237 0.017072485033526208 0.26321195962559085
0.021552923783844477 0.01706735677894905 0.2632229005940223
0.02162779739039082 0.0170606068155586 0.2632164073716352
0.02172610220446003 0.017043873412843857 0.2631714918802719
0.02177992872544899 0.017027679656656913 0.2631714211781967
0.023501918556859444 0.012759395603810175 0.2610634970731035
0.023539373503013078 0.012754509803621084 0.2609760046244857
0.023559476698396635 0.012757850971328921 0.2609157519802805
0.023607022770349664 0.012746155251119495 0.26100910824183066
0.02364617726476187 0.012750377449456785 0.26092822185849873
0.023697791186675553 0.012739922303666218 0.2610385005599382
0.0237021972941344 0.012746269901482699 0.26094464877722195
0.023773991809874183 0.012713527784235068 0.2610679644237062
0.023787795674762274 0.012723334822422605 0.26099223592236004
0.02385305521325007 0.012690774009784744 0.26108719889523224
0.02387985216771743 0.012690148551262714 0.2609988939184024
0.02393252603168875 0.012666421307396536 0.2610899003953854
0.023939209812996548 0.012664480322182814 0.26102623658035806
0.023998371291671892 0.012636975864057765 0.2611675473206583
0.023986023629001582 0.012643429986970878 0.26110505811179785
0.024053640418411265 0.012596373427159857 0.2611785438040697
0.024069836445910632 0.012590839590998049 0.2611073409112171
0.024143849084062245 0.01252983125867202 0.2611382067658244
0.024209459300803864 0.012464261418504041 0.2611319228403427
0.02427247338010728 0.012389272170126642 0.2611374653521685
0.024272462783123387 0.012397607714970005 0.26108802437544
0.026890662909643336 0.0023160202513782258 0.2629504142041384
0.02706495543864497 0.0022686111938832187 0.26293452059216205
0.027124315742051854 0.002246121611780061 0.26295427569216856
0.02693591522222008 0.002305279341418054 0.26294456897020935
0.02403385937209164 0.012615701962627734 0.2611149629868119
0.023975633876248445 0.01264916622481066 0.2610548971846416
0.023938365791112505 0.012660072907644482 0.26112394283258455
0.02389207518243891 0.012683494019461117 0.26105615424600903
0.023809811845708642 0.012697581787321943 0.2611030651874481
0.02383503022104263 0.012708510178393417 0.26097469566959397
0.023780984821748438 0.012718919810943585 0.26103210599327625
0.023688891508608 0.012732416917086653 0.26108170568582145
0.023735600704489615 0.012739545648066397 0.26096949937666414
0.023657377475429217 0.012744078818820337 0.26102755223015367
0.02357165497411133 0.012737715048479203 0.26107329952837827
0.023415031564776437 0.014115000020336166 0.2616073678119762
0.023394959197965116 0.014173674185865293 0.2616471133990275
0.02336725611794241 0.014255913921227936 0.26167964933738386
0.023337593813967973 0.01434355882352023 0.26173098296208647
0.02332039258383857 0.014394530382182746 0.26178925185936064
0.0212448805121457 0.019443538342231614 0.26445180481733555
0.021213315222120555 0.01952651461793295 0.26451968650143626
0.021181108832597842 0.019587206545210817 0.26455123614861686
0.021150986223627398 0.019649611448862736 0.2645847353266516
0.02112301029279956 0.019708925671899025 0.26464104068731925
0.021104568134665096 0.01976404457453862 0.26468378791149993
0.02108081403211389 0.019822285064063694 0.2647306792208426
0.02122261267917662 0.019495841451513285 0.26439454513715543
0.021189852836711737 0.019573620195739688 0.26443332096426764
0.021648820589158485 0.018257369128695355 0.26340582525059353
0.021626132873928665 0.01835658060211981 0.2634844326803861
0.02159911890983831 0.018424452044670997 0.263512446033098
0.021579522330481056 0.018510099455450457 0.2635381711862415
0.021612510569100088 0.018408997188458315 0.26335920020221937
0.01867768424524959 0.02081384993419083 0.26747796403913415
0.01871269962129808 0.020909999111453026 0.2674501931379606
0.023563694777048713 0.01322150049481946 0.2614079109363907
0.023511129540861153 0.013099739774094288 0.2613599524519168
0.02354310321800466 0.013205576860782109 0.26132786183099166
0.023479906599080183 0.01305891639974599 0.26129475832324434
0.023511221324171896 0.013149843681919904 0.26127118290704676
0.02344585127320755 0.013013731997720823 0.26123454760083265
0.02563375598775893 0.009000632087092175 0.26023336264591357
0.025682357324230284 0.008735607966835479 0.2602237539428095
0.025669395487717718 0.008823168134366954 0.26020601655979847
0.025652036811870664 0.008915151023615175 0.26018687834257764
0.025691471395028836 0.008627822331912172 0.2601597956437572
0.025681537981729355 0.00872711977792795 0.26015008149866015
0.02566854459786992 0.00880300053674754 0.26011381867862576
0.02555464417978965 0.008147726538371647 0.2602350487958145
0.02567728099095601 0.008529757016395856 0.26008924505818243
0.0255357804615129 0.00815764857727369 0.26019398908713554
0.0256131472914137 0.00828183500441354 0.260120009231463
0.02565558569140587 0.008416329741780693 0.26008861612988576
0.025586931893901432 0.008261938157756998 0.2600533497908233
0.023442745991668373 0.012971347968781799 0.26124464955200355
0.021504883125681357 0.017637609156702705 0.26306886175921285
0.02122209881205081 0.017268762607040078 0.26306371343264096
0.021623395832485397 0.01780611202796406 0.2631277495109331
0.021250736005227602 0.017339530566110706 0.26302886444935675
0.02124010739583926 0.017286144648088086 0.26307499426855596
0.02123732606340216 0.017273475222872314 0.26310304343350926
0.023532003434801295 0.01316225180371905 0.2613308263450027
0.021640532315000544 0.01782793920039283 0.26325638261246914
0.021337052546042318 0.0174100510465936 0.26304098472634363
0.021389349079935574 0.01749750763457103 0.26299162855993957
0.021668599385813343 0.017884892474909292 0.26328304285736376
0.021446531233242555 0.017562536757668556 0.26301784434892905
0.023486327560554764 0.01308118509102979 0.2612819561577147
0.023484911514681177 0.013120240254373527 0.26122747379698874
0.021458363562485087 0.018871122185766837 0.26386503371090997
0.0214932554485244 0.018792151239204274 0.26380251914870534
0.021512645700916655 0.0187293452947202 0.26373854902404054
0.021542375641830022 0.018660637279551556 0.2636931491444716
0.021573056412865763 0.01857416005319454 0.2636201468382735
0.0256894939223086 0.008661084890950521 0.2601637227123664
0.0256904966656682 0.008587919381351838 0.2601680607777099
0.02564653920761889 0.008370494579390098 0.2600967657507184
0.025613588268247584 0.008299893890398813 0.2600774963654528
0.02559205228484479 0.008232187047315431 0.26020126849526626
0.025554846386109137 0.008196617367533576 0.2601190860818222
0.025532731617953296 0.00812206962275358 0.26022238249743107
0.025541085334127134 0.008150333026202883 0.26021697409179245
0.02389546034350898 0.01267340313728732 0.2611193960816994
0.021366435818440208 0.01910040492736234 0.2641279586729833
0.021418033488125293 0.01896218477847228 0.26396159214923565
0.021282542152934236 0.017074988533114566 0.2632869058234546
0.02128610421885816 0.01711004618433659 0.2631897468625856
0.021407357608286416 0.017073807778950956 0.26326900638142886
0.023538028565952593 0.012749133585634564 0.261026442753163
0.02358593536906118 0.012752415963188657 0.2609612059298689
0.023646795989781776 0.01273594473706835 0.26106626081674045
0.02367450828922877 0.01274710904144416 0.2609884108355769
0.023724280534129998 0.012723725542209352 0.2610891641759733
0.023748417013465743 0.012730580775864031 0.26103059912208604
0.02382443946220847 0.012704866535909798 0.2610407242171834
0.02550962004765306 0.007916824380542142 0.26054352847478063
0.025530309091145682 0.007948610557268976 0.2604493563841781
0.025594576779970332 0.00790856917416427 0.26059382451738466
0.025710788603895418 0.007905306116568755 0.26061836324259885
0.025815274433062363 0.007900880124227572 0.2605925962133737
0.025833415112687268 0.007899343907038447 0.26052966877039774
0.02591764654032866 0.007885550822905318 0.2605702156621108
0.02593423000794707 0.007881166814601936 0.2604811875739984
0.021601615265948976 0.01842563957381499 0.2634508595404173
0.021577348782497376 0.01850002873819112 0.2634804389877467
0.021559653686479517 0.018578284159873004 0.26350591948135094
0.023436964412396205 0.01298502321582945 0.261221345928695
0.02127292891430034 0.019351996986427894 0.2643661963568062
0.021245263576293874 0.01942836651659577 0.264333131577434
0.02133070617546126 0.019197065191768253 0.26426969096992925
0.02130327783446892 0.019280592419437276 0.26427413310323844
0.02128422110369093 0.019329725128395814 0.26426105245637177
0.02136178010009021 0.0191263048402113 0.26418012976652233
0.021340411177911828 0.019188965681603304 0.26420544124259504
0.02131131806166657 0.01926701073943904 0.2641782034226644
0.025545882475884144 0.007919971740998899 0.26050502700830286
0.02556199892600454 0.007910525687190362 0.2605639239072277
0.02549916993358233 0.007930326324491255 0.26052170206129827
0.02551663867018096 0.007910833366274794 0.2605963014260517
0.021331539311729673 0.01708503897202185 0.2632668503875894
0.021326751768474053 0.01709652478012652 0.26317602457274714
0.02140693608296139 0.017067825765745948 0.2633013621727871
0.021405285497157256 0.017078734992431344 0.26320465003890703
0.02701642675645697 0.002383125879237391 0.2625545865558567
0.021221323562930203 0.01726569835627717 0.2630713619590391
0.02120813281445516 0.017278909739610215 0.26304336390901595
0.0255905281039107 0.008290416081040697 0.26001780666407537
0.02556165007740819 0.008206822047727658 0.2601044249772648
0.025543428464519867 0.00817896190963846 0.26015691360583704
0.02563835735176151 0.008363307316725188 0.2600758546701601
0.025612506843525923 0.00827023496871293 0.26015375178024414
0.025566236103621305 0.008190439426114193 0.26021142065321784
0.0215251596902735 0.017684809246000632 0.26304302505666366
0.02147373550210959 0.01758574661861817 0.26306588140868614
0.02146809403542764 0.017609947081834998 0.263000194147107
0.021430463310326435 0.017526705298258338 0.2630365117983986
0.02142925144371148 0.01755731130974475 0.26298451117974647
0.02137786364003985 0.01745332737709998 0.2630255320364604
0.021318356381766136 0.017414201636599957 0.2629991242659549
0.02685291182786375 0.002323134486372669 0.2629634465978139
0.02149745821128167 0.0187794424631908 0.26367468157090657
0.02152453118011184 0.018709555063057687 0.2636857271202975
0.02152239730425013 0.018708500249981524 0.26358659809103163
0.02155353672747385 0.018638774047701895 0.26366968670298874
0.02155738750501461 0.01863551925553264 0.2636148434605584
0.021550500869767973 0.01861404127969743 0.2635222377970761
0.02157781310253533 0.018550614246841318 0.26359133868306417
0.02133822447435589 0.01707162655190053 0.26330275043337137
0.0213571340621954 0.01709030923860977 0.2632259868202134
0.02147240209770042 0.017070751915670423 0.26326234292163064
0.021688606325610413 0.018098658699827685 0.26325275856367697
0.02169708248575908 0.018025480780065828 0.26327936885808456
0.021691063982888656 0.017923264871471 0.2633069484040079
0.0216488144933476 0.017854813331550923 0.26326073494475544
0.02353785470127255 0.013208468148615593 0.26130890473135127
0.0234914583012341 0.013103020809670796 0.2612676894905667
0.02348263511532154 0.013049096199278798 0.261331877018829
0.02162317708409181 0.017818035047984626 0.2630695327724232
0.021680220503611014 0.018132995612167885 0.26325776109706894
0.021709083992736744 0.018056141483553972 0.26330834128103947
0.025648596181269447 0.00838393735869436 0.26009070149940605
0.025573237165308203 0.008231436603191922 0.26008179650729235
0.0255763463748421 0.008182725130409796 0.2602430258056083
0.021628225368889573 0.0178190716454672 0.2631985091950215
0.021640351226773186 0.017844947990307447 0.2630978123562018
0.021535809128707617 0.017687939171004585 0.2630746108197621
0.021596858883532022 0.01779349766054522 0.2630298224080715
0.021454993946137077 0.017562701761908328 0.2630465797828751
0.021360793895634195 0.017452097554502277 0.26300093009624614
0.025594973218983352 0.00822121499634787 0.26024030187510094
0.02559870188029753 0.008245680263679056 0.26017121892800676
0.02554636150086248 0.008040608335402266 0.2602703938820699
0.02554347313009924 0.008073828344241585 0.2603809751740096
0.025542401854568665 0.007969290247929472 0.2602203718129359
0.025523446999850243 0.008063490415624486 0.26021739971118235
0.025511540173560894 0.008007473602122395 0.26045379001511376
0.0255392452890714 0.008000545406564308 0.26032361549387073
0.02556454722377769 0.008118093746639854 0.2603163959062362
0.025569150935908655 0.008147388122780652 0.26026349820533023
0.02553665423874768 0.007970511825928672 0.26038864693159447
0.021232956944685792 0.01945895235245254 0.2643483060515074
0.02122356187705418 0.01948489074477941 0.2643662870472444
0.023445906697976762 0.012853281814196316 0.2611838330305885
0.023472311885117864 0.012788743730736685 0.26112638843923824
0.023430767704593 0.012938191087651985 0.2611955948144904
0.021235222729449138 0.017169113156734306 0.2632126385905085
0.02122978060831264 0.017120760547254754 0.26325314123948435
0.021257368207638613 0.01711993777561216 0.26321356329979245
0.02155313117586935 0.017731638587053955 0.26303249955382213
