0.029670574234934716 -0.0008753215397072078 0.2637252327321251
0.029664072296105036 -0.0007212674540942876 0.26371668315918656
0.02965838054651722 -0.0006208525813873877 0.26372687322424404
0.029642711473742513 -0.0005070212892808734 0.2637135200861949
0.029622476404251717 -0.0003729359422653955 0.2637234571571129
0.02960809218384542 -0.00026141206205970713 0.2637507204849946
0.02958315317543197 -0.0001501550109642702 0.263741682955416
0.029568378667057416 -7.451479888587187e-05 0.2637891920368534
0.029644200503793315 -0.0005771803512919504 0.2635704205844235
0.029530164913094237 2.4884201599073563e-05 0.26367962325657984
0.029512140064609824 9.896622671179411e-05 0.2636826192192482
0.0294949683110445 0.00016247475367753283 0.2637103575335831
0.029426874670153917 0.0003212354164419118 0.26365448398502156
0.029390223650616026 0.00039677617598055104 0.2635608988338748
0.0293245471841529 0.000520408711764786 0.26349962224333257
0.029253542391927206 0.0006469377166111734 0.2634201520821803
0.02865837648553138 0.001243132552187498 0.2630571767425274
0.028303319422798498 0.0015439450140408706 0.26298387629234304
0.027734782174193708 0.004504143106202729 0.26105107932284255
0.027701515745552678 0.004583297902097883 0.2609284916427427
0.027691675607799025 0.0046596890810002844 0.2609466991707161
0.027671142452662 0.004757028709713285 0.26097396585592225
0.02765328037346835 0.004765198221142242 0.2608606749175825
0.02763300365324172 0.004853966717766833 0.2608633113970271
0.02749308752588433 0.005315258613957818 0.26065258769851685
0.027454294197414214 0.005420690805403139 0.2606507630688977
0.02738496693504014 0.005559590183391583 0.2606045054469727
0.027257572620497987 0.005846229129163827 0.2605963350192676
0.02723065344787539 0.005886816181868093 0.2605169049355581
0.027193015819602075 0.005980158696731741 0.2605388825868633
0.027152499187973744 0.006039031414258378 0.2604510471851592
0.027128101768600983 0.006106051460740225 0.2604790024887261
0.02705800702314775 0.00623105394228235 0.2604194969598388
0.026988702131141108 0.006356667897330859 0.2603826437803149
0.026917177266328918 0.006489852739648194 0.26032491122372403
0.026899888849210705 0.006530962497102388 0.26035433646247585
0.026829521322820973 0.006664928904095924 0.26030604843469446
0.02679416092611575 0.006741133979100367 0.26032468752770943
0.026724845571766118 0.006875975401044454 0.260271624661414
0.026661471235446356 0.007017976370623513 0.2602215869203115
0.019195476073816414 0.023469462979211653 0.2696217909164684
0.019163873082119753 0.023534217299357285 0.2696901873267419
0.019130189712197668 0.023592715249545593 0.26972801331403173
0.019111483720982314 0.023627464171046997 0.26977177513011774
0.01898762404551306 0.023783974838876953 0.2697926886723343
0.01896380198055432 0.023811409431542974 0.2698555480689776
0.01890874705569988 0.023871168572624613 0.26990753784591937
0.018862157267470564 0.023924133495547062 0.26984666201268015
0.01883655338783729 0.023945017016077097 0.2698958447872867
0.018790843945604513 0.024000981783085407 0.2698023635338479
0.018734533130397905 0.024046645135395617 0.26971841151155806
0.01870960786177102 0.02407305367910695 0.26977589050252804
0.01865468055421038 0.02411030443978135 0.26970587301318916
0.018599257596083413 0.02416062733385671 0.2697566972027482
0.0185073114025429 0.02421800427481513 0.26975092403726747
0.018441341944933687 0.024254705136735666 0.2697982731745039
0.01840682213411765 0.02427467332163269 0.26986895231465957
0.018391755128697534 0.024287272067241905 0.2699481056112223
0.018304497408752146 0.02432957128161617 0.2700143100934969
0.018251408482933357 0.024348765804984185 0.27007173884438074
0.018195955840074524 0.024372640685571156 0.27002319692150034
0.01814287884230839 0.02438774189900711 0.27010338406361734
0.0181711392162075 0.024381513063097715 0.2699524959137503
0.018128608344963368 0.024396138052957927 0.27002379761122525
0.018033541319758373 0.024426523604652528 0.27010385360579703
0.01799661778589917 0.024442753744277845 0.2700265844805588
0.01795970852092707 0.02444963668908695 0.27011676310790456
0.017884863607958365 0.024477369965519524 0.2700332093307247
0.025441897000986306 0.00917489788379039 0.2599477455253779
0.025415717687739148 0.009269505436891146 0.2599767679900249
0.025392222132335482 0.009348205011189548 0.2599769817224148
0.025373397354872172 0.009430832742361561 0.2600164152854648
0.02513909256649962 0.010062527565473378 0.25997941760851895
0.02468423113015622 0.011232300055016964 0.26027021381608473
0.024652297318478143 0.011308119098126013 0.26030001483072757
0.02462546882233954 0.011382414336216728 0.2603245790647269
0.024500240061231998 0.011661103781278048 0.26046906871142494
0.02447596195374316 0.011715992733461966 0.2604972469854123
0.024437041591648133 0.011802171310019038 0.2605550420972903
0.024410492813238774 0.011865205225890074 0.2605968044178069
0.024275785367410936 0.012126134029907976 0.2606515759238326
0.020666020362025736 0.020512539208884073 0.26516319413659617
0.020644263300965013 0.020546400149447808 0.26519516850755387
0.020602646820443063 0.020619386709598175 0.26526757804205303
0.020586069651411437 0.02064642228144281 0.26532483193556194
0.020527864534937004 0.020711785013061867 0.2653845108064586
0.020500113100937606 0.0207331173234227 0.2654164704019761
0.020885765075181584 0.020185284891595323 0.2647513662451707
0.02085367927404115 0.020241656277956876 0.26481302967570175
0.02081545031435393 0.020300333811023696 0.26483575850220964
0.02077591402602709 0.020348100332377328 0.26490268542387135
0.020743971369224415 0.020385938833407447 0.2649705081539563
0.02071125503405312 0.020433899997473137 0.26501739173375166
0.02049571529853792 0.02074286001182435 0.265292008968364
0.020450683627452955 0.020779891192258038 0.26534704387069863
0.02039438086481002 0.02081787717520589 0.265422914606284
0.020342322438186497 0.020847325615111933 0.2654681322201593
0.022272814972794888 0.016549565810253075 0.26290170362188114
0.022232315205411968 0.01660295589583488 0.2629519742644421
0.02098333072782501 0.019990257924383525 0.26451322402173183
0.020959198746182107 0.020033339921593674 0.26453571311638613
0.02091538562805731 0.020114063342121402 0.26459477634148
0.02087965657882078 0.020186630833436914 0.2646381308827049
0.02086736366919232 0.02022072915667783 0.2646790841392912
0.020826016059287883 0.02029624778559519 0.2647130607083005
0.020786708637971524 0.02033750780100696 0.2647853406104702
0.020351785850196993 0.020846043439864126 0.2653341584568333
0.020298726450211017 0.020873512038559694 0.2653863204339702
0.020251221142004186 0.020899707983089155 0.26546686843259454
0.0202109414164606 0.020920759226230434 0.2655267147814584
0.022840414704172432 0.015493844168976645 0.26200999217658016
0.022806925548228732 0.015567225164883847 0.2620583243064095
0.022785418809486244 0.015625029679601554 0.26208377354936313
0.022749953049930667 0.015698150186286952 0.26212518015513103
0.022729383018283145 0.01574641688699674 0.2621446717405107
0.022346098457751262 0.016447049627544397 0.262674989827163
0.022307120929456165 0.016503742034563562 0.26272469650050145
0.022265040289803202 0.016565547773015887 0.2627398369021064
0.022081522429740104 0.016799989390959724 0.26304029216468927
0.022065726995245796 0.01680771183418933 0.2631002152255232
0.02114869408516236 0.01960078413788563 0.26414416634997695
0.02111613467843851 0.019674412118036666 0.2641816129956568
0.02109083121530314 0.019741136380820257 0.2642144905747852
0.02107119502267052 0.019808014788637418 0.26426735679279567
0.021046904905339378 0.019862380687569625 0.26430340841874145
0.021008055185644053 0.01992289673528902 0.264343097605531
0.02098109642225828 0.01997726156819607 0.26440427305338143
0.020165420335658463 0.02093899130028798 0.2654513479035997
0.020110846586053076 0.02096270062288247 0.26552741146830794
0.02329471418011444 0.014052323946307677 0.2613406662652371
0.023252217852680057 0.014191943777414784 0.26140424489542213
0.02322077967856894 0.014284685194502378 0.2614314400892096
0.023197244229922184 0.014349723529236913 0.26144769081140773
0.023182248005326825 0.014412311290877333 0.2614922337877421
0.023155223700733474 0.014490470396702149 0.2614926890216547
0.02313284736219806 0.014571311301793899 0.26155663385285854
0.023107209443222074 0.014653508646097546 0.26158127049832847
0.0230866180267755 0.014726035849263575 0.26158741051214285
0.02306684826712077 0.014811863009091708 0.26165265834382345
0.023034264682141772 0.014901324950641004 0.2616272633068249
0.0230142493497852 0.014979509708181904 0.2616860874027288
0.022998441175493683 0.015037738903435183 0.2617233545054566
0.02297373379333427 0.015122302155887557 0.26173650770284396
0.022947955360329328 0.015210432774959759 0.26175132995549877
0.022930123733587555 0.015260746493675259 0.26177912911909695
0.02288769645835286 0.015363636521715018 0.2618203189351458
0.022857207004909813 0.015436310271955467 0.2618425661519319
0.022834625453688875 0.015489502039293224 0.26188793581505543
0.022815680506638306 0.015535372770460243 0.26194266514908626
0.022783982253799573 0.015611852096034495 0.26196759575932094
0.022761179695443085 0.015670567745074304 0.261995918760402
0.022721096687978587 0.01576134423869302 0.26204405780608103
0.022700161224977373 0.015813236154198163 0.2620632351024007
0.022673602310939636 0.01587281119561923 0.2620977093583725
0.022641344270311038 0.01594426263360038 0.26215131736360714
0.022616498657555162 0.01599350266333005 0.26217106940398294
0.022570976421455266 0.01607322789373622 0.26224185785966
0.022551970770266126 0.016113536007920815 0.26229038462911525
0.022528656666275584 0.01616228700187372 0.26232673947120977
0.022491025440645768 0.016229668207067505 0.26234342243090614
0.022445389153266035 0.016306322884722446 0.26239729672689055
0.022424874605738623 0.016343904468445802 0.26245026189284504
0.022381385634454104 0.016417080999002853 0.26249621123290834
0.022355708360521392 0.016450864223817918 0.2625251257850314
0.022317810210824726 0.01650742472359029 0.26259914437401466
0.02200020400331163 0.01686293447186843 0.26302884296329365
0.021220766452136955 0.019389505166563348 0.2639027288802344
0.02116929159470851 0.01953260884107766 0.2639664612448009
0.021148194452965695 0.01959809604342233 0.2640269260663035
0.020015188967037953 0.020990196942521355 0.26551217822404827
0.023309825443897578 0.013955287963667962 0.26119203395354135
0.023298377808955953 0.014007201166486849 0.26121960486443174
0.023266922058048603 0.01410709866536175 0.2612482253597697
0.02317862954577788 0.014390639043786846 0.26140952663837436
0.02293885944909796 0.015202221131027538 0.2616386249764482
0.022924228579804702 0.015259983687415657 0.2616842465211746
0.022513831110791346 0.016172380188053115 0.26222455039303927
0.022361830529252946 0.016436050885913767 0.26240845718655625
0.02194038076199449 0.016889274060476522 0.26293708620403167
0.021913660585151803 0.01690186597600163 0.26298994769675466
0.021376614630893395 0.01890827669407169 0.2635386293810015
0.021310647719201797 0.01910550282490625 0.26366408829889065
0.02129467920882274 0.019159259411182905 0.26367261028270605
0.019896130856870295 0.02101551855979067 0.265556808692365
0.0218523106736037 0.01693002324802989 0.262923533486792
0.02144025026257329 0.018732764791024203 0.2633580608854954
0.021409954227178583 0.018816407612861685 0.2633814950975457
0.021377855834202056 0.018895978236887934 0.2634220092748223
0.02135966549650864 0.01895789336753262 0.26345250530098735
0.021787161099661653 0.01695747704262579 0.2628634407153677
0.0215253084090652 0.018379438185858965 0.26306609160646455
0.02150358401087949 0.0184552663636805 0.2630968416694196
0.021499576422231617 0.01851752266569101 0.26314135440459957
0.02148886723957418 0.018577847210744125 0.26316758154838116
0.021466022167594412 0.018651276698874175 0.2632143062812236
0.02144144014697582 0.01872098141782097 0.26325446427941657
0.02153276469709159 0.018337087213409098 0.26296362436388715
0.018978557513318978 0.02168072365379692 0.26719393000290137
0.0189658532396266 0.02151124060788301 0.26711544586579267
0.018961840859340294 0.02138954952465677 0.2670891173457494
0.018995755950421953 0.021833241387642033 0.2673303365871411
0.018949146317143242 0.02127541022951346 0.2671040164397689
0.019143778658040643 0.022405176503283497 0.2684468463529853
0.018905355233875404 0.02114898889484451 0.2671023133640952
0.019031788822842344 0.022163204451622787 0.2676715795821074
0.029521133458201197 -0.002131791846254172 0.2641342479237928
0.029552244872177127 -0.0020118756657647174 0.26413761846933126
0.02958417136901091 -0.0017604818234584485 0.26398256290880406
0.029576776358008164 -0.0018518838122362768 0.26406607115067104
0.02957357184751546 -0.0019320516662683085 0.26415205358371646
0.029625368038822986 -0.0014319071326918675 0.26376562877667153
0.029623157627027615 -0.001525945346015689 0.26387543479888603
0.029611945480434602 -0.0016540140409458948 0.26397523605262396
0.029612392420521112 -0.0017231395838852581 0.2640786874202219
0.029646742057886373 -0.0012012588305853056 0.2636534476546215
0.02964668533138417 -0.0012975310751622837 0.26375026987369443
0.029643111223374187 -0.0013909928468968102 0.2638541525651121
0.029642108899096804 -0.0014668814599512192 0.2639267104768428
0.02963479963141659 -0.0015846628848279476 0.2640400264525919
0.029657933863356564 -0.0011632990773093876 0.26373802941696745
0.029659050242138205 -0.001260545110117972 0.2638420867559753
0.02965916681962532 -0.0013440718848800604 0.26392734743687535
0.02966362549588203 -0.0010350090864644779 0.2637334933759389
0.029669039535497765 -0.001119502609171208 0.26382845013818174
0.02967084141787909 -0.0009380167088748337 0.26374508295570864
0.029675732375995807 -0.0009872293491975936 0.2638253001886524
0.029652136178798437 -0.0006386277841611276 0.26359541258626396
0.029657795008883374 -0.0006941605443581134 0.26365210658054006
0.02967214540695398 -0.0007882896453347832 0.2637676807754303
0.029677261629470993 -0.000880655949347553 0.2638038502812353
0.027743787958657277 0.003825572067446825 0.2610228757785995
0.029650182167891566 -0.0005871240555460067 0.2636585443918782
0.02966882076665142 -0.0006752662086844108 0.2637973037046338
0.02776901083756561 0.0039338558086827735 0.2609814899602132
0.02776861859505185 0.003871438457148324 0.2610682598638275
0.02775818028003226 0.00379401252965772 0.2611448847699075
0.027727942550916575 0.002070220371736431 0.2628971992770171
0.027798763491151825 0.0020112994289233077 0.26290240223984773
0.02791363075266426 0.0019167626076233013 0.26291242364449563
0.027971096533636483 0.001870542595292457 0.26290833037228484
0.028027502780962832 0.0018251868268864269 0.2629065752555205
0.029633528319202018 -0.00044031524973675573 0.26372901548425426
0.027789206195939907 0.0040541569085799645 0.26099799008941416
0.027794180000332652 0.0039880706823449685 0.2610825054422909
0.02778533922716034 0.0039018227080706014 0.261171238290004
0.028370190356236648 0.0014864276204662463 0.26301843638200584
0.0277778121111971 0.004204361495555697 0.26101429879213195
0.02890327754039243 0.0010391022601418665 0.2631639365596672
0.02896576833866124 0.0009749279486657159 0.2631808745961025
0.029591114897931647 -0.00018529023639579645 0.2637430644794705
0.0190439435333584 0.022195845963100203 0.2677698511478869
0.027764714470521076 0.004320730416775442 0.2610552560672229
0.028967943450401774 0.0009924884353514352 0.2632602174218417
0.029008360587237048 0.0009534328009124793 0.26328839322650827
0.02906888493175514 0.0008912689268001928 0.2632853610200495
0.02912682470687704 0.0008328627815786804 0.2633245121370091
0.029173568277578617 0.0007708221320186226 0.2633581666745967
0.02949569295234774 0.00014322522548476657 0.26365698857107356
0.029525737182281908 5.651899133818361e-05 0.263701422104669
0.029553127630232115 -2.3731877492549902e-05 0.2637786177108457
0.027681813360030436 0.004658993771552933 0.26089017740841414
0.02771012053860379 0.00455493513625993 0.2609516967790399
0.027733907391191165 0.004490409630282743 0.2610138294517843
0.027752884030367096 0.004420343472723742 0.26107486488846254
0.029360982244339362 0.00045836209616317847 0.26359064920352343
0.02939980932267955 0.00038238801443368775 0.2636213547045442
0.029432843134818143 0.00030816131070138253 0.2636767325937115
0.029467212047061375 0.0002311759266880875 0.2637108520400661
0.027572877329434538 0.0050724719199355395 0.26073133109732044
0.027599921590190417 0.004978752886850235 0.2607819843202952
0.027622573133792558 0.004889003349921595 0.2608364503160497
0.02764297295041416 0.004829193509141794 0.2608898611719472
0.027669089158557994 0.00474856131712964 0.2609332794927749
0.02769240143285879 0.004671704511907793 0.2609861188650083
0.02742858494540988 0.005468642529976919 0.2606330728831501
0.02747048830527568 0.005386879379043641 0.2606603354102051
0.02750208923228588 0.0053093630521979795 0.2606900503977442
0.027528589278064786 0.005235752451607123 0.2607405014507993
0.02756306906431412 0.005141989294850324 0.2607717641422254
0.027331422728439067 0.005675010852566387 0.260581024672567
0.02735581828426887 0.005636902456400417 0.2606495331895369
0.027392182561169966 0.005557818292673877 0.26066648055845176
0.02743008877197274 0.00548692177225385 0.2606989887447272
0.026957611588227313 0.006408271153314882 0.2603498324131814
0.02700558183255483 0.0063167106453063115 0.26036973784792583
0.02703226269276967 0.0062784554778427815 0.26041082765883483
0.027077926514616747 0.006196586841203167 0.26043874531828337
0.027104423684029974 0.00614727638081658 0.2604557808872364
0.027152357670246485 0.006062600477680646 0.2604931461129618
0.027182813940970357 0.006001515587554795 0.26052304399201553
0.02721427771165367 0.005941116697158189 0.2605835150774468
0.027299263900485732 0.005766966035719301 0.26064950473518367
0.026783181474344553 0.006756988326819702 0.26028975583726655
0.026811452067675934 0.006702339604484742 0.2603213321258364
0.02659179292909051 0.007152081775166741 0.26020140019953575
0.026639784183834073 0.007069887928215723 0.26022907008011975
0.0266761294818071 0.006995186536772724 0.26028320304633934
0.026558766503473302 0.007216562044086883 0.2602762857724516
0.026583756582689848 0.007179788836383483 0.26029842833409095
0.025584129680918444 0.008569912421542814 0.2599168636694029
0.026461890171180384 0.007368179352613524 0.2603246548100336
0.02555506517031135 0.008748771586819304 0.2599109671094071
0.025572542077545918 0.008675627889413784 0.25994223092784574
0.025538440776959985 0.00885688067937962 0.25996102121065245
0.025490765497419632 0.009019616612100989 0.2599486346928995
0.02551678553653594 0.008950004227337993 0.26000747611327657
0.025432759559799414 0.009206251172695079 0.25995513399229697
0.025461858621648854 0.009127478701522362 0.260009787700175
0.025387893929891416 0.00936162934552659 0.2599703991081006
0.025407619768637937 0.009303626683975497 0.2599939762991702
0.02509597248993306 0.010180586095100419 0.2599949474404307
0.02503966920217776 0.010347922793859987 0.2600151354253771
0.025070778638279362 0.010256456170126604 0.26005001376003145
0.024980982905622395 0.010505363364450793 0.26005821773530413
0.024913908417964703 0.010675435255199983 0.26007788324781816
0.024945989215677797 0.010606470425116754 0.26012263233417393
0.02488945058861894 0.010760302804818045 0.260137773510011
0.024816738023103163 0.01091473981967006 0.26017352786442693
0.024836529240243918 0.01086722319989114 0.26019986354305635
0.024781220348576258 0.011006886278308647 0.26021888571773333
0.024678034465317508 0.011247062004012542 0.2602635148604401
0.02470869627528463 0.011167145534041467 0.2602798849623611
0.02461663368757737 0.011393006664714489 0.2602981247593924
0.02464758710815443 0.011325225391063287 0.260319847671186
0.024389902973399796 0.011894271788290833 0.2605494601198861
0.024352494511383924 0.01197791530096659 0.2606456760829945
0.024387344864126283 0.011920430286344208 0.26065921063904907
0.0242792125983406 0.012121966503312043 0.2606870130570438
0.024302575731903316 0.012079030886009479 0.260706311035098
0.02417906486391419 0.01227532358875949 0.2607801782384815
0.0242174922300738 0.012225588489276906 0.2607781549961591
0.02344775936374155 0.013390619022039751 0.2611468170416943
0.02338419762597621 0.013674911870413253 0.26111366027834293
0.02340586574349017 0.01358359657236019 0.2611256006269509
0.02343098028704889 0.013502163543276047 0.2611935490196914
0.023361352891783115 0.013769754775856013 0.2611432206015283
0.02338975588171016 0.01368469835814684 0.261174230821935
0.02333443905665844 0.01388268771103185 0.2612028927602914
0.02336025308528293 0.013813406839440434 0.26123210377974826
0.023287214788993246 0.0140471273540137 0.2612347966857473
0.02332050510666636 0.013964375083445058 0.26127678643407903
0.023264159832724583 0.014129616351208962 0.261296768734553
0.023290504192907457 0.014062403917989186 0.26131008143928336
0.023231699484702426 0.01423060082426858 0.261354791545646
0.023197361701185942 0.014334655401942842 0.2614033150202559
0.023142375999392797 0.014502120093819515 0.2614479977022812
0.023178069953687486 0.014410890180129532 0.26145197581426183
0.023113956448084075 0.01460249062000779 0.2615090641347633
0.023144293735343734 0.014525430596030064 0.2615146159188253
0.02308945073768366 0.014692008002035795 0.26154309297653955
0.023039322491644393 0.014865350135486843 0.2615754109950378
0.02306947204333329 0.014784316766016381 0.2615926668886751
0.023000934311394154 0.014998216476941884 0.2616209196472419
0.02301603602183526 0.014951430068802007 0.2616182545290223
0.02304152241979717 0.014893549503622927 0.26166892123005436
0.022965045283761566 0.015127087301460729 0.26166038457703283
0.02299697098065799 0.015035579989475523 0.2616977059145077
0.022935877444904593 0.015240666116672796 0.2617304826077573
0.022963034280637826 0.015162184976396431 0.26176604047881097
0.022878003165278764 0.015375733650832502 0.26176339721050135
0.02290451758974879 0.015319717379849551 0.26179425219357033
0.02293944170278056 0.015233648283268342 0.2618170619972221
0.02287465732265443 0.015403041269424045 0.2618634059691378
0.022905031427916604 0.015333368593946073 0.26188748455342475
0.022831862770948397 0.015501942149113712 0.261930615764115
0.022657053158556886 0.015896275373685653 0.26203657285125054
0.022687613146384844 0.01582697591843918 0.26201800717737384
0.02262007245820072 0.01598134348928376 0.2621120594070718
0.022657200704578453 0.015908047246246726 0.2621262430059653
0.022687844395669066 0.015845369594528924 0.2621477724990267
0.022567663948406383 0.016073703621892366 0.26219231460880765
0.022612481459651987 0.01599501232736289 0.2622417109543306
0.02249110844624065 0.01622174708759838 0.2622658145996233
0.022533294528611275 0.016148648442980085 0.26228479042659303
0.02256695214224079 0.016083625926761935 0.2623118198906911
0.022452475508842717 0.016292510464301746 0.2623538969745092
0.02247925569574355 0.016250936776925184 0.26238427357582456
0.022350185456291805 0.01645535956417815 0.2624516924837035
0.022395119516736325 0.016395392573420986 0.26244487953048923
0.022434949433782422 0.01632029026058157 0.2624860037230561
0.0223058293780945 0.016523382072458903 0.2625418639492242
0.022334070369392958 0.016483443885888793 0.2625498255736798
0.02238406787857483 0.016406774494500898 0.26255426107814006
0.02228414079997211 0.016542067496277624 0.26265490021382876
0.02232453272958774 0.01648380803302002 0.2626599816961779
0.019113116527744972 0.022360029215282018 0.2682384884398842
0.021559003184095628 0.018262697973477737 0.2630112981867061
0.02150926022092558 0.018424870070435195 0.2630276726785606
0.021489234624709544 0.018512168293561337 0.26308982562406763
0.021508343551451176 0.01844615591203075 0.2631167881815028
0.02146719814441901 0.018624362986554732 0.2631479262204547
0.021498115878204452 0.018543913508038357 0.2631658843730329
0.021441381075776644 0.0187080410610741 0.26322232575614835
0.021465592797882488 0.01865428877349118 0.26327032039326825
0.021434748611163484 0.01874654465577197 0.26331611429493906
0.02145864047664152 0.018664699737157786 0.2633076588729494
0.021401191513004444 0.018840230038127792 0.263406429719956
0.021376844450812893 0.01892304145892798 0.26347574765232346
0.021303289843354452 0.0191269532463465 0.2636231253194696
0.021327782027933617 0.019031465522308888 0.2636372294625722
0.021306348265327943 0.019143631351820956 0.26372025014921363
0.021280114302821077 0.019224523216969824 0.26379263987475476
0.021296250975652832 0.019175787428160118 0.263812614961213
0.02124523634458529 0.019316701419980153 0.2638614818664393
0.021216246795358114 0.019423497735595596 0.2639705428489517
0.019130673750180488 0.02238189655346623 0.2683428689053032
0.021150652447798762 0.01958948022492263 0.2640105181739045
0.02110939171565871 0.019686689767143717 0.26411305383299155
0.021140026034506446 0.019620369929500114 0.2641244233115922
0.019057612212632385 0.023709394174228016 0.2698346767721222
0.018990795500295504 0.023781200412006598 0.2698193467992397
0.021074073905324633 0.019780965772741077 0.264187834372852
0.021102458784980134 0.019709366651670057 0.264216974368885
0.021033264836710468 0.01987468416826288 0.26425943669725327
0.021076114455204603 0.019795400946941932 0.2643082723104048
0.021028439758353307 0.01989390900444371 0.26439967318998137
0.020946534545812037 0.020047700244410882 0.26447807461833517
0.02098650549723563 0.01997972309231566 0.2644686475755692
0.020943201918368085 0.020062687166829185 0.26458499548744285
0.020851675609755607 0.020223196018093137 0.26461561966902736
0.020898574762138376 0.02015282493153031 0.264661202786316
0.019291837391460814 0.022753975420216177 0.26901528895448923
0.019262252485406403 0.022702913300226557 0.2689138963046771
0.020801843376413894 0.02032348208042456 0.2647320156308226
0.02086520372558477 0.020233259308233054 0.26475076879138365
0.02075170955539553 0.020376209382926558 0.2648662075980224
0.020789900913493906 0.020331640709283227 0.26487862599148837
0.020736131745477726 0.020400384950004014 0.26500929384996386
0.019182103838635084 0.02249288812754041 0.2686510480371179
0.020676364442076975 0.020490570461356328 0.2650991649281054
0.020721762177639838 0.020425012400735076 0.26508316816614097
0.019173445895026148 0.02252039594799654 0.26847504872539707
0.025447089705250524 0.009168445769485 0.25998592700967876
0.025483662450972118 0.00906000748357294 0.26001502981570906
0.02547337639617548 0.009079551773041317 0.2599678009820807
0.025421298008269408 0.009244041984948992 0.25995824743825213
0.02543000062243843 0.009238699191465527 0.2600319013476149
0.025505035829808162 0.008984772314185319 0.25997819922428905
0.02539692502676026 0.00934307070640883 0.26000567141740183
0.025524690293038624 0.008907808841884524 0.2599521560791925
0.02535559871933088 0.009466713039825991 0.2599717114217981
0.025557253031889993 0.008782821359093418 0.25999530547297783
0.02554386220759576 0.008808032420562661 0.2599109918162886
0.01900375074589651 0.02376817519116131 0.2698490583766692
0.01909661389855117 0.023652682587591622 0.26984284211575693
0.019071317257242176 0.02368652950717237 0.2697683849886745
0.01914551165432002 0.02357492832228797 0.2697652371680548
0.019213842300658604 0.02344399957126203 0.2696709812434359
0.019240393623134164 0.023377297411718678 0.2695879219050865
0.019276986083459083 0.023272299874561364 0.26950773216672635
0.019303251701757326 0.023171368867202002 0.26945798445473035
0.01931770229657305 0.023083203891109683 0.26940728057026264
0.02556367246788034 0.008720252070407164 0.2599374518071055
0.019336483922592643 0.02298113239231464 0.2694461756478147
0.01932783692572214 0.022998759611591646 0.26936137358660345
0.019339668202647403 0.022893506208297887 0.26940843690333105
0.01933314138925965 0.02292240378284388 0.2693214972467159
0.01932006083375396 0.022935179614763324 0.2692337877986135
0.019337487597585953 0.022829595166926453 0.2693725505402891
0.019332442646821546 0.02284194826095365 0.26929907519381324
0.019321504039281137 0.022851204108997603 0.26920200165085706
0.019312813275204982 0.022769501914323365 0.26917810827300487
0.019301406538274828 0.02277989407284947 0.2690733549804849
0.025572732848712053 0.00865096595858561 0.25990881452357795
0.019285524565893657 0.022706614429089722 0.2690417500684658
0.019278237776268678 0.022738495063564845 0.2689620268645511
0.019258420881779648 0.022650336018708528 0.2689705293584692
0.019246147753603518 0.022658393846842095 0.26888129062903776
0.019223535388888338 0.022589544298610154 0.268828194177459
0.019226573201799546 0.022618399157018187 0.2687554224670286
0.01919861435968344 0.022531173886030875 0.26873157147650995
0.01919496169825894 0.022541486366430108 0.2686290609199193
0.019180271566832982 0.022519780966673897 0.2685510499267189
0.01916449030631282 0.02246791080138605 0.26849683702078864
0.019160781834910726 0.022484912888660946 0.26843158661107225
0.019141831478683174 0.022420509564217372 0.2683811135519272
0.019131018420720763 0.02243062946267249 0.26830307436092193
0.019120182038606687 0.022353401765264014 0.2682992354189245
0.019107720910487562 0.02237893530255325 0.2681805250956181
0.019101031538910282 0.02237789601087331 0.26812378831494893
0.025300434322260174 0.00961906176267463 0.2600339402643249
0.019098877629364866 0.02230873088600127 0.26816710408315303
0.019088130071810233 0.022307464030656532 0.2680734507175747
0.019074478315507612 0.022294251715305358 0.26797552684677234
0.019068321807794747 0.02221718812171397 0.2679500433039348
0.019057526872212065 0.02221757229543153 0.26785826257242584
0.01903475045164193 0.022189561297885463 0.2677091089094387
0.01903921877028808 0.0221163585880359 0.2677087375616779
0.019028506003652496 0.022039412857384144 0.2676568219131173
0.019017287156639556 0.02203695313903098 0.26756042915634937
0.019012716486127318 0.02196248928727218 0.2675256529194581
0.019005203153107456 0.02187751729776799 0.2674175718233931
0.018987575028746546 0.021741081315840516 0.26725813938576815
0.025446498134582295 0.008113779326182458 0.2598239521831909
0.01898482306454404 0.021586437171959016 0.26719276681310805
0.01898838034305171 0.02149068212529953 0.2671841319182716
0.018978576863214844 0.021414216811703135 0.2671389184855364
0.025593273697460034 0.008529121882991098 0.25997050863492754
0.018962203181169347 0.02134294075358828 0.26710435646916175
0.018942868253607748 0.02122496148999692 0.2671187270515656
0.025585410057209962 0.008439568808117137 0.259925667394505
0.025572946528814464 0.008466959152957643 0.25985737404512566
0.02528239947743477 0.009680678054870828 0.26009080126948764
0.028815077239995622 -0.003276882856690977 0.26416538106770904
0.02883213047747698 -0.0032977752761890744 0.26425280537725115
0.028886649119655057 -0.0031993504531405703 0.2641305698261094
0.028903044460713047 -0.0032216160637844604 0.26421917045124405
0.028954551667922997 -0.0031216125409667117 0.26409870937649593
0.028971025500878114 -0.0031442283825323103 0.264187452400098
0.028985073090466072 -0.00316476493247575 0.26427797755429944
0.029036047728928427 -0.0030642980758343596 0.26415760971203983
0.029051041645110895 -0.0030861877542980864 0.26424729646944733
0.029095190873847702 -0.0029852754370026102 0.2641333405884231
0.02911141351238071 -0.003007599375311365 0.26422215840407637
0.0291236384179583 -0.0030291555389215796 0.2643144642353874
0.029165571780925548 -0.002929788009517542 0.2642028096082088
0.029178369766383924 -0.0029513213595930288 0.2642947650697254
0.029227794191684864 -0.002872757303920892 0.26427894569110283
0.029274726288827643 -0.0027943207053027774 0.2642660911489093
0.02931941806669778 -0.0027155070982249896 0.26425448933740436
0.02936236720025802 -0.0026362548915490613 0.2642440792142823
0.029400148950531398 -0.0025570719168820366 0.2642382242702889
0.029408016578429973 -0.002577018146630472 0.26433121240958674
0.02943203025486691 -0.0024782415990626805 0.26423682812331745
0.029488095772267173 -0.0023211323209381685 0.2642446676632173
0.029512791931777846 -0.002243269021923011 0.2642514850580201
0.029531871466378506 -0.0021371465054335625 0.26419390226064654
0.029535687793051428 -0.0020538087016712114 0.26410702088396093
0.02954923038883942 -0.0020607099754799685 0.26418390778218903
0.029553817654832226 -0.0019686013583267714 0.26409681149847464
0.02957057709447345 -0.001973445730246437 0.2641918010807646
0.029578379848877345 -0.001884745854247638 0.26411709161334906
0.02958577903753048 -0.0017923386079429227 0.26403284280423195
0.02959696603595955 -0.0018045265830684554 0.2641043934724922
0.02959686516967029 -0.0017036082218414572 0.26396148075369763
0.029606206948628797 -0.001708365883644758 0.2640178701651155
0.029621603694209735 -0.0016026144534634357 0.2639670156929413
0.02962531349669332 -0.0016402260032333804 0.2640505501791697
0.02963911054899982 -0.0015278877670079072 0.26398215314539325
0.02965258604526983 -0.0014520688022086614 0.2639778674859292
0.02965331506933746 -0.0014001915503945583 0.2639340551832264
0.029630836554207278 -0.0003987645443862542 0.26376820357155245
0.02962123041468412 -0.00032464654974434515 0.2637779587165396
0.029598695890585017 -0.00021962089945276597 0.2637416557124703
0.029567354448997996 -0.00010016296125298085 0.2637213894340674
0.029576976333040135 -0.00010967100821779319 0.2637866222148635
0.029534562023147193 1.0080097869180626e-06 0.2636651573833697
0.029550360978592427 -3.428311519243499e-05 0.2637234042657286
0.029521377022381445 8.06571232082609e-05 0.2637142878147336
0.029538315319960734 3.804337455920459e-05 0.2637855226292641
0.029480640019708744 0.00017923542136194515 0.2636375011235276
0.025576254765864337 0.008366995446418612 0.2599178329058708
0.02555809641478967 0.008370512495181948 0.2598478332947701
0.029336483476026208 0.0005007376375359973 0.2634874148040023
0.029261149654950074 0.0006298514585986181 0.26339244641603726
0.029279673271545417 0.0005974423839105736 0.2634593578530723
0.027038266970276476 0.002683277223118785 0.2614178154545958
0.027054930028075838 0.002662382383905426 0.26150764904908597
0.02706325072723216 0.0026439498545882123 0.26160403667914567
0.027058003293146532 0.0026281352814218617 0.26171358440669434
0.027041252776671756 0.0026153808190526595 0.26184323097543993
0.02711604546348688 0.00275950994729518 0.2613776673804381
0.02713550696164642 0.002737782894058738 0.26146514616041955
0.027146461385348125 0.0027175235780429463 0.26155998445340256
0.027144005426081315 0.0027010273557275255 0.2616662895704638
0.02712901485231141 0.0026870977883383107 0.26179515804546993
0.02709644585808388 0.002661932856112048 0.26188089678234566
0.02721052551556114 0.0028140126683573463 0.26142758097735175
0.02722501526928131 0.002794005102444208 0.2615187259434407
0.027226308544395367 0.002775892234555044 0.26162160276666296
0.027211566154160115 0.002760972290272279 0.2617379343019092
0.02720124001201453 0.0027577367222076377 0.2618493071472877
0.02728073577512767 0.0028909461825615823 0.2613948219107626
0.02729762190920832 0.00287132294553033 0.2614830490604628
0.02730326356143517 0.0028519639896910087 0.261582012703226
0.027290977386417815 0.00283456041096386 0.26169739451917173
0.027270951519969285 0.002823005837401471 0.2618133430935604
0.027344863574338726 0.002968297053625779 0.2613673774739137
0.027363207947843575 0.002947690833896899 0.26145457560330415
0.027371033047167287 0.002928484640393081 0.2615508862623802
0.027364298018144502 0.0029099297472067187 0.2616635577548835
0.027345065249242892 0.0028967554173047194 0.26179853153060306
0.027422181112336103 0.0030248088291739417 0.2614316939736817
0.027430243769023067 0.003005404698839642 0.2615275694460045
0.027427267896455595 0.0029865251002905158 0.261635566132718
0.027418349674384744 0.0029781901888401574 0.26177036227756717
0.027459242215299627 0.0031200913987728396 0.2613264414778549
0.027475341282744085 0.0031009880729895856 0.261414945788888
0.027483028057683226 0.0030818378772996535 0.2615107618464988
0.027481402280197763 0.0030631540842701033 0.26161441021129817
0.027509999810332697 0.0031966727266630746 0.261311951779272
0.0275253683881461 0.0031770989887807133 0.26140153534808525
0.027532391515419447 0.0031577825699136697 0.26149780488296237
0.02755691882216249 0.003273956928892263 0.26130114025233486
0.0275712478385085 0.003253868263541071 0.2613916006116917
0.027600722666504172 0.003351353603169016 0.26129216657238796
0.027613872083716615 0.003331460863746638 0.26138309890517036
0.027640827054076923 0.003429350911739404 0.2612857037206032
0.02765222610008468 0.0034096901006338554 0.2613778904097551
0.027677076466766044 0.003508540839611274 0.26128204761566287
0.027686933903401045 0.003487590284613429 0.26137336839417613
0.0277130353795087 0.003594276190717949 0.2612895504194711
0.02771469498234319 0.0035611170642709244 0.2613678868187482
0.027733134604190787 0.003704639462320025 0.26119078744691315
0.027733362440039537 0.0036699572912420875 0.2612639739647983
0.02774429663919109 0.003794319918107525 0.2610765189375836
0.027755892668340346 0.0037674228907283447 0.26119900505200533
0.0277554130754099 0.003747772335839006 0.2612694188168753
0.027756973314169764 0.00388382594774217 0.26100112601238157
0.02777239915272999 0.0038561994403322197 0.2611274008229854
0.027773948394372097 0.0038440890197595223 0.2612009518485655
0.025237196417367574 0.00978818511548124 0.2600316824511683
0.027784980781357486 0.003960881475077782 0.26103152710592703
0.0277889492240551 0.003942969322193179 0.2611227943773971
0.02427405382451714 0.01213255830653881 0.2607196096083497
0.027784384362431844 0.004127206152914453 0.2609793780845844
0.024335895633667705 0.01201681286615175 0.26069405727439393
0.02430961748259164 0.012053179017950444 0.26065003624442673
0.027765717782741138 0.004288497889325837 0.26102285698484695
0.024372254844870225 0.011945008078513397 0.26063742000457146
0.02435196051779205 0.011966597215349095 0.2605865621786335
0.027744594436223832 0.004406746986389987 0.2610094095213158
0.027762677931237476 0.004373727578633579 0.2610935380570186
0.02515688573551736 0.010023898913508356 0.2600273488267767
0.02442644942147433 0.011832491815059576 0.26059159079090716
0.027723025590234013 0.00449726154636404 0.2609687986728221
0.027742162982706396 0.004468363388612118 0.26104613406502974
0.02771551031861818 0.004578060017475072 0.2610086875216231
0.024461956583082214 0.011747075537358653 0.2605689104474733
0.02444731658524551 0.011770353782321163 0.2604970942419567
0.0276700161806661 0.004714780627643467 0.26088234702230806
0.027682810131505524 0.0047077018542766025 0.26096529014251424
0.027697252585985738 0.004657340693952072 0.261018709599076
0.02450522367222055 0.011655060269195439 0.2605220285658736
0.024487624723573756 0.011688986741928697 0.2604463239216673
0.0276400218057703 0.004814005660888909 0.2608581528731795
0.027653635080238742 0.004794738697997458 0.2609071469544464
0.027629062648431187 0.004897058467077053 0.26088726741344187
0.027641877266945593 0.004850103916595849 0.2609235165450374
0.02455599577773572 0.011537844589738389 0.26054856358219114
0.024534255515848355 0.01156864824810755 0.2604786227175686
0.027580632797535982 0.005031889689940616 0.260742801773986
0.02760920232876666 0.0049782702151759395 0.26083229799855007
0.027574257337897798 0.005093799414731426 0.2607559137261948
0.024581120327364786 0.011460676440747608 0.2604972677666963
0.027537479580377236 0.005201792780895609 0.2607225641547388
0.027478177117674835 0.005351565542091763 0.26063741868086554
0.027506712561533794 0.00530199503846579 0.2607285304458251
0.024629348338357372 0.011372705799519434 0.2603917648978367
0.024622641366910863 0.011389703736392254 0.260342881267897
0.02746804858219634 0.005403785286315854 0.26069850344723355
0.02465608031685982 0.011303699781103183 0.26036194094525367
0.024638811314870994 0.011339593162123018 0.26028752967144875
0.027406544750564782 0.00551740911758547 0.26062736104945095
0.027356427586563488 0.005618492316059764 0.26059898681891197
0.027375823885684415 0.0055951694029368615 0.2606768798083518
0.024697279748069484 0.011201498336220583 0.2603126803887006
0.027315029708020064 0.0057210991994187665 0.26060202056897463
0.0272681806766185 0.005811530274755616 0.260569816066647
0.02728060478347564 0.005802447045742953 0.26063534964139695
0.024726036599638263 0.011124565978523682 0.2602611196485289
0.027219141738099806 0.005919469297628377 0.2605144190012896
0.027234645904923187 0.00589464984180349 0.26060690530310593
0.027138340587679513 0.006065841318132703 0.260443335674804
0.027169466888162935 0.006023019690964804 0.2604899385616772
0.02477893641723153 0.011020251819425453 0.2602706685495241
0.02476357412653099 0.011044368455259801 0.2602288212377769
0.027090974920077844 0.006151488993653531 0.2604091926490078
0.027106067210078223 0.006150757078774216 0.2605006468516622
0.024807246039026842 0.010947806075036148 0.2602246672415678
0.02705492794224284 0.006246226777571695 0.2604639502401459
0.0269772476390836 0.006375120587073568 0.26036771164875355
0.02700344491398427 0.006334838906677409 0.26042056570169414
0.02483986085415986 0.010857308833159884 0.26015453143654194
0.026924779285803495 0.006481714410531525 0.26035345021458034
0.02687029780335403 0.006581713022947022 0.2603229461019873
0.024894505633106065 0.010748267218083696 0.26017379907561644
0.02487570988460669 0.010773111188018492 0.26010275646026315
0.024925744110985366 0.010656096970708573 0.2601398412797724
0.025554802699061525 0.008278676871348534 0.25990751550176544
0.02495287229629206 0.010581575843705338 0.26008802438974477
0.02668747463021988 0.006963537922352603 0.26025969348418315
0.026617236413327125 0.007106883759403437 0.2601970816834751
0.026634711963251054 0.007085302101925317 0.260279396804901
0.024998601482835982 0.010472472178890524 0.2600990340047248
0.026588105185692497 0.007168498071190688 0.2602525057527906
0.026536321779898772 0.007253706635154011 0.2603017468140273
0.0250226970720953 0.010400612553798483 0.26004047880119957
0.02505147589110232 0.010308105827968983 0.2599956263525166
0.0251952862183807 0.009905047292319558 0.2599696175903734
0.02520245179374553 0.009897961462322802 0.2600338534194951
0.025542167808655397 0.008234533430566071 0.2599113929210497
0.025515584818731327 0.008230408425434987 0.2598279990808733
0.025086007149164688 0.010214376024401395 0.2600414800801711
0.025485987609063135 0.008109813335969107 0.25998396011182834
0.025116816028544008 0.010122288754987774 0.2599770239325718
0.02548868213226097 0.008121270087961041 0.259940145107794
0.018984320647403755 0.023787140501005943 0.2699137876072769
0.01903202491025017 0.023740475173318454 0.26984869253297705
0.019130847650050867 0.02360128943777584 0.2698156006545209
0.019165823206745133 0.023540326515269494 0.26974786538665096
0.019183885920413188 0.023498331684966234 0.26966697150491237
0.019340147428860782 0.022868189147951357 0.26935725915623676
0.020848781471710494 0.02026673098457049 0.2647210748616866
0.02091832805636032 0.02011285288940945 0.2646734204831558
0.021197429615160843 0.019496236978631565 0.26404587180787176
0.018935413670316828 0.021177766349507965 0.26716921724964593
0.018908147251714483 0.021127249053074615 0.2671370292180556
0.02130829617579462 0.01914858643227796 0.26378502842506657
0.021314978033772837 0.01910969877786184 0.2637115885142008
0.018882855685644205 0.021066046882525447 0.2671310220635058
0.0213404536396977 0.019014597793917398 0.26372801963271303
0.02135305566071667 0.018954390596551407 0.26364860389906053
0.021361293119467065 0.018933376024471982 0.26355865751873503
0.018866158012137896 0.02100037116737563 0.267173804587263
0.01883567213751633 0.020962059677789857 0.2671042085139953
0.021493925112894177 0.018581111198380296 0.2632134974029653
0.021489022528477064 0.018546003600630967 0.2631279925981512
0.02151194658940185 0.018451467922542708 0.2631489382540042
0.021511336608531953 0.018423458678866578 0.26308064310416157
0.02152244944947248 0.01838824886787993 0.2629941812710991
0.021540195283022492 0.01833403383068133 0.2630279134698589
0.02157667190336439 0.018171911661801987 0.2629755925712973
0.021581299793237238 0.01812827187516558 0.26289507727674
0.021614207709663373 0.01807761895176463 0.26299730924183623
0.02161987892791395 0.01806032730206425 0.2629161263801338
0.021603401658739037 0.018020006458229376 0.2628486792063384
0.021633376264358406 0.017946072794480128 0.2629451885394755
0.021625756519529735 0.017868423250519183 0.2629629486805619
0.02160685328169959 0.017850156961285835 0.2629226141993184
0.0215520901297446 0.017806463795397243 0.26275953776680105
0.02150236134968251 0.017709913800328103 0.26271895946859036
0.022249294953336864 0.016579847231498746 0.26283552890003026
0.022289767878133457 0.016532545767650397 0.26276175400541013
0.022309880866910187 0.016500688496225935 0.26268493851452546
0.022356354196232144 0.016447083784279892 0.2625825216295947
0.02240045868407943 0.016386929512673898 0.26250606202222404
0.02242184870019171 0.016346769228688995 0.2624112975457522
0.022478834918060756 0.016245472067490607 0.2624312313664129
0.02257551440154778 0.01606189259043267 0.262271628767199
0.022595765736890816 0.01602783678250297 0.2621814363447729
0.022649873243528268 0.01592085022670353 0.26220124764719493
0.02267000862268953 0.015880684430824243 0.2621359522266249
0.02271161894431556 0.015792711758089828 0.26215300070122316
0.022719294765305972 0.015772164667091915 0.26209706810228794
0.022735469535419495 0.015721952862176036 0.26200650101025746
0.02276926973656667 0.01565853357785052 0.26211216621824024
0.022783650295479234 0.015627246861107114 0.26202795019256353
0.022838471290420014 0.015492862415964037 0.2619643737219372
0.022855649543430737 0.015450202381008027 0.2618779632622633
0.022892749372923578 0.015367473280954946 0.26190389735480585
0.02290398142672849 0.015325495422534419 0.2618417838404169
0.022911326895475065 0.01530187696973434 0.2617404929169527
0.022937422581393578 0.015240958240901936 0.2618514440938455
0.02294897544420124 0.01520671022128145 0.2617862957691316
0.02295381228591268 0.015186342404654107 0.2617025357941549
0.0229872000428476 0.01507152603495071 0.26171536590853395
0.022985931536433676 0.01505285608643564 0.2616461416677369
0.023008198727953927 0.015005552846863834 0.2617265213859985
0.023020998150678845 0.014949284470374191 0.2616506906799149
0.02302205136876978 0.014916314363336236 0.2615783948171456
0.023052753993966293 0.014840861203574973 0.2616080149604284
0.023083359442189824 0.014756185518285225 0.26163603967915594
0.023081013214793583 0.014718230525864628 0.26154181077081373
0.02312018149159662 0.014610232436756576 0.26156370944294893
0.023127115454203276 0.01456558709646083 0.2615034676530315
0.02316243600718059 0.014450488620757262 0.2614461747439755
0.023190075010272294 0.014376280375310191 0.26146172575409565
0.023206583376494255 0.014302597275981654 0.2613866823005635
0.0232405687166133 0.014228058996096749 0.26141388565309215
0.023238101585092527 0.014204224037648316 0.26132659124709834
0.02327515653788123 0.014112684955027766 0.26135611382027246
0.023281639101279852 0.014077583267485039 0.26127542316899593
0.023309718805921587 0.014003496370906865 0.26131852228897123
0.023321554655544918 0.013943538236517061 0.26122964485097827
0.02334679562511184 0.013872374584428582 0.26127239795819573
0.02334839317377717 0.013821969863958283 0.26117303041172013
0.023377710097337287 0.013744693687437637 0.26121214707230506
0.023376984218425045 0.013719415946664204 0.26114321886674885
0.023402477136235167 0.013622056067786048 0.2611645693240354
0.02341794995177194 0.013553792156756783 0.2611728648969733
0.023447755383776504 0.01343658123840108 0.2612171598057238
0.02343386498320952 0.013449258865953828 0.2611340850428188
0.02346598755517587 0.013351410319235313 0.2612355359357441
0.023460543758759 0.013330791185970525 0.2611522789713268
0.023473872235848486 0.013257595021512025 0.26118317580946665
0.023459211595121203 0.01321642302137449 0.26110623139954536
0.023437288519974495 0.013119849070114209 0.26106299146644996
0.02341159173380039 0.013092667899629096 0.2609997211444073
0.023431016663338453 0.013060563661465185 0.2611113087463367
0.02338688000734892 0.013004057614373288 0.26102516880879256
0.023350593183876674 0.01296464618465143 0.2609682961479653
0.023344258041623614 0.012902301756101464 0.2610142166608262
0.0233097021991448 0.012893156346571899 0.2609206872021775
0.02648031989655259 0.007348457186801938 0.2603475356994045
0.026495997769557106 0.007318501141551803 0.2603124298487379
0.026562645257151227 0.007212100437542168 0.26030281103469244
0.026616849555784 0.007117490113485947 0.26024057820740887
0.026658881249241248 0.0070328414566202535 0.2602790321010473
0.02670865379457591 0.006915026335991115 0.2602849391884885
0.026756078178676854 0.006813127877302094 0.260297531873248
0.02684188525367763 0.006646066583839316 0.2603435513930885
0.026843850254634392 0.006628381075424128 0.26028968811280095
0.026895964248834087 0.006524088302687747 0.26030435203327
0.02693598361879662 0.006451223384494664 0.26032983936001314
0.02697579173565287 0.00638419279678315 0.2604150853677989
0.027081079176039115 0.006198756180015086 0.26048198111473814
0.027069945262714674 0.006191195418311035 0.2603961235154441
0.027121201169817755 0.006125200479501047 0.2605149735189717
0.02716432531906611 0.00604389008902001 0.26053181773612266
0.027208796556410023 0.0059472206390779325 0.2605334697037322
0.027245392584611748 0.005866496616654837 0.26056145427133104
0.027288149503988217 0.0057752655784898965 0.260599972225856
0.027338243247962454 0.005675416101614816 0.26061780509108884
0.02737350943665002 0.005592246686499602 0.26064097590947866
0.02741235581448824 0.005515550717719031 0.2606699669115595
0.02745153897247972 0.005441038092510675 0.2606935171241781
0.02748860609061693 0.005351649787384782 0.26070438580209754
0.02751842876126903 0.005268835500663538 0.2607319629109024
0.027547383052681798 0.005179478027981799 0.26075245029933314
0.027579507535971805 0.005095486313902997 0.2607927666947505
0.027596840156334318 0.005032951172601718 0.26081694665698774
0.027618626510165098 0.004933166615888496 0.26085186143220274
0.02763905997986997 0.004841204704752189 0.2608817650777327
0.027663079689305377 0.004757178757754332 0.2608975697602587
0.027682316408221726 0.004693069446462195 0.26092679978165767
0.02770606688267469 0.004623684491992797 0.26103655183109886
0.02770346380976564 0.004615067786252203 0.260972737122813
0.02772630237369396 0.0045471085000958755 0.26105709978886155
0.02772505577666691 0.00452735873192095 0.26100368747424324
0.027739721144957152 0.004451999724551847 0.2610094300417226
0.027758226170376078 0.004365413035087695 0.26105506585158594
0.0277686211989634 0.003810246494819036 0.2612594324145232
0.027759048094489716 0.0037432324682313833 0.26133455138889883
0.027746047844552924 0.003671045364992742 0.2613517331649305
0.027141991613741645 0.002705007172247309 0.26191360489190657
0.027926799364933093 0.001908120327454188 0.2629518782607577
0.028063637783169774 0.0017918021794465777 0.26291584894576886
0.02813967220803569 0.0017109411942455854 0.26302580726654373
0.028155824803770123 0.0016811746674315065 0.26295865692304154
0.028582118900009952 0.0013094690097108508 0.26307191483106357
0.02867860077097263 0.001232188738687634 0.2631153802873032
0.028806621068066682 0.0011291401813642854 0.2631190731135279
0.029001191385544328 0.0009476788501691091 0.2632247599066363
0.029092314159563003 0.0008754382712548026 0.26333849649623375
0.02915399073946095 0.0007977831083653686 0.26333840835595157
0.029203283411456595 0.0007253851906942055 0.2634238189326058
0.029253835364793555 0.000647855560135413 0.2634555953090391
0.029304099158406503 0.0005499576196806855 0.2634571972473508
0.02934104282498398 0.0004969390116310035 0.26356076904708553
0.029346101387753773 0.000481448372635751 0.263499307311459
0.029376471089306633 0.00042705890096428334 0.2636180828152419
0.0294145782009922 0.00035300301138568857 0.2636376162982315
0.02944832016534301 0.0002693624150854057 0.26366105268857415
0.02948291119169045 0.0001866986768149781 0.26367669321834114
0.029515572358132326 0.00011566265412454868 0.26377628734762076
0.029513301934830163 0.00011090115950818102 0.26372811749764125
0.02953781457823597 1.7108996338999205e-05 0.2637283003672828
0.02956416706640832 -7.086590618088362e-05 0.26375766523393906
0.029589648574059976 -0.00016130416976778417 0.2637923512231448
0.029604398710279013 -0.00022364898145055268 0.2637897708088846
0.021514172868205533 0.018412971266238365 0.2630046532442628
0.021385798469328005 0.018861164205474568 0.2633689217455522
0.02141613530106464 0.018790218108177437 0.2633198087694818
0.021441810215108922 0.01872304065587077 0.26328272344232395
0.021470306178625102 0.01864570061564419 0.2632518770723425
0.021498081724739666 0.01856515777438611 0.26322533922465063
0.021506503353292877 0.018500887971813595 0.2631636833518582
0.021516647554217644 0.018422490472722097 0.2631305575322639
0.021536626726771695 0.018355798580403315 0.2630881591400421
0.021352443308327515 0.018978498050744974 0.26350714549889687
0.02138721146505148 0.01888231925416367 0.263480126197163
0.02259653588488294 0.016017941290649207 0.26211526598650703
0.022640608023729768 0.015936959531163586 0.26208007795291494
0.02267775063852067 0.01585800449899133 0.26204233395125665
0.02125843851616778 0.019278829336905 0.2637885489322528
0.021282034857016296 0.019212640756079535 0.2637446101923201
0.02130731483667788 0.0191305245466038 0.26370492922245237
0.02132544981282418 0.019056263169136167 0.2636900752749371
0.021360861759121275 0.018930869575021603 0.2635970464304076
0.022512308347753487 0.016190638757945297 0.26229358653153373
0.022548624680491666 0.016114691477586374 0.2622421869344289
0.02258878390951742 0.016040218966374364 0.26223547021664145
0.02263277787881869 0.015958442359884417 0.2622084526057901
0.022666496413861703 0.01588768312062866 0.26216890509190505
0.022701293794148036 0.015816463436742645 0.2621165755404796
0.022736720687595177 0.015728867935304536 0.26208114062763227
0.022763319498880913 0.01567382806942419 0.26205953257121684
0.022799017668020602 0.015583382772644927 0.2620105281345748
0.021198641200435332 0.019464422290504046 0.2639572361125765
0.02122679186370155 0.019387689601074454 0.26395092944700943
0.02132429775846012 0.01910238278501908 0.2638047270882745
0.022449724899812576 0.01629477842112176 0.26244234672646943
0.022496795818304674 0.016221001448651795 0.2623992390802165
0.02253264043196273 0.016151657958934418 0.2623654301064739
0.021100916199178886 0.019709794381082668 0.2641912878884606
0.021131504263577475 0.019638153726140584 0.2641511204068889
0.02103364822160645 0.01988478131610033 0.2643800365961818
0.024257663178416496 0.01215945401218227 0.26068227030682517
0.024292076328637863 0.012091151255387733 0.26066146045564575
0.0243300733211139 0.012009999717309039 0.26062428846847485
0.02438369918355851 0.011916886092697476 0.26060268173135936
0.024412851116396024 0.011850124645214233 0.26054566346462166
0.024444148166433116 0.01178229541255571 0.2605270841951005
0.02449268733814261 0.011686324872229481 0.2604865515786141
0.024513217950327 0.01162084669578417 0.26047245473596314
0.024607106159868414 0.011417144751485253 0.2603551783095256
0.024636626616044294 0.011354564751360596 0.26033167687868475
0.024672102228786262 0.01125984211363884 0.26029275058289864
0.02223188692282587 0.016599733723741517 0.2628849027028006
0.02228709303705674 0.01653317552786454 0.26283778301781513
0.024070719913915392 0.012400675361749214 0.2608796762732263
0.024146746906948402 0.012314442654525803 0.26089171317628634
0.024202217941186807 0.01224997802125738 0.2608457236740267
0.024246568345279947 0.012187033655280843 0.2607963459609509
0.024289637398640075 0.012109066733019147 0.26076678806732334
0.024494956705497464 0.011679190229183622 0.2605861607997757
0.024531929045146672 0.01159360392157116 0.26053701209328073
0.02455936964574506 0.011513896706128124 0.26047924955918533
0.02460404354511625 0.011416553254217865 0.2604572940841242
0.02472415735845336 0.011145677151497502 0.26033256206609884
0.02475760472637349 0.011062788591369499 0.2602836241505413
0.024825585111144535 0.010899554585274362 0.2602279114317017
0.024852755844177968 0.010828062217198564 0.26019655772102257
0.02487079063680781 0.010795201151274192 0.2601582353528662
0.024902692225423503 0.010717492768382464 0.2601135986731941
0.024928485849212735 0.010635803492295592 0.2600732906486305
0.02495931537038991 0.010552396903975858 0.26004966726299594
0.024992316832762318 0.01046721529284883 0.2600191797047616
0.02089495570214705 0.02016333394123504 0.26471662576367927
0.022146260316312276 0.016714327255465233 0.2630131175168591
0.022209253799087836 0.0166309871643201 0.2629777923128862
0.02226741596538677 0.016553519558400898 0.26297462296838525
0.025019845472950025 0.01041927161659767 0.2601042028591194
0.025040860776405556 0.010355922289010722 0.2600665344450972
0.02505749009782525 0.010294181031190841 0.26002456162946674
0.025076077772024148 0.010235810878748086 0.2599996827514438
0.020840860611041054 0.020257321146846308 0.2648624493272745
0.025103162080754415 0.010171900607553741 0.26006309247906084
0.025121829348744726 0.010119426770439643 0.2600226763866681
0.025139721600614923 0.010072371291735271 0.2600238513959938
0.025184604558058606 0.009946286144343452 0.26004343120034146
0.02521578709375643 0.009852538116343013 0.26001107527177375
0.02523098021600051 0.009811867372441607 0.2600976493136511
0.025258182906242495 0.009732899205205536 0.2600585773709431
0.0252804919009868 0.009670813426355951 0.2600224924680316
0.025304724543047705 0.009622638035232722 0.2600954288029332
0.025327512568967425 0.0095523591727672 0.2600601102615528
0.025353973729381446 0.009482557259748059 0.26002605318844885
0.02537958093855941 0.009399497686173985 0.25998238074203456
0.025415554482733693 0.009287090649391871 0.26003042373217267
0.02543338492295192 0.009215739583655846 0.25999246268740367
0.025452771102906613 0.00913845319597556 0.25994224275902766
0.02549525176732681 0.009019480420523085 0.26000338223196906
0.02550773805705625 0.008963600896024548 0.259945226339657
0.02554643864501084 0.008831408754073289 0.2599930628215331
0.025555128923299475 0.00876773693945121 0.2599470507058894
0.02557034400705152 0.008737014996516634 0.2600252057943274
0.025577941157895245 0.008665470932357311 0.25997849771919457
0.025585309050277463 0.008594746220248417 0.2599507333686895
0.025584812726443737 0.008516422871048146 0.2599038669837991
0.025571001777251412 0.008440739390955687 0.25985199811526016
0.02660794707652306 0.007139152300746077 0.26028905373119265
0.026939335142825566 0.006455708940861893 0.2603749235043519
0.027164813385145266 0.006043909729007979 0.26050747245514727
0.02722654574209847 0.005914782066990254 0.2605548318840589
0.02727193757176466 0.005814491754614792 0.26060701180398216
0.027329299822833476 0.005705574110842604 0.26065523073104835
0.01875745270390823 0.024032349576492695 0.26977469408653254
0.018816863647710153 0.023970993942062924 0.26985197779684905
0.01896617282739753 0.02380828322609152 0.26981197115278654
0.01902394311246429 0.0237450843092179 0.269795702619684
0.019146801865442285 0.02356606438901654 0.26971804638884717
0.018865624477755333 0.023908555041414148 0.26994946365089506
0.018943825600429003 0.023833895741329325 0.2699065457033274
0.019014724253610824 0.02375646576789786 0.2698838415210826
0.027638542965397042 0.0021551964824625958 0.2629435186284242
0.027739491043251983 0.0020653497517895136 0.26294260071516734
0.027830052696943358 0.0019884695444615796 0.2629152283568127
0.027993391241969236 0.0018578707041929654 0.2629799993876005
0.028061342683481712 0.0017952518806329532 0.26297327890902106
0.028114351141934127 0.0017283469697276788 0.26296573386235067
0.02818325155053624 0.0016667262449714948 0.2630316966016433
0.02824799259772933 0.0016024363122892904 0.2630164761429099
0.02833487188539209 0.0015176474852884314 0.2630056411306332
0.02847011534735229 0.001401500578008641 0.26306833313751093
0.02856745372769831 0.001316457043773811 0.2630402959711694
0.02861704030744941 0.0012805703557438597 0.263121680466811
0.028733768547571703 0.0011870292642515712 0.26311624850028087
0.028778992221400714 0.0011443994016105408 0.2630739904047652
0.02885961409140573 0.001084761904823206 0.263182101406767
0.02892823495821724 0.0010113506756617707 0.263163602861661
0.028924599447570115 0.0010302137229526998 0.2632292768870381
0.028985797123497338 0.0009684821229665741 0.26324249446715925
0.02910801310627724 0.0008502467080616083 0.26329564417755724
0.029154038490846988 0.0008003595857768997 0.26341413047678786
0.029195274430655005 0.0007340556895240047 0.2633637221966165
0.029233089510632818 0.0006814595590763917 0.26342672379729626
0.029270908447988915 0.0006133073339286699 0.26341328336632586
0.029253916597180622 0.0006439015957385164 0.26351929700106413
0.02929590750735244 0.0005723038366748923 0.26351082152113664
0.029336990774785236 0.000494487727713655 0.2634725977167318
0.029317460722382685 0.0005385077073953859 0.26357614594434564
0.029365914567884815 0.0004469119425977719 0.26353801138092625
0.02938624407593652 0.0004082213440311788 0.2636448338391686
0.029419181280927346 0.0003349829734486942 0.2635897472509477
0.029439860306987142 0.0002920202202765232 0.2636942011796487
0.029465638774213404 0.0002226105849156279 0.2636501150214295
0.029486767009387703 0.00019045155876173947 0.2637366792912829
0.02952714845107949 7.129469082090001e-05 0.26375439201240136
0.026552124497891044 0.007228189695630827 0.26030192373612693
0.02645099408561412 0.007392062837875746 0.26036779705442425
0.02634367396757409 0.007536884619647244 0.26037416317478146
0.026400565949803334 0.007472454725780342 0.2604052793752939
0.02619735999653096 0.007670009430783276 0.26039600882051656
0.029126503960851258 0.0008382878964280915 0.263376382912508
0.029181266456501646 0.0007584777300407297 0.26340883129322823
0.029225079154194193 0.0006958241505165552 0.26347265878725473
0.02788911351727829 0.00193810680335188 0.26291032672348447
0.027742283333560866 0.0020602732039161076 0.2629156682890509
0.027821929943414495 0.001998569013955731 0.26296066154832554
0.02786779142137489 0.0019588198465226303 0.2629886145039415
0.024263383950135685 0.012151113074893694 0.2606451871241666
0.027664085445529972 0.0021379483713704905 0.2629509941332508
0.02425046471186708 0.01217504223465049 0.2607458229487814
0.02747614574772861 0.0022566075584230516 0.2629552284476414
0.024131427463181816 0.012333362367298706 0.2607906518403993
0.024190369287577382 0.012263122234277835 0.26081219264702604
0.027246907512405827 0.002348156636992893 0.2629272917857235
0.023994457061487368 0.012464948834032874 0.26079955092642426
0.024119069241414798 0.012348309017191028 0.26087034089492844
0.023824253946937594 0.012563914309535684 0.2607724314987742
0.023907658531789236 0.012529674553917125 0.2608525678579435
0.02398580983626994 0.012472264370274877 0.26086864832815204
0.022562970093968106 0.01609048862018042 0.2622716136010016
0.022517449929697064 0.016183612499458322 0.2623444706078916
0.02254615962743009 0.016123727886481642 0.2623416846099178
0.02242057455977297 0.016343645843639676 0.26236290028103587
0.02246353601139959 0.016275533759685823 0.2624007975724113
0.022416029689621926 0.016359514671886455 0.26248309743010934
0.02234955122520968 0.016450583599522728 0.2626327505523239
0.02228384459609986 0.016538875471967585 0.2627014807993131
0.02233564220675005 0.016458973991410664 0.26272174462757303
0.022264060702414497 0.016565314652552676 0.2627859872841568
0.0223153831350033 0.016490180843231395 0.26278921640323816
0.022260647674364156 0.016565562617536334 0.2628647735256771
0.022250905930474053 0.016580038965117783 0.2629294105451526
0.022177780755835527 0.016669245143628164 0.2629820550429627
0.021980164506773738 0.01687157309614501 0.26296327379867257
0.022055432428551923 0.016823491723348294 0.2629963520655736
0.02211280712607802 0.01675990452771603 0.26304749270729244
0.021944515405411175 0.01688917574511567 0.2630311857484403
0.0220255501302824 0.016845702906176152 0.26308270103781717
0.021431187058353382 0.018762874421134945 0.26334576378405394
0.021392022550732262 0.018859925667109645 0.2634091116837631
0.02136950279033009 0.018946725539652043 0.2634976598142801
0.021323479258485017 0.019053148415887178 0.26365407832606924
0.02134463589538818 0.018987331214568637 0.26368322159159563
0.021268790272998467 0.019240333251960062 0.2637150162002593
0.021300128663663466 0.01916560613540147 0.26373685030709615
0.02132918793474256 0.01907248620433538 0.2637482998923549
0.021241801224912087 0.019316468571777545 0.2637916333508177
0.021277730657578764 0.019235776452013242 0.26383482732118635
0.021237933682701132 0.019337505300284163 0.2638951631415592
0.02117512611010451 0.01954338069424505 0.26402481983550896
0.021139724836762915 0.019623089301040397 0.2640905286320931
0.02107462036475788 0.01979774490682973 0.26425235036886324
0.021096156837002382 0.019733318388917898 0.26425944807645213
0.02103241375019961 0.019884572671206246 0.2643246485149039
0.02106184364614258 0.019830582902481908 0.26433955671727305
0.02097194517650701 0.0199866304756946 0.26437381050467845
0.021012129228421564 0.019923847050724253 0.26440473485949334
0.02096835629667332 0.02001409190257819 0.26448377825301883
0.020928247773416966 0.020082279638846012 0.2645267018034878
0.020884027407884004 0.020167695329926405 0.2646031026018435
0.020929460675787236 0.020090431633117356 0.2646430427849056
0.020834701436969597 0.020267228015380834 0.26466638708350837
0.02088318940819612 0.020191995573535293 0.2647110937422999
0.02083323224868567 0.020287699199311005 0.26476738368302677
0.020772245492809482 0.02035335179611303 0.26483439027255984
0.02082066107949581 0.02028897837221555 0.26488635083993106
0.02074833248253083 0.020379036274427942 0.2649106296889604
0.0207955171445795 0.020318513109045144 0.2649417283548386
0.0175064216439752 0.024537338671031805 0.27045892474594446
0.017557204601374762 0.0245366315210363 0.27036179296702206
0.020748048186258583 0.020383735306044093 0.26501324920015346
0.01771810949162339 0.024498719734043717 0.2703723807902689
0.017603766121649836 0.02453222775012137 0.27030524643988374
0.017779954785670904 0.024485081762359306 0.270334808097625
0.01763251022379389 0.024529964278744598 0.27023696609286313
0.020698264259361526 0.020458985405524932 0.26507318345872755
0.017810641305820607 0.024485630000739778 0.27024502248844523
0.017876294979724455 0.024471925429895958 0.27016367086927934
0.017899304705757707 0.024470579073893994 0.2700924389752052
0.02062646308541613 0.020578633666000268 0.2652319065918408
0.018073746733167348 0.024414356203108667 0.2700737044089208
0.01793245100951528 0.02446403267949837 0.2700149826218981
0.020514757528286937 0.020718629183223647 0.2652532462887416
0.020565222326360197 0.02066746044752732 0.2652714553947785
0.018187352907655024 0.02437355337081465 0.2700749307021415
0.01807031552119298 0.024416635693422173 0.27000685516652945
0.018235477993593388 0.024358108765061948 0.27000167002744785
0.020433230305894404 0.020790151290792758 0.26530143697599373
0.020497555123160843 0.020742748918964438 0.26534168914150924
0.020566248595248 0.020671743583843938 0.26537133942611213
0.018334676151495935 0.024315069500180087 0.26996409284624473
0.018454049283498405 0.02425773486857663 0.2699099912494585
0.02042918604699554 0.020795943327791666 0.26538686972133974
0.018485934977021112 0.024237248535272926 0.2698414082362822
0.01892921309654086 0.023843469974709264 0.2699631983898066
0.018873671538877958 0.023907796686397587 0.2698936320916749
0.018804221311047364 0.023979024038992547 0.269888021788956
0.01874301501237831 0.024045778257479777 0.2698186473764007
0.01865883233111605 0.024116070845669746 0.26978217083433537
0.018932835250321273 0.023846294343530805 0.26986655740293897
0.018839136120301983 0.02395219895526607 0.2697975179819765
0.018777832887280313 0.024011216316148498 0.269742924078145
0.020243689374816923 0.020903607895771892 0.2655069591218391
0.020291251625089816 0.020876566373382366 0.2655094069812782
0.01707949417115201 0.024577656861288155 0.27042746671226037
0.017035003969122955 0.02458708520476055 0.27034950181270434
0.016989074790134714 0.024593218729911825 0.27027031359081066
0.016942179963143844 0.02459799323749401 0.270190603070935
0.01689327879403836 0.02460090641954854 0.27010994652854425
0.0171715379979496 0.02457687220364191 0.2704064088595485
0.017127009306800084 0.02458713042359978 0.27032841706005767
0.017080770198653658 0.024594960658470666 0.27024929532158026
0.01703509613476205 0.024600636156167033 0.2701700801341884
0.01698842646532367 0.024604656724774243 0.27009049443457733
0.01730258168810883 0.02456261088239381 0.2704611936939984
0.017260890497671988 0.02457365281826296 0.2703839853350454
0.017217740320641356 0.024583746584666333 0.27030657220113374
0.017171614944833602 0.02459255296403634 0.270227632690184
0.0174307392038546 0.024544110762320437 0.2704942092133058
0.0173873401467044 0.024555734108742622 0.2704347270398719
0.017345869648810297 0.0245676625020797 0.27035941295860677
0.01730472637327482 0.02457769971571222 0.27028305649312606
0.017260543171669085 0.02458682931558781 0.270204934103877
0.017479772667926788 0.0245456887137806 0.2704024190244495
0.017430878200366914 0.02455738288810866 0.27033385846196045
0.017554099917528737 0.024534085664901617 0.2704040402965798
0.017523667121836797 0.02454513593973745 0.270306582617188
0.01763761764888308 0.024519845417372677 0.27036330151407784
0.01758510520981356 0.024537894288445217 0.27027047940358695
0.017722481481118546 0.024502735886431204 0.2703116161967307
0.01767338150781375 0.024519008712195256 0.27026745067099944
0.017786476335515583 0.024488404783193418 0.2702817740706219
0.01775019274985072 0.024502405503580238 0.2702208145148497
0.017820415283700805 0.024485887973637877 0.2702028771754629
0.01778896838627958 0.02449742254838455 0.27013323521377314
0.017846711567377854 0.024485660178871438 0.2700835660180872
0.017935335182260828 0.024461651703544973 0.27005728661935796
0.027697095034284074 0.002103579206282624 0.26295156766742295
0.018766462911877932 0.02096624508686812 0.26581499255441465
0.01888550261185258 0.020992857146357125 0.2657948842919413
0.01899313278811729 0.02101605572797821 0.26579990164861567
0.01909819171104156 0.021038744393868214 0.265774286893998
0.019199094421455787 0.02105382161780789 0.26578260204579063
0.019300906253818882 0.02105878767228314 0.26575945195089196
0.019384237966248566 0.02106153155130769 0.2657272628901502
0.01949087565920289 0.021055994995647753 0.2657109153278609
0.019439353900908618 0.02105541398621108 0.26564958287763835
0.019587709458657565 0.02105081207329551 0.26570508880238985
0.026415679126043534 0.007437407072539481 0.2603504161881258
0.019670559992154057 0.021048024058272607 0.2656739975645313
0.019645243564098726 0.02105004069841182 0.26560461707207794
0.019757774866046116 0.021037418514913586 0.26565227577081973
0.019696784195748634 0.021042560670216093 0.2655711317459287
0.01984082411716341 0.021022592917722238 0.265630241995456
0.019794915280237593 0.021029496835624106 0.26554465776846453
0.019915552225797495 0.021008608582436472 0.26561908248173066
0.019879787654260753 0.021016448160563528 0.26550236206647443
0.019991500511519045 0.020995476809635927 0.2655778841596887
0.019955225376293212 0.021003453470911093 0.26550762903290603
0.02006187144256287 0.02097784159034094 0.2655469298448934
0.020161108152769502 0.020943659022824357 0.2655130694399145
0.020117730002372006 0.02095693373943408 0.265451026985361
0.020206726678880016 0.020921760859636263 0.2654798542050893
0.020276003223644923 0.020885733699680054 0.2654357282185176
0.026367771590385128 0.007516139916556697 0.26041455964453486
0.020348002158323733 0.020847785238432226 0.2653833150313026
0.02043733120476597 0.020786059549868063 0.26542971685705324
0.02039576771920336 0.020817932993327626 0.2653435703001289
0.020477534221646984 0.02075739908529145 0.2653900690146918
0.020464048847879196 0.02076834494248525 0.2653050334803274
0.020538897975877615 0.020702435235041006 0.26532473265550044
0.0262997684352569 0.0075831249692353 0.26037907635113855
0.026200863106609462 0.007658091535105993 0.2603370230639104
0.026245290675707314 0.00763256830038378 0.2604132273235903
0.026103490056799405 0.007712311004023253 0.2603110068427971
0.026140480399290636 0.007701693588055281 0.2604030156311847
0.021083078141618264 0.01977538925148481 0.2642763814650654
0.021061346693930477 0.019821312389708468 0.26423161023594355
0.021093715069418102 0.019726434208533816 0.26416716763198256
0.021127964117504533 0.01964913061013923 0.26411643686636227
0.02115772719713451 0.019584601341081587 0.26406557883331117
0.02119067507579623 0.019498496308583135 0.2639946055526336
0.02600959466867518 0.0077541712145060004 0.26029252186329094
0.02605197186934302 0.007744611309734806 0.2603728082530735
0.02121064881720082 0.019425802864952046 0.26393126520366583
0.025920082566887957 0.007786491079631863 0.2603106385669613
0.0259748550926752 0.007772353814211375 0.26038818780773976
0.025846872741896634 0.007806529181298982 0.26032339812049243
0.025899381219649173 0.007791953973151078 0.2604176352398857
0.025805920464620262 0.007815289631955713 0.2603709822185733
0.025813304785011634 0.007807895442581758 0.2604392098975303
0.021199099403196052 0.01705074361304565 0.26292631860490057
0.021236277824512227 0.01705196873207332 0.26291115249888075
0.021390743205890184 0.017023514822456565 0.26296742894851366
0.021342993407906824 0.017030927573834453 0.2629071245563887
0.021452748882094044 0.017022244782992302 0.2629554839446099
0.02143181218679588 0.017024800147339203 0.2628904195403396
0.02154047111437938 0.017017313072126394 0.26293393510262675
0.021521583868179234 0.017019526682126807 0.2628425399508858
0.021656002958962875 0.016992355335815335 0.2629614460401854
0.02161989769413418 0.017006782679563015 0.2628944746216247
0.021610479127488202 0.017009184018198453 0.262826992183353
0.021774095059818484 0.01694925534896996 0.2630130250984304
0.021736154806585112 0.01697118868999492 0.2629374543181243
0.021703374528070113 0.016985647576610696 0.26286599593276394
0.02189655355734857 0.016903571464300715 0.26304942290007005
0.021851616307153966 0.016924858837063017 0.2629875374461586
0.021809763675060878 0.016946641998035472 0.26292609878662787
0.021771780942296065 0.016963332189283364 0.2628200397647211
0.021958090241827558 0.016884416522615575 0.2629938269085565
0.021889729460242105 0.01691253778469931 0.2629252215562883
0.021852048552138112 0.016930188587749806 0.2628747006683692
0.025709589538723515 0.007821653147750185 0.26038222108340076
0.02205061123019305 0.0168306716275215 0.2630504822089546
0.022013171425909972 0.016850103967014918 0.26295483390035973
0.02546306533530316 0.007846348491248933 0.26016142815476073
0.025564962120762313 0.007823737368002459 0.26036093952566125
0.025594065961994088 0.007823497575391525 0.2604332415783642
0.022092598760584337 0.016783545377607012 0.2630031835899405
0.022174802343362915 0.016681507434593124 0.2630517995766512
0.025445167116440834 0.007856229254732117 0.2603129340974645
0.02547258450506265 0.007823354921137615 0.2603746254144538
0.02550738354326918 0.007822871141644538 0.26042352287141524
0.025431931480010966 0.007837634277834016 0.2603816515105593
0.02542220866630049 0.007828061525810615 0.2604705112332252
0.022796801821784854 0.015593341742673017 0.2620581379533252
0.02277991036319294 0.015628400497427253 0.26198627062527047
0.02282010228805162 0.015532427024776196 0.26198676207564014
0.022863894916328772 0.015436683792379724 0.2619285984791313
0.022845332130659618 0.015466291321116932 0.26186202051783575
0.022893416075120368 0.015358939586441578 0.26186310271341595
0.022871327480030443 0.015400198666896958 0.26181373126572677
0.02292170392319679 0.015280394071547354 0.26182664350825163
0.027203770668022126 0.0023592651537787668 0.2629431243916818
0.027263163210548086 0.0023435208176978972 0.2629048930344776
0.02740733199417532 0.0022921898575237187 0.26295993456202765
0.027543453918606346 0.002213543605767143 0.2629597602811272
0.027852004926082766 0.001971381626796942 0.2629345004092643
0.027759490269039885 0.0020444280355887967 0.26290169009846337
0.018845369498622415 0.02098620909959542 0.2658558075083428
0.01893671724768234 0.02100538173946037 0.2658507119002048
0.0189378282950034 0.021002581236780338 0.2657849223519575
0.019068431891864523 0.02103442096478192 0.2658117002609073
0.019147841765000742 0.02104836827026424 0.2658068796055294
0.019236041769794585 0.021053688425926198 0.2657450144546114
0.019354155510458278 0.021061671950471816 0.26575538047613656
0.01934239432320392 0.02105733931905812 0.26570167509764053
0.01941161137987736 0.02106188012975918 0.26575950826376205
0.019409682640740125 0.021059163896353428 0.26569486488172317
0.019611679275813046 0.0210526397593096 0.2656296713877606
0.021158505178229994 0.019578180221888064 0.2640229214942742
0.02125305843696572 0.017054855006872316 0.26288391007491607
0.0213120225227679 0.017031360811070484 0.2629414359973262
0.02130666612645952 0.01703212663793352 0.26284729839682675
0.02137295476280257 0.017026951576254556 0.2629312705965621
0.021387503766895202 0.01702528406838366 0.2628754301658921
0.02148685646809949 0.017022534630286024 0.2628797650423105
0.021561245252752256 0.017016872564162566 0.2628684499804417
0.021656611842204465 0.016999807362829078 0.26281770318626013
0.021710650976381266 0.016984634814708577 0.26281468609147296
0.023378475259356983 0.012651648474318378 0.2607971546039347
0.02340999292470569 0.012643209405398426 0.260707616391496
0.023425874904516628 0.012643988465081524 0.2606460303639954
0.023479903215886305 0.012637737237583602 0.2607363335982969
0.023513365607623814 0.012638746920081878 0.2606528305607446
0.023572574754502404 0.012634633842563636 0.2607596577975302
0.02357044942357054 0.012636487835777532 0.26066553071015575
0.02365116248865773 0.012611128384478365 0.26078501102968177
0.023659567296162767 0.01261749409787638 0.26070813211512295
0.023731830386296462 0.012590814264811512 0.2607998011524909
0.023752568665884218 0.01258639167943515 0.2607099868919398
0.023811815614598046 0.012568106443680394 0.26079816368095765
0.023814196312115274 0.012563194560606894 0.26073435359253894
0.023883417315316458 0.012543706017342726 0.26087238964035714
0.02386671104763012 0.012546880490265866 0.2608106656981495
0.023940182830834378 0.012504723374253679 0.26088145532763235
0.023951617633614808 0.012496033839812626 0.2608096463875443
0.024028876968397894 0.012437989056988397 0.2608381838467123
0.024095329487217723 0.01237342464838298 0.26083049670914826
0.024160203046397453 0.012299980771014907 0.2608352189116531
0.02415664824688566 0.012305898876851407 0.2607855577495268
0.027115755075232145 0.002377405345032335 0.26293743519251916
0.027289560818553153 0.0023325338919129024 0.26291181825313165
0.02735060556176977 0.0023121419223599005 0.262928473516665
0.027160729775242212 0.002367237517454157 0.2629289973408171
0.023915705767060105 0.012520563185482003 0.26081854764821844
0.023852811631644266 0.01254997444838779 0.260761125778303
0.023820094170980445 0.012563532035494207 0.26083198427814297
0.023768799481107807 0.01258276029789357 0.26076651833191156
0.023689627045372127 0.012597579373468948 0.26081827235222665
0.02370581352064431 0.012602715899539207 0.2606880965348941
0.023655581409157425 0.012614898389864737 0.26074854099539324
0.02356679986748983 0.012629075339935403 0.2608036801978342
0.02360560448825956 0.012631604227654136 0.2606883084953512
0.023531428805165573 0.012637499134833585 0.26075133844939596
0.02344917518687198 0.01263177339307786 0.26080313823953993
0.023299075989373266 0.014030258989704114 0.2612810315168929
0.023280471203127318 0.014090413670682755 0.26131924860188244
0.02325324849402477 0.014173608929569481 0.2613496935523323
0.023225231163670465 0.014263080258717087 0.26139874997556495
0.023210918420097287 0.014316497667614447 0.2614555916178538
0.021211072641279048 0.019449551731710146 0.2640132844904273
0.021182384629728795 0.019535130597381045 0.26407918296266886
0.021151075347366086 0.019596675438890543 0.2641099742458755
0.021121939526503 0.019660064614242134 0.26414248355055703
0.021096563251137117 0.019721517098978125 0.26419771723745483
0.021079866517266253 0.019778297780238097 0.2642389810849936
0.0210580847499737 0.01983829852125657 0.2642845932828233
0.021183822178966347 0.019498582602555325 0.2639552885542946
0.021152077658378378 0.019577532383874996 0.2639925111622394
0.021568862500251765 0.018221618303514486 0.2629991818547262
0.02154940278754884 0.018324097619973112 0.26307438881038653
0.021522874867255806 0.01839273686080073 0.2631009586986728
0.021503200187401164 0.018479154740006998 0.26312389656095553
0.02152615175647564 0.018370095135895326 0.2629480564812581
0.018826151196892613 0.020917441825177574 0.2671411173736079
0.018857081530567865 0.021012761237797106 0.26710648375068724
0.02345338209071153 0.013131036378888405 0.26111425765416973
0.02340035919552764 0.013006128128876693 0.26107584808419915
0.023427749558577828 0.013110855423414336 0.26103666167468265
0.023365678201281173 0.012961606101504652 0.26101496531063584
0.023393317047419655 0.013051845941463136 0.260985014544896
0.023328606470757768 0.012912918715216715 0.2609594499820098
0.025530810144777913 0.008897305293729896 0.2600005875967286
0.02558444286777327 0.008633078925934012 0.26000018886689436
0.025568389005249673 0.008719415558970767 0.25997926839381297
0.025547757354629302 0.008810018835882505 0.25995704615032744
0.025591547550354206 0.008522497115453387 0.25994092116847234
0.02557880261959935 0.008621001924790206 0.25992723214449054
0.025561713723804072 0.008694772934234818 0.25988840538173574
0.025470709272391978 0.008044166758723159 0.2600480420119598
0.025574746030580832 0.008420867520480824 0.2598762319641256
0.025448884593877223 0.008051725870930226 0.26000795797984766
0.025518301871889276 0.008173584705852222 0.2599230310703027
0.025555549522157883 0.00830715959569367 0.2598824633447896
0.02548805732845095 0.008149982751054552 0.25985935353955647
0.02332712494463393 0.012871026004099506 0.26097173427831
0.021415966410181474 0.017583621580591846 0.2627026219484995
0.021141638987755673 0.01720975800393354 0.26273442983829876
0.0215344868749818 0.017756968762807912 0.26274516487319066
0.02116628250088539 0.01727926743100272 0.26269438259982797
0.0211599875715702 0.017228000839543456 0.26274360753522724
0.02115939812015226 0.01721666175642861 0.2627723492043009
0.023417829301390636 0.013067526720281497 0.26104242935031163
0.021559847025178047 0.017785345093481397 0.26287113394058237
0.021251656899884758 0.01735188977311608 0.26269717400117476
0.021298547168499632 0.017437799916943164 0.2626402498121438
0.02158840672463813 0.017844041171225122 0.2628930729155867
0.02135594033894942 0.017505081584063942 0.2626593562078051
0.023370724239183197 0.012983341163876783 0.26100071247354373
0.023364751494495406 0.013019665651821 0.2609446723406345
0.021396661612764635 0.01885333609471973 0.26344090415518595
0.021428944846371 0.01877208026043592 0.26337993525473036
0.02144531277758282 0.01870660788217776 0.26331782081266525
0.021473385948939633 0.018636337726116614 0.26327377751559156
0.021500920280970892 0.018546997007313326 0.26320300284764253
0.02558911307788605 0.008555868755100504 0.25994339848780285
0.025592011865771938 0.008483032415085856 0.259951110861112
0.025548084874908353 0.008261614764683789 0.25989337502246634
0.025515455421593627 0.008189558494763605 0.259879782979148
0.025503873833297414 0.008127565519674695 0.2600078075594135
0.02546195496965155 0.008087351911578278 0.2599301602497724
0.02544855385648441 0.008017520148267676 0.2600381441082829
0.02545589902506916 0.00804563758005633 0.26003084246955765
0.023776697027914018 0.012575823682147824 0.2608297822799107
0.021317819725066328 0.01909338956197343 0.2636984097104729
0.021361003725912188 0.018948222507881973 0.2635356011794392
0.02122135010804458 0.01702823414885979 0.2629618322565829
0.021217528761046364 0.017058582537204603 0.26286311060985834
0.02134465556346818 0.01702850896115693 0.2629354434096777
0.023412198587267383 0.012640269880088706 0.260758224806247
0.02345547555154162 0.01264126559733858 0.2606897573555105
0.023523684464107873 0.012631062650739044 0.2607910257603918
0.023545788182482666 0.012638939628788592 0.2607110094392391
0.02360279608761212 0.012621417927080436 0.2608090828236102
0.023622738765435476 0.012625863531126047 0.26074873420634437
0.023699819012370504 0.012602093037880735 0.26075479651475847
0.02545183490074196 0.007827750953356527 0.26036946175090303
0.02546537155911091 0.007855296691477609 0.26027269000196995
0.025540175187570985 0.007823537015841597 0.2604141128780286
0.0256578300358226 0.007823637234296743 0.2604307053835403
0.025760394010662144 0.00781990967190832 0.2603980319379958
0.02577424353065834 0.007815651253403055 0.2603341463843259
0.025861318894179572 0.007805419032948846 0.260369394302452
0.025871902996590333 0.007797017564003805 0.26027974150831973
0.021521151505006247 0.01839097232875364 0.26303935955461044
0.021497327669045697 0.018466247826059767 0.2630669924705883
0.02147969499923426 0.018545307271712774 0.26308990482551664
0.02331947396832843 0.01288344096716304 0.26094826452855197
0.02123523522450134 0.019354491282243425 0.2639303687396968
0.02120371858323629 0.019428632722515105 0.2638957175657223
0.02128969922989462 0.019196150007069146 0.2638375405365864
0.02126081221938997 0.01927926901399374 0.263839910243734
0.021239837910727047 0.01932734346528464 0.26382586706356725
0.021316155373191224 0.019121706339967348 0.2637494948767825
0.02129518857713191 0.019185115730676827 0.26377322935240044
0.021262607260143722 0.0192611873807102 0.2637444039964698
0.025485317956033232 0.007829695939562675 0.2603284454792902
0.025505604716476754 0.007823428992398684 0.2603864712091344
0.02543963155209871 0.00783997777049833 0.2603477941962539
0.02546255497693263 0.007824466876818537 0.2604218490824609
0.021268638215010918 0.017038207680434347 0.2629379928562659
0.02125743583905413 0.017045168900789498 0.2628472722897769
0.021346566124813185 0.01702410173377955 0.26296799775657936
0.021338105114260333 0.017030259146838367 0.26287122239781047
0.02721281415939214 0.0024275005361029667 0.2625311480482313
0.021141452911279973 0.01720705567075581 0.2627422499003792
0.021126102684466616 0.01721864094410569 0.2627146350623716
0.025488603561246048 0.008176759362153119 0.2598223406576394
0.025467520790599524 0.008096956019750523 0.25991459887311763
0.025453525117160154 0.008071348530147182 0.25996947735889486
0.025538659694287806 0.00825326727423037 0.2598734411775437
0.025520211493742145 0.008163630492694973 0.25995724798987185
0.025479728894854455 0.008085887748945919 0.2600216780595728
0.021433399972399153 0.01762987797557619 0.262673246116061
0.02138583246223732 0.01753110426238791 0.2627042517552256
0.021375208851007736 0.017551970262713212 0.2626380395674135
0.021341968042907715 0.017469907898401305 0.2626807602279935
0.021336552881751625 0.017497919283020358 0.26262757847114615
0.02129036454775826 0.017395115556612384 0.26267691514046576
0.02123007140349578 0.017353649431109786 0.2626565532915627
0.027078830592262612 0.0023844408976871345 0.2629526891545053
0.021424723652309102 0.01875324614720092 0.26325285622341776
0.021454010256988877 0.018684495487754416 0.26326529970010226
0.021445165095074215 0.018678578498884824 0.26316671479835047
0.021483402493947153 0.018613570356880327 0.26325066101446853
0.021483585939258754 0.01860772291049434 0.2631958980971012
0.02147089132851003 0.018581639413407958 0.2631051069293718
0.02150422221214679 0.01852216991625244 0.2631750805680085
0.021278041145716006 0.017026684991314434 0.26297394018203013
0.021291273715385306 0.01704195903179606 0.2628952580977459
0.021409147800117656 0.0170263446014689 0.26292446194533603
0.02160161812193183 0.018056415980382046 0.2628514098093997
0.021613485810873537 0.0179847902786357 0.2628808016077205
0.021611598229619167 0.017883943201738917 0.26291353156064434
0.02156781492901129 0.017812548788924132 0.2628736294691365
0.02342116217157838 0.01311272251853779 0.2610179962417029
0.02337439327001954 0.013004548542036976 0.26098510971018946
0.023371138716039075 0.012953656352518383 0.26105223007911266
0.02153004915411251 0.017766038543214624 0.2626866034471761
0.02159284124623055 0.01809079347746434 0.26285534999306054
0.021626754484625095 0.01801704275778576 0.26290739551840603
0.025549429638455398 0.008274782497836974 0.25988655468416033
0.025477000241284818 0.008120651819433444 0.25989008696392857
0.025492131277746244 0.008079910244785993 0.2600528399584659
0.021543831025132833 0.017773444076089162 0.2628147310999838
0.02154851228592737 0.017794610990011284 0.2627123273766512
0.021446101140665474 0.017634739060788662 0.262703838886044
0.021501636070687752 0.017739111844221667 0.2626500070857225
0.021366331558179456 0.017506802339081418 0.2626873995932121
0.021271692664879077 0.01739237224859186 0.2626536346947903
0.02550968170169811 0.008118562242349303 0.2600470214875774
0.02550816760004205 0.008139701986279668 0.2599767667758298
0.02546719873421209 0.007938759761169922 0.2600888982022925
0.025471108124530323 0.007977261995019802 0.260197721124767
0.025461411331836943 0.007865030600493317 0.2600426956846158
0.025440238127890924 0.007958605093658866 0.26003658821677156
0.025445661865585667 0.007913945909329367 0.260275619955301
0.025464597388941856 0.007901208591442443 0.260144318066555
0.025486767365199642 0.008018717238003792 0.2601298221107035
0.02548712068034037 0.00804548344420325 0.26007540734456325
0.02546709277753985 0.007874332132841 0.2602107202232127
0.021191804729810942 0.01945968619543681 0.2639102417908672
0.02118308768301623 0.01948628934523078 0.2639275816067895
0.02332873041517708 0.012750219629908854 0.2609164939070292
0.023352577000445116 0.012683465684316886 0.2608604802451336
0.02331256873154417 0.012835303916373109 0.2609252447686443
0.021167039048345222 0.017117735446398108 0.26288663903193266
0.021165424439910027 0.017071318105296163 0.2629296608820164
0.021190268657109268 0.017069084378848076 0.2628883578405072
0.021459557942483068 0.017676652542937432 0.262658614716632
