0.02970104794728798 -0.002006244723229189 0.26453483939593225
0.02969909890924375 -0.001852817640415283 0.26451739338750874
0.029695846406432504 -0.0017518707961090008 0.26452169872722253
0.029683788259189908 -0.0016386268566160878 0.26450140586017
0.029666945663161623 -0.0015037168498694409 0.26450304925258816
0.02965474224820052 -0.0013904811863370559 0.2645234583649567
0.02963320672786187 -0.001279320926576566 0.2645072910982207
0.0296189408056787 -0.0012007278530981047 0.26454991096290226
0.02968814559934624 -0.0017168862272437524 0.26436263099538626
0.029587194079568765 -0.0011068222811994044 0.26443363689508115
0.02957113388611292 -0.001032251705744447 0.26443181566953927
0.02955480205386695 -0.00096683777386386 0.26445530832735853
0.029493040344193068 -0.0008098429435351995 0.2643882139172468
0.029461658018566685 -0.0007388726986738425 0.2642892883993932
0.029401521541204345 -0.0006173083846487404 0.2642188686269849
0.02933675334991647 -0.0004937590337042441 0.264129944977833
0.028770834830018577 9.574924717403732e-05 0.2637132459846586
0.028426894847155985 0.00040088956205064363 0.2636106726575922
0.028005702503109367 0.0032590891959586865 0.26149525228914416
0.027978776250176682 0.0033319173481459186 0.26136730341868414
0.027970445602049997 0.0034094539575562632 0.26138081745223957
0.02795170678967756 0.0035086915428250154 0.26140181374907745
0.027937895181138657 0.003510811527269786 0.261287684976914
0.02792000339319655 0.0036000768380216597 0.26128459780658925
0.027800056298160222 0.004051977052556832 0.2610434130147897
0.02776427611160239 0.004158093248472161 0.2610342844982432
0.027700409622899935 0.0042958487514706545 0.2609778613902602
0.027581335805431817 0.00458472671036253 0.26094907070843376
0.02755823393508635 0.004621373392311612 0.2608665818413748
0.027522474103435383 0.004716758112267128 0.26088192533964927
0.02748657573179518 0.004771522033645059 0.26078954096906154
0.027463114875846607 0.004840638632749861 0.26081279830481496
0.027398542658119973 0.004963785197906467 0.2607439132274179
0.027334015114026076 0.005088819865643801 0.2606976237197838
0.02726818077441371 0.005220270985632214 0.26062999606729154
0.027251056395784408 0.005263430032940608 0.2606564308642832
0.02718608247982067 0.005396172673924338 0.26059822345831973
0.0271522361023529 0.005474203954721701 0.2606112821278322
0.0270884980352512 0.005607519220735935 0.26054829805167246
0.02703079163578661 0.005748000622016802 0.26048813739380544
0.01971079451563254 0.022897524709178885 0.2686776304367344
0.019678713058082803 0.022966882725638127 0.2687411141798056
0.019645407674736534 0.023028298284916426 0.2687743747483319
0.019626209348850246 0.023065967054212433 0.2688154233329955
0.019506091443903167 0.023226549501601468 0.26882311430833483
0.019480937796818254 0.023258144242460477 0.26888345101182765
0.019425839937659964 0.02332217926805874 0.2689300222262503
0.01938280471881118 0.02337274805232281 0.26886465766018663
0.019356149483476914 0.02339706667122754 0.26891165477290474
0.019315172575502984 0.023448738253521395 0.2688136185877681
0.019262999244343423 0.02349094721885009 0.26872529906296416
0.01923689590358696 0.02352123794732225 0.2687802863521316
0.01918540383719075 0.023555813922887303 0.268706393550642
0.01912971656869518 0.023610373988625866 0.26875232092324386
0.01903963792300334 0.023669669142955263 0.2687400952304872
0.01897315431174884 0.0237107058880065 0.2687829528831313
0.018936843799411546 0.023735571933572452 0.26885113728803234
0.01891947909253125 0.023753068923447196 0.2689288760151913
0.018831248454327154 0.023801320451878827 0.26898948386275334
0.01877681037125098 0.02382513211314441 0.26904383848628033
0.018723701855277233 0.023847602801933487 0.2689921096019273
0.01866839761242574 0.023868633133346195 0.26906940357312364
0.018701530291354046 0.023853043628414283 0.26892019273630874
0.018657047652664682 0.02387281852644413 0.26898901820879634
0.01856022016661482 0.023910174332937073 0.26906384444060394
0.018526377348372258 0.02392289305600931 0.2689845337840891
0.01848666248498694 0.023935878532328814 0.2690728285213674
0.018415463488914596 0.0239606918234353 0.2689852663557777
0.025881212671032314 0.007916305177332938 0.26005043384562504
0.02585669850072006 0.008013061761215856 0.2600731377644323
0.02583539396268794 0.008092221886050577 0.2600680879035044
0.02581754622010507 0.008177429965607108 0.2601021137960421
0.025602172437765594 0.008811777447481073 0.2600213467382715
0.02517031107437559 0.010007591802133176 0.26022956016223564
0.025139502213597703 0.010085789427812908 0.2602538982298587
0.02511392770643093 0.010162034986605617 0.26027327635018954
0.024991666743382254 0.010451671930424844 0.2603973328094712
0.024967982183571533 0.010508691094545164 0.260421500872066
0.024929538947165583 0.010599011551711834 0.2604729416068182
0.024903354510080376 0.010664996395803261 0.26051012465678414
0.024774148181564072 0.010932009845984803 0.26054532972308764
0.021248042402345083 0.01965314910833177 0.26444727822586295
0.02122616751802099 0.01968933454032812 0.26447650830193264
0.021184174790014665 0.019767395795153964 0.2645431803454712
0.021166436541159697 0.019798084931810234 0.2645982009272461
0.021108087979125195 0.019868234058191936 0.2646520176093846
0.021079878497916593 0.0198920687547936 0.264681728848131
0.021472372159948183 0.019297294571318735 0.2640625327936081
0.021439802866551366 0.01935791276236698 0.2641197541754655
0.021402468576038045 0.019418759169967548 0.2641377811339991
0.0213620410372998 0.0194712825358358 0.2642004778775304
0.021328895330809644 0.019513753716727256 0.2642648950269159
0.021295960315093787 0.019565147504218228 0.26430782130380004
0.02107993734193342 0.01989477273808965 0.2645568385197956
0.021034122495981064 0.019936041653018544 0.26460808182912426
0.02097637335123398 0.01997974709788891 0.26467966517124847
0.0209236587104579 0.020013066179385863 0.26472129362853486
0.02281975156739481 0.015527117959254377 0.26247069438373977
0.02277907675856696 0.015584324027495822 0.2625164206954561
0.021572457013531637 0.01908649877339824 0.2638393412911662
0.021548783205813743 0.019131404507823746 0.26385850365646496
0.02150525840043674 0.0192164789554104 0.2639113454409231
0.021470112467400493 0.01929230566330986 0.26394925712461215
0.021457397553406685 0.019328999402238534 0.263987765318358
0.021417035168732557 0.019407378356569305 0.26401595596967065
0.02137647647197702 0.019453708941506664 0.26408436880119257
0.02093758051897865 0.02000386581528729 0.264588020578191
0.020883577715520643 0.02003563263913749 0.2646366545356811
0.020834134509571778 0.020067613329861234 0.26471387866860807
0.02079246357152148 0.0200930874911035 0.26477099080944533
0.02338759432408178 0.014407796382727989 0.26166042235991044
0.023354541359328802 0.014484662689867311 0.2617033334452823
0.023333797875726314 0.014544364066540583 0.26172471145293874
0.02329899574251322 0.014620624304026997 0.2617606575695903
0.023279124605409277 0.014670441215140217 0.2617766618120695
0.0228977509554969 0.015409929118926524 0.2622528365108999
0.02285870720311238 0.015470359560630587 0.26229786735827354
0.022817866417186305 0.015533992090417448 0.262308010960093
0.022630906236704655 0.015789904000169386 0.2625881359810414
0.02261332528938491 0.01580145100904784 0.2626469363379902
0.021739299161540215 0.01867239579292701 0.2634988697731024
0.021707547751356665 0.018748860899082842 0.26353093815616
0.021683008096039624 0.01881798765572751 0.2635590917444342
0.02166346279205343 0.01888826812854888 0.26360738019783747
0.021639487151323758 0.01894521677560984 0.2636394332905047
0.021601013489429582 0.01900888595815914 0.263674257661769
0.021573527298410902 0.01906734186625869 0.2637312853875833
0.020750022769272014 0.020108134099603048 0.2646931632983899
0.020693599787629857 0.020137557694465846 0.26476580482375905
0.02382410305015209 0.012919092914721542 0.2610898192945399
0.023783370434566756 0.01306317244116656 0.2611438916662927
0.02375361220381285 0.013158096970821043 0.2611646928482846
0.023731351097240484 0.013224542874151202 0.26117641348669807
0.02371660247568741 0.01328994498200009 0.26121680202283404
0.023691749471854248 0.013368670206882927 0.261211899649162
0.02366948031432671 0.01345359089336745 0.26127035865642356
0.02364531130535396 0.0135376965203311 0.2612894052602763
0.023626538316423175 0.013610961459263826 0.26129071865655895
0.02360696733804886 0.01370086625881628 0.26135028817999917
0.0235777416485643 0.013789533447167046 0.2613187600071355
0.023557929927440033 0.013871449117525414 0.2613723423060394
0.023542494156566576 0.013932105168164122 0.2614056882952803
0.023519706171829496 0.014017890047726356 0.2614131760980372
0.023495890687632276 0.014107358417602855 0.26142209048551424
0.02347853274327638 0.01415962402885157 0.26144636471770666
0.023437606064457564 0.014265761456489945 0.26148017131344153
0.023408407110839233 0.014340350006615543 0.2614972003679587
0.023385792778091413 0.014396616927825734 0.2615386771377449
0.023366294611520372 0.014446020202717957 0.2615900334706581
0.023335903034995158 0.014524591649014762 0.26160948293602715
0.023313793565151966 0.014585400339447885 0.2616336314558795
0.023274640448446446 0.014679786152001606 0.26167513734511005
0.023254515021779595 0.014733212499621284 0.2616906107345738
0.023228469774767724 0.014795327903289301 0.2617207165070311
0.02319641608873936 0.014870539173735653 0.2617690438637749
0.0231722915790048 0.014921452268175872 0.2617851029093438
0.023126637595291016 0.015006246340630747 0.26184964026943536
0.023107133449201817 0.015049744090949724 0.26189511927780756
0.023083967461359177 0.015101081217151535 0.26192782581967017
0.023047674183165 0.01517025229029445 0.26193935047576844
0.023002389838749 0.015251015508427057 0.2619871801825172
0.02298115366798037 0.01529208522712272 0.26203718852339497
0.02293818479406512 0.015368867842057155 0.2620773823415551
0.022912494101935056 0.015404901083500122 0.2621034260327103
0.022873707943052782 0.01546656538000718 0.2621727604384224
0.022551790009929726 0.015854157975731697 0.2625703061412961
0.02181357628946312 0.018445846216680994 0.263272411213162
0.02176396480755599 0.018593642199219163 0.263326125134156
0.021742666087163007 0.018663007198317427 0.2633820225322145
0.020599305023315 0.020166584442800006 0.2647456945103862
0.023841512561791067 0.012813342624796165 0.26094751791933507
0.023830584455661594 0.012867027462352076 0.2609716984655038
0.023800958617069587 0.012969176078324596 0.2609935176598663
0.023715167995141007 0.013263668816880514 0.2611353725594183
0.023490364330089233 0.014092937938996686 0.26130977802774985
0.02347581105679534 0.014153576788901001 0.26135152767108627
0.02307286955675164 0.015105679273401673 0.26182477257327763
0.022922122093353592 0.015383273812407117 0.2619880655510612
0.022495835618653467 0.015876724302477052 0.26247516538244836
0.02246771225136259 0.01589300717938985 0.26252626142663643
0.021968208735883288 0.01794069827966005 0.2629417266033937
0.02190354073627944 0.018146419554632365 0.26305346973316446
0.021888787233325824 0.018200968659410732 0.263058380682002
0.020479559812316556 0.020197472582607512 0.26478461627630406
0.022409431138289693 0.015918879120808804 0.2624562511030677
0.022033000248497046 0.01775355012118257 0.26277368931594924
0.022004257915500217 0.01783914914302498 0.2627912910048885
0.02197302828980971 0.017921709107442785 0.26282610123836314
0.0219555420974462 0.01798571699337631 0.26285239958460305
0.022347122051265433 0.015944508856088335 0.2623924544468567
0.022118021779871704 0.017382003873803786 0.2625052766423261
0.02209738101475406 0.017460002698698074 0.26253091978040394
0.02209360246962723 0.017524789943914543 0.2625716828390966
0.02208368984218352 0.017586773540193557 0.26259407422157927
0.022061326241175468 0.017663322657428593 0.2626357526296641
0.0220373450580537 0.01773582266730911 0.26267102783091667
0.022127743944483177 0.017333672882907547 0.26240568582078994
0.01952622479293488 0.020978757070259813 0.2663483783213334
0.019511484399411166 0.02080543733079604 0.2662791782497224
0.019504996115744147 0.02068258075778323 0.26625962896475824
0.019543039269208612 0.02113834886086352 0.2664764873973567
0.01948865704698753 0.020569846745741305 0.2662804853896939
0.019669209459764428 0.021769335297527947 0.2675634794651569
0.019441469311651693 0.020444702469499143 0.2662843765408987
0.01957669198145738 0.02148629027944743 0.266799636027699
0.029503262153844877 -0.0032329559657661155 0.26500855229563586
0.029537546331573898 -0.0031138826743662973 0.265006246339729
0.029581604652029546 -0.0028726910654332527 0.2648384790479856
0.029568882819280447 -0.0029589370549537586 0.2649266970759795
0.029560574968887483 -0.0030339369626058987 0.2650168975525526
0.02963913802880462 -0.0025582551887634586 0.2646049433960612
0.02963063913524429 -0.002645758366947859 0.26471973188248676
0.029612542394872717 -0.002767566913143782 0.26482614043083497
0.02960760071566681 -0.0028306390365221423 0.2649332768530226
0.029670639287414327 -0.002335040060801319 0.26448075495273876
0.029664666651840157 -0.002425572251276875 0.26458278994924483
0.02965502037315216 -0.002512804535178159 0.26469158778264623
0.029649482131481268 -0.0025843595423996057 0.26476822945290945
0.02963511477627958 -0.002695226917204918 0.2648876798782259
0.029680027261225574 -0.0022925956910074263 0.26456340248942634
0.029674956525525265 -0.002383715267112674 0.2646727527408657
0.029669898004577963 -0.0024621941527611657 0.26476253912776926
0.029689413004725544 -0.0021649651241342216 0.2645518422853375
0.029689294315323314 -0.002243989304241023 0.26465154393412665
0.029698914279067193 -0.0020676854463219096 0.26455819045598894
0.029699743864233477 -0.002112329622516118 0.2646411773177226
0.029693534842270622 -0.0017769840410831739 0.2643913114928091
0.02969574743707145 -0.0018293036266338603 0.2644512104426501
0.02970359728309098 -0.001916992445377852 0.2645723412276915
0.029704939206768866 -0.0020072351125129395 0.2646138189719549
0.02799688607323214 0.0025800100414401506 0.261505691214502
0.029690884853982483 -0.0017219139089522106 0.26445133094973056
0.029702405124865446 -0.0018024091118217234 0.2645954086685971
0.028026469919978023 0.0026850603112917315 0.26145917686170833
0.02802143598433491 0.00262774873965288 0.2615492609282697
0.028006291497286166 0.002555134951477911 0.2616297158297916
0.027869527136650203 0.0009359416804576304 0.2634742993916132
0.02793847701946562 0.0008756156539795334 0.26348530112279983
0.028050284812390643 0.0007788885289394809 0.2635046662363479
0.02810655579697354 0.0007310487512412478 0.2635052069431575
0.028161713562377268 0.0006842327251436742 0.263507994687065
0.02967593734426259 -0.0015709285703293663 0.26451278296738756
0.028049417746433568 0.002805550633724785 0.2614695663208343
0.028049719108637974 0.0027443103626061394 0.26155779619828023
0.028035519787989682 0.002663544762986414 0.26165088587445967
0.028490950588797262 0.0003437481567064027 0.2636507487584263
0.02804163928580016 0.0029566860513188797 0.2614769688878789
0.029006274516527597 -0.00010805233424210359 0.26383987779238804
0.0290663624894033 -0.00017273484059521227 0.26386259228308384
0.029640143031649795 -0.0013145121795146153 0.2645109304809169
0.019586434795908145 0.02152418668266759 0.26689627683734773
0.028030394941567463 0.00307550889004099 0.2615108136824682
0.029066354378727163 -0.00015071803410859896 0.2639408460112145
0.02910470640511139 -0.00018912032476686713 0.26397258163228016
0.029163556566526534 -0.0002528902664378774 0.26397518755643107
0.029218510736230913 -0.00031042611002174425 0.26401958092570166
0.029262363558623702 -0.00037161661646367694 0.2640583015066576
0.02955678749751689 -0.0009891263151741159 0.26440316818409276
0.029582912552113726 -0.001073886962149273 0.26445344819947325
0.02960546369916177 -0.0011502593215181878 0.26453596067544655
0.02796247315167185 0.0034057743347509217 0.26132411333059946
0.027985808780483352 0.003304719301044312 0.2613923588981516
0.0280057007921672 0.0032432706416360424 0.26145882839813545
0.028020670834049494 0.0031763529749990194 0.26152434654476586
0.02943314718730005 -0.0006749521760449628 0.2643144731008472
0.02946880489316709 -0.0007500142154606149 0.2643507587612527
0.029497893903814305 -0.0008217695924684354 0.2644113602647821
0.029528954964867703 -0.0008975307552697709 0.2644509527488825
0.02787041123180438 0.0038121321514195117 0.2611384757367703
0.027893136223319785 0.0037208060546079502 0.2611952517616557
0.027911454264996596 0.0036337729745571368 0.2612554539943883
0.027928385969119077 0.003576617874803012 0.26131283605663436
0.027950788783847505 0.0034979620215276896 0.2613616226115216
0.027970178067475114 0.0034236860306239847 0.26141949801869674
0.02774051158164966 0.004205597082792112 0.26101302634590035
0.027779198311414975 0.004124481059735785 0.26104631114038046
0.027807627362359803 0.004048008713738893 0.2610814416023774
0.027830371421000817 0.003976753751451789 0.26113686289653404
0.02786117538232353 0.0038840813760327997 0.2611745549102907
0.027650896558347453 0.004411071652672405 0.26094604316942266
0.0276719128047554 0.0043763376941118315 0.2610174061809176
0.02770548645918878 0.004297446555401985 0.26104005296570165
0.0277403039702383 0.004227579019147221 0.26107781866312685
0.027305483569687775 0.00513923973773478 0.26066088285457895
0.027350207821096095 0.005047768215028725 0.26068759238789196
0.027374424682113 0.00501125778687167 0.26073168582253103
0.02741684337558216 0.004929977414510345 0.2607657623469015
0.027441379510609258 0.004881059769202389 0.2607864716239402
0.027485671070763953 0.0047974607540055 0.2608302128865782
0.027513404710566222 0.004737427298563857 0.2608645590777944
0.02754113630749737 0.004679804650416897 0.26092940763947603
0.027619009047602776 0.004507595911641626 0.26100805703068736
0.027142879447578788 0.005488307277175364 0.2605751479195635
0.027168551021629753 0.005434849623621174 0.26061072910647776
0.026965565654412077 0.005882474669107074 0.26045798558435895
0.027010308911714312 0.005800795731731756 0.26049191497302476
0.027042734987589807 0.00572841018176562 0.2605514173961637
0.02693183643587581 0.005951967618654297 0.2605279096051255
0.02695504190280939 0.005915893862407429 0.26055295469076395
0.02600762146820683 0.007307089937817535 0.26005873093783316
0.026837618243037473 0.0061085464812009604 0.26056421921462325
0.025983727896757673 0.0074860048560489445 0.2600417407795742
0.02599811515187283 0.007414348145865501 0.2600776739380206
0.025968426026733306 0.007597196090159186 0.260085004177855
0.02592571165886931 0.007760125841051346 0.2600617938148206
0.025947804713594792 0.007693354358055293 0.26012534462355974
0.02587270244051284 0.007948254744843508 0.260055717037122
0.025897759083985047 0.007872022166592385 0.2601157140706411
0.02583166226570488 0.008105353695003426 0.26006061080973397
0.025848973296140082 0.008048309856964198 0.2600880995377334
0.02556183542654747 0.008931600746766799 0.26002867036949384
0.025509533612293724 0.00910121059014779 0.26003740002894005
0.025536912392349766 0.009011124006945925 0.260078451806364
0.02545380796161293 0.009262317061875358 0.26006944775465785
0.025390838337506584 0.009434903494635716 0.2600771234935117
0.025419477951052295 0.009367814988780254 0.26012678948809587
0.02536673726544795 0.009523664001825749 0.2601312367136063
0.025297161881175215 0.009681713274945047 0.26015564932857815
0.025314735441425713 0.00963529117884998 0.2601853014511711
0.02526270112452155 0.009777189673167708 0.2601944632891243
0.025164753578797938 0.010022099923396977 0.2602218259227578
0.025192626558843342 0.009942491550208599 0.2602437433336836
0.02510628292701239 0.01017131739475824 0.2602459728422367
0.025134602857379777 0.010104119521967048 0.26027255719169884
0.024885179056746684 0.010691821441096483 0.26046052265136976
0.02484688488480867 0.010781774763078344 0.2605504954142484
0.024879657940944856 0.010724283455876171 0.26056846579509246
0.02477626590847326 0.010929793274413846 0.2605810439589497
0.024797771194262436 0.010887448059972438 0.2606035410853672
0.02467732193221823 0.011090759644813764 0.26066183772457
0.024714405779945235 0.011040019487548514 0.26066397332248564
0.023965223166850513 0.012243653272168864 0.26093908721954834
0.023910696362053833 0.01252711787141153 0.2608877399933832
0.023929417890956046 0.012436110386958299 0.2609055642753902
0.02394997340056111 0.012358086747906782 0.26097883668066
0.02388950204129006 0.012624054492598236 0.2609110844475483
0.02391448417922848 0.012540213328083805 0.260947820121176
0.023863730591701333 0.012740875585553757 0.26096331119861294
0.023886622864883918 0.01267274223637832 0.26099727113763926
0.023820025326756367 0.01290803223114223 0.2609842132021462
0.02384958485017097 0.012826994297741923 0.26103194589980416
0.023797190066597813 0.012994502138198638 0.2610405870131506
0.02382120369548732 0.012927508440242708 0.26105858575371066
0.023765602434135114 0.013099446340194276 0.2610916469832141
0.023732543298866073 0.013206958447378236 0.26113298953374176
0.023680738102461046 0.013378065887345691 0.26116619884137127
0.02371374214783943 0.013286326972679896 0.2611765663591368
0.023653068168227723 0.013482467956324129 0.2612204722725556
0.0236810595100461 0.013405098767080736 0.26123142279487294
0.02362991701589101 0.01357438831689195 0.2612485173266397
0.02358354274860683 0.01375052821964784 0.26126922849732126
0.023610843303768163 0.013669869074602603 0.2612920747291432
0.023547334988664848 0.013886726510679404 0.2613057959437739
0.02356121838188452 0.013839491732030085 0.26130630543240296
0.02358337741997079 0.01378397415481275 0.26136101929308747
0.023513716670167113 0.01401852661756886 0.2613366461120927
0.023541827704145007 0.013928518454956573 0.2613801664628708
0.023485360800129286 0.014136647697698235 0.2613991601030345
0.023509126917301053 0.014059661457996975 0.26144001883369555
0.023430169545328623 0.014274821758364364 0.2614223526978131
0.023454073046372315 0.014220003040330331 0.2614572295969149
0.02348581774282079 0.014134513714684827 0.261486069146982
0.02342422063151238 0.0143078925967699 0.26152048313433285
0.023451830327326548 0.0142389569354191 0.26154950425579937
0.02338194220674182 0.014411549303724625 0.26158046426555115
0.023214639833431402 0.014815667423810075 0.26165781061519555
0.023243878813981107 0.014744655672295381 0.26164426717533606
0.02317750911468823 0.014905843614234138 0.2617270344622876
0.0232120989325037 0.014832550960242219 0.261746624045599
0.023240257035993125 0.014770443508242748 0.26177271673641495
0.02312500654607206 0.015003967079261327 0.26180006328741695
0.023165945688665153 0.014927110391300569 0.2618553621501489
0.023050146474851915 0.015157897232931261 0.2618623636792942
0.023089633734623707 0.015084946465758975 0.2618869014315282
0.023120553220432688 0.015020736527903367 0.2619187200389441
0.02301054623612079 0.01523456119593225 0.26194490410556776
0.023035130644408472 0.015194122309025171 0.2619784986154594
0.022909568789441087 0.015405321232975722 0.2620297074711316
0.022953031248796996 0.015343927727803408 0.26202786946966394
0.02298936477772518 0.015270307030962715 0.2620745368734091
0.022864104837433064 0.015479516497941492 0.26211428588578023
0.022890947245344996 0.015439387825430806 0.2621254740303993
0.02293862849970906 0.015361839409419986 0.26213597933175053
0.022839154325048752 0.01550519999284844 0.26222525690281223
0.022877726400029427 0.015446308972448475 0.26223503121853914
0.019644330957991382 0.021713124628852887 0.26735705057988013
0.022150298505599575 0.01726148838474928 0.2624583707389211
0.022104536175971135 0.017425556732599656 0.2624638170055917
0.022084854294481274 0.017516758907155705 0.26252020654183084
0.022101213758210628 0.017451931014310196 0.2625515031447727
0.02206398798680219 0.017632627843431725 0.26257107816171954
0.022092048537350112 0.01755257194437465 0.26259461916061755
0.022038008424055157 0.01772106762295733 0.26263968792645404
0.022059097942611454 0.017669549796567985 0.26269145806138894
0.02202929461571658 0.017765040317822167 0.26273086510589366
0.022051185124139387 0.017682258572203124 0.2627278827690155
0.02199532411809893 0.017864578596047287 0.2628145194073944
0.021970959998159206 0.01795182445521004 0.2628781593030458
0.021898159659717295 0.01816566922437779 0.2630111292226606
0.021919514493464298 0.018070548993101343 0.2630314470000381
0.02189841197847882 0.01818780172351747 0.26310720645470376
0.021872006430901522 0.01827335632930155 0.2631739533159504
0.021886108978404747 0.018225446860833494 0.263197199270115
0.021837396368081338 0.01837019376975907 0.26323622021387555
0.021807721559821677 0.01848377399309986 0.2633379997968999
0.019658967955860807 0.02174047940413132 0.26746058411388157
0.021745435000865315 0.018653404955178143 0.2633662230688185
0.021703454888683707 0.018757358661441847 0.2634616012719639
0.021731844401863792 0.01869103421807622 0.2634777614437956
0.019572540035865213 0.023152724093353616 0.2688716736876893
0.01950828721383889 0.023225226756153905 0.26884998139300864
0.02166826379937077 0.018856641382295425 0.263529659854618
0.02169366277829496 0.01878612423850229 0.26356376995870556
0.02162767805620179 0.01895532654458859 0.26359438579064515
0.021666653650612405 0.01887789752450436 0.26364908941017007
0.021618675789257802 0.018982673876348333 0.26373305890352394
0.02153846525909106 0.019142758789651992 0.26379973787084443
0.02157683570015513 0.01907334864488175 0.2637955688954875
0.021531956583233883 0.019163929023295778 0.2639054603606281
0.021443925583130866 0.019328227524053776 0.26392375086826303
0.02148730259863997 0.019259402614274668 0.2639748488840702
0.019807666574665886 0.02214621721416271 0.2681161988446316
0.01978010567249741 0.022090205529700424 0.2680168702783711
0.02139300131264399 0.019436266186606987 0.264032484173966
0.021453176801282364 0.01934566831753376 0.26405850916554197
0.021339862685530647 0.019497867548601888 0.26416164535624953
0.021376368215116764 0.01945311728334448 0.2641778910654994
0.021320158976725984 0.019530595411795304 0.26430250504718394
0.019703060288421587 0.02186759121808962 0.26776363033768513
0.021259921275007643 0.019627288666574094 0.2643849926309283
0.021304001049198537 0.019559776922560335 0.26437432267181393
0.01970108638089746 0.021885181256789343 0.26758616458851747
0.02588493879597309 0.007911920438111286 0.2600890772118718
0.025917500578815277 0.007804424353721917 0.2601255151459391
0.02590935198892059 0.007821487811284 0.26007692724828185
0.025862191972738743 0.007986443852876501 0.26005629000728725
0.025868263136943577 0.007985108871127244 0.26013038817250694
0.025938011417593117 0.007726677930700199 0.2600937591433576
0.025838986193428573 0.008088620997082241 0.26009716893472656
0.025956394621647158 0.007647868971500826 0.2600728038299833
0.025802258973129488 0.008211134897138539 0.2600548602218877
0.025984020532459136 0.007524764347684565 0.26012404964587965
0.025974173202022242 0.007545437954355749 0.2600380302494015
0.019519871458294397 0.02321359706597409 0.26888081689505927
0.019609662333574113 0.023095590338349625 0.2688843889325534
0.01958782796204002 0.02312575348892737 0.2688072990994564
0.01965897223332283 0.02301228598505828 0.2688130575740251
0.019726786040839328 0.02287445862522608 0.2687287931046931
0.019754259576432634 0.022802446121184372 0.2686506112103464
0.019790609473193166 0.02269212030167339 0.2685778047294897
0.019815731600249756 0.02258786283511116 0.26853478095468813
0.019829434998848372 0.022496594960553506 0.26848966822321935
0.025990648370301912 0.0074588382440022305 0.26007007750196454
0.019844069436979084 0.0223964713533355 0.2685348928171728
0.019838768171181506 0.02240942621942238 0.26844898037904175
0.01984609633828094 0.022306773654015233 0.26850229043983975
0.019843296701445884 0.022330799656524403 0.2684136840843283
0.019833529659559743 0.02233886000821589 0.2683249885053889
0.01984335687203978 0.022240988273546036 0.2684700106266241
0.019841127729797264 0.022249235976082915 0.268395823812919
0.01983371800761427 0.02225319163613132 0.26829805855645866
0.01982357956847816 0.02217050476133614 0.26827851976712846
0.019815991691744597 0.022175166415711656 0.26817301120820947
0.025998746986625833 0.007387815015997112 0.26004572871765463
0.019799160912311792 0.022100628302961056 0.26814505037289904
0.019795441954409035 0.022128064552821347 0.26806344961955864
0.019772920588839824 0.022041075928257936 0.26807620838867924
0.019763881161321828 0.022044319206939778 0.2679862813127035
0.019741171176199113 0.02197314375717868 0.26793639018696924
0.01974744974241245 0.02199769330675788 0.26786225886955367
0.019717907350932665 0.02190999173032321 0.26784239696892653
0.01971798862228681 0.02191450316673943 0.26773940306747396
0.01970533420716905 0.021888747492873784 0.267662272331436
0.01968995583509353 0.021834278420798214 0.2676105497323179
0.019688914007081365 0.02184760294526983 0.2675443544806604
0.0196698973216477 0.021780921194342162 0.267496958872548
0.019661997181742302 0.021786826767668577 0.2674181416035446
0.019649164848559914 0.021709809935175184 0.26741828526211
0.019641411309913356 0.021728810338608684 0.26729795966463454
0.019636606445535693 0.021724693571860743 0.2672411718524751
0.02574926759359096 0.008368166309417002 0.2601064230200318
0.019631086423925415 0.021658202599362963 0.26728821640091294
0.019623461680841073 0.02165184741830789 0.2671944638395258
0.019612748744729097 0.021633400245463008 0.2670970217797472
0.019605323856911133 0.02155518657699046 0.2670757237961584
0.01959763449085769 0.021550587697396206 0.2669837449678544
0.01957911818804553 0.02151466968394844 0.26683570024711056
0.01958157079565978 0.02144147539537078 0.2668396144948679
0.019570485598856602 0.02136198168396186 0.26679177610381777
0.019562449101784354 0.02135429111796383 0.2666953409120596
0.019556992752386176 0.021278098782636867 0.26666467987507975
0.019550769744235863 0.021187293803883456 0.26656136510119366
0.019534744518254765 0.021042443525557508 0.266409359117426
0.025860631570931505 0.006850068899710848 0.2599869108269529
0.019529916605378173 0.02088442907653576 0.26635275449784757
0.019531113228761318 0.020788276820871587 0.26634966315135017
0.019520724480893994 0.02070962329768611 0.26630851702020447
0.026013826027124043 0.007269219200185306 0.2601148787256776
0.01950355724146627 0.02063692798702743 0.2662774753611208
0.019480495672008005 0.020520501906862665 0.266297787711344
0.026005000912310117 0.007177475241214593 0.2600749101099786
0.02599560181632049 0.007201218074366855 0.2600047853143035
0.025731042366161645 0.008433382839409254 0.2601590504111976
0.02876516827964877 -0.004355862136958433 0.2650793847858677
0.028778689409962394 -0.004372141461918833 0.26516839309229956
0.028839986009260618 -0.004282316550766718 0.265042792653005
0.028852772363998185 -0.004299882042574865 0.26513302899839897
0.028911044391004344 -0.004208302487859639 0.2650090043092167
0.028923894693882297 -0.004226211375496891 0.26509940524482883
0.028934318645061192 -0.004241880612229965 0.265191381896551
0.02899206828497286 -0.004149819612521477 0.2650674053990898
0.02900342843214096 -0.004166911665737849 0.265158655049901
0.02905415594178335 -0.004073863275888989 0.2650408114675046
0.02906676084524429 -0.004091470096629413 0.2651312617459572
0.029075275800433335 -0.00410800806061673 0.2652250086087595
0.029123669488074218 -0.004016312601275496 0.2651094704664311
0.029132769386738866 -0.004032862599058273 0.2652028865780911
0.029184850859888138 -0.003956630016978435 0.2651844081857358
0.02923433919512714 -0.0038802907017631005 0.2651688077169055
0.029281557653674607 -0.0038034457734106297 0.26515435725466674
0.0293270071934821 -0.0037260500469505353 0.26514100990073464
0.029367139233767346 -0.003648329611544876 0.2651320300475674
0.029371322620106326 -0.003663109770090156 0.26522621386726125
0.029401216809488165 -0.003570554021747885 0.2651273117571219
0.02946130958580278 -0.0034147460802663177 0.2651282442302208
0.029487906033285417 -0.003337280306594914 0.2651315234665338
0.029511836976441358 -0.003235157351965834 0.2650687539851158
0.029520873921451203 -0.003157060986563598 0.2649774992929852
0.029531628731900197 -0.0031598904512147308 0.2650550812031318
0.02954168561014415 -0.0030730727090616528 0.2649631445844892
0.02955510266202563 -0.0030728945771303917 0.265058786199322
0.02956786141813318 -0.002988851614322996 0.26497951419893634
0.029580640108835113 -0.0029016448984082732 0.2648905007012896
0.029589074732395006 -0.0029099959086448246 0.2649629735344992
0.029596567469752227 -0.002817464014424176 0.2648146823397544
0.029603873625267174 -0.0028192208110809913 0.26487154360651044
0.029623888871962177 -0.002716988013074906 0.2648153791425534
0.029623747683677946 -0.0027498335522695982 0.2649009802659156
0.029642936468886792 -0.002641991155518275 0.26482688438084
0.029658639531260564 -0.002566913673278881 0.2648188062131844
0.029662274718936427 -0.0025176682932039895 0.2647721910166081
0.029673079853299457 -0.0015271449926509972 0.2645494469274993
0.029665204212914673 -0.0014523674695773314 0.26455466365362756
0.02964681499216039 -0.001349050578564881 0.26451172699456355
0.029619487243004734 -0.0012301846081669288 0.2644836684449318
0.02962664467364777 -0.0012361828256682306 0.26454963125167474
0.029591413071433988 -0.0011315933033080872 0.2644207037913804
0.029604263646483407 -0.0011638827443434252 0.26448136699702046
0.02957879149863598 -0.0010489471663214789 0.26446477120271006
0.02959214135538877 -0.001087829754061631 0.26453884658320387
0.02954339942816369 -0.000953917217983713 0.2643811644418195
0.02599411105232083 0.00710483139420276 0.2600708636497065
0.025978419811144612 0.007104796591194451 0.2600001825020142
0.02941331293241998 -0.0006379468665572707 0.2642082166807914
0.02934481217091396 -0.0005125947296369393 0.2641035312207572
0.029360173297658547 -0.0005415812764023031 0.26417277303465425
0.027247176816274046 0.0014807292844870035 0.2619393876192876
0.02726022709442988 0.0014645956371890922 0.2620307863182112
0.027264790718823005 0.0014515093638076682 0.2621282926779083
0.027255429142046518 0.0014421386369902756 0.2622383058192105
0.027233984474500893 0.0014372693183554164 0.2623677967643375
0.027328338713541914 0.0015525124583957717 0.26189776175622786
0.027344240915504685 0.0015353413948316907 0.2619869560735851
0.027351437333506493 0.0015202754869404478 0.2620831120462927
0.027344954723040944 0.0015099669138958216 0.2621900262365732
0.027325261992060403 0.0015038350028788727 0.2623188688926069
0.027289146428855424 0.001484469918372422 0.26240469315372483
0.027422558596794544 0.0016073405508488237 0.26194781061113803
0.027433418087204592 0.00159222341298626 0.2620403914088818
0.027430751684494215 0.0015800085949795872 0.2621441077422997
0.027411700881635317 0.001572163436145857 0.26226050572034615
0.027397551860047442 0.0015755819586546482 0.26237145222859204
0.027495930465004287 0.0016804410163794858 0.26191325205945215
0.027509292758274455 0.0016654786698257484 0.26200298399470473
0.027511067680682393 0.0016516842523761066 0.2621030188071336
0.027494434016365338 0.0016412428306188942 0.2622186954945994
0.02747021066251576 0.0016368701981207545 0.2623343359918887
0.027563058552297813 0.0017544188512423897 0.26188375919853124
0.02757788511019635 0.001738379027101944 0.2619725710407733
0.02758193480050275 0.0017245289389604679 0.2620700268162147
0.027570906283328436 0.0017126405338203643 0.26218325908869994
0.02754679106081038 0.0017077212356453875 0.2623180019513991
0.02763970365354476 0.0018125183597677563 0.26194746296736765
0.027643999829923063 0.0017984396830338367 0.26204450402378165
0.02763687504846781 0.001785862734528465 0.2621532221789146
0.027623204373614485 0.0017854981169316275 0.2622878772412148
0.027682901580306375 0.0019006289875410087 0.26183837200671145
0.0276954826122289 0.0018862216307167778 0.2619283235259043
0.027699412280865407 0.0018724026397985427 0.2620252777759112
0.02769378787471436 0.001859737235533121 0.2621296936003357
0.027736215450132058 0.0019749247029287598 0.26182137899169844
0.027748017404780494 0.001960128479236767 0.2619124082498022
0.027751264217472565 0.0019461866312074916 0.26200980103588456
0.027785590185158644 0.002050231311082562 0.2618078815471468
0.02779630985760046 0.0020349981311096887 0.2618997781773933
0.02783179404453249 0.002125835526133102 0.2617961021182324
0.027841324789709798 0.0021108552392422597 0.26188841719447153
0.02787423417094382 0.0022022781247401646 0.26178666414766677
0.02788198045736935 0.0021876461624615318 0.26188015624426586
0.027912761615503927 0.002280170877048626 0.2617798240560386
0.027918961196449377 0.0022642417020817818 0.26187247072883896
0.027950804760481958 0.0023652430746572972 0.26178373892694384
0.027948913124656957 0.002336595959386456 0.2618638303615705
0.027977255730768404 0.0024692123185333648 0.2616796769367709
0.02797406466014271 0.002438786828420858 0.26175466545535664
0.027994727262520377 0.002551880622906677 0.26156099600135885
0.02800145192008347 0.0025317580251900673 0.26168513554478395
0.027998062886592665 0.0025161937569895265 0.26175648497090204
0.02801240058113926 0.0026365637586802104 0.2614811678050586
0.028022803913481456 0.002615831841330185 0.2616092633415896
0.028021544824761796 0.002607920483231496 0.2616833891866683
0.0256908415269863 0.00853845115421753 0.26009241212525813
0.028041490224865344 0.002714489781663776 0.26150814050551385
0.02804189219772829 0.002701741246945888 0.26160035559039896
0.024770309312671768 0.010942364708271257 0.260612790020394
0.028047245739912664 0.0028775129707835356 0.26144670689536637
0.024829751124838914 0.010823794570510414 0.26059599324994054
0.024805982879905104 0.010858241387172896 0.2605490957376974
0.028031595038660657 0.0030414575312217584 0.26148033897607864
0.02486599413858802 0.010747951682177959 0.2605448073110142
0.024848025265580102 0.010767105121696263 0.2604921315636779
0.0280142131022037 0.0031592452826710304 0.26145951128072986
0.028028538988545557 0.003130647568985845 0.2615459511115517
0.025617269764716497 0.008775514675959939 0.26007197532131054
0.024918566745414608 0.01063163882330398 0.26050732773828406
0.027996532217321894 0.0032478080500332185 0.26141312847953213
0.028012253264977395 0.003222907081747328 0.26149259480346276
0.02798991738644698 0.0033309260032038934 0.2614481090794872
0.02495244089621028 0.010544179161819323 0.2604907613107616
0.024940872100820813 0.010563672048219841 0.26041727686374716
0.027952492759446078 0.003461305431203543 0.26131274008138083
0.027962291179049463 0.0034586651134111412 0.26139634854444066
0.027973532119975608 0.0034110935939448694 0.261452997119734
0.02499469857439668 0.010448547257240537 0.2604506915109002
0.024980598730299827 0.010478520540850855 0.2603726228336599
0.027926083401978948 0.0035597187345213777 0.26128195056744763
0.027937504397408087 0.003542947732228907 0.2613324010525346
0.02791645239867993 0.0036445576152092096 0.26130593256692847
0.027926738323118566 0.0035994438307360155 0.261345199474229
0.025041289882656637 0.010331779139291786 0.26048556106675247
0.025022772588727732 0.010359072475935815 0.26041327405201
0.027876651781089515 0.0037720881207272683 0.2611524818872241
0.0279007037974772 0.003722969197758108 0.2612458075123977
0.0278715533958816 0.0038347908367014627 0.26116184990076635
0.025065981065079804 0.010251178222918045 0.26043961256633896
0.027838917226405614 0.003941604779135466 0.26112119247040433
0.027786673681469504 0.004087726109034351 0.2610257064360271
0.027810749293716304 0.00404274162137741 0.26112041451839174
0.025115277025108393 0.01015609613309515 0.2603409974832138
0.025110689341322733 0.010170431478653041 0.26029102775612606
0.027775945510985244 0.004143603557516695 0.2610833558480724
0.02514107812340856 0.010084830416068669 0.2603160696212276
0.025127318826023114 0.010116832366802386 0.26023919213567626
0.0277200325739878 0.00425450634350405 0.26100380301885456
0.027673711360275292 0.004355051600191506 0.2609680310099948
0.027689826476766988 0.004335740172958957 0.26104774841272915
0.025181068414860015 0.009978949251773173 0.260274128155623
0.027635087686846152 0.004458693399620517 0.26096381796335877
0.027591865726261378 0.004548304094669331 0.2609249396074769
0.02760182436074516 0.004542675098207938 0.26099127702450575
0.025209403881042917 0.009898475156791986 0.26022802961450553
0.02754771949936139 0.004654115352959398 0.2608618557484512
0.027559414317492863 0.004634246628668737 0.26095608188932484
0.02747343098619303 0.004798200861917679 0.2607798373571023
0.027501777526300827 0.004757334710067951 0.2608298453434337
0.025259048493072853 0.009793555008628385 0.2602452978224532
0.025245774025088694 0.009815620604043285 0.260201643411465
0.027429625777345784 0.004882939783093454 0.2607392763423737
0.027441609786107983 0.0048870624864176815 0.2608310999284031
0.025286874351500774 0.009717888752899362 0.2602044777263398
0.02739439194356763 0.004981554657442155 0.260787304559231
0.027323583531302466 0.005106674712783532 0.2606812816814929
0.027346865842548168 0.0050688283653687605 0.26073721065314825
0.025319313376486532 0.009622712956814994 0.26014074558689915
0.027274591391154797 0.0052135888805496244 0.26065919796046066
0.027223951591342055 0.0053130417656144235 0.260621208624757
0.02537024394510677 0.009513586800485918 0.2601680389337964
0.025354540626660267 0.009534793424070265 0.26009509209626447
0.025400045749716632 0.009418849901914828 0.26014045086769655
0.025970584183401632 0.007016647061260761 0.26006479565478
0.025426829369219375 0.009340809443050713 0.2600939035648036
0.027053984492834526 0.005695185305126804 0.26053014293015203
0.026989880509919885 0.005836464691828025 0.2604571190438695
0.027003976214126507 0.005819193848991044 0.26054108314995433
0.02546912862660087 0.009231377182956746 0.26011264744582374
0.026960617653441536 0.005901881991965119 0.2605079229942425
0.026909584240004364 0.005991074630020465 0.2605504314243439
0.02549318258285025 0.009155684736868674 0.26005912010893906
0.025520883921511736 0.009060050882943371 0.2600205940305018
0.025654288101089218 0.008652602688881683 0.2600224224525271
0.0256590920286673 0.00864902788335331 0.2600871676395703
0.025956610437666332 0.006973137582838296 0.26007070986795927
0.025932741422660333 0.006964924682734908 0.2599867990701169
0.025551249828207008 0.008968246635266797 0.2600728447723061
0.02589459616267232 0.006854265671576654 0.26014817606968604
0.02558164977497726 0.00887185583110961 0.2600148059636493
0.025899077504552434 0.0068631196895980184 0.2601039064848695
0.019498808607401275 0.023236733556300626 0.2689436511542467
0.019547365260453864 0.023185204332514864 0.268883007038783
0.019643358272994668 0.02304185797710767 0.2688613082085194
0.01967889170647319 0.022976235112570298 0.268798388825535
0.019698495020790546 0.022929223352573025 0.26872067620114404
0.0198475951940974 0.022278561434417865 0.26845267019098273
0.021438693557831512 0.019377794188513542 0.2640264165328525
0.021505521370155545 0.019219702123328575 0.26398998745345775
0.021788401571426225 0.018561169952879486 0.26340839964958573
0.01947004630979844 0.020476484878746037 0.2663505657774813
0.019442490817963107 0.020424923256955108 0.26632033965917273
0.021898317868605688 0.018196409199477848 0.2631716306326257
0.02190638649419266 0.018153218044893837 0.2631007805172635
0.019415732954354725 0.02036414745186138 0.2663169084567117
0.021928656301503174 0.018058591874908048 0.2631234328667258
0.02194225086909568 0.017993628705341047 0.2630480302763738
0.02195292256559714 0.017967289454333513 0.262959756961889
0.019395797348424546 0.020301482106503455 0.2663627132851402
0.019366620197137266 0.020260041184479827 0.2662943604064547
0.022087289951722676 0.017592532417791185 0.2626398822551555
0.022084295121546138 0.017552720091767948 0.2625563738119367
0.022103879699261926 0.017458982379827293 0.26258340921790396
0.022104791254857772 0.01742713033533022 0.262516822930819
0.022117826015107304 0.017386749679281666 0.262432927923564
0.02213292233276097 0.017334118808871812 0.26247026609134433
0.022166640416277333 0.01716838116784075 0.26242848400080987
0.022172763430945756 0.017120094566936472 0.2623507699488985
0.02220080369925448 0.01707455471794056 0.26245678829545516
0.02220871998167403 0.017052499180574887 0.26237695906118497
0.022193410383198525 0.017008816102435875 0.26231135573063824
0.022218068773963012 0.01693978888889336 0.26241287382043244
0.022207712428918766 0.01686350616972704 0.26243470562461624
0.02218967769113339 0.01684345017545602 0.2623948262386278
0.02213923931204915 0.0167919048993741 0.26223265018358577
0.02208825199207337 0.016694497742442416 0.26219585901100095
0.022799315184212257 0.015554151640779557 0.2624021321207548
0.022840921488282352 0.015501675915838342 0.26233260921119606
0.022862716351882896 0.015464962745252664 0.2622584663442014
0.02291110574644481 0.01540440067486648 0.2621609309356337
0.022956075041871332 0.015338850358574796 0.26208958156771156
0.02297951941491523 0.015292789160351206 0.2619980424253145
0.023032980937779328 0.015191370189633346 0.2620256460310859
0.02312985727933882 0.014996522891713548 0.26188014399831866
0.023152179165985387 0.014956845383524875 0.2617927825856671
0.023202611518683178 0.01484981518905315 0.261820483639306
0.02322381184601599 0.014805469496136647 0.26175830468594763
0.02326237742099438 0.014717578405137322 0.26178173784726944
0.023271357745302805 0.014693669356723116 0.2617273570788008
0.023289172829713073 0.014637951009483174 0.26164038964093866
0.02331763617415525 0.014579843823221694 0.2617505848691835
0.023333968543825884 0.014543423261276056 0.2616688242767902
0.023387158828488436 0.014404252259653971 0.261614891780788
0.023406045538463392 0.014356283195656294 0.26153168120702774
0.0234399512301186 0.01427425041636926 0.26156352623326146
0.0234520996238652 0.014228507329904716 0.2615043115824555
0.023462189467937968 0.014198942138333392 0.2614048342840707
0.023482847074425148 0.01414383143976572 0.2615198921573241
0.023495631692010466 0.01410562077619093 0.26145722479386935
0.02350271595240539 0.014080368895817374 0.26137496829143786
0.02353246633829332 0.013965656615278876 0.26139541725554766
0.023533009437899467 0.013943089106013107 0.26132735416592956
0.023551246124195915 0.013899913435932498 0.26141100587353927
0.023565026318080357 0.013839081685981303 0.26133896521936134
0.023567596798092637 0.013802006572124825 0.2612687252196102
0.02359518862987474 0.013727610964791637 0.26130361315202877
0.023622482007788784 0.013643922105729456 0.26133742581816
0.023622255600036522 0.013600702378137208 0.26124546290560074
0.023657664754139725 0.013493166091709974 0.26127477897469475
0.02366538246865197 0.013444978479446368 0.26121743134695785
0.023699412830787275 0.013325916478869881 0.2611679960106926
0.02372445122227368 0.013252035785798144 0.2611886680750068
0.02374142889212448 0.01317377351320792 0.2611185252163863
0.02377240685127649 0.013100068140888765 0.261151065422871
0.023772216987946168 0.01307134107315644 0.26106522123360104
0.023805713653398772 0.012980722499048303 0.2611011420204822
0.023813931545176747 0.01294089944275606 0.2610228366966385
0.023838487693042726 0.012868707225128562 0.2610710046477681
0.023851641706148716 0.012803470093451341 0.2609861202982699
0.023873454261803304 0.012734248454829233 0.261033678444389
0.02387699638283567 0.01267820777226325 0.2609374288076306
0.023902834247129634 0.012602572562044556 0.2609818463981089
0.023903726813733248 0.012573413327824967 0.2609144703564874
0.023925786123734513 0.012476814187859009 0.26094215916108604
0.023939078060678798 0.01240876288885484 0.26095482925248764
0.02396412578849655 0.012293555965743774 0.2610066826834103
0.02395339118342059 0.012301804711877695 0.2609225886399763
0.023979368206273034 0.01220913782151789 0.26103046135717
0.02397615771463249 0.012183928080579998 0.26094835978955233
0.023986411353590795 0.012112304559592502 0.26098378401190747
0.023973212327926062 0.012067181077420164 0.2609088162369762
0.023950093161861377 0.011968883087368876 0.2608703474130748
0.02392579569370909 0.011938789977200104 0.26080784691498277
0.02394056415680125 0.01191264474789444 0.2609216806638557
0.023897802136216284 0.011852447833195334 0.26083736691849824
0.02386237149082636 0.011810787318205174 0.26078156759271365
0.02385277523678732 0.011751360272765743 0.2608306796429535
0.02382114277052369 0.011737760882329806 0.26073665864499096
0.02685471619576643 0.006089700969934331 0.2605888090584124
0.026870730865117917 0.006057389459271867 0.2605560206802233
0.026934696651803265 0.005948935237840625 0.2605547641025412
0.026988325366991514 0.005849552686378767 0.26049990780324755
0.027026684390241112 0.005766194895527987 0.26054452645786425
0.02707295380941023 0.005647672084123201 0.2605588123469321
0.027117092666175943 0.005545477973613211 0.26057878905588244
0.0271966527159921 0.005379179096813347 0.2606371415035463
0.027199937201018376 0.005358391292394682 0.26058446351245357
0.02724862541141769 0.005253805802482581 0.26060680662924524
0.027285735624593792 0.005181517120349255 0.2606377522042673
0.027320787627088262 0.005118481246645934 0.26072798802557784
0.02741859988863283 0.004934539168539698 0.2608088910434049
0.027410153124546678 0.004922359180774716 0.26072325835937293
0.027455541286029783 0.004861988521604688 0.2608473676725149
0.0274958103226434 0.004780695962222248 0.2608702745269314
0.027537511119723586 0.00468316943625996 0.2608789360947222
0.027570900009397187 0.00460326822616941 0.2609126963046213
0.027609799424213585 0.0045133260861088265 0.2609577755267559
0.02765648564262175 0.0044134086274304485 0.2609829590682463
0.02768864012939601 0.004330825159007845 0.26101200734226704
0.027724354780986935 0.004254943909588804 0.26104662367581566
0.02776064912331875 0.004180921247887159 0.26107569995427954
0.027794844359926914 0.004091379901529912 0.26109288720495655
0.027821422211166687 0.00400954322701258 0.261126120790791
0.027847189878614183 0.00392079230581821 0.2611526187775347
0.02787560664410342 0.0038384514344813048 0.26119871075673506
0.02789038114765975 0.0037769800941711007 0.2612269724368892
0.027908214474245102 0.003678833618295907 0.2612682021135333
0.02792508090674558 0.0035882419338937876 0.2613039430980175
0.02794622346144903 0.0035046704450266697 0.2613252947450063
0.02796268700494718 0.003441868523105629 0.26135875097967953
0.027980807844318223 0.0033782998475649917 0.26147300739293716
0.02798011378821357 0.0033661100259267385 0.26140972811406527
0.027998216327599336 0.0033025326540582767 0.26149853881079765
0.027998220026699626 0.0032797930217068894 0.2614463143739233
0.028010594917049665 0.003204535073394632 0.2614568088202956
0.02802515459742797 0.003120259103209566 0.2615078763682751
0.028013321463379683 0.0025776329555364796 0.2617434617602248
0.027999379856281148 0.002515301985781704 0.261821857335361
0.027983818571970395 0.002444576018243383 0.2618426150266191
0.027334740670245106 0.0015281634165634772 0.2624365000141159
0.028061875943602183 0.0007721859860467251 0.26354498359856326
0.02819657960040442 0.000650517028991493 0.2635203997515657
0.028266610622467513 0.0005741634978481125 0.26363734571870756
0.028284181809372068 0.0005401925734850876 0.26357258963182234
0.028695988270149547 0.00016475858443332214 0.263721532120477
0.0287887811697353 8.764287467732945e-05 0.2637726484847383
0.028913706899165177 -1.8279786299923995e-05 0.26378664100480825
0.029099523601523278 -0.00019832533304275923 0.26390916151583743
0.029184740033355208 -0.0002662466107014039 0.26402992133029174
0.029244214075673347 -0.00034533815023646275 0.2640363788270454
0.029288587716205128 -0.000413965008656314 0.26412741468223105
0.02933588018736781 -0.0004908193980063258 0.26416526843645655
0.029383335767722472 -0.0005897236810242235 0.2641741528381758
0.02941529752294584 -0.0006376514514316312 0.26428178322434454
0.029421988705484063 -0.0006567636418576828 0.26422150846882153
0.02944683383039956 -0.0007050193961728457 0.2643441553425827
0.02948220077503154 -0.0007787887628115664 0.2643691602115711
0.02951281052831662 -0.0008617881023066931 0.2643984464975631
0.029544557564229586 -0.0009442810808844571 0.2644199288879353
0.029571876407341678 -0.0010103086183254617 0.2645244559371163
0.02957109545871177 -0.0010177628318739362 0.2644765812473564
0.029592985501261555 -0.001111989155984705 0.2644829136151397
0.029615893687788775 -0.001198784651518403 0.2645181001103487
0.029637684769201846 -0.0012877113323259692 0.2645587042826884
0.029650783905122095 -0.0013504599150162 0.264560163257845
0.02210988885788065 0.017412236033510886 0.2624416919570683
0.021981785091549466 0.017883717468067495 0.2627753731222847
0.022011782284566822 0.01780931749607967 0.2627314348806348
0.022036821929761967 0.017739487769280526 0.262699121443435
0.02206418928014589 0.017659800569720496 0.26267370533320455
0.022090603534496572 0.017577182307578154 0.26265274352203116
0.02209931244180633 0.017509289714163212 0.26259514379379517
0.022108392791694645 0.017428888016250033 0.2625668682421898
0.022127934087422516 0.01735938475438137 0.2625290260190668
0.02194706000565433 0.018009597802284893 0.2629055034948612
0.021980044113257158 0.017911167203171652 0.2628851886209054
0.02315489895058779 0.014943157639710825 0.26172734346402726
0.0231978729513444 0.014859186914567168 0.26169834779059453
0.02323406593518474 0.014777270478084858 0.2616664440924582
0.021851990169306418 0.018327877712447593 0.26316604773237884
0.021875210892609118 0.01825869556272902 0.26312676724651596
0.021899530179385437 0.018173817967511552 0.26309269240651934
0.021916093980205373 0.018098386023388147 0.26308269582669647
0.021951132075466506 0.017966998973746207 0.26299818724507973
0.02306953278034092 0.015127897150985836 0.2618925731222344
0.02310544238537126 0.0150482212022221 0.26184684536857034
0.023143730244430075 0.01497247900255022 0.26184575360963985
0.02318632956806145 0.01488818522704155 0.26182495238283365
0.023219388934690173 0.014814433024415152 0.26179066672568874
0.02325394299369689 0.014739461072732052 0.2617436911313126
0.02328810537653403 0.014649097630486718 0.2617145183768237
0.023313883445947106 0.01459224474305354 0.26169699604741703
0.023348694121523322 0.014498252537892387 0.2616544539737149
0.02179171139068173 0.018524307527865935 0.26332179632679376
0.02181792578917642 0.018446641639044636 0.2633208193287575
0.021912364754801017 0.018151014503968 0.26319445324439095
0.023004888172687518 0.015241964100935479 0.26203293393810023
0.02305132349018888 0.015164653048437449 0.26199573521970576
0.023086353194211102 0.01509258803287733 0.2619671702767085
0.021692996794223124 0.018785118751156626 0.26353806191987694
0.021722925123187284 0.018710531773795724 0.2635030974002381
0.02162428692841882 0.01897230508177411 0.2637141633533495
0.024755932788528154 0.010967488647242007 0.2605734408279735
0.024789124264127237 0.010897244023539587 0.260557737319179
0.024826090860444815 0.010813146246309524 0.2605265582425143
0.024877817639972044 0.010717600444698938 0.26051213356316494
0.024907012450971558 0.010646954279406151 0.26046002990551864
0.024937028902038215 0.010577390132220199 0.2604464158873148
0.024984230912883418 0.010478039165744024 0.26041308955489706
0.02500340547779789 0.010411354921918692 0.2604034372864704
0.025095514261934536 0.010198922162922175 0.2603012045471448
0.02512406636896715 0.01013436045872923 0.26028232083628855
0.025158197713243 0.010036682618284554 0.26025006801433476
0.02278081404570196 0.015577275575797356 0.2624496639627465
0.022835711283939866 0.015506730120930179 0.26240834078243025
0.024569201352084367 0.011224349506242015 0.26075024158859805
0.02464236753440785 0.01113702350338891 0.2607697851166805
0.024697549340825978 0.011068625438906243 0.2607294808747765
0.02474177696367038 0.011001836189337144 0.2606853195385248
0.024783642958490913 0.010921222765961636 0.2606617363273491
0.024982953034020303 0.01047656856799023 0.26051296074427543
0.025019175866353133 0.010387384756147755 0.26047004548564834
0.025046328047750137 0.010303819694891858 0.26041786908597675
0.025089006117821465 0.010204262428067434 0.26040302049151687
0.025205708960714848 0.009923687060829744 0.26029805774926984
0.02523847766569616 0.009837298315713672 0.26025507686873994
0.02530375292161862 0.009669447251611063 0.2602110798035666
0.025329975029111787 0.009595601155130473 0.26018478117787636
0.025348372171048503 0.009560145475760562 0.26014902999231587
0.02537959522328015 0.009479212886108923 0.2601099944413194
0.025404460546760328 0.009394712250381465 0.26007528790087087
0.025433748749679054 0.0093093244483064 0.26005750287552437
0.02546538846143226 0.009221715962538457 0.26003304522924314
0.021482114780154188 0.019273159964224185 0.26402942969719834
0.02269412767140716 0.015701190405756404 0.2625681258520942
0.022755944494021997 0.015614372009080946 0.2625397909594615
0.02281201619651709 0.015535381376581336 0.26254304002957607
0.025488707839725733 0.009178032040419115 0.2601215510507707
0.025509217729160677 0.00911210918332811 0.2600882762698049
0.02552553492268609 0.00904765723732448 0.26005046184991243
0.025543327298584925 0.008987499022925505 0.26002958230249884
0.021425768483950974 0.019376708123237885 0.26416773103149793
0.02556648773118579 0.008926652847978389 0.26009740717593066
0.02558504485137033 0.008871486879411028 0.26006069504983464
0.025601579637194102 0.00882413193036935 0.2600651493802015
0.02564227591049227 0.00869826457965922 0.2600933723560343
0.02567192436415068 0.008602046249907791 0.26006746962228844
0.025683068874303217 0.008566026708226648 0.2601566794738215
0.025709375619945442 0.008484276443202488 0.2601231023416898
0.02573115968910044 0.008419672148212654 0.26009138176792584
0.025751586019500054 0.00837514899604025 0.2601677247580889
0.025773596380860395 0.00830239940088523 0.26013724767821617
0.02579924718599534 0.00823010373254418 0.2601081314141177
0.02582400146166413 0.008144047490151074 0.26007013860583406
0.02585521830672015 0.008033691281959299 0.2601256776245351
0.02587233494823405 0.00795984753938711 0.2600924501905953
0.025891253768614564 0.007879337705590572 0.2600473802915776
0.02592834986615246 0.007763012051219431 0.2601165856741903
0.025941233930397566 0.007703589314456083 0.26006214785880355
0.02597463514405872 0.007573405158765201 0.26011869227880247
0.02598310319869987 0.007506998961300859 0.26007667746369
0.025994827678969698 0.007480425555511594 0.2601569267320179
0.02600200937554087 0.0074061508504749685 0.2601146230025596
0.026008347992626447 0.007333785370912171 0.26009116689032663
0.02600726176537055 0.007252943631781528 0.26004880317088797
0.025993114648772096 0.0071747919597334175 0.2600008314474664
0.026978401007383856 0.005874178805911234 0.26054674200253775
0.02728769272983638 0.005188491332967282 0.2606826015420264
0.027497116706054883 0.004779307878328365 0.2608459990684293
0.02755362862902528 0.004651563073799325 0.2609027037417643
0.027594450806556724 0.0045532947665214984 0.26096201814647635
0.027647126657097565 0.004445881618605763 0.2610182872883272
0.019283610210219293 0.023479316384714732 0.2687830685175486
0.019338670981522144 0.02342098432610895 0.2688657282320554
0.01948468456744941 0.023252466050136478 0.2688402299343102
0.019541199529767378 0.02318697533825076 0.2688295903952739
0.019661602212240267 0.023000702057184852 0.2687665162007545
0.019382382791651748 0.023363002482902406 0.2689682324276454
0.019459888047235835 0.023284021906243013 0.26893236627692635
0.019529341768914035 0.023203622125853696 0.268916568949355
0.02778100495466932 0.001025701340322871 0.26351258430193325
0.027879404093688873 0.0009333857694019954 0.2635202808469874
0.02796867428175174 0.0008527619630884775 0.26350048537329435
0.028126070248879274 0.000721936178772753 0.26357821533849546
0.028192451853114732 0.0006573100035068835 0.26357742769032866
0.02824381384124562 0.0005887428694336116 0.2635755340694002
0.028308728250934972 0.0005292536703139783 0.2636472461158275
0.02837214198015748 0.0004625550623761354 0.26363795872409235
0.028456958813596334 0.000375080556197227 0.2636349806653002
0.02858675576930504 0.0002592808643911426 0.2637088343548922
0.028682592901984237 0.00017029763757447913 0.2636890739134714
0.02872840497432559 0.00013787166259388028 0.26377404408220345
0.028842618895870566 4.120490846620806e-05 0.26377799918924866
0.028888041342277473 -4.924374270409704e-06 0.26373982690694053
0.028963304352171253 -6.032003861894397e-05 0.2638538940161925
0.02903045220854871 -0.00013640947524756752 0.263841986408647
0.029025134398809896 -0.00011372670329190537 0.26390632397042846
0.029084123055588232 -0.00017615130345988161 0.2639251430582212
0.02920116784428426 -0.0002942475097544861 0.2639891356749666
0.029241788022879016 -0.00033842860762489657 0.26411179005027335
0.029282845882764835 -0.0004085497959688822 0.2640666804594214
0.029317053457501484 -0.0004584032520314474 0.26413383706482435
0.02935340397158033 -0.0005281628275506378 0.264125597844619
0.029333711028347628 -0.0004911171162065298 0.2642290552071305
0.029373967427582096 -0.0005641380875111013 0.26422611081068825
0.02941414494611372 -0.000645046589685061 0.2641938025736487
0.029392370271058017 -0.0005946777347919929 0.26429395375428566
0.029439527395546616 -0.0006895229451142071 0.2642627704913245
0.02945517763079964 -0.0007225378482190181 0.26437225279678755
0.02948791012604894 -0.0007996347057561692 0.2643225747441621
0.029503871034200484 -0.0008370580424927332 0.2644299469322672
0.029529187713137783 -0.0009095194003944096 0.26439077763844365
0.029546497379020507 -0.0009371970738651925 0.2644797062612727
0.02958295071147681 -0.0010561411632212248 0.26450551747317924
0.02692466052928489 0.00596521219073759 0.26055260193946084
0.026825942831715376 0.006135135102187217 0.26060553662989216
0.026722514565037964 0.006282793133477016 0.2605999524425989
0.02677652543676684 0.006218811898733023 0.26063663151204886
0.026579285723730868 0.006420666208513448 0.260609103393251
0.029216596931965128 -0.00030203092541791765 0.2640710199218884
0.029268010316399744 -0.00038123101736653453 0.26410982069941036
0.029307903993051852 -0.00044122883285468983 0.26417857918397647
0.028026451422197923 0.000800700329642412 0.26350050913855994
0.02788295856834428 0.000926704096091302 0.2634937922692284
0.02795931146699334 0.000865653811143563 0.2635449633594619
0.028003090990717523 0.0008264067076947379 0.2635767069788737
0.02476266387739362 0.010956892083362701 0.26053711086545445
0.02780579509714176 0.0010082594259183675 0.2635219131420595
0.024747036153115208 0.010986873030500388 0.26063572119778633
0.027621171924099498 0.0011317556509249926 0.2635128451497285
0.024630982348231537 0.011150507978735513 0.2606673420546394
0.024687202300288202 0.011080126575669813 0.26069486652363055
0.027395621040050097 0.0012274127318148698 0.2634717552363658
0.02449748081978989 0.011285863764038784 0.26066399001217705
0.024616370768297674 0.011170309345433338 0.2607455781141563
0.02433108670862412 0.011387452681460797 0.2606253710980754
0.02441077222919228 0.011355729996049446 0.2607101909704054
0.024486721712005596 0.011297346764988447 0.2607322184870895
0.023118116009414755 0.015025383896369926 0.26187807571623123
0.023072765027202638 0.015123668656902733 0.26194392159658386
0.02309988542909945 0.015063004980663819 0.26194552708284397
0.022979786740111974 0.015286931193452535 0.2619498834494008
0.023019550562227015 0.015220021547265927 0.26199304691425224
0.0229716451423274 0.015309773556035078 0.2620687605752794
0.02290271780908057 0.015410946815266391 0.2622106125655651
0.02283720458867928 0.01550469125530729 0.26227190416869356
0.022886062891291734 0.015424777949020252 0.2622984483120043
0.02281533021356935 0.015536429320036682 0.2623540381181955
0.02286441813902937 0.015460310280517975 0.2623632996513724
0.02280927929598779 0.015541279456810275 0.2624325164251962
0.02279777460549655 0.015559681644913836 0.2624958521344739
0.022725415784479314 0.015653607366547362 0.26254078137257797
0.022534212104612178 0.01585953686312419 0.2625036907720855
0.022606967575710638 0.015811512194731536 0.26254205120549046
0.022660810990101227 0.015749507125457585 0.26259867991473856
0.02249680097210459 0.01588191247825188 0.2625692078203413
0.022574825540096627 0.0158393956466934 0.2626259072491205
0.022025191424446512 0.017783128464389175 0.2627594031660095
0.021986618261449833 0.017884624612219235 0.2628157627479107
0.021963543666871796 0.017976906119559988 0.2628984296420581
0.02191524901951171 0.018093265183854512 0.26304688482079186
0.021933586356847556 0.018028704444356836 0.26308041823957
0.021863739162661863 0.018284977746640618 0.2630952118361898
0.02189224791775307 0.018210844223596034 0.2631223123259298
0.02191832019593401 0.018117817648148793 0.2631400083246588
0.02183630565039464 0.018366046855965545 0.2631664184743491
0.021868518275248272 0.01828706621130538 0.2632153292703875
0.02182954380874963 0.018393074365281092 0.26326839744589603
0.02176813020969183 0.018607587218900434 0.26338395233667466
0.02173275786536369 0.01869181357081867 0.2634437777242561
0.021667105300916922 0.018877070547205 0.2635931063580869
0.021686601508091374 0.01881262463080091 0.26360457784729496
0.021624909432763254 0.018968954462078746 0.26365886604025024
0.02165231763900688 0.018915169484574446 0.26367781953136327
0.021565667597254326 0.01907518169127681 0.2637000403745186
0.021603038339632258 0.019013261947857574 0.26373584826734986
0.02155914541078699 0.01910898299450159 0.26380809058823423
0.02151951754419898 0.019180526413608512 0.2638456653613163
0.021475132902322974 0.019271287889817135 0.2639155275184687
0.021517044507804645 0.019195298260592464 0.2639613322395818
0.021426478643784358 0.019375518016691295 0.2639713269474787
0.02147133802018776 0.019301750300634746 0.26402188037878166
0.02142218238682614 0.0194017743097869 0.26407089446351195
0.021360816553152084 0.019472704122825035 0.2641319086174425
0.021405660049666778 0.01941019154542467 0.26418908506178024
0.021335073960579598 0.019503321304276733 0.26420569127277294
0.021379495314821417 0.019443487485431732 0.26424179155407024
0.01802472999343352 0.024054661534409827 0.26939336586500123
0.018078709849891628 0.0240470847519223 0.2692982724437572
0.021331470848269377 0.019513899140489177 0.2643078091104054
0.01823805822218541 0.02400572052508393 0.26931662690603164
0.018127006005530646 0.024038252907730595 0.2692437347689015
0.01830073065286654 0.023988367358134866 0.26928207873778265
0.018157955170872306 0.024031342484647222 0.2691767426222165
0.021281800286088753 0.01959371439179164 0.2643616188968033
0.018334420920539857 0.023982980795399345 0.2691935385237215
0.018402367676407433 0.023962954492507016 0.26911544568371976
0.01842771245637348 0.02395693756104944 0.2690452553598545
0.021208040627247557 0.019724067092338537 0.26451072233065975
0.0186010643780916 0.02389527022876925 0.26903586028316095
0.018463249637671292 0.023945113720643618 0.2689695036275742
0.021099594379851996 0.019867879143546485 0.2645201967358214
0.02114798461368146 0.019816558357033665 0.2645430236725767
0.018713393553441343 0.023851699402995974 0.26904337542166135
0.018599946222674593 0.023893802471865566 0.2689689096601755
0.018763508285698782 0.023830850515937363 0.2689728380293138
0.02101850222171009 0.0199441163388569 0.2645613840413789
0.021080102617801022 0.01989746159736383 0.2646064798294046
0.021145771264405686 0.019826530686306687 0.2646424815628311
0.018862685433126816 0.02378319415310104 0.2689412554089468
0.018982178571365013 0.023719805341408662 0.2688946996803389
0.021011750570859605 0.0199548967099602 0.2646461593709841
0.01901577268593274 0.023694609968966218 0.2688285434586066
0.019443650025460987 0.023297199243418 0.26898784061814657
0.01939227774086022 0.023358839359276296 0.2689128496534116
0.019325051218267456 0.023431388942275533 0.26890079568864
0.01926808022802798 0.023495608310014904 0.26882566031163097
0.01918714676965623 0.023565834646207484 0.26878234349133034
0.019450594908618266 0.023294386807723666 0.2688913811126357
0.019362233071008206 0.023398533300637514 0.2688132309426555
0.019304454556411457 0.023455880594824063 0.268753276287286
0.02082537027136122 0.020073996514618275 0.2647533963011402
0.020872057523304524 0.020045926663539382 0.2647590343474676
0.01760037906387585 0.02410406616847971 0.26934470682559475
0.017558812070777474 0.024110151055594276 0.26926481967685634
0.01751575748219772 0.024112914494727355 0.2691838471512295
0.01747171813976496 0.024114316477697073 0.26910239619382664
0.017425654688490347 0.02411385814381134 0.2690200357835149
0.017693021733768965 0.0240997114799405 0.26932697303573483
0.017651440137104638 0.02410662405267977 0.2692470108987138
0.017608120590315912 0.024111092624950037 0.26916599814707626
0.01756530911756375 0.024113390840967086 0.26908503350476903
0.01752146967876711 0.02411404174144477 0.269003757514867
0.017821705656212383 0.024085251018738207 0.26938704428731486
0.017782954209325977 0.024092917754470422 0.2693079193422759
0.017742725824988093 0.024099663942334038 0.26922859228987334
0.01769954076727942 0.02410511425295986 0.2691477103147195
0.017948120601034928 0.024065386753243323 0.269425531953935
0.01790708320967413 0.02407469345859048 0.2693640012539074
0.017868513089568494 0.02408334778641935 0.26928672416775074
0.017830252627348234 0.02409004652514357 0.2692085251362337
0.017788989377106795 0.024095816345613308 0.2691285084757732
0.018000236272756598 0.024060441618452555 0.2693355780118151
0.017954015757684266 0.024069439950399896 0.26926479194391606
0.018074117799500605 0.024047044739353596 0.2693404609347494
0.018047294883716716 0.024053270122635806 0.2692415264175583
0.01815853189241086 0.024028352230930583 0.269303548937418
0.018109687955260426 0.02404239532256358 0.26920806949679843
0.01824457938827509 0.024006134209770436 0.26925592367005685
0.01819746024681676 0.024021105431594747 0.2692092133400932
0.018309120356717862 0.023988477064751046 0.26922920358356306
0.018275307080663772 0.023999888973850803 0.26916631465851903
0.018345609260259466 0.023980571937199713 0.2691518151123498
0.018316851716877414 0.02398890074356308 0.26908057192823237
0.01837588433861448 0.023972831659796023 0.26903370412032823
0.01846464342368967 0.023945087642200436 0.26901194973906223
0.02783780387169839 0.0009731428784570673 0.26352558299843054
0.019340922383651538 0.02019211588513986 0.2650053254957205
0.019461260916359135 0.020214464661388654 0.26498794263502473
0.01956926189382871 0.0202351397000175 0.26499542157501055
0.019675709490675444 0.02025361646867302 0.2649722745094167
0.01977665399381659 0.020266548011474872 0.26498326559154495
0.019879284733457445 0.020267561820335678 0.26496346303432716
0.01996369521907873 0.020266314646277372 0.2649341176211584
0.020070628232765522 0.020257112419586665 0.2649218643192446
0.020021200589203217 0.020254341519231 0.264858890286794
0.020167422810898172 0.02024911793851142 0.26491974448046257
0.02679249920562058 0.0061803011134486385 0.26058439671976075
0.020251162726467195 0.020242425065627567 0.26489178949891984
0.02022825789774582 0.020241112203512768 0.26482155926102824
0.02033873179909569 0.020228354897136758 0.26487377739250156
0.020280668313461148 0.020230403808637443 0.26479038021030915
0.0204220330024696 0.02021016215147453 0.2648555456284145
0.020379235004611376 0.020213327406578552 0.2647681485012337
0.02049667872695017 0.02019364596413964 0.26484782436085713
0.02046508772964406 0.02019570009265137 0.26472966341830306
0.020573576638946586 0.020176227884769082 0.2648101254359172
0.020539917669074884 0.020181094711602454 0.26473830146259525
0.020644433668684514 0.02015504559369319 0.2647827059103652
0.020743769288272124 0.0201164404502564 0.26475433379057534
0.020702884492251994 0.020127248007773935 0.26469015608140073
0.020789855489441303 0.02009151001314663 0.264724029225452
0.020859553352412658 0.020051245381031868 0.26468446578402066
0.02674465808039596 0.006263785240163688 0.26064227593039685
0.020932196434488126 0.020008518384241447 0.26463683742196775
0.021018174659970523 0.019947278598385854 0.2646897553014724
0.02098042717048164 0.019975220220992462 0.2646005417275982
0.021058879712069906 0.01991536971524477 0.2646532234234715
0.021048567769747645 0.019921767338300367 0.26456728482059255
0.021120861580746608 0.019855193578193597 0.2645932863274045
0.026679763986661782 0.006330351799050671 0.26060070502306526
0.026584438492144813 0.00640530156199115 0.26055104304434645
0.026625557083680883 0.006383054268175314 0.26063007881440003
0.02648953119440372 0.006460424845191326 0.2605186064310104
0.026523100547231893 0.006454150729797492 0.26061231003887436
0.021674129282764923 0.018855918862590026 0.26361864207458263
0.021655192885314214 0.018899743992944307 0.2635706168291275
0.021687073230381673 0.018800528495307778 0.26351280369197766
0.02172085752986269 0.018719590347852977 0.26346774715421495
0.021750517582000153 0.01865150927490844 0.2634216857190015
0.021783438941010272 0.018560660467797863 0.2633568819824772
0.026397503423653032 0.006503555507895609 0.2604945035070105
0.026436877755407664 0.006497526643972573 0.2605766402107347
0.021803512727921734 0.018483967528793832 0.26329848229852293
0.026308360837898025 0.006539149559393109 0.2605076133469372
0.02636008418715309 0.006528077048401915 0.2605877124807789
0.026235345560364012 0.00656176024736993 0.2605166430886747
0.0262842340241684 0.006551265152715369 0.2606133383972219
0.0261930750137701 0.0065742824498497 0.2605621895071476
0.026197954788652125 0.006570623032952971 0.2606309427969967
0.02176008292325715 0.016056303343979506 0.26242927693542595
0.02179776971949257 0.016055701724061344 0.2624153812474982
0.021949410602592673 0.016026560411209145 0.26247856387373253
0.021903937809733376 0.01603172949567072 0.26241629737009375
0.02201172388242642 0.016023015277286223 0.26246889499676407
0.021993064469493895 0.016022374890518165 0.26240309478389356
0.022099950893864066 0.016014604617049732 0.2624507533417357
0.022084214506773357 0.01601206156944135 0.2623587718167962
0.022213758592662766 0.015988304417505705 0.26248366921325816
0.022180337320758324 0.015999793006836682 0.2624147639144817
0.022173262134005736 0.0159985644008504 0.26234696430121035
0.022328813591193673 0.015945211263937387 0.2625417129883645
0.02229405562208009 0.015963745378506033 0.2624637396129068
0.022264107863707555 0.015974922888744136 0.26239047228094137
0.022448669644922495 0.015898557143703862 0.26258490813102875
0.02240644348894231 0.015917410594388837 0.26252038048386567
0.02236729771973439 0.015936705207655166 0.26245637904285046
0.022333377044764624 0.015948260436158213 0.26234827894523793
0.02251148697854228 0.015874672972124027 0.2625326767367831
0.022446274286012008 0.01590056353373437 0.26246023586605083
0.022410815091285216 0.015916252425376143 0.2624075076384267
0.02609663356766921 0.006583752436650103 0.260569660820551
0.02260053016420266 0.01582190380874715 0.26259548753668216
0.02256687781949017 0.015836778425997622 0.2624976395977309
0.025858446510673767 0.006602079932055138 0.26033930329627186
0.02595291607303269 0.006588328792336673 0.26054322831397236
0.02597955566126428 0.006591485111472173 0.26061640650668283
0.022642764624484377 0.015771081303637913 0.26255242573412896
0.022720435139710032 0.015669918796824833 0.262609575740952
0.025835746376029152 0.006621083330687838 0.26048928863264686
0.025860155430836328 0.006591104793824798 0.2605536605129283
0.02589326469468025 0.006592530046458711 0.26060369963464963
0.025819699584267622 0.006606803077787382 0.26055843784053284
0.025806734763224107 0.006602591274377456 0.26064729950339904
0.02334515557705337 0.014510977136408088 0.26170131919744904
0.02333166488787127 0.014542282193362788 0.2616270403632198
0.023369148674471492 0.014445493711262913 0.2616343544096308
0.023412207495232915 0.01434548118233775 0.2615832564956555
0.023396718569471987 0.014371691830175615 0.261514504020655
0.02344175244948629 0.0142633786357656 0.26152332634277287
0.023422484899790263 0.014302294468338972 0.26147096149670385
0.023469067197344234 0.014182172035595075 0.2614923704622621
0.027352300074129372 0.001240514921650171 0.26348541116669716
0.02741248597651911 0.0012210848195227664 0.2634502384047236
0.02755324900274926 0.001169305390884945 0.26351311715007114
0.027687073347103415 0.0010873071038473014 0.2635221596818554
0.027989485526035585 0.0008362481881634132 0.26352144954866774
0.02790018090494814 0.0009096470764933251 0.26348134289155983
0.019418934409761113 0.020212352156531277 0.26504769634421865
0.019510896968662567 0.02022884799539565 0.2650447397143033
0.019514140697784302 0.020222254299507525 0.26497929245847146
0.01964460088043994 0.020252210208172305 0.2650088036169971
0.01972448315963088 0.020263813496721683 0.2650059966317639
0.019814825959119348 0.02026331179948665 0.26494706642999544
0.019932700124963607 0.020268838981944093 0.26496110844126886
0.01992263530943718 0.020261739403022727 0.2649073528799979
0.019989968578509473 0.020267807121336467 0.2649672336671546
0.01999013920897648 0.020261441310645056 0.2649028185125752
0.02019395520433645 0.020246004258413997 0.26484523262842086
0.021752550989394742 0.018642636295446657 0.26337951202945653
0.021815529843116174 0.01605658999632048 0.2623886257213164
0.02187185505123157 0.016034923866043604 0.2624494206399329
0.021869688837337364 0.01603043109297214 0.2623552596723959
0.02193294930548137 0.016028375295769948 0.26244166674252367
0.021949315198499783 0.016023137255145814 0.2623865547812437
0.022048352053087264 0.016018089053473128 0.2623945251572256
0.022122894102763302 0.01600987851106822 0.26238616748269783
0.022219404086914342 0.015987488674681527 0.2623398451038109
0.022273073922802977 0.015970784783647385 0.26233958851073413
0.023887325185243904 0.011487883573244817 0.26062943314715487
0.023921589008522412 0.011473520267711368 0.2605416757630297
0.023939547366242153 0.011470360457057016 0.2604807397639435
0.023990316587289312 0.011467908425561057 0.2605730938874887
0.02402658169966311 0.011463271110158046 0.2604908938550655
0.02408203059832066 0.011463766834425015 0.26059979689861856
0.024083122121458467 0.011460277668328356 0.2605056985607098
0.024159041863769645 0.0114397415778964 0.2606291801752003
0.024170198586056485 0.011441473115671563 0.2605524073940553
0.024238574580654773 0.011418242579658566 0.26064791679494986
0.024262189559758764 0.011408148957817998 0.2605592788320894
0.024317911218279545 0.011393430734832954 0.2606503731106356
0.02432229848876904 0.011384810642249832 0.2605870645996634
0.02438627572871295 0.011371492494950952 0.26072832620386527
0.024371747580876325 0.011371552735397528 0.2606659727677809
0.024441604946807527 0.011331647886625995 0.26074156409314087
0.024455202135645976 0.011318566591184354 0.26067080546988364
0.024529824272824935 0.01126028679829666 0.2607052669060669
0.024594687070791987 0.011193701993565175 0.2607035717899197
0.02465730982579624 0.011119006952791999 0.26071470383553474
0.024655591117228662 0.01112215879458206 0.2606646938011997
0.027265060638627776 0.0012605546057720685 0.263475619841268
0.027438322045089045 0.0012098382253987183 0.2634586951524116
0.027498185360865027 0.0011888725815321077 0.2634786078644711
0.027309995192445494 0.0012487677976051326 0.2634693538436268
0.024419703330436512 0.01134448027806445 0.26067704238105643
0.024359611898267602 0.01137215873028058 0.26061587957485194
0.024324918755611415 0.011390590804531253 0.2606846677416501
0.024276404590955675 0.011407347361507225 0.260616460300516
0.02419597746196571 0.011427137160279432 0.2606644832011675
0.024216665784713515 0.011424387742708486 0.2605348739294895
0.024164786578753726 0.011441300634550788 0.26059273335377375
0.024074627919491637 0.011460890449573935 0.2606438326199859
0.0241173432984306 0.011455805800667518 0.26052993632352467
0.024041282465936092 0.011467206854579304 0.2605898889942737
0.02395720749836168 0.011466574177782851 0.26063900782617583
0.023829854963706112 0.012893541984241252 0.261031713732482
0.023811646539159688 0.012956246011556316 0.26106580079064223
0.023785726617449154 0.013041721154510133 0.26109053092601475
0.023758560827058572 0.013134546954761572 0.2611334496030695
0.023743828136753263 0.01319148404693915 0.2611866507484588
0.021801836134469302 0.0185123588730271 0.2633789961004889
0.02177332662123342 0.01860228228574895 0.26343891554974797
0.021742713752621337 0.018666274590696308 0.2634650685416011
0.021714265537469815 0.018732150201303033 0.2634929081084418
0.02168875599990909 0.01879729860997925 0.2635436631253406
0.021672258132592687 0.01885676087513677 0.26358104749635775
0.021650622933616692 0.018919816679450085 0.26362241040979084
0.021777916354220384 0.01855866953480323 0.26331740625295946
0.021747133728694384 0.018640412161563924 0.26334897962838855
0.022159419907495995 0.017219542151654166 0.26244894394431356
0.022140284369630572 0.017326628993911186 0.2625175224854618
0.022114786363294864 0.01739733693523876 0.2625392313225132
0.022096748731154754 0.017485404204321875 0.2625565543806445
0.022122573126282928 0.017365893406693145 0.2623880587567654
0.01935463415827049 0.020217871145800537 0.26633336922225403
0.019389334666495547 0.02031022298619445 0.2662945236806208
0.02396475775919435 0.011982572721339346 0.2609214348323365
0.023909622486664547 0.011857072205417984 0.2608882909697592
0.023941199511456693 0.011958643401898228 0.2608442478494014
0.023875789626281688 0.011810040117653131 0.26082883498033177
0.02390690393284392 0.011897675337416758 0.2607948327585789
0.023839272730091052 0.011759219907278795 0.26077488547606986
0.025960590498628262 0.007640004370075559 0.2601219356085058
0.026006880296768356 0.007374898788269135 0.2601383211656588
0.02599393186893499 0.007460278571589762 0.2601120145559046
0.0259765717094972 0.007549959590594901 0.2600840076532822
0.026012912774274213 0.0072609563015123 0.2600856695528932
0.026003363530492325 0.007358809636368757 0.2600660085025486
0.025989635451560564 0.007430649044621096 0.260022507364968
0.025875363489500293 0.006792813535513087 0.26021528143352446
0.025995491431973806 0.0071562518776845385 0.26002626383546346
0.025855115699770746 0.006798621373960145 0.2601740930562362
0.02593069080729731 0.006913589288000288 0.2600849207737511
0.025972959803229216 0.007043618718228839 0.26003821897231527
0.025901962537518544 0.006887161835061439 0.26002165238633146
0.02383622145844716 0.011718151928600484 0.26078945287009325
0.021998996195373634 0.016569738270637735 0.262183644190064
0.021713522805480612 0.016205483637524443 0.26222682701556804
0.02212076733183546 0.016742136178876044 0.26222048164600037
0.02174141078757244 0.016271927729309132 0.26218381437066257
0.0217320499354033 0.016223744985159327 0.26223560028972237
0.021730181533924767 0.016214090517681967 0.2622648971519032
0.023929896822421172 0.011915985631590853 0.260852097559776
0.02214265424372186 0.016777023791508527 0.2623454631521238
0.021828618389976823 0.016342373206960636 0.26218550353061015
0.021879752736055594 0.0164236469070434 0.2621255078830518
0.022172072390924488 0.016836127483354613 0.2623650470951723
0.02193830961741043 0.016490416113897732 0.26214279422916764
0.023881910862031328 0.011830785848001624 0.2608135652735498
0.023878831590628077 0.011863980614637282 0.26075539084484073
0.021990002200772574 0.017879750777977876 0.2628480195192068
0.022022057374521342 0.017794331990097056 0.2627929012725646
0.022038687218269515 0.017725008756369065 0.26273519093586134
0.022066271194344858 0.017651632076252866 0.2626961935400637
0.022093687998181746 0.01755770443891197 0.2626315802681227
0.026011320028314966 0.007294466579006731 0.26008617409482093
0.02601194303074826 0.007222141512687574 0.26009807841126065
0.025963876236297367 0.006998980889567241 0.260051412545151
0.02592974226199106 0.006927126274906437 0.26004076749700633
0.025912154759803914 0.00687288988867002 0.26017159811068225
0.0258717734602968 0.006829382954677776 0.26009491742573027
0.025852824987005377 0.006766221536263162 0.2602061296970126
0.02586118601169777 0.006793676316552866 0.2601975167007081
0.024281976586624246 0.011403846974370968 0.26068025305209613
0.021909217499942457 0.01813611278134608 0.26308865030846873
0.02195381884774565 0.017980792785025845 0.26293590421910074
0.021780496587134407 0.01603530180722701 0.26246676302726196
0.021780835955147695 0.016060031063790836 0.26236641393858073
0.021904579731811147 0.016030895810131285 0.26244474842990645
0.023922010375393002 0.011473430073052238 0.26059241560649504
0.023967575034047256 0.011469388298681882 0.26052556349477324
0.02403203362494946 0.011463256392119259 0.26062957952950255
0.02405702351034151 0.011465964459413447 0.2605500722669436
0.024110196736174344 0.011452632929950912 0.2606509195692215
0.024132271730649385 0.011453099008580658 0.2605911541378281
0.024208417970807125 0.011427742473574254 0.26060125109986143
0.025839720579807414 0.006595729343001289 0.260547531482961
0.025857258481862558 0.006617327255266037 0.2604498957703487
0.02592635994687771 0.006591812855749779 0.26059542478
0.026043348422053594 0.006589840902665733 0.26061610792959233
0.026146810301132452 0.006581613180769885 0.2605873197050922
0.026162676131433672 0.006573346276712799 0.26052430192168013
0.026248201414813974 0.0065629170196085385 0.26056310771376034
0.02626155639989526 0.00654912250674905 0.2604744985314571
0.022115086173525908 0.017392090125563753 0.26247780722950353
0.022092437445185395 0.017469412667387718 0.26250029752364223
0.02207623729465006 0.017550082102770648 0.26251808179527836
0.023829709799045945 0.011729393984304282 0.2607650661447002
0.02182613429888429 0.018412113659871943 0.2633024726554179
0.021797862046241942 0.018484932739779247 0.26326261017892694
0.02187928869845905 0.01824736597379767 0.26322069140855164
0.021852647543499942 0.018331198878162258 0.2632173541629452
0.021833494289226943 0.018378912542462544 0.26319989436656044
0.02190662069118654 0.018167343940300285 0.26313796739977247
0.02188662923885991 0.018232526988899156 0.2631573373432219
0.021857150883208498 0.018307633680237856 0.2631231415720762
0.025874604230087313 0.00659445972663858 0.26050767233699124
0.025892748271091795 0.006591009193139874 0.2605666358867029
0.025828595088182214 0.006607003863194405 0.2605247936657722
0.02584857897789903 0.006595178465343299 0.2606003648343317
0.02182881687888491 0.016042674551243252 0.26244407502490785
0.021820866673362055 0.016044710957634323 0.26235276883518804
0.02190527248822019 0.016028313775104497 0.26247754648752697
0.021900242326048217 0.016029130549088277 0.2623803405059786
0.02737706800221546 0.0012847742892113656 0.2630708149561243
0.021712999359695173 0.016203239560809657 0.26223477564590336
0.021698912119863217 0.016213613835795893 0.26220602931757386
0.0259044925812831 0.006911750471728095 0.2599832305627747
0.025878122561319966 0.006837933335157309 0.26007904437908347
0.025861587687665576 0.006815880877553693 0.2601347539623423
0.025954899158598416 0.00698974969155014 0.2600316623588441
0.025931173379760954 0.006905566517604822 0.2601196904858437
0.025886414179971694 0.006832709603221077 0.2601869399688209
0.02201867947980754 0.01661377201528358 0.2621523373162763
0.021967383986931252 0.016518192234518614 0.26218717324628404
0.021959572728171006 0.016535495594802496 0.2621195575464839
0.02192265867189805 0.016456897435336737 0.2621656435484593
0.021919810540335177 0.01648194498708333 0.26211080953348587
0.021869165392555748 0.016383358203304443 0.2621642116904698
0.0218084672460529 0.016342356139113834 0.2621441150876913
0.02722785298399292 0.0012693991010739314 0.26348914630198134
0.022021590525293462 0.01776836103983781 0.2626670167449433
0.02204853029550634 0.017699706746348298 0.2626843382710401
0.022042843322811367 0.017688379124524645 0.2625859941109421
0.022076425699060147 0.01762732757301738 0.2626747637930641
0.022078287859711998 0.01761834867930473 0.26262045803622924
0.0220679355633365 0.017587439892395695 0.2625308923343587
0.022097238823035346 0.01753124139137141 0.26260523563569543
0.021836684135790096 0.01603299304380934 0.2624809229879804
0.021852970953453066 0.01604338795315724 0.2624020182794386
0.02196932010511271 0.0160264494529036 0.26243617874075337
0.022192543436811388 0.017045356056331007 0.26231196456009187
0.022201431676792047 0.016975251180333217 0.2623457471969246
0.02219565755270013 0.016876527316866508 0.2623840251798024
0.022151282870518152 0.016804112082079437 0.2623466990783187
0.02393529732753369 0.011959606404341405 0.26082528696990614
0.023886687176197838 0.011850962954699118 0.2607969300071468
0.02387977271086203 0.011804101285546265 0.26086665751343613
0.022118552812989863 0.0167479461141663 0.262161382276645
0.02218459294115857 0.01708011698895401 0.26231364922090483
0.022214685704787587 0.017008623095362108 0.2623709297748148
0.025965813025432563 0.007011697228675784 0.26004391200066934
0.025889072025066955 0.006859934114673172 0.2600535834375386
0.02589759220078506 0.0068282110347517855 0.2602188057550566
0.022128220051667168 0.016762325500655206 0.26228929339829027
0.022136923869153724 0.01677746194760138 0.2621860867776935
0.02203047480381979 0.016620050349219317 0.2621830345515661
0.022090652154133597 0.01671970535558337 0.2621253870423764
0.02194779603899208 0.016493473568235384 0.26217104364825106
0.021851217800024428 0.016379765912455657 0.26214048146778246
0.025916390229644835 0.006866002383301817 0.2602114371062147
0.02591782328592012 0.0068831132384213345 0.26014009237419616
0.025867568750295007 0.0066900461375301035 0.2602618678183652
0.025868881470479062 0.006734608198378067 0.2603684165550949
0.025861301168571986 0.0066139635023158005 0.2602197215749005
0.025842940506909523 0.006707547269295233 0.2602076072791614
0.025839090561528597 0.006676534993074579 0.26044881973394807
0.02586206898639524 0.006655811853955529 0.26031919133121273
0.02588795412022242 0.006771688222201422 0.2602988800109974
0.02589087601294013 0.0067952741880261125 0.2602430885586139
0.025861587157814843 0.006632729620085931 0.260387049976357
0.02178632991411311 0.018517063341924822 0.26327493274093017
0.021777773883087825 0.01854483162434528 0.26329042791839014
0.023836341881496595 0.01159437714199646 0.26074120306284576
0.02386020281461377 0.011523932341329868 0.260689915002541
0.02382225386535547 0.01168021018469978 0.2607445690666336
0.02173123879780199 0.016121712739244343 0.2623847812273429
0.02172689639100049 0.016077893946516708 0.26243026873119907
0.021753043490653767 0.01607265938493385 0.26239005561835316
0.022046597677243575 0.016658943712031693 0.2621360195509631
