0.029718924317562886 -0.0020944108282059948 0.26332131041744533
0.02971635307532631 -0.0019408207118770116 0.26330545177376385
0.029712691445139938 -0.0018399377973976616 0.2633108006176118
0.029700174028861166 -0.0017265398880274563 0.2632916794868875
0.029682784698017883 -0.0015917234710826622 0.2632947173471545
0.029670122651246182 -0.0014787552984791286 0.2633162959302907
0.029648136447623957 -0.0013675220191701198 0.2633012783764138
0.029633552673311518 -0.001289432327533091 0.2633447082530753
0.02970484652648525 -0.0018033417884161795 0.2631521029327581
0.029601423812980525 -0.0011944589266196792 0.26322941055425714
0.02958506143069123 -0.0011199392222642768 0.26322836007408024
0.029568464905704903 -0.0010548384520999154 0.2632525274339358
0.029506066285477577 -0.0008974098913065442 0.26318705831266287
0.02947439505455217 -0.0008255483155689136 0.2630888710876069
0.029413765232114815 -0.0007035071120950476 0.2630197104630735
0.02934849541297669 -0.0005793084334247411 0.2629320673513862
0.028780185629181172 1.2178215720748398e-05 0.2625214709938465
0.02843500997774122 0.00031696611273257513 0.26242204907227945
0.028002203225601 0.0031951562261355315 0.26033628507325857
0.027974980069566675 0.0032691937697559292 0.26020909537945364
0.02796633537239763 0.0033465520867805854 0.26022341021783835
0.027947194735948082 0.003445490480081359 0.2602454310322504
0.027933372957545097 0.0034487344758985516 0.2601313299085359
0.027915119407633575 0.0035379536746965035 0.2601291654498321
0.027793337817181976 0.003991833716426918 0.2598926630920302
0.02775712761617704 0.004097892715861251 0.2598846313685431
0.027692702384467492 0.004235964258862357 0.2598296339810373
0.027572458067161035 0.00452463941212089 0.2598038286996657
0.02754920660747146 0.00456204314814096 0.25972172255462134
0.02751306062665354 0.004657118367007662 0.25973805057128496
0.027476939180761398 0.004712688674315513 0.2596462364427841
0.027453198677312232 0.004781465417487918 0.2596702065866003
0.02738812675955308 0.004905054923926955 0.2596025968157286
0.027323092195544872 0.005030298951635759 0.2595576009313886
0.02725672451991913 0.00516217438217631 0.25949133435571287
0.02723942571535548 0.005204988004942013 0.2595182135533635
0.027173913360188214 0.0053380609561607395 0.2594613800986527
0.027139751131298066 0.005415815188766049 0.2594752440205083
0.02707547222282787 0.005549515131905103 0.2594136401056124
0.02701719592418255 0.005690376023952948 0.2593549337217373
0.019627859516307883 0.02272448686255657 0.2677211219783344
0.01959549809887788 0.022793054107727195 0.26778531864142235
0.0195619445154301 0.022853986942138638 0.2678192115850596
0.01954259425343073 0.022891151106723462 0.26786064696162687
0.01942182648096065 0.023051157196388172 0.2678699947422637
0.01939654585507178 0.02308202412013627 0.267930654237588
0.019341189553124 0.02314535028180631 0.26797788361068153
0.019297948724846872 0.023196417385837664 0.26791304426957013
0.019271195821498208 0.02322014048533244 0.2679602896091581
0.019230008333050858 0.023272656498970534 0.26786279185478923
0.019177663016756136 0.023315564618397233 0.26777491209119564
0.01915143791201457 0.023345179075166922 0.26783020894853427
0.01909980501101105 0.02338030826002252 0.26775667622789
0.019043897704585158 0.02343416431448303 0.26780316380350055
0.01895357924767077 0.023493217074726847 0.26779154945254185
0.018886930462530066 0.02353353861909685 0.2678348273441135
0.018850520455978695 0.023557550887712553 0.2679032642419016
0.018833086113279177 0.023574172561393714 0.2679811792665032
0.01874466149536895 0.023621436744421798 0.26804228041747535
0.018690128136574197 0.02364446421415395 0.2680968768790484
0.018636928199705027 0.023667253123718368 0.2680453816742427
0.018581540302748556 0.023687258723239735 0.2681228874737582
0.01861473369742947 0.02367334738212379 0.2679735243121757
0.018570172279633007 0.023692229060758463 0.2680425493775933
0.018473195264005024 0.023728416321604773 0.26811775525430737
0.018439299990763047 0.023741817169908586 0.2680385794359246
0.01839953412020967 0.023753727854001094 0.2681270026497521
0.01832823382504234 0.02377915641587275 0.26803969981216824
0.025858830063719092 0.00785841275956134 0.2589396433615495
0.025833924199532635 0.007954829235355731 0.2589633458956865
0.02581229886287436 0.008033950332042739 0.25895911426793033
0.02579410635450303 0.008118728966630961 0.2589940189360497
0.025576161631549008 0.008752999413812412 0.2589198097110925
0.025139459312256023 0.009944836362793474 0.259140365394011
0.025108334067730137 0.010022652610449434 0.25916550991337317
0.025082450973666556 0.010098589417843029 0.25918567470755904
0.024959018722687257 0.010386430097470811 0.2593127161573683
0.024935103571218344 0.010443099827760427 0.25933747188194084
0.02489629527150046 0.010532726960580219 0.25938984276636634
0.02486984411091961 0.010598217104572427 0.259427705422689
0.024739556947345337 0.010864326285230652 0.2594656661073137
0.02117818418698446 0.019530286257890828 0.26345748974217187
0.021156163226744434 0.019566078534054565 0.2634870918312387
0.021113855386345068 0.01964327533502891 0.2635545663498371
0.0210959936901986 0.019673321740988514 0.2636099008445007
0.021037362034022303 0.01974267352822634 0.2636644384315481
0.021009056603421415 0.019766085176642023 0.26369439377526094
0.021403948967605113 0.019179341442307984 0.26306909131330425
0.02137113505510109 0.019239232178546117 0.263126935564177
0.021333554679322728 0.01929973708503402 0.26314558971779606
0.02129291548185777 0.019351445023041924 0.2632088251214587
0.021259598831772558 0.019393113125093564 0.2632736770936609
0.021226456382196654 0.01944392636048503 0.2633171316106317
0.021009102636896322 0.01977008064056518 0.26356953808556705
0.02096312163018515 0.01981063141554873 0.2636212041466716
0.020905196846626603 0.019853359868824638 0.2636932340240167
0.020852348186460132 0.019886032751674165 0.2637352033562118
0.022766577264787702 0.015431319443289349 0.26143838971721445
0.022725671565347272 0.01548788427256742 0.2614847040102786
0.0215048842180528 0.018971272240073 0.2628437347615948
0.02148102884985522 0.01901588109203417 0.2628633598000626
0.021437160309907388 0.01910022745219475 0.26291707727608776
0.021401707840895623 0.019175514991131404 0.2629557700521814
0.021388844852485774 0.019211756736013552 0.26299465526732885
0.021348165484520662 0.01928967573667767 0.26302365378035053
0.021307420318992742 0.019335131637731484 0.26309254092752243
0.020866305204232494 0.019878267479417677 0.2636018426738437
0.020812174788200702 0.019909310539220404 0.26365080104593985
0.02076260348844068 0.019940290303860464 0.2637283504000504
0.02072083047115031 0.019965003411929083 0.26378572176848486
0.02333894086214431 0.014322747279055525 0.26061660226920436
0.023305577203898642 0.014399031141911767 0.2606603049862388
0.023284592190032316 0.01445842369177558 0.2606822986197201
0.023249481731483723 0.014534166451869335 0.26071903042601763
0.02322940904700265 0.014583734248678537 0.26073554839675284
0.02284504784674333 0.015316706744897157 0.2612193338368214
0.022805760109100195 0.015376509551964679 0.26126498608800053
0.022764661855660687 0.015439867711015798 0.26127578602067975
0.022576669943420558 0.015692109360961992 0.26155853720629124
0.02255904320173116 0.015702976373308364 0.26161745334262143
0.021673398644055472 0.018561391726968246 0.26249900401361026
0.021641337995574328 0.018637391807003856 0.2625318604947601
0.02161651873292017 0.018706123704994748 0.26256072670510844
0.021596689401672656 0.018775821292343176 0.26260973876933846
0.021572483574254807 0.0188323377960411 0.2626423783653651
0.021533752642146436 0.01889548699365018 0.26267785819117273
0.021506030552839443 0.018953238188310517 0.2627354865754964
0.020678327869732366 0.01998068181192547 0.2637080528541995
0.020621787149739973 0.020009123730024003 0.263780993215301
0.023781472454202326 0.012841805354471492 0.2600306478786245
0.02374015690481566 0.012985151748171997 0.26008620608316646
0.0237100144218845 0.013079734699677381 0.2601079868959906
0.023687484313637444 0.013145965068675547 0.2601203933759402
0.023672471284365185 0.013210885724266375 0.26016145563147647
0.023647299276241263 0.01328955603822951 0.2601573668898661
0.023624686915953923 0.013373776727448772 0.26021670027481636
0.023600177440522167 0.01345758224371374 0.26023661488396693
0.023581107624230997 0.01353075298206785 0.2602386852837705
0.023561173232791312 0.01361995693151219 0.26029918073600833
0.023531587878138874 0.013708826189937517 0.26026857030319483
0.023511445043595966 0.013790102437004848 0.2603229962343234
0.023495764005947335 0.01385034736495433 0.2603569672251042
0.023472628564960824 0.013935957150515044 0.2603653410525806
0.02344845072195839 0.014025231282611184 0.26037517944910815
0.023430881405461138 0.014077172301796836 0.26039999235590633
0.023389525303952073 0.014182787705346034 0.2604348935292548
0.023360024475620328 0.014257077203890467 0.26045269215093647
0.02333718284806785 0.014312820098106693 0.2604947479079163
0.023317485331143806 0.01436161024337862 0.2605466118120441
0.023286775779687102 0.014439852529978425 0.2605668718672503
0.023264420342990852 0.014500318139914814 0.2605916472777441
0.02322488554162974 0.014594110229421309 0.2606341258656132
0.023204543929901122 0.014647291698489107 0.26065015032754096
0.02317824753940881 0.014708986386441802 0.26068089607725525
0.023145889941029937 0.01478356335938924 0.2607299976895826
0.023121559475975773 0.01483420946319991 0.2607465816800267
0.023075563084890893 0.014918145898137614 0.2608119911495025
0.02305588344128684 0.014961091632401002 0.26085791697814176
0.02303251001773196 0.015011993486582664 0.2608911519854712
0.022995936802981058 0.015080894001174572 0.260903390292207
0.022950326141102775 0.015160974091701418 0.26095205133128574
0.022928924396838343 0.01520143808808544 0.26100248109669344
0.022885645209956403 0.015277626164941382 0.2610434655575028
0.022859809043047533 0.015313283739992467 0.2610698797548393
0.022820774254743964 0.015374070062837475 0.261139847030455
0.022497293630347602 0.01575622302408708 0.2615413705810075
0.021748590195129175 0.018337498883000625 0.262270216980177
0.02169838078131868 0.01848452921752869 0.26232545494170145
0.021676801871844606 0.018553225600640766 0.26238206602995473
0.020527375194052747 0.020037974389887525 0.2637611815659816
0.02379930840641757 0.012737603605741499 0.25988726109168026
0.023788163120674714 0.012790990797280355 0.25991199516706837
0.02375812375892039 0.012892787399609584 0.2599348686407795
0.023671142128453365 0.013185447373458337 0.2600797587787052
0.023442981205008 0.014011950640455406 0.26026272373369863
0.02342818285180931 0.014072095049471267 0.26030509777536026
0.023021392039310223 0.015017611877247039 0.26078815149303475
0.02286952292028166 0.015292889699137113 0.2609543020689018
0.022441246811267593 0.015779544922980282 0.2614464667343888
0.02241305842395125 0.01579518444035327 0.26149772765436535
0.02190526424234096 0.017836428334121135 0.2619343308523362
0.021839764476245145 0.018040719311252895 0.2620481934779159
0.02182479003631394 0.01809515446382659 0.262053667819249
0.02040750632891314 0.020067972745171414 0.2638004173971873
0.022354671873896205 0.015821542460797422 0.2614279870174961
0.021970811395539032 0.017651291929506208 0.26176436913401735
0.021941722558356178 0.01773658715042653 0.2617828542236709
0.021910159023359438 0.017818655476295187 0.26181851544557405
0.021892413889093583 0.017882316595989378 0.26184547377358547
0.022292258456817343 0.015847577710262795 0.2613644571020718
0.022057334427566896 0.017282888732610746 0.2614921312094993
0.022036378020368022 0.017360533915596277 0.2615185789496005
0.02203233747545437 0.01742488034353168 0.2615600096472624
0.02202217399210163 0.017486588398973935 0.26158304049396136
0.021999500877345278 0.01756261116960678 0.26162550760962217
0.021975226513236135 0.017634644736745864 0.26166152994786285
0.022067250962057534 0.017235629937080943 0.2613920462181731
0.019451035122863752 0.020829174642910675 0.2653721487184304
0.019436996428859724 0.02065652139264229 0.2653011597654699
0.019431005944512456 0.020533848241934383 0.2652803409736537
0.019467204404856886 0.020987500059499065 0.26550190163123755
0.019415124319325947 0.020420839286492187 0.265300030134918
0.019590831758918223 0.021607719166086836 0.26659536360718883
0.01936844433858055 0.020295471206853377 0.2653026257668812
0.01949945114069218 0.021332214968472263 0.2658286317226885
0.029526119997421246 -0.003326746532167413 0.26378230804311886
0.029559921160578928 -0.003207517761936396 0.26378123439589246
0.029602998894298266 -0.0029644276576177853 0.2636159712661872
0.029590628095486286 -0.0030516321031072158 0.2637032924218347
0.02958262568279431 -0.0031275937664820286 0.2637927123278313
0.02965925368283441 -0.0026473631115582763 0.2633857010269055
0.02965111127820149 -0.0027360822971689847 0.2634995783352306
0.029633510048513174 -0.002859056990506481 0.2636047211648102
0.029628825677245917 -0.0029232530832463133 0.26371119953934125
0.02968984797592507 -0.0024227499026385213 0.26326382819273375
0.02968424389873503 -0.002514355797476442 0.26336492144052903
0.02967495293157684 -0.0026027468112950203 0.26347281118612786
0.029669705939227478 -0.002675112356757159 0.26354870870717606
0.029655789903847637 -0.0027872662931103243 0.26366700595278975
0.02969906503519009 -0.0023811246983745926 0.2633469104537074
0.029694365339886807 -0.002473389928799863 0.26345531251604304
0.029689626326876183 -0.0025528129018504986 0.2635442824688782
0.02970793314227737 -0.0022533444199434594 0.2633366708628583
0.02970813627750305 -0.0023333951562799493 0.26343555004291186
0.029717040080629406 -0.0021560978689536547 0.26334402485459385
0.029718051865721025 -0.002201594041236321 0.26342654566711143
0.029710479773891782 -0.00186371061509083 0.263180160612448
0.029712905330037218 -0.0019166373800288405 0.26323951541874524
0.029721112377079716 -0.0020055415028933377 0.2633597332103425
0.029722820728984772 -0.0020962020582117047 0.2634002756355676
0.027996139870478047 0.0025159752754508324 0.2603397013068156
0.029707607452768722 -0.0018092752437950388 0.2632407462313955
0.029719456072737738 -0.0018912085947412338 0.26338398421381487
0.02802529693334512 0.002621619965189226 0.2602942764962487
0.02802049670188788 0.0025633600221087183 0.2603837629902587
0.02800564789161867 0.002489857389738559 0.2604634623300819
0.027875475836671035 0.0008511359566722443 0.26229120059272226
0.02794466986514628 0.0007909793937147525 0.2623015798150685
0.028056869137972063 0.000694511231616679 0.2623199467358443
0.02811333360085229 0.0006468969210262632 0.2623199942610733
0.028168680736882445 0.0006002785510652031 0.2623222992589982
0.029692048911864895 -0.0016589952460408508 0.26330375579479615
0.0280477562819453 0.0027420884495776288 0.26030591193047414
0.028048307203193325 0.002679940850154938 0.26039350385516913
0.028034436784355875 0.0025981600926838766 0.26048575302746213
0.02849929742582214 0.00025967349598515765 0.26246153390715904
0.028039365322776004 0.0028931064683209162 0.2603148766791642
0.029016451425443 -0.0001919658023832871 0.26264599504248404
0.02907680145044763 -0.0002566356142674753 0.26266804111045106
0.029655215406420014 -0.001402720616078379 0.2633045538638664
0.019509041681338574 0.021369149229861717 0.26592565949070224
0.028027639888467445 0.003011526429747946 0.2603499480253873
0.0290767052465496 -0.00023542936906123524 0.26274651831547935
0.02911521310258427 -0.00027400197948013183 0.2627778561879196
0.029174321329295858 -0.0003375563712428309 0.2627798041670483
0.029229508943102736 -0.00039532493926763834 0.26282360171413327
0.02927361003209955 -0.0004567342880349434 0.26286168868478305
0.029570539914427867 -0.0010765784232247833 0.26320015966145793
0.029597009100921626 -0.0011617478508589296 0.26324956124506443
0.02961987088194737 -0.0012388772906427592 0.2633312802066765
0.027958377064613057 0.0033434267128441553 0.26016667086311024
0.02798212316827913 0.003241766825949899 0.2602338684736133
0.02800226510069455 0.0031797152760970615 0.2602996995606424
0.02801750725990393 0.0031121849413180414 0.26036452266043913
0.029445625709638566 -0.0007620077292473382 0.2631147146280599
0.02948158794575787 -0.0008372957982850093 0.2631502231500494
0.029510968496029147 -0.00090955547076077 0.2632100802289912
0.02954233700815599 -0.0009855954473185213 0.26324888804408103
0.0278646658619826 0.003751305827662199 0.2599852425668144
0.027887761724477142 0.003659490401234977 0.2600410718315921
0.027906433321049147 0.003571914434020107 0.260100371392702
0.027923597430501025 0.0035142381459301597 0.2601571598443352
0.027946319638021383 0.0034351734893877106 0.2602051310718702
0.027966010718673384 0.003360382227169778 0.2602622358732324
0.027733170396008713 0.004145517101732277 0.259863864913087
0.027772186128327388 0.004064218731294755 0.2598963102116037
0.0278009254689151 0.003987503084785071 0.25993064881791195
0.027823959014057383 0.0039157716405761045 0.2599853309668261
0.027855138955026643 0.0038228401037804227 0.2600220635388833
0.027642722165730195 0.004351308351816685 0.25979900756016405
0.027663880100142292 0.004315923811815614 0.2598700081660792
0.0276977736224496 0.004236939462132383 0.2598918388910036
0.02773287463511124 0.004166826865845519 0.25992888106091905
0.02729435594996088 0.005080979967787613 0.25952138261431634
0.02733945103605903 0.004989419201373135 0.2595471460877504
0.02736381635657279 0.004952553252566105 0.25959086029224754
0.027406564699888447 0.004871097484580589 0.25962409568009925
0.02743129924196657 0.004822068178363781 0.25964429869126304
0.027475929978942326 0.004738201565942679 0.25968717437595745
0.027503907262597493 0.004677929086662758 0.2597208987179188
0.02753187318198458 0.004619751852716403 0.25978514872806036
0.02761044454537153 0.004447056149184614 0.2598620153328844
0.02713033684655576 0.005430253352084413 0.2594392573232052
0.02715622544273001 0.005376535139758498 0.2594742845348076
0.02695142490219729 0.00582488914818069 0.25932617226006544
0.02699649940376858 0.005743045784355805 0.25935925646182306
0.027029219530171407 0.005670180870225472 0.2594180080934341
0.026917415285659836 0.0058935180438538515 0.25939681020710287
0.02694076716826281 0.00585728160657123 0.25942148156888045
0.025987707578828442 0.0072496617287519105 0.2589416439583879
0.02682256366582094 0.006049329859592334 0.25943473439582454
0.02596308866778383 0.0074286444375248895 0.2589265040977786
0.025977766818200666 0.0073566789079752 0.2589616947720683
0.02594733681740223 0.007539319425338864 0.2589709145209014
0.025903961973109672 0.007702305977329238 0.2589493889859983
0.025926326464914412 0.007634971034905347 0.259012246557818
0.02585019046432737 0.007890271228231382 0.2589452564085252
0.02587555682126587 0.007813524534958038 0.25900446264474464
0.02580851385221202 0.008047143519449518 0.2589517732598023
0.02582605639133751 0.007989889131237493 0.25897867113614037
0.02553533932106642 0.008872576078168493 0.25892837086804343
0.025482350502221127 0.00904187317489119 0.2589388524623224
0.02551009485752788 0.008951478644947053 0.25897897126346087
0.025425972691169495 0.009202412428321427 0.2589725628558103
0.025362304068042463 0.00937465358429257 0.25898202107545326
0.02539121614449444 0.009307171750299825 0.2590309914748411
0.025337844178102205 0.009462751368220279 0.2590370485608687
0.02526762902749846 0.009620256418173989 0.25906309226384616
0.02528539106793922 0.009573601810743682 0.2590922632584282
0.02523278208677554 0.009715185883116984 0.2591028904711912
0.02513384293490671 0.009959401035298299 0.25913278143592194
0.025162038726392423 0.009879683928348093 0.2591538752549688
0.025074768223927457 0.010108122591222679 0.25915846843508816
0.025103360721517615 0.010040768773264597 0.25918435728380784
0.024851559329466887 0.0106254797186639 0.25937838295579885
0.024812902151645555 0.010714341908812042 0.25946928001606473
0.024845908262479018 0.01065680118091461 0.2594866558464242
0.02474168417103357 0.010861749137613619 0.2595013555711586
0.02476336127195338 0.010819261083652998 0.25952341421495984
0.024642089679018334 0.011021469052082788 0.25958380677783377
0.024679378943851693 0.010970860269597094 0.2595854185977702
0.02392532727412343 0.012168538057243938 0.25987294342792827
0.023869651049882826 0.012452295083417664 0.2598245285825667
0.02388874161449514 0.012361184795127877 0.25984141137293293
0.02390961433165089 0.01228249163323647 0.25991387362897056
0.023848064287613484 0.012548898419834364 0.25984887356948144
0.023873386638958966 0.01246478383801386 0.2598847410122045
0.023821820254077336 0.01266506779423665 0.25990230479681836
0.023844989040485827 0.01259668028920119 0.25993555902048054
0.023777438038844953 0.012831820826365248 0.25992493295067565
0.023807326537111782 0.012750414145244526 0.25997182593992
0.023754253269489566 0.012917609907418193 0.25998219725493266
0.023778538546216033 0.012850531573255553 0.2599995029482238
0.02372224123008177 0.013021891611095127 0.2600343387951014
0.02368874714635684 0.013128835577949749 0.2600767899483112
0.023636249232684925 0.013299379064077022 0.2601117653811126
0.02366962505110823 0.013207672393678205 0.2601211846299645
0.023608157104578503 0.013403101321180999 0.26016711471100656
0.023636462017336414 0.013325737141263672 0.26017726538485086
0.023584633931287763 0.013494632168093157 0.260196108123739
0.02353754631653751 0.013670359057163572 0.26021863827231273
0.023565173961205194 0.01358957931838406 0.26024064998176066
0.02350078727541533 0.013806024051049304 0.26025661111563236
0.023514862042217144 0.013758843197084314 0.2602566325308402
0.02353724676500457 0.013702853110857893 0.2603107699978116
0.02346663539916931 0.013937360747590277 0.2602888215780721
0.0234951117210207 0.013847022075863524 0.2603314096513376
0.023437801848812723 0.014054713178845102 0.26035255286750203
0.023461880461952987 0.013977405535781806 0.2603926139959588
0.023382051261470957 0.01419241516706754 0.26037717148953177
0.023406177306217343 0.014137336089496355 0.2604114803291915
0.02343826872493332 0.014051682510427543 0.2604394352113679
0.0233759697866869 0.014224445147975107 0.26047563848139965
0.023403859136268343 0.014155325572484334 0.26050394598330107
0.0233332723941099 0.014327303850552808 0.2605366871027694
0.023164334328308223 0.014729919058077134 0.26061820349065146
0.023193860735228666 0.014659170257334375 0.26060392728359805
0.023126839383527248 0.014819223370160284 0.26068835508050675
0.02316172632050316 0.014745872891648859 0.2607071866850741
0.023190136349744206 0.01468361360842374 0.2607326365336164
0.023073940554879296 0.014916372808530531 0.26076239320549666
0.02311519174090501 0.014839115008128068 0.2608168954992874
0.02299845801964391 0.015069345797778522 0.26082627992348223
0.02303824104564014 0.014996305872148674 0.26085006310044756
0.023069421042314804 0.014931896218707108 0.2608812168939711
0.022958548548084594 0.015144991007096431 0.26090960759287907
0.022983297182607942 0.015104306894269393 0.26094278282238403
0.022856880960186093 0.015314454280356438 0.2609961693996237
0.02290059191190856 0.01525325975261882 0.2609936978465721
0.022937224276302043 0.015179308326069674 0.26103960247913016
0.022811117861293723 0.015387586100488793 0.26108150926231344
0.022838122887676504 0.015347453025757574 0.26109228259339895
0.022886118271150925 0.01526999405148377 0.26110198675073465
0.02278606508092082 0.015412019390157017 0.26119273924546355
0.022824875715779548 0.015353187293187909 0.2612019051326588
0.019566178272480778 0.021553545659239448 0.2663883638473765
0.022090098738875623 0.017162996541229714 0.26144398252052115
0.022043671766408174 0.01732681294494237 0.2614511237740625
0.022023621166400588 0.017417346621956598 0.2615084528213738
0.022040243757968064 0.017352265426925806 0.2615390778536667
0.02200228607425874 0.017532597795057947 0.2615605192773898
0.022030671272916774 0.017452417161745726 0.26158323197513345
0.021975949223811644 0.017620217356958456 0.2616300391650543
0.021997248178112633 0.017568252878446766 0.26168127439335165
0.02196705858040659 0.0176632092128281 0.261721665925276
0.021989284445054595 0.017580552149786377 0.26171782835182805
0.021932686092401954 0.017761738630097668 0.2618063440907078
0.021907969437831555 0.017848222283999793 0.26187088207328085
0.021834304782943084 0.01806038379566055 0.2620060541328566
0.02185604533990554 0.01796514590533299 0.2620253878295778
0.021834468801177336 0.018081522480945855 0.26210235509226215
0.021807717637728305 0.018166274583294784 0.26216998233086886
0.0218220146286192 0.018118184866659115 0.2621927320254902
0.02177271622183663 0.018262321889852995 0.2622332462912925
0.021742582733019968 0.018374722378074193 0.26233619408388364
0.019580705791959988 0.021579887509460216 0.26649217510016127
0.021679609454453803 0.018543798546072354 0.2623661681960754
0.021637209691998262 0.018646589421043913 0.262462615076099
0.021665868076823594 0.018580217050283954 0.26247808933792005
0.019488574518803134 0.02297710358576055 0.267917789949107
0.019424027992687942 0.023049565618709744 0.2678968467724776
0.02160161742745241 0.018745019613840397 0.2625316956808339
0.02162730256464336 0.018674257069972444 0.2625650754803064
0.02156063292642632 0.018842864877165688 0.26259743749188624
0.021599922891709804 0.018765032975262996 0.262651338602953
0.021551521925651587 0.018868740101785464 0.2627363857269084
0.021470664090111266 0.019027800505746706 0.2628047142833354
0.02150931552869289 0.018958593294269854 0.2627998288483332
0.021464071212879562 0.019047849842355136 0.26291064985135376
0.02137537517438108 0.019211592225077956 0.2629306358928559
0.021419031591925618 0.019142419028141733 0.2629810206815605
0.019727768115576305 0.021979423796621766 0.2671519542701217
0.019700433029473843 0.021924330933916658 0.26705205108825686
0.02132401496522253 0.019318293450818924 0.2630404791586512
0.02138455760984581 0.01922767599771419 0.263065567579782
0.02127062896731631 0.019378340032572716 0.26317026897237805
0.021307315845827526 0.019333572524898923 0.2631860520709896
0.021250794833406278 0.019409529466017317 0.2633114590147799
0.01962428696274847 0.02170403661969672 0.2667965206944783
0.021190166873004755 0.019505119619390054 0.26339494039411526
0.021234519805843607 0.019437901058084295 0.26338357410780083
0.019622239138128605 0.021723452628529094 0.266619246266217
0.02586257450488845 0.00785364380982545 0.25897823942324943
0.025895572326650004 0.007745909571731102 0.2590135647484598
0.025887353912736097 0.007763441360172207 0.2589651556690759
0.025839525280575246 0.007928409449452278 0.25894622395058764
0.02584560290346047 0.007926332960447313 0.25902030451479635
0.025916397694906702 0.007668579457481062 0.25898100707705884
0.025815906091830848 0.008030063519268327 0.2589881566074661
0.02593509991310091 0.00759006656489597 0.2589592384727734
0.025778681900789302 0.008152858467039448 0.25894711599339676
0.025963225396401522 0.007466551622821949 0.2590092093570318
0.025953293067026338 0.007488073506009607 0.2589234080640506
0.0194356597427765 0.023037664755584275 0.2679275606853958
0.019525928308241125 0.022919992358575225 0.26792991473957994
0.019503970699774387 0.022950862273361072 0.267853140332441
0.019575574445737987 0.02283763062329397 0.2678577271381992
0.019643945172620636 0.022700957987109527 0.26777204383396824
0.01967170924913894 0.02262986972273584 0.26769312223221425
0.019708505007790852 0.0225204509048077 0.2676191798253801
0.019734048929987508 0.022416746587765768 0.2675750809765778
0.019748121529484686 0.022326006373605267 0.2675290272896733
0.025970119631793243 0.007401214543408585 0.25895455858144634
0.019763162397390135 0.022225480628229044 0.2675732145526482
0.019757807387076762 0.022239301569460745 0.2674874405213333
0.019765552415546866 0.022136133797716617 0.2675396864705289
0.019762654093645263 0.022161063189469754 0.2674513332127679
0.019752853144099483 0.022170000593772055 0.2673627254575073
0.019763079174456938 0.022070675154154562 0.26750672806702497
0.019760815517898725 0.022079680428754356 0.267432630442985
0.01975338837401358 0.02208461673410972 0.26733491111519797
0.019743584924616753 0.02200209589868901 0.2673145180869434
0.01973597665106984 0.022007817501041027 0.26720906316605225
0.02597850573477284 0.007330480300494102 0.2589294769157096
0.019719447758287947 0.02193350488294843 0.2671803326214067
0.019715616402127295 0.021961768144697635 0.26709901982939177
0.019693448044535544 0.021874561659938008 0.26711087781562676
0.01968439421257756 0.02187869797200126 0.26702098883883096
0.019661972206248157 0.021807950743500837 0.2669703637878021
0.019668150104712706 0.02183329077376628 0.2668964904540698
0.01963896318620048 0.021745680228679842 0.2668757219520191
0.019639024643901187 0.021751256708583744 0.26677278020881046
0.01962647359927576 0.02172624888400687 0.2666953869313973
0.01961131539440833 0.02167225566120312 0.26664310345296993
0.019610218580221855 0.021686259622159143 0.2665770494918761
0.01959147166363931 0.021619994982458923 0.2665289663914765
0.019583546481986208 0.021626683164105487 0.266450214187558
0.019571026466833605 0.0215496175776691 0.2664495611119126
0.019563194187057098 0.02156982958638687 0.2663294382073644
0.019558405210098856 0.02156628080140266 0.2662726107322768
0.025725055146737286 0.008309132203821179 0.2590002983527101
0.01955315547099548 0.02149928509657606 0.2663189650780724
0.019545555165410677 0.02149386883251514 0.26622515160761834
0.019534915656017976 0.021476386954468518 0.26612752371723936
0.019527807576140366 0.021398368240145738 0.2661054179167365
0.01952013555468643 0.021394689566244518 0.26601339624350057
0.019501762816885426 0.021360229541322773 0.26586498753186916
0.019504512176939992 0.0212870092348883 0.2658681447846204
0.01949374861432593 0.0212079701555965 0.26581948666027777
0.019485741931804426 0.02120124465913742 0.2657229768834032
0.01948059404150637 0.021125351950397886 0.26569152948469266
0.01947473765997651 0.021035595656287154 0.2655872811131808
0.019459297508990572 0.02089226114436432 0.2654337850235584
0.025842570495906138 0.006792815666556262 0.25886509795838075
0.019455109356114386 0.020734822181750434 0.26537554937960595
0.019456695705454996 0.020638712673094972 0.26537146398589595
0.019446625279164104 0.020560447353156208 0.26532950647036896
0.025994066438093565 0.007211237891186384 0.2589973973171709
0.019429752413206422 0.020488007916349138 0.26529771431269666
0.019407163301389863 0.020371285495215885 0.26531682106888754
0.025985612715383258 0.007119877105510097 0.2589564819372638
0.025976116410033473 0.007144305487263247 0.2588866061442477
0.02570656647361308 0.008373726645812318 0.259053596795745
0.028792585268061964 -0.004453307909582482 0.26384150552482655
0.02880617359785191 -0.004470451795853647 0.2639303411058571
0.028867103702524433 -0.004379085193451759 0.26380567786183495
0.028879962494810556 -0.00439753084416783 0.2638957280968741
0.028937860962402376 -0.004304438261029664 0.26377265858027804
0.0289507850967961 -0.004323228729085027 0.2638628698476477
0.028961273843665737 -0.004339805813600828 0.2639546798397948
0.02901864797748937 -0.004246234431100726 0.2638316634764727
0.02903007866970101 -0.004264222931814943 0.26392273181958714
0.029080426819058473 -0.004169756102354094 0.263805858062961
0.029093104332264634 -0.004188246027149178 0.2638961217873467
0.029101687646675735 -0.004205717828484057 0.2639896928612523
0.029149707511837125 -0.004112637145812115 0.26387511036842193
0.029158875808804163 -0.004130115188915928 0.26396835060029633
0.02921064754921677 -0.004053485111604249 0.2639506628772701
0.029259825782951908 -0.003976788578342383 0.26393585395724517
0.029306732126017213 -0.0038996075560630006 0.2639222001489795
0.029351867348383215 -0.0038218943468891764 0.2639096550375063
0.02939168386326512 -0.0037439231659703864 0.2639014804067021
0.029395928525102435 -0.0037596593475852647 0.2639955064729501
0.029425445802827063 -0.0036659654432573685 0.2638975675169237
0.029484906485696377 -0.003509933154062561 0.26390011267337565
0.029511188732803763 -0.0034323982520232388 0.26390419347632743
0.029534704564652535 -0.0033295355286945827 0.2638424839835255
0.02954342349796034 -0.0032504637420534555 0.26375204195646196
0.029554190838500256 -0.003254051658655388 0.26382959075292045
0.029563894331892646 -0.003166247847304904 0.2637385570452715
0.029577311967134735 -0.0031670043043662832 0.26383419575258826
0.029589728752042563 -0.003082095105027327 0.2637557973672721
0.02960215250197739 -0.002993921536484756 0.2636676907202583
0.029610621982281364 -0.0030029872339104036 0.26374007355547197
0.029617737357676685 -0.0029088972916143097 0.26359274730122073
0.029625051416529886 -0.0029112123277386104 0.26364958756028806
0.029644651236578987 -0.002808323939138213 0.26359448376146016
0.029644644465636194 -0.002842053169774539 0.26367974067117916
0.029663394825399474 -0.002733373461629496 0.2636067643925247
0.029678793290434997 -0.002658153423115428 0.2635994634076261
0.029682228127545757 -0.002608414327266495 0.2635533600147123
0.029689014497436633 -0.001615605070352466 0.2633408704533936
0.02968083586622241 -0.0015409180279986612 0.26334685991045614
0.02966202733549387 -0.0014372380747013636 0.2633049933778065
0.02963421753725725 -0.001318200080233256 0.26327816469921383
0.029641400201035582 -0.001324850991531512 0.2633440621499987
0.029605742995389178 -0.0012190775854686309 0.2632162221161465
0.029618725257583155 -0.001251940220494796 0.26327654854391624
0.029592787148088405 -0.0011369433826932118 0.26326114141662144
0.029606295613680528 -0.001176535420299829 0.2633348111404943
0.029557008898907514 -0.0010411982431074995 0.2631785208058076
0.025975017368252147 0.007047235436363208 0.25895168423753134
0.025959325350848043 0.007047867894755089 0.25888100608329556
0.02942564003294814 -0.0007239863771154043 0.26300884599762914
0.029356630132825412 -0.00059783717196632 0.262905460457899
0.029372109663812228 -0.000627475645095743 0.2629743992563436
0.02725089945242793 0.0014092386319771166 0.2607619872826627
0.027264016378764876 0.001392213788195873 0.2608532146219733
0.027268634458049765 0.0013781385724453976 0.2609505805762145
0.027259312573649677 0.0013675929006435883 0.26106049068574716
0.02723788973829399 0.0013612979705950878 0.2611899237761105
0.027331769072365467 0.0014817768125803266 0.2607211081067178
0.027347742071918868 0.0014637489715159657 0.2608101205324336
0.02735500092822335 0.001447718879462101 0.26090611577322137
0.02734856174244328 0.0014362791340529202 0.26101291747784944
0.02732889593795216 0.0014287354949107933 0.2611416893056776
0.02729286044398275 0.0014083377497158267 0.26122730775792563
0.027425766660417072 0.0015364659430240346 0.26077172378069124
0.027436688713786163 0.0015204364418073268 0.26086414360724886
0.027434073384595338 0.0015071391058317785 0.2609677280182825
0.02741505626389712 0.0014980136089923768 0.26108403813533076
0.02740089514284192 0.0015002273393300847 0.2611950136769985
0.0274988410798874 0.001610216676887155 0.2607379249482597
0.027512265245889685 0.0015943815613387313 0.26082749773309255
0.027514097554201436 0.001579560795479773 0.26092738460683285
0.02749750806622532 0.0015678564526762084 0.2610429466912214
0.0274733043489152 0.00156219013246639 0.26115853513477716
0.02756566828805356 0.0016847670343737575 0.2607092004387369
0.027580561060906623 0.0016678699575102818 0.26079784207799417
0.027584668305927484 0.0016530294138193402 0.26089514953866033
0.027573689748629185 0.0016399261747338523 0.26100825252847537
0.02754959666059168 0.0016335161358844719 0.2611429366664085
0.027642078178980886 0.0017425149391649408 0.26077350364752705
0.027646432828560892 0.001727451108506306 0.26087039405434276
0.027639360699299974 0.0017137218707441448 0.2609789761542405
0.027625693608065008 0.0017119094788201061 0.2611136198765326
0.02768491695356138 0.0018319232830885657 0.2606653307824948
0.02769755761807112 0.0018166376854411026 0.260755128857114
0.027701544708922804 0.0018018329364648533 0.2608519351374593
0.02769597323753501 0.0017880658180937647 0.26095621426268734
0.02773792895417186 0.0019066062496669867 0.26064910836299815
0.027749792140148687 0.001890917506776446 0.26073998007677635
0.02775309688519568 0.0018759826055387285 0.2608372235808535
0.027786997806140516 0.0019822479330665055 0.260636391673218
0.02779778050297392 0.0019661089046391633 0.2607281261651522
0.027832894627503955 0.0020581565862565765 0.2606253958985928
0.027842487387859223 0.0020422612888457703 0.260717551396904
0.02787502438285438 0.0021348641026458504 0.2606167500242298
0.027882831304506334 0.002119297703851497 0.26071008603337364
0.027913235648331716 0.0022129789593698934 0.2606107167788678
0.027919501123332795 0.0021961178999425623 0.26070319395387875
0.027950933673403892 0.0022981596453435227 0.2606155121456654
0.027949159368196703 0.0022686784559026174 0.2606953030267871
0.02797696141597418 0.002403305738270356 0.2605125315112776
0.027973894820275902 0.0023720937820211896 0.26058720132497715
0.027994095927043522 0.0024872669702079575 0.26039471221123756
0.02800090393979157 0.0024658892281054223 0.2605186372260853
0.02799757908463836 0.0024495744041108103 0.26058982180627116
0.028011424630717804 0.002572841976600959 0.2603157644125994
0.02802191381663291 0.002550828958480633 0.26044363900824713
0.028020687906517003 0.002542146497658271 0.26051767905024104
0.025665939052932678 0.00847931457939255 0.2589880474222077
0.028040198538543927 0.0026506022077594227 0.26034354223970296
0.028040653553047586 0.0026369025532210766 0.2604356205814959
0.02473567713207299 0.010873967384455951 0.25953322976647436
0.02804529223432537 0.0028142739176024723 0.26028379778171434
0.02479559886624045 0.010755819205575334 0.25951520945289336
0.024771690482075087 0.010790652483864738 0.25946866999447127
0.028028977561837677 0.0029777971550010718 0.2603191228789155
0.024832148276053276 0.010680657194830523 0.2594632429936804
0.024814101126848835 0.010700281297296665 0.25941076762795523
0.028011117972489293 0.0030957225451632153 0.2602995137885894
0.028025560949900254 0.003066290851145237 0.2603856536770891
0.02559140658571584 0.008716276562545533 0.25897006102816267
0.0248851914046236 0.010564952176970621 0.25942456413830023
0.027993077530997244 0.0031846877905351567 0.26025404875491875
0.02800890056918557 0.0031590303779672757 0.26033325377270683
0.027986126329111696 0.0032674120908613435 0.26028988677143616
0.02491941957541456 0.010477806529224643 0.25940709515426486
0.02490777076717588 0.010498011170930521 0.2593338158848897
0.027948171474353467 0.0033990315296308915 0.26015587216052277
0.027957981754350464 0.0033955665546434033 0.26023944911760255
0.027969416286637003 0.0033474577714106557 0.2602956030644563
0.02496206398540632 0.010382766159953094 0.2593660397781834
0.02494784159601665 0.0104134876947643 0.25928828482567945
0.02792136293075745 0.003497650080553416 0.26012610120144863
0.02793285256533403 0.0034804047350033285 0.2601763758814989
0.027911388442138772 0.003582196704802032 0.26015095891865997
0.027921857745342102 0.0035367213660040253 0.26018975751466084
0.025009128781017444 0.010265833549693126 0.2593997013136781
0.024990499927630826 0.0102937976113055 0.2593276998832782
0.027871068897611727 0.0037111447359777783 0.2599988340696542
0.02789532121585564 0.003661161324058415 0.26009164745227054
0.027865716508997516 0.00377372604851145 0.2600088498101504
0.02503414582002028 0.010185812819445639 0.2593529225002025
0.027832647004018864 0.0038808215162214887 0.25996929815864966
0.027779810129002866 0.004027709410484526 0.2598753267536505
0.027804069303221705 0.003981845979436294 0.2599695652715649
0.025083825358581065 0.010091956140650116 0.2592533308469685
0.02507917886027003 0.010106788708903802 0.25920351189904256
0.02776885638428301 0.004082943808632722 0.2599335505832894
0.025109914772508783 0.010021057172641568 0.2592276681071259
0.025096024720863745 0.010053796312602725 0.2591511252689246
0.027712493151967235 0.004194435701709243 0.2598551472611587
0.027665764199482377 0.004295156877892559 0.2598204155786783
0.027681958648130993 0.004275087662825416 0.25989992947016627
0.025150333335090702 0.00991577833811319 0.25918463512327455
0.027626720638427173 0.004398679279081719 0.25981727339915445
0.027583135194096185 0.004488511252300709 0.2597793225529181
0.027593117547497055 0.004482237020998092 0.25984559848778244
0.025178994111580137 0.009835900745856219 0.2591377076873094
0.027538559458982488 0.004594789336001104 0.2597173349915526
0.02755033611952224 0.004573994914213786 0.2598113509630099
0.027463686249025843 0.004739412910457763 0.2596368088607492
0.02749219895945846 0.004698147088732785 0.2596863923731414
0.025229063896089914 0.009731009755856668 0.25915389141049183
0.025215699441589433 0.009753471580741246 0.2591104671387218
0.027419537285490958 0.004824388445231198 0.25959712505411764
0.02743150584238869 0.0048276099868196365 0.259688986686019
0.025257195657149296 0.009655883059559722 0.2591122918380996
0.02738390468764859 0.0049223577802995355 0.25964616945703234
0.027312588076742493 0.005048279392945942 0.2595414441087283
0.0273360244459002 0.005009951435350546 0.25959697937830783
0.02529001929539059 0.009561503645180935 0.2590475798375579
0.027263162604126055 0.00515521671856195 0.2595204657664026
0.027212119496455064 0.005254851012032047 0.25948350546304877
0.02534139222461495 0.009452308455985159 0.25907374470712397
0.025325601988110014 0.0094742044098593 0.2590010206269644
0.02537157741996455 0.009357983479338638 0.259045179314385
0.025951848084049878 0.0069590239161386735 0.25894470407498155
0.025398676490419957 0.009280537722674065 0.25899782826312834
0.027040603314914716 0.005637223630640342 0.2593963915140598
0.02697592606011201 0.005778989535001389 0.2593248306674194
0.026990092903818423 0.0057609086799415565 0.2594086120807502
0.025441419293657272 0.009171089863987791 0.25901544072463734
0.02694639900776028 0.005843758846173219 0.25937630754387614
0.026895005074190778 0.005932299555344578 0.25941973459779066
0.02546577910160497 0.009096053085900668 0.2589611342177431
0.025493867322430773 0.00900093579730138 0.25892162206568375
0.02562892214443962 0.008594034612702972 0.2589192408633426
0.025633741482451906 0.008589810014038635 0.2589839457545584
0.02593805091919074 0.0069153993205565145 0.25895016769119655
0.02591421415165296 0.006907957834900169 0.2588661758082281
0.025524605908662595 0.008908720016700344 0.2589729215522758
0.025876520182810545 0.006795482324929547 0.2590263988963576
0.025555395495111252 0.008813058532319507 0.25891388995927356
0.02588096494020145 0.006804811725699966 0.2589822233532031
0.019414504204450928 0.023060064707907724 0.267990630252812
0.019463268449770393 0.023009362579031856 0.2679294578676543
0.01955984144912816 0.02286663856842608 0.2679062805534951
0.019595639680935903 0.02280181440250101 0.26784268693658614
0.01961543225989705 0.02275568858395899 0.2677644928819407
0.01976716489111313 0.02210844248460525 0.26748977719182526
0.021369943778655337 0.01926007302484173 0.2630338084618592
0.021437411375485493 0.019102638301910224 0.26299574841990636
0.021722950198084734 0.018451307287409624 0.2624073899477669
0.01939689324229267 0.020326683079821495 0.26536914087992625
0.019369546549711444 0.020275325484206796 0.2653383824668082
0.021834340752759016 0.018089462876387574 0.26216686482737117
0.021842583351396855 0.018047039708375068 0.2620955721083636
0.019343035227841324 0.020214480438358717 0.26533432228104414
0.021865236906138466 0.017952275417644825 0.26211724538591835
0.021879093593278373 0.017888151052378565 0.2620411754555865
0.02188987066937327 0.0178627694625344 0.26195263479358405
0.01932335449620806 0.02015126450693111 0.2653794761404154
0.019294344565892255 0.02011041465686203 0.2653106976125713
0.022025751404813575 0.017491887844450493 0.2616289057247569
0.022022916754142557 0.01745292933977055 0.26154498999280706
0.02204288156460575 0.017358997244776908 0.2615710552066616
0.02204392124874531 0.01732783938517124 0.2615041431439099
0.022057118354960367 0.017288381562380717 0.2614198354265397
0.022072428456029664 0.017235429045168227 0.26145662778751455
0.022106817510468717 0.017070270351989214 0.26141313506510977
0.022113135068468265 0.017022815140417757 0.26133492603522424
0.022141361284911357 0.016976295501921645 0.2614404685775448
0.02214936572925911 0.01695509887710439 0.2613604157645584
0.022134232367749793 0.016912034793279185 0.2612943638292823
0.02215917188078742 0.01684206206390454 0.2613951633969069
0.022149125178517706 0.016765516319635188 0.2614162049654739
0.022131171301505603 0.01674580082096755 0.26137611983715286
0.022080939890274334 0.016695731216617382 0.2612134180902479
0.022030347313317315 0.01659850381217237 0.26117562028102914
0.022746030445639706 0.015458977571113919 0.261370110102481
0.022787848104581364 0.015407392634392947 0.26130004942232354
0.022809790519286936 0.015371536741484837 0.26122553148434446
0.02285842357872396 0.015312183113765754 0.26112737637135297
0.02290365717606848 0.015247556911000548 0.26105535422623477
0.02292728672414812 0.015202540137165599 0.2609633443260553
0.02298115934806086 0.015101058709830473 0.26098989920129095
0.02307882261087879 0.014908120681665027 0.26084239279131693
0.02310130386545252 0.014869439454703148 0.26075462637647895
0.02315217009228311 0.014762333862625376 0.2607812205903926
0.02317354909338165 0.014718719797092994 0.2607185869875922
0.023212470990819738 0.014630748154736084 0.2607411111200028
0.023221547358763306 0.014607439300661385 0.26068648627522795
0.023239586880239582 0.014552695880840405 0.26059894782452653
0.02326828717657828 0.014493568204873741 0.2607085370864314
0.023284765843302677 0.014458061528969779 0.2606264047078634
0.023338519063321066 0.014319672411018392 0.2605710374651084
0.02335759884316002 0.014272643293284482 0.26048733583677014
0.023391837271683383 0.01419042372981466 0.2605183318348196
0.023404170122199086 0.014145345010910526 0.2604586476811428
0.023414378262103755 0.014116851173843814 0.2603588702612077
0.023435260809456432 0.014060637876964155 0.26047335268112437
0.023448199292575578 0.014023129397667589 0.26041029390429327
0.023455384643125916 0.013998758352983864 0.2603277808791488
0.023485600107341367 0.013883962298622543 0.26034704339521825
0.023486233679054662 0.013862102178605062 0.26027875060394634
0.023504646479064556 0.013818138110838596 0.2603619518836313
0.023518672092806656 0.013758110899268539 0.26028928643496224
0.023521391806901625 0.013721774797937791 0.26021866689166634
0.023549285512942705 0.013647134875976796 0.2602527844327991
0.023576918424590546 0.013563212184261597 0.2602857306618572
0.023576865861358716 0.013520945132736495 0.26019332575401954
0.023612711088535958 0.013413255880091235 0.2602215292565202
0.023620623233466267 0.013365695519722054 0.2601636866287777
0.023655135237187236 0.013247289991143718 0.2601130237192556
0.023680473226129185 0.013173301597679488 0.2601329314074431
0.023697766977424817 0.01309583827642996 0.2600619835024203
0.02372904395018966 0.013021926549652785 0.2600937606722043
0.02372896927137627 0.012994088142527727 0.2600076240202389
0.023762833542442033 0.01290323951095862 0.26004260677009094
0.023771211642109588 0.012864261927994947 0.25996389407243503
0.02379606095366235 0.012791675634035382 0.2600113136237253
0.023809478060170114 0.012727373582311685 0.2599257595963678
0.023831571750909636 0.012657752867940297 0.25997260001758626
0.023835339595569174 0.012602725255036695 0.2598757761441626
0.023861484514691104 0.012526740156599214 0.25991940996842267
0.02386249428220301 0.012498283030536239 0.2598517360373575
0.023884945413932254 0.012401492959543181 0.2598784250939396
0.02389851329523293 0.012333368726766103 0.2598903911962937
0.023924028610056824 0.012217734264060476 0.25994105125792233
0.023913259409672295 0.012226808547486923 0.2598570467139776
0.023939613468433582 0.012133137235732838 0.25996395616323753
0.02393650398300684 0.012108764993645882 0.2598815982212037
0.02394704840915618 0.012036821157248911 0.25991628021771
0.02393403130360315 0.011992422145499226 0.2598408495016941
0.02391131023799288 0.011894434280384614 0.25980136567503265
0.02388713403564067 0.011864890807542439 0.2597385566872025
0.023902010049789035 0.011837629978205977 0.2598521144006655
0.023859491158494138 0.011778135263752043 0.25976718154815776
0.023824228861465527 0.01173691067622823 0.25971095346183287
0.023814874318317303 0.011676940560129467 0.2597594481316182
0.02378329584938664 0.011664185988370601 0.25966529068050975
0.026839738237888572 0.006030300553792667 0.2594591285200161
0.026855883274553433 0.005998394998348311 0.2594260082177398
0.026920288168244516 0.005890219759901172 0.25942363199057494
0.02697431850728492 0.005791627967696222 0.25936775243104726
0.027013015791215192 0.005707969443296712 0.2594115077942809
0.027059765508862625 0.005589493785138511 0.2594245686106362
0.027104318572641506 0.005487278338967783 0.2594434887288187
0.027184552974063664 0.005320708850158118 0.25950012063083616
0.027187920921847686 0.005300480350856118 0.2594472305926086
0.027237033031069717 0.0051958676451713814 0.25946849238785463
0.02727443644089529 0.005123413868747151 0.25949868982674085
0.027309745025592996 0.005059590905108657 0.2595882699632614
0.027408303344493706 0.004875220112146972 0.2596672692884368
0.027399904757427554 0.004863892106076129 0.25958151500858007
0.027445539113355816 0.004802425829060486 0.2597049946654019
0.027486137701546072 0.004721064658895657 0.25972706079615415
0.02752823363675065 0.004623623628582596 0.2597347145763164
0.027561946654943062 0.004543513604201854 0.25976764768273036
0.027601211024420313 0.004453268564888702 0.2598117955192451
0.027648302276903465 0.004353286116010768 0.259835945801975
0.02768079170591771 0.004270537717835365 0.2598641394555468
0.027716814183492672 0.004194447981578309 0.25989797027057837
0.027753408730705892 0.004120276354383834 0.25992628056082034
0.027787966923027173 0.004030701427138128 0.25994254193383765
0.0278148767969316 0.003948633893061881 0.2599749282463337
0.027841004422938208 0.003859718902916087 0.2600005078023626
0.027869755430226566 0.003777021697381866 0.26004574665708646
0.02788477942294401 0.003715321804996008 0.2600733715936909
0.027903011079000138 0.0036168273452651944 0.26011358468384566
0.027920245142093736 0.0035259400464630053 0.2601483874680121
0.027941726620824427 0.0034422386351336542 0.2601688743909877
0.027958445110401887 0.0033791613766440687 0.2602016798915583
0.027976825186525146 0.0033144886284751096 0.2603152733673656
0.02797617961448457 0.003302951074650673 0.26025187140613026
0.027994541049370943 0.0032385326739514664 0.2603400204353947
0.02799463615721072 0.0032163344777731973 0.2602875636556524
0.028007316181527867 0.0031410228196472323 0.2602972796853786
0.02802221813571 0.003056283012629335 0.2603474734575831
0.02801258828134983 0.0025112063317538347 0.26057743500647934
0.02799890062622471 0.00244801205385764 0.2606551814902478
0.027983626485624087 0.0023770127257481954 0.2606752063207567
0.027338277657058062 0.0014518844858649183 0.2612595659588555
0.02806848794146754 0.0006874391941015245 0.2623601929504578
0.028203683348572782 0.0005665779994153408 0.2623343559746931
0.028274025047851384 0.0004893038032406372 0.2624505080687257
0.02829173284300742 0.00045607580323436814 0.26238540465018034
0.028705060057245484 8.079420716422536e-05 0.2625304682356221
0.02879816556230412 3.5308506207698542e-06 0.26258078698226206
0.028923519861140043 -0.00010202354918403822 0.2625936868677344
0.029110066718036537 -0.0002825716439124881 0.2627143441388454
0.029195559576134282 -0.0003513919856173442 0.26283439748024795
0.029255353846254002 -0.00043030432775092997 0.26284003841278103
0.029300006668944396 -0.0004996884164633064 0.2629303609806107
0.029347610863790036 -0.0005767377752977643 0.2629674192946076
0.029395467123426687 -0.0006755354535200597 0.26297528180638663
0.02942762449856863 -0.0007244436385295816 0.2630824117166034
0.029434392210827075 -0.0007429042642010386 0.2630219427388495
0.029459434565994994 -0.0007923245374337751 0.26314408474939965
0.02949510063605606 -0.0008662045448380451 0.2631683264418394
0.029526047033653115 -0.0009493775114955416 0.26319675375253104
0.029558128536334244 -0.0010319588432696758 0.2632173828515936
0.02958571636432617 -0.0010989524104751958 0.26332122230748467
0.029584964931312484 -0.0011059142892790863 0.26327327307712645
0.029607236861947286 -0.001200111544047755 0.2632786313697514
0.02963049723224412 -0.0012871726628708724 0.26331291911191834
0.02965264922618846 -0.0013764253846029195 0.26335260217414547
0.029666002645973272 -0.001439132082908523 0.26335341258617984
0.022049078076219877 0.01731374354640186 0.26142886231328366
0.02191906901257775 0.01778122622408812 0.2617673974333734
0.02194936691097457 0.017707406778131263 0.26172269303480505
0.021974688947520235 0.017638016994435513 0.26168965994255133
0.022002378732400144 0.017558708461147154 0.2616634219422282
0.022029127376939378 0.017476419123486464 0.26164160766885786
0.022038110582748377 0.01740916162219691 0.26158330922519357
0.022047516371496448 0.01732909407164107 0.2615542040523542
0.022067338698492804 0.017260065613451614 0.26151564569641883
0.021883835845149455 0.017905612435153373 0.261898821549919
0.021917218398509117 0.017807531678688815 0.2618774908527309
0.023104078146367293 0.014856440243403657 0.2606890492915255
0.02314739176493314 0.014772948727820423 0.26065918804954946
0.023183916051589905 0.014691513955742752 0.26062643999646423
0.021787480405062176 0.018220793209480557 0.26216264039564485
0.021810980806387867 0.01815211563117708 0.26212264727403745
0.021835643465337118 0.018067694200579798 0.2620876972538734
0.021852512767733916 0.01799243742233847 0.2620769216673292
0.021888081940360023 0.017862074359376257 0.26199105996996774
0.02301796622719636 0.015039113777092994 0.2608561780666246
0.02305419785026548 0.014960061151279846 0.2608096298567576
0.023092792421923837 0.014884490121220506 0.2608077559959623
0.02313573279731973 0.014800589322966184 0.2607860854119105
0.0231690903611229 0.014727330208608613 0.26075103986296827
0.023203947361795096 0.014652988697817115 0.26070329248317237
0.023238475346988974 0.014563070970578462 0.2606731878279395
0.023264483415178852 0.014506507274083147 0.260655079257377
0.023299674200149834 0.01441310187910444 0.2606115684927089
0.02172640814093614 0.018415356061263766 0.26232041017557906
0.02175293715117571 0.018337811331472997 0.26231863085059737
0.021848571882158496 0.01804389192946959 0.2621892172042698
0.022952861824325738 0.015151460260532157 0.2609977091140514
0.022999609612822824 0.015074726860378196 0.2609597142226652
0.023034930742998623 0.015003103662092399 0.26093040658150424
0.021626640281545435 0.01867351477487139 0.2625393584007855
0.021656870207368097 0.018599415264553165 0.2625036253089048
0.021557174771978854 0.018858590079281756 0.26271738412246093
0.024721198296297202 0.010899438379381177 0.259494142077465
0.024754674024037263 0.01082949501734265 0.25947771395648267
0.02479198077024928 0.010745874682243917 0.2594456679513485
0.02484409423433937 0.010650693616474027 0.2594302574718155
0.024873574419281022 0.010580708926242188 0.25937742688759613
0.02490387242099395 0.010511411522001524 0.25936309509574346
0.024951476299152002 0.010412602633451562 0.25932874450436816
0.02497092088790276 0.010346100038992057 0.2593184037356123
0.02506388856081382 0.010135110888668253 0.2592139823372346
0.025092701873642126 0.010070864173245375 0.259194432821608
0.025127228426009715 0.009973664222089673 0.25916117262953203
0.022727436423033653 0.015481533585644247 0.261417878010451
0.022782618575339135 0.015411642316528529 0.2613758290655376
0.02453342974993291 0.011153698255634725 0.25967358434540594
0.02460694962208372 0.011066472148284434 0.2596922258339581
0.024662407650233073 0.010998718754492931 0.2596512179853982
0.024706905005916747 0.010932569554744698 0.25960636958732386
0.024749097097953955 0.010852374675576038 0.25958195520376315
0.02495020587061421 0.010410094243841705 0.2594285951132441
0.024986789302972857 0.010321506528966407 0.2593847609422125
0.025014279244577005 0.010238596211509687 0.25933172397897164
0.02505736032894574 0.010139371630340843 0.2593158478817974
0.02517519805429514 0.00986037200166412 0.2592079926770887
0.025208316056084708 0.009774565857564754 0.25916412169587943
0.025274270558229332 0.009607444699571144 0.25911839311949947
0.02530079141793002 0.009533981392090884 0.259091333018709
0.0253193316095634 0.009498972156219698 0.2590552176203599
0.02535088191156691 0.009418574769328003 0.25901534813422744
0.025376089065266172 0.009334539020455834 0.2589797703600716
0.02540572290893018 0.00924945911484637 0.2589611041426941
0.025437717145533535 0.009162237192091582 0.25893574276230724
0.0214137888545098 0.019155590115174426 0.2630357406913445
0.022640250189190983 0.015603864432693793 0.2615376125346639
0.022702418028446067 0.015517594972262183 0.2615083831032771
0.022758809530150463 0.015438802915000882 0.26151081673185506
0.025461214727978826 0.009117735314299491 0.2590237927787309
0.02548199119410463 0.009052243737548649 0.2589898386695538
0.025498568968801975 0.008988252926521445 0.2589513602601511
0.025516604758518163 0.008928386449861103 0.2589298602563931
0.02135702530544279 0.019257473391345592 0.2631751038246831
0.02554001266270877 0.00886693658158244 0.2589970529629164
0.025558792718526346 0.008812228857200899 0.25895977286907956
0.02557551940168526 0.00876489779727141 0.2589637377444182
0.02561672599881383 0.008638911346517564 0.25899065880642425
0.025646763874837393 0.008543086981506076 0.2589637633333082
0.02565805562977276 0.008506192377857658 0.2590525962640946
0.02568469306106863 0.008424900994715545 0.2590181763166688
0.025706738374270004 0.008360716992883932 0.2589857900005041
0.02572734615462182 0.00831548997701459 0.25906166907946876
0.025749650795954142 0.008243149236590863 0.259030441971854
0.025775594031165222 0.008171263081062419 0.2590005803997233
0.025800696395432025 0.008085705352453287 0.2589617004449463
0.025832361167554475 0.007974908203178588 0.25901609622253097
0.02584977652398887 0.007901481984603331 0.2589821074613591
0.025869020892154433 0.007821519846669345 0.2589362079876047
0.025906589269655944 0.007704636137424892 0.2590042078319072
0.025919713309833656 0.007645832200070146 0.25894915882627584
0.02595364282593269 0.007515206784925954 0.25900435498334934
0.025962379386199948 0.0074492734582025655 0.25896165598287046
0.02597421268114993 0.007421919414361655 0.2590416265012893
0.025981694786958262 0.00734811583831585 0.25899855720415643
0.02598832635958749 0.007276023061533188 0.2589743542357388
0.02598756723002745 0.0071956199608192994 0.25893115682241463
0.025973736330450914 0.007117911804613519 0.25888237916691526
0.026964295093233046 0.005815728055910907 0.25941483849924996
0.02727636592190074 0.005129931827228207 0.25954360893537276
0.02748744934189848 0.00471993297292056 0.2597027723176831
0.027544479491153545 0.004591838786015601 0.25975815456986834
0.027585700570836737 0.0044931286907291534 0.259816450784825
0.027638812252364253 0.004385353859526042 0.2598716076605929
0.019198321817416306 0.023303420696976107 0.26783255874962264
0.019253619826068227 0.023244460708027215 0.2679146123658883
0.019400314973373814 0.02307680838722248 0.2678873768580763
0.019457094799762695 0.02301166082774808 0.26787606222552485
0.019578250672996927 0.022826539324918516 0.26781106854297815
0.019297567840841162 0.02318559970848788 0.2680165127158914
0.01937539209976044 0.023107309057127656 0.26797983390002655
0.019445170941157386 0.0230273591322957 0.2679632079410264
0.027786591081486386 0.0009401353559224668 0.2623304091992883
0.027885363754324134 0.0008481447777619611 0.26233715342868713
0.027974959748251822 0.0007680925136610561 0.2623165277581665
0.028132885913606534 0.000637109085094345 0.26239290505543
0.02819952894201723 0.0005727641336988332 0.26239145099416766
0.028251168437204897 0.0005044290172198651 0.26238884986122796
0.028316324532038195 0.0004444651057796678 0.26245994469670053
0.02838000798522406 0.0003781237088369971 0.2624499698361995
0.028465178681390313 0.0002910292168719075 0.2624460897222965
0.02859544509202206 0.0001749991570498266 0.2625187455773861
0.02869164186450393 8.661424643618965e-05 0.2624980686762667
0.02873758626643235 5.349736060289434e-05 0.2625827002495957
0.028852191175272636 -4.27413357496631e-05 0.26258565867723166
0.028897799682079395 -8.828892834428226e-05 0.26254701267594194
0.028973288324685896 -0.00014455557294468235 0.2626605029188831
0.029040743904054964 -0.00022024498827544203 0.2626478109797533
0.029035335139043952 -0.00019825044483340326 0.2627123795047468
0.029094576646233966 -0.0002606266663282564 0.26273055369572956
0.02921210015826744 -0.0003789028259731375 0.26279332491269225
0.029252900919783054 -0.00042418482382095 0.26291551698539195
0.029294242031514303 -0.0004936688009211654 0.2628696858441541
0.029328652414946317 -0.00054407493607328 0.2629363242861459
0.02936528529941171 -0.0006135976572589352 0.2629273651559043
0.029345443873672793 -0.0005777038454299888 0.26303119951773624
0.029385995910606054 -0.0006505266781251517 0.2630275013102234
0.029426500607266745 -0.0007309332427586357 0.26299435927027004
0.02940452340857598 -0.000681691360873371 0.2630950253360822
0.029452064167056105 -0.0007760171132138449 0.2630628642893247
0.02946784972995907 -0.0008100986227443374 0.26317199978131495
0.02950089375577168 -0.0008865443481108626 0.2631215280661541
0.02951700782867278 -0.0009250109406401807 0.2632285079774165
0.02954261746329525 -0.0009969601781888993 0.2631885921906817
0.029560040502915316 -0.001025485528262926 0.26327723033254824
0.02959697609288226 -0.0011445414059628733 0.2633018112332415
0.02691018611275276 0.005906477382604414 0.25942163797982265
0.026810781177202626 0.006075442275361775 0.25947632422035705
0.026706755102299813 0.006222729671151617 0.25947226435807336
0.0267610254399882 0.006158592054147594 0.2595082813447913
0.026562968664121778 0.006359919006992509 0.2594828365871471
0.0292275618836189 -0.00038746992740390507 0.26287512471722885
0.029279296480891857 -0.00046685793162498657 0.2629131058603238
0.029319434066384577 -0.0005274013145524226 0.2629812413541176
0.02803294746150608 0.0007162680586297321 0.26231601475499755
0.027888944893816325 0.0008417518264478563 0.26231059727283895
0.027965545407890695 0.0007804856945684002 0.262361136418341
0.028009484141485214 0.0007410902423778398 0.26239247370023994
0.02472797174838727 0.010889245419405502 0.25945770466792867
0.027811451864300424 0.0009226985465005111 0.26233955785793606
0.024712224075559446 0.010918141502042233 0.2595566193170397
0.02762632944563781 0.0010455325076891286 0.26233176233439903
0.024595508349763102 0.01108096893585625 0.25958992737386327
0.02465201355909001 0.011010535162020607 0.25961672412967796
0.027400392032451384 0.0011406942495743033 0.2622916576263962
0.024461459164027297 0.01121580985438525 0.2595879715124598
0.02458081777727826 0.011099900862077516 0.2596683636068785
0.024294654027773088 0.011317117321621883 0.25955040061279916
0.024374468746381363 0.01128484254995954 0.25963489008852025
0.024450654604852726 0.01122654302668008 0.25965631478581963
0.02306696441021365 0.014936953696976785 0.26084062273340247
0.023021216349023786 0.01503436768562999 0.26090748015940773
0.023048582469960617 0.014973801088651872 0.26090845901351334
0.022927577081282638 0.01519718159559269 0.2609151273588658
0.022967612453586014 0.015129990943181126 0.26095759772727767
0.02291934471179153 0.015218760315123259 0.2610342341057611
0.022850009908971534 0.015318181122846941 0.2611771228068872
0.022784118113376453 0.015411020431543576 0.26123937870406966
0.02283330035962023 0.015331035637164592 0.2612650964240808
0.02276211647416128 0.015441818572603183 0.2613218358509953
0.022811512704363213 0.015365807449915003 0.26133031112500366
0.022756047106497097 0.015445832388790881 0.26140035995019906
0.022744468849350247 0.015463531891951043 0.2614638822458859
0.022671730532308892 0.01555669391330361 0.26150977834170563
0.022479693078495372 0.01576221914939019 0.26147481391600813
0.022552643201769806 0.015714095714235043 0.26151267768104947
0.022606738367826375 0.015651727175860664 0.26156866367063936
0.022442192517029058 0.015783764260941247 0.2615405578180673
0.022520389637719115 0.01574098005089497 0.2615968166936915
0.02196288251963934 0.01768098451715061 0.26175038938559525
0.021923899063247793 0.017781735262065834 0.26180779441087
0.02190045179160046 0.017873062735242196 0.2618914104798731
0.021851688042732416 0.017987683771507557 0.26204105960196133
0.021870287441779726 0.01792285460167148 0.26207392414658703
0.021799402161018576 0.01817867598447631 0.2620913650058328
0.021828211605126532 0.018104382372430283 0.2621176982555247
0.021854661041700543 0.018011284242140324 0.2621344320907525
0.021771641290624977 0.01825889258431268 0.26216340537358374
0.021804174546142335 0.01817954163805846 0.26221149774318653
0.021764771450077186 0.01828483651831586 0.26226565818273484
0.02170249047495059 0.01849789230938198 0.2623834233615037
0.021666777870444215 0.018581351461218698 0.26244411551877356
0.021600377062021905 0.018764786763817987 0.26259535000492396
0.021620134529349085 0.018700305235666126 0.2626061550182056
0.02155781003540687 0.01885581398291797 0.2626620551361215
0.021585436330280414 0.018801947442754707 0.2626804522033444
0.021498138672721483 0.018961368752814678 0.26270432408604116
0.02153576064802807 0.01889923405363242 0.26273949080797476
0.02149148111567753 0.018994024255691522 0.26281271786245874
0.02145156410852936 0.019065014085243415 0.2628510293338548
0.02140681293703913 0.01915486764120905 0.2629218250549867
0.021449032922549294 0.01907857896085008 0.26296684270677567
0.02135773737665715 0.019258317122656243 0.2629786979541699
0.02140289617197884 0.019184213064596722 0.26302848711749094
0.02135333619119449 0.01928352481810397 0.2630785315289669
0.021291684229966204 0.0193535705883075 0.2631402741937401
0.021336781617538852 0.019290652426090238 0.2631968023972966
0.021265818825285568 0.019383318589758947 0.263214368797797
0.021310482902939867 0.019323295244382088 0.263249849652875
0.01793712864698009 0.023867316513127512 0.26844873858471296
0.017991137367021015 0.02386094231643865 0.2683535733648261
0.021262174373778808 0.01939282523398622 0.2633165904564059
0.01815065238377664 0.023820036805004607 0.26837150344747446
0.018039468121025887 0.023852870734919873 0.2682989485912421
0.018213394134284674 0.023803296005518726 0.268336779388441
0.018070444053867207 0.0238467789194704 0.26823188940940146
0.021212181461558746 0.01947187779952758 0.26337122133420493
0.018247104650555998 0.023798961882532832 0.2682481891227756
0.018315130874696883 0.023780019759534643 0.2681698952219566
0.018340498798840144 0.023774831732177093 0.2680996471209374
0.021137896192710462 0.019600381677423506 0.2635216626848963
0.018514099143829774 0.023713968073977854 0.26808961958733835
0.01837608249826432 0.023763935978169837 0.26802377813992473
0.021028867992038347 0.019743647277788046 0.2635326207052645
0.021077466210103604 0.01969228977937426 0.2635549170605173
0.018626604134640512 0.023670777578840563 0.2680966868337945
0.01851298595656309 0.02371318816732898 0.2680226573363328
0.018676801928118603 0.023650862510254445 0.268025938987374
0.020947468059905383 0.019819125154102446 0.2635745919267837
0.021009257746126685 0.0197722566957923 0.2636192045493507
0.02107521392543967 0.0197012240925048 0.2636544726905072
0.01877617098226847 0.023603937699507638 0.2679938679628544
0.018895919414785328 0.02354151859292758 0.26794666250296356
0.020940674017985217 0.019829000884885206 0.26365947401344453
0.018929614410932633 0.023517145034090692 0.26788025020090844
0.019359101614331797 0.023119846133216493 0.2680354410929753
0.019307478765403147 0.02318204963000753 0.26796109012287095
0.019239958515620298 0.023254446862037925 0.2679497851653919
0.019182726549159812 0.023319208249245882 0.2678753163092038
0.01910150843142927 0.02338955008218807 0.2678327257728061
0.01936605641364031 0.023118059448085426 0.267938957851307
0.019277271956727876 0.023222649421705543 0.26786188637131014
0.019219260555233444 0.02328037891186735 0.2678025263438311
0.020753814031072182 0.019946228941149724 0.26376793168636486
0.020800614772279583 0.01991829177965765 0.2637732804460532
0.017512580207684536 0.02391550104638218 0.26840058149959833
0.017470987706733207 0.02392224311729746 0.26832076041438657
0.017427921070927416 0.02392566913795391 0.2682398196251463
0.01738387520134263 0.02392773474164217 0.2681583863251154
0.017337812767429114 0.02392794134208015 0.26807602432964284
0.017605239506868556 0.02391170554842237 0.2683828061410938
0.017563629046093265 0.023919275970116782 0.26830291862974537
0.017520290541399697 0.023924406360619765 0.2682219552410798
0.017477468905459786 0.023927368090864987 0.268141017530775
0.017433625985193046 0.023928681659519335 0.2680597514278792
0.017733981880885957 0.023897146471841435 0.26844272814474407
0.017695198501803983 0.023905473825826973 0.2683636856556475
0.017654941926127043 0.023912876791474635 0.26828443151118564
0.01761173393157804 0.023918988052688772 0.2682036090471461
0.017860476882355175 0.023877397908124487 0.2684810117787725
0.01781940118991629 0.023887173933433592 0.26841957948986983
0.017780795159981655 0.023896470446156393 0.2683423949777972
0.017742506699298777 0.02390382227889598 0.2682642683566371
0.017701219214007163 0.023910251873087263 0.2681843145169742
0.017912610840892643 0.023873594495930517 0.2683910129247637
0.017866353180412645 0.02388313685954946 0.26832032243358217
0.017986546141051246 0.02386044744791843 0.2683957590620379
0.017959696744778167 0.02386758673119499 0.26829689347928
0.018071034769568034 0.02384247996723371 0.2683586580406342
0.018022132892624873 0.023857311482681998 0.268263327590195
0.01815717092074294 0.023821104591531084 0.2683108079113309
0.01810999078476494 0.023836366882435955 0.2682642536081417
0.01822178254179771 0.023803986462221705 0.2682839084229785
0.01818792235113699 0.02381591089057189 0.2682211399460419
0.0182583020457589 0.023797029961833027 0.26820644333708316
0.018229509920833137 0.023805978358101165 0.26813528930454467
0.0182886065045354 0.02379063419709071 0.2680882594436305
0.018377477006846984 0.023763476644004855 0.26806622175025585
0.027843602785460803 0.0008876759724173455 0.262342865269784
0.019268903238129215 0.02005571843859777 0.2640210285513198
0.019389149927375282 0.020078733401229842 0.2640038809765524
0.019497066315759495 0.020099767636787058 0.26401157623175486
0.019603437794285514 0.020118914124383103 0.2639886243457992
0.01970432920885644 0.020132140419921507 0.2639997512938179
0.0198069547023072 0.020133774968952522 0.26397996306136895
0.01989136911575544 0.02013317349091004 0.2639506086098095
0.019998338373363164 0.020124532012883056 0.2639382637086613
0.019948921436438463 0.02012221209015469 0.2638752630507003
0.020095164532767162 0.02011695232399513 0.2639360639424384
0.026777154419229218 0.006120688523248374 0.25945565156449524
0.020178930478002205 0.02011088838716446 0.26390804351972574
0.02015603011998965 0.020110208960770815 0.2638378028400403
0.020266555602056063 0.02009736031938797 0.2638898892608101
0.02020848305317831 0.020100036086226347 0.26380651614920525
0.020349929600755406 0.02007969489925876 0.26387147261148014
0.020307117829584276 0.020083590183837874 0.26378411172602656
0.020424641550836953 0.02006356216491767 0.2638635829982012
0.020393040737037002 0.02006670993002163 0.26374544875658584
0.020501608882275993 0.02004684670320145 0.26382570806545186
0.020467929396693327 0.02005231946996594 0.26375393734388086
0.020572550792595012 0.020026236481321735 0.2637980728955707
0.020672041673335695 0.019988329776424174 0.2637693057967728
0.02063111245165454 0.01999963455089554 0.2637052421636669
0.02071822811013324 0.019963901057706512 0.2637387463128478
0.02078808803935421 0.01992433054508791 0.26369877052742285
0.026728976116300505 0.006203375074710027 0.25951438963591655
0.020860903026021768 0.01988239315284679 0.2636507048707789
0.020947129581894708 0.01982095848783766 0.26370298901366673
0.02090926781238775 0.019849667867809506 0.26361406811111043
0.020987963110850362 0.019789594332336125 0.26366613024452423
0.02097762404651666 0.01979683839360008 0.2635802621100091
0.021050187524762717 0.019730292934929394 0.2636055757931695
0.02666381209324683 0.0062701043220182995 0.2594735075108112
0.026568182815899705 0.006345176560035359 0.259424620606704
0.026609392425456874 0.006322280065158281 0.2595034232221587
0.02647305235935491 0.006400247120267655 0.25939275314628957
0.02650664825735885 0.0063931405455278645 0.2594863877784124
0.021607487108739554 0.01874340080909237 0.26262066583151816
0.02158837249789941 0.018787643070783566 0.2625730958059466
0.021620653924550398 0.01868916073476573 0.26251426070429934
0.02165476538616383 0.01860883043209255 0.26246837056528205
0.02168470049950047 0.018541350083303376 0.262421608416948
0.021717988911213834 0.018451310426945644 0.2623558696321358
0.026380850145124805 0.006443251299325048 0.2593690950002364
0.026420249808941032 0.006436533098514552 0.2594511660400071
0.021738372566199128 0.01837530746485605 0.26229668058531924
0.02629156419489599 0.006478346235041954 0.25938256977588436
0.02634333319049497 0.006466655827026935 0.25946255153664965
0.02621845799187518 0.006500566173440414 0.2593918308566771
0.026267390030251095 0.006489270044138795 0.2594884137986657
0.026176137704356547 0.00651244528450623 0.2594375031774483
0.026181033291375846 0.006508094941997999 0.25950621508433347
0.02170477150547838 0.015956604846536937 0.2614024176942997
0.02174246022520581 0.015956299722062972 0.26138851755025866
0.02189421893046873 0.015927121588013737 0.2614513995800472
0.021848724635151938 0.015932749876179375 0.2613891886222829
0.021956545926413662 0.01592392925356556 0.26144169625189384
0.021937888288803595 0.015923893662836863 0.2613758924291165
0.022044806039465722 0.015916064351651493 0.26142347099025187
0.022029078729133372 0.01591440879035466 0.2613314676602768
0.022158719905984905 0.01588988675873526 0.26145611623559883
0.022125251316350694 0.015901951663036484 0.26138733251011015
0.02211818016466016 0.0159013955231998 0.2613195236255724
0.02227394950913404 0.015846662472646433 0.2615137144304508
0.022239115537929524 0.01586586081603447 0.2614359359298142
0.022209121629768958 0.015877673846041995 0.26136278728187523
0.022393994343667456 0.015800050441677205 0.2615564280953692
0.02235169115146521 0.015819398794014172 0.26149209770370757
0.02231246654013072 0.015839195327630395 0.26142829813535134
0.02227849770121998 0.01585173013022312 0.26132032238202213
0.02245690720952611 0.015776962478415424 0.2615039542269977
0.02239158902550875 0.015803336151832603 0.26143178317748916
0.022356065742089995 0.015819425561710287 0.2613792190354821
0.026079658771898856 0.006521446483528481 0.2594450693989618
0.0225461645086625 0.015723908041752777 0.26156621843341904
0.022512450693437686 0.015739657105252935 0.26146852862145353
0.025841395966298725 0.006541189278008952 0.2592149072436589
0.02593592351528566 0.006525713286004986 0.2594186817294368
0.025962551172760105 0.006528220712562927 0.25949188936953993
0.022588604008525012 0.015673705152339845 0.2615226345574325
0.022666684823582084 0.01557227278991552 0.2615787375624593
0.025818621202418263 0.006558548584400081 0.2593650804470336
0.02584315253636138 0.0065280052170150205 0.25942913956007574
0.025876256491165865 0.006529047176108471 0.25947919164192607
0.02580263345529693 0.006543489136366432 0.2594340778605134
0.02578968712992758 0.006538306176735231 0.2595228908696331
0.023296084795552424 0.01442532674596031 0.26065856269134013
0.023282466213434272 0.014457343253045263 0.2605846111667097
0.02332034216098404 0.014360637060277792 0.26059092501479353
0.023363805301880355 0.014261333618957983 0.2605387968388667
0.02334820923309626 0.01428819078638116 0.26047031864601317
0.02339368195317168 0.01417997560210632 0.2604780217247032
0.023374256029858764 0.01421935239937816 0.2604260615578438
0.023421325213295346 0.014099204831813539 0.26044622853775945
0.027357018511034503 0.0011534788126998374 0.26230544713275394
0.027417282163906743 0.0011346575849355278 0.2622700769697922
0.027558254867466686 0.0010828017777328447 0.2623324207546498
0.02769241065032644 0.0010012575333950835 0.2623406185434168
0.027995838075313334 0.0007514473437254532 0.2623373206193676
0.027906236050292327 0.0008248944044876305 0.2622979726527425
0.01934683321671872 0.020075831572511416 0.2640636084994317
0.019438728105468178 0.020092729758008465 0.264060825093491
0.01944199756865958 0.020086826365117383 0.26399531324370173
0.019572335681069142 0.020117004121154025 0.264025136115698
0.019652170224980864 0.02012895954051902 0.2640224514283394
0.01974251344361859 0.020129433458197288 0.26396352163919834
0.019860364442706377 0.020135292930741566 0.2639776232488765
0.019850327694413028 0.020128708840617737 0.263923796876707
0.019917636699309432 0.02013442994777398 0.2639837390304284
0.019917832180574607 0.02012873129622572 0.26391926149978706
0.02012170822746942 0.020114716869277405 0.26386152459703105
0.021686769235160684 0.018532921984439454 0.26237934528783635
0.021760216205981467 0.015957536595632205 0.26136177312111036
0.02181662968124419 0.015935471488654707 0.2614223422820989
0.021814480304132217 0.0159319438681762 0.26132813983323583
0.021877749865283486 0.015929251159958135 0.26141452274158106
0.02189413604198713 0.015924649661950063 0.26135936000751975
0.021993192665166868 0.015919920824041256 0.2613672804428778
0.02206776726249224 0.015912099382737854 0.26135884033685397
0.022164366531775587 0.015890581142210425 0.26131229153344804
0.02221810363702599 0.015874098497830558 0.2613118636858631
0.023850489084544027 0.011415701125820743 0.25955548889895486
0.023884809553172 0.011402385044029184 0.25946758861454755
0.02390277967056429 0.011399928325781072 0.259406623686791
0.023953559781539166 0.011396727276973051 0.2594989488947026
0.02398984217790813 0.011393087233180776 0.25941670628898683
0.024045290223405555 0.011392681606961608 0.25952561013978137
0.024046394489067494 0.011390170089935203 0.2594314807831514
0.02412239868447936 0.011368666182126785 0.2595547455049041
0.024133547159380847 0.01137123669637119 0.2594779950354339
0.0242020181777425 0.01134729717113786 0.2595732609730828
0.024225672568237364 0.011338216447618177 0.2594845240181504
0.024281454781971912 0.01132278306697676 0.2595754627463846
0.02428587602339033 0.011314835922631605 0.25951206860453313
0.02434990881768552 0.011300317249860692 0.25965318667742154
0.024335379622046724 0.011300963349316406 0.2595908368038885
0.024405399298984262 0.011260562504610439 0.25966601335334777
0.02441904835759961 0.011248268803826844 0.25959512361699644
0.024493906646076535 0.011189938760641616 0.2596289826026328
0.02455903880714854 0.011123638527285595 0.2596266008278694
0.02462196401077077 0.011049086840335232 0.2596369616059271
0.02462023179914094 0.011052748641461385 0.25958698678971553
0.02726969841065069 0.001173264861200507 0.2622958611819045
0.027443163736755795 0.0011234289713077383 0.2622784176725718
0.027503111845828224 0.001102501386123944 0.26229811415187687
0.027314680283806216 0.0011617257252222735 0.26228947485836945
0.024383444887617803 0.011273972497933216 0.25960162718790336
0.02432324084108057 0.011302038092835087 0.2595407522261921
0.024288474281859575 0.011319617100257529 0.25960972636814383
0.024239891578557063 0.011336881248655228 0.2595416945261878
0.024159385597477198 0.01135584722353522 0.25958991731133363
0.024180082977294237 0.011354522044817017 0.2594602871000784
0.024128136492667367 0.011370625302797144 0.2595183169089471
0.024037899917507558 0.011389320046576057 0.25956961356340397
0.02408063387166215 0.011385586594772068 0.25945567193756014
0.02400452833404225 0.011396058684081445 0.2595157372311087
0.023920457349106347 0.011394577323379729 0.2595648446150991
0.023787327038636674 0.012816880148135423 0.25997228137427303
0.023768865078988913 0.01287915402394224 0.26000701449590025
0.023742599237598284 0.01296426310432891 0.26003262644646574
0.023715058008937834 0.013056529262445271 0.2600765019406547
0.023700095415878114 0.013112853002286429 0.26013028858992043
0.021736582085618343 0.0184028577211095 0.2623774836128594
0.02170770916248873 0.018492040429801737 0.2624383289222946
0.021676837520843734 0.018555634260464193 0.2624651413866317
0.021648122905302658 0.018621102615783924 0.2624936598684645
0.021622350230334958 0.01868561877301611 0.26254508513541575
0.021605612004109542 0.01874462392540882 0.26258308191914725
0.021583721979856745 0.018807160430451608 0.262625094051624
0.02171247385630476 0.01844970542226232 0.2623163752764718
0.021681360583206147 0.018530991743128944 0.26234879137397055
0.02209938996772215 0.01712118734736895 0.2614341227398319
0.02207982149408602 0.017227480888558966 0.2615038044077285
0.022054037383091765 0.01729785662974831 0.26152624253537515
0.022035643148914458 0.017385666220789964 0.26154447482185067
0.022061949310020174 0.017268009782301585 0.26137475312680225
0.019282530151630964 0.02006779526648428 0.2653492679662058
0.019316855424282728 0.02016068375343094 0.26531138038974417
0.0239259199760695 0.011907654254870226 0.2598525923158354
0.023871293419352575 0.01178228069509979 0.25981815101487626
0.023902457783919154 0.011884429052471612 0.2597751613839474
0.02383765061533112 0.011735729154266628 0.25975821095995777
0.023868408907693213 0.011823836692413436 0.2597251175758355
0.023801339235337726 0.011685321905166357 0.25970373785263756
0.025939328364351963 0.007581711418058135 0.25900828641586315
0.0259866927084084 0.007316640401990093 0.2590219310760924
0.02597339788541838 0.007402234449044254 0.2589965083757923
0.025955673905577473 0.007492129164120953 0.25896942983004323
0.025993186256483482 0.007203273832958157 0.25896810424022654
0.02598324012276132 0.00730128572419797 0.258949455816712
0.02596922029046752 0.0073735148681734475 0.2589066994749248
0.025857537775354565 0.006733262122617989 0.2590928647163818
0.025976188628275887 0.007099119521327968 0.25890761854932237
0.025837265998526385 0.006739413425698004 0.2590517380469975
0.025912373108741026 0.006855602681768325 0.2589637613860639
0.025954113953388973 0.0069862783516505544 0.2589184077733202
0.025883751269979154 0.006829714619018823 0.2589002223338758
0.023798454685569653 0.011644093458654303 0.25971787972913374
0.021941597818547882 0.01647351652189233 0.2611621136401949
0.021657604027199073 0.01610768059815476 0.26120151990718926
0.02206266963391676 0.016646016512243234 0.2612007350779234
0.02168522179271784 0.016174678407598952 0.26115919737114246
0.021676057106990505 0.016125925204780067 0.26121048204283315
0.021674228291758663 0.016115960819176045 0.2612396774577879
0.023891328229811923 0.011841646926512683 0.25978256927324256
0.022084416788741727 0.016679698345005378 0.26132607124468626
0.021772143132024246 0.016245455589910862 0.2611616172341903
0.021822946702938065 0.016327551937564133 0.2611024665766758
0.022113595389849458 0.016738715139933635 0.26134626608941924
0.021881232690334332 0.016394375653240034 0.2611204440013109
0.02384368747581586 0.011756656312882696 0.25974315675297954
0.023840472803814586 0.011790438093102484 0.2596853285953994
0.021927303209765527 0.017776541899933163 0.2618399991523881
0.021959703574516626 0.017691828265310683 0.26178400146428354
0.021976613449565058 0.017623173465028452 0.2617255778395753
0.022004494075768974 0.017550316375251063 0.2616858245384337
0.022032290461305185 0.01745717379510625 0.2616202442226745
0.025991457687279056 0.0072367703698502095 0.25896895521892777
0.025992374051808494 0.00716432919527954 0.25898011105161195
0.025945211609003836 0.006941470027819474 0.2589311388251187
0.025911369041486693 0.006869591548609666 0.2589197504209138
0.025894003483606057 0.0068139343791817075 0.2590500127416008
0.02585379774905098 0.0067710593383421 0.2589728851856828
0.025835107121104525 0.006706675030612452 0.25908343788825106
0.02584335665354863 0.0067342510721894455 0.25907510947031
0.02424547866257365 0.011332744025844332 0.2596054478231975
0.02184548349556458 0.018030072406533926 0.2620832657509807
0.021890711851345168 0.01787652223918268 0.26192892297907416
0.021725270692429674 0.01593529973760488 0.26143968517298727
0.021725508324916584 0.015961066488611286 0.2613395971668458
0.021849370352686692 0.015931624650515286 0.2614176295578524
0.023885232033277318 0.011401771895640955 0.25951832482409865
0.02393081171249764 0.011398606351243123 0.2594514357287928
0.023995296170927993 0.011391660559206318 0.25955538454453364
0.024020273696143513 0.011395291894143345 0.25947591021257244
0.02407350202112571 0.011381133941218147 0.25957661571286195
0.024095574060162495 0.011382307472278919 0.25951685889469356
0.024171822614301224 0.011357156771612142 0.25952669518707044
0.025822699015542128 0.006532610019825746 0.25942305812297833
0.025840147774747073 0.0065552872806723395 0.25932565143510367
0.025909354256284566 0.00652854975373951 0.2594709107111129
0.026026350070244994 0.006526838291283921 0.25949157553659014
0.026129844026568615 0.0065193281636730105 0.2594627065794259
0.026145742306031533 0.006511777710846045 0.2593996071129287
0.026231309739157098 0.006501294528337032 0.2594383053076254
0.026244719223013427 0.0064884712532063404 0.2593495585851078
0.022054357551133226 0.01729324650525349 0.26146476748072234
0.022031395892054183 0.017370239908626517 0.2614880554980139
0.022014869120512953 0.01745065480181468 0.2615066725272065
0.023791897145702623 0.011655560591546155 0.25969361037738853
0.02176128529121813 0.018303508467968133 0.26229992835041155
0.02173271748719223 0.018376620639992902 0.26226082021091396
0.021815105896857742 0.01813983206330072 0.26221644937363464
0.021788125069981817 0.018223586309059847 0.2622139784429576
0.021768778293220062 0.018271399928537824 0.2621970124351377
0.021842760833431306 0.018060781156741923 0.2621329030753603
0.021822505593362435 0.01812567885303007 0.2621529454546164
0.021792722506609866 0.018201015010490873 0.2621195273394311
0.025857586935948744 0.006531894047977438 0.2593831889256699
0.02587574568841989 0.006527907575030467 0.2594421141354034
0.025811527574165168 0.006544073861690647 0.2594004378018652
0.025831560356046564 0.006531548770722151 0.2594758831936816
0.021773560363714764 0.015943102506094764 0.26141707593038455
0.02176560061680103 0.01594605069622984 0.2613257954636679
0.02185007405593127 0.015928706439820528 0.26145039918171487
0.02184503918518456 0.015930507915719372 0.2613532067063829
0.027381600680220976 0.0012021229200390726 0.2618913314152555
0.021657089800399994 0.016105352346378665 0.26120944489390635
0.021642960195622146 0.016115966122499326 0.26118080699375146
0.025886181046927213 0.006854709290031624 0.2588620568873967
0.025860111901456415 0.006779799061739755 0.25895710157347485
0.02584366738444116 0.0067571048801691735 0.2590125797005428
0.025936271734105155 0.0069324072322233254 0.258911293997763
0.025912888714578967 0.006847222831673994 0.25899844629435287
0.025868426225019836 0.006773493586558432 0.2590649376045888
0.021961101974054015 0.016517951065126157 0.2611312642968373
0.021910194879165783 0.01642180902605539 0.2611651086481142
0.021902312539442845 0.01643977882387737 0.2610976752736863
0.02186571808950165 0.016360559327561974 0.26114294508081026
0.021862767632027623 0.016386160791363846 0.26108837291984976
0.02181252334148965 0.01628682258991354 0.26114075142976517
0.021751991610223106 0.016245784806498464 0.26112023028110676
0.02723245540819305 0.0011818181128883665 0.2623094773654192
0.021959340146656833 0.01766715871368041 0.26165785510626016
0.021986558262353045 0.01759843875083028 0.2616744665295534
0.02198091580052551 0.017588105686606903 0.26157601034179323
0.022014746705315127 0.017526276125684637 0.2616641448961817
0.022016644445411876 0.017517866874654953 0.261609749248565
0.022006416206211396 0.01748784416886373 0.26151986844772396
0.022035948142795428 0.01743099918643043 0.26159362745865655
0.02178146734825908 0.015933072466971454 0.2614538220269201
0.02179771072529267 0.015944348659325536 0.2613750294651611
0.021914128091801745 0.0159275296211554 0.2614090161056265
0.0221332173120099 0.016948562683530344 0.26129535043743324
0.022142390169825804 0.016878148838050666 0.26132840660242923
0.022137016866100853 0.0167790118496019 0.2613656615461067
0.02209293555255184 0.016706807163015813 0.2613275874403288
0.02389655146401378 0.011885564131651594 0.25975621131586224
0.023848381710638786 0.01177702355132465 0.2597267311431681
0.023841658301852683 0.011729415736843218 0.259795970169552
0.022060430706173237 0.016652428219882165 0.26114169888472205
0.022125125992920824 0.016983271822966384 0.26129739423170095
0.022155509178768372 0.01691131202648255 0.26135393326961065
0.0259470967217656 0.006954270992017064 0.2589237702251508
0.0258709717117001 0.006802106145318232 0.2589318697851178
0.025879622861947976 0.0067687111050848126 0.2590967554736635
0.02207004146770833 0.01666552326293591 0.2612697521174424
0.022078682325926954 0.016681761251098826 0.26116670776626455
0.021972872204456685 0.016523959406941735 0.2611620251307808
0.022032644226008605 0.016624448304478567 0.26110541279986754
0.02189070705783097 0.01639717926570955 0.26114872378238607
0.021794590107579004 0.016283403144564 0.2611169848436618
0.025898267428889767 0.006806652519199152 0.25908977850307735
0.02589963005342219 0.006824505857174701 0.25901861455590247
0.025850160387763277 0.0066299877462969725 0.25913838575160547
0.025851294028860584 0.006673450629472943 0.25924538961342314
0.02584420065709682 0.006554320203363662 0.25909545487277896
0.025825460597558414 0.006647949034916112 0.2590843084127751
0.025821739971725814 0.006614428845284903 0.2593251871904424
0.025844800296346747 0.006595140534911781 0.25919535205724914
0.025870215177766408 0.006711324713353339 0.2591762407233793
0.02587304060795967 0.006735497971744053 0.25912069621939376
0.025844413046837385 0.0065713560898551515 0.2592629683837625
0.021721055381342988 0.018408575092646484 0.26227347404206397
0.021712387083055944 0.018436146753022797 0.26228925529197955
0.023799076151052714 0.011520825714166183 0.25966835263402954
0.02382322169772104 0.011451012320475185 0.2596163395410872
0.023784640350920885 0.011606561548050454 0.2596726056168328
0.021675661802099892 0.01602235338193231 0.2613585999369109
0.021671497736708588 0.015978049332574185 0.2614036317908578
0.021697665246111025 0.015973336904570534 0.2613633674098992
0.021988836583746382 0.016563401879872652 0.26111541525068016
