0.030211978898795115 -0.002110824543675671 0.2628873653880198
0.0302061982986061 -0.001957645515697881 0.2628686356856935
0.030201563852399624 -0.0018567236544454468 0.26287219657458605
0.03018617393548051 -0.0017439137203707489 0.26285174031805447
0.030167223268228738 -0.0016092826478507072 0.2628532992352451
0.030154611972967683 -0.0014960450535774772 0.26287344801126417
0.030130101912606677 -0.0013854266473393162 0.26285780871324826
0.030117612392051962 -0.001306619199950454 0.262900590002527
0.030181870075114775 -0.0018235825237056802 0.2627137680847569
0.03007601952320428 -0.0012144946658277922 0.2627860087066114
0.03005861645290924 -0.0011402164007369708 0.26278463397776514
0.03004291481852628 -0.0010748248586525122 0.262808613575375
0.029973858524981543 -0.0009195768353529865 0.2627446383850005
0.029934261345621833 -0.000850190645478921 0.2626475533493796
0.029867183696897476 -0.0007303761147778864 0.2625804840570433
0.02979412451396389 -0.0006088507761040085 0.26249527417528484
0.029189891468492837 -3.305605450043547e-05 0.2621147683269274
0.028834382675504783 0.00026538222867261707 0.26203430280483947
0.028214266848772464 0.003093482030263106 0.2599274047658067
0.02817699775579232 0.003164485037545295 0.25980103442132146
0.028168354649008492 0.0032420184171902955 0.25981436957583715
0.028149503677131836 0.0033411616103716235 0.2598357086012395
0.028127496884997272 0.003341829790329043 0.25972285521788085
0.028107928814800093 0.003430756896874332 0.25972020894687387
0.027963375463695754 0.003878043094453665 0.2594839662762161
0.02792525004444723 0.003983464720530905 0.2594764209622824
0.027855185162613302 0.0041195580315426805 0.25942342476306546
0.027729503006958013 0.004406153681565272 0.2594005144676071
0.027699922293870423 0.004441533123265673 0.25931955543217433
0.027663755564253018 0.004536489127929255 0.2593365188677672
0.02762039737981621 0.0045896697257723496 0.2592464381042525
0.027597506889363507 0.004658645870416478 0.2592706607510291
0.027526089167421088 0.004779987428914334 0.25920542627491516
0.027456307090581722 0.0049034607618568815 0.2591627063919091
0.027383581142622147 0.005033098525510149 0.25909873731087485
0.027367675226833754 0.0050762582750503715 0.25912592157217723
0.027296462201769345 0.005207302613326192 0.2590712735432372
0.027262331854917013 0.005284914656045525 0.2590859867056667
0.027191998591111564 0.005416499984459366 0.25902648016360047
0.027127762663455582 0.005555377664352934 0.2589692866934699
0.02012709592453546 0.02267195401390465 0.26749980894219205
0.020098493453362384 0.02274146582201536 0.2675647700626871
0.020066633418168417 0.022802691508799766 0.2675997520342613
0.020049801278948023 0.022840485963196155 0.2676417134034733
0.019927858721671562 0.02299918619867125 0.2676564928684507
0.019906575118281894 0.02303101952789166 0.2677181783511634
0.019853893889529683 0.023094656479600628 0.26776797958723597
0.019805429608127312 0.023143818712601072 0.26770540126211806
0.019781812949432043 0.023168209458635514 0.2677539601988852
0.019733036211866534 0.02321815563376084 0.26765863778566135
0.019673950801283244 0.023258565242213813 0.2675739030849722
0.019651357839557904 0.023289021904077112 0.2676303341440498
0.01959411655958483 0.023321966275063388 0.2675600121603793
0.019540960850939454 0.023376113618493788 0.26760930447253684
0.019449250982154026 0.0234338149928231 0.26760302779603834
0.01938533561525685 0.023474234590348808 0.2676501653119918
0.019353602512481097 0.023499245273789438 0.2677205454405939
0.01934157391620321 0.023517296347424388 0.2677991613360109
0.019257124155220656 0.02356477020095682 0.2678654986392479
0.019206337330984508 0.023588285778115836 0.26792340063675135
0.019149279756884685 0.023609339755471415 0.26787541639897106
0.019099323554674003 0.02363030758111495 0.26795628617236306
0.019121911665211627 0.023613648023665557 0.2678052334752407
0.01908216048651437 0.02363344378013149 0.26787689008148274
0.018990342008253433 0.023670038579584274 0.2679581315179721
0.018950680851269025 0.023681355759799738 0.2678813448227793
0.018917197144750666 0.023694649812319002 0.2679721410956401
0.01883948526467706 0.02371736869840657 0.26788969811406876
0.025913362663407387 0.0077000443894012505 0.2585947227933765
0.025888916499751516 0.007796632403898218 0.25861820447853834
0.02586597419134784 0.007875380114294284 0.2586139432120014
0.025849183959706132 0.007960651090323345 0.25864834770107575
0.025617913121539687 0.008590540514998801 0.25857722088759627
0.025182044574329515 0.009781415898080792 0.2588045168827706
0.025151750790714064 0.009859364638705959 0.2588302593886551
0.025126353732262907 0.009935392586661207 0.2588506969215722
0.0250084583334238 0.010224341581823448 0.2589804523088488
0.02498561389115668 0.010281228765659844 0.25900571529506716
0.024949448980954303 0.010371466924674722 0.2590589223484309
0.02492489526403975 0.010437417980886488 0.2590972600162034
0.02479407281498487 0.010702679109842683 0.25913911542073076
0.02141095486955652 0.019407397765533907 0.26320104602210526
0.0213906296003252 0.01944353878614219 0.26323142699411184
0.021352225289792123 0.019521626877461007 0.263300198129239
0.021337970308264703 0.01955261697767091 0.2633560563622098
0.021282464661660214 0.019622392537873623 0.2634132593716886
0.02125606461170748 0.019646088283907237 0.26344469461118825
0.021613032538074173 0.019051080680049626 0.2628045764901379
0.021583640962330744 0.01911177901286787 0.2628634106483149
0.021546678453483167 0.019172206722531226 0.26288349473765277
0.021509979627417533 0.019224744125826976 0.26294843308472404
0.02148083564457748 0.01926736705348775 0.2630146593823847
0.02145020796686485 0.019318682895129502 0.2630593508989682
0.021247107711167668 0.019647447901627535 0.2633201039435106
0.021204403167287833 0.019688522857643775 0.26337411477687084
0.021151216700323633 0.019732060665600126 0.26344924774906164
0.021101074472934828 0.01976497260569926 0.2634942420179345
0.02290590230129877 0.015286174928450802 0.2611560665769685
0.02286765914429728 0.015343207436158413 0.2612040522405269
0.021700364287013593 0.01883953333751265 0.2625767889123538
0.021677375041758443 0.018884255638065228 0.26259717471221267
0.021636331384306123 0.018969182003816365 0.26265219520915
0.021602727177555195 0.019044836568639645 0.2626918104348851
0.021592194744946835 0.019081733257059474 0.26273078071518946
0.021552647120955615 0.019159750886560023 0.26276105166370056
0.021516332334728605 0.01920615610899712 0.2628317597829787
0.021105541166557953 0.01975456315376728 0.2633604068156947
0.021054643586603902 0.019785977812141586 0.26341249569448905
0.021010343021725678 0.019817987600071363 0.2634927689486162
0.020972458610697436 0.019843400713321413 0.26355248612935994
0.023432851624134332 0.014167485474080699 0.260317779480298
0.02340167624895985 0.014244266989934029 0.2603622202690623
0.02338151930707333 0.014303853215185347 0.26038446313655034
0.02334810948865998 0.01437992560118384 0.2604220890813501
0.023328603016983612 0.01442958540425443 0.26043900428225725
0.02297001542292458 0.015167918645990597 0.26093429159890724
0.022933294626257678 0.015228193706530557 0.2609814353182031
0.02289222204650597 0.01529126564491251 0.26099388261032963
0.022721581055199433 0.015547134279809638 0.2612842753371012
0.022708076792430337 0.015559029079821152 0.2613440754518147
0.021849271844812862 0.018424529459108274 0.26222917309634486
0.02181862247462435 0.018500814061908566 0.26226270995938616
0.02179500761873296 0.018569835707012594 0.2622918934956415
0.021777800230202357 0.01864030811174877 0.26234078812163103
0.021755233017322184 0.018697205008146867 0.26237393694639277
0.02171829315090329 0.018760617482399045 0.2624108290685623
0.021693993332638148 0.018819233732485507 0.2624691248613614
0.02092429021863927 0.0198569228143744 0.2634777753377054
0.020872742821930412 0.01988621420991793 0.26355400506969795
0.023852259317591912 0.012679948648498751 0.2597315226074119
0.023813094931392123 0.012823927244137612 0.25978700406513827
0.023783313188738484 0.012918578587560292 0.2598089831186393
0.023760835550609177 0.012984779637646493 0.2598216387518362
0.023747926531354296 0.013050366793601387 0.25986235574577765
0.023721463343193472 0.013128624114465304 0.2598585012025406
0.023702023453251606 0.013213799623588263 0.25991759534120673
0.023677871882453266 0.013297705234450952 0.25993752573743273
0.023658010535748314 0.01337066816318383 0.2599394851602563
0.02364125729728067 0.013460882270410646 0.25999944488138726
0.023608353552017444 0.013548722548531011 0.25996925438640306
0.02359106474768448 0.013630880678619839 0.2600233365739054
0.02357704455947407 0.013691635766204524 0.26005712456223146
0.023553411777552366 0.0137771180962728 0.260065411169785
0.023528794724989754 0.013866282035320088 0.2600751592719949
0.02351234733859406 0.013918519612188152 0.26010011823318535
0.023472172838132854 0.014024341886086367 0.26013576494915885
0.023443020396742037 0.014098629458689005 0.26015413642481433
0.023422499103808406 0.01415496815857642 0.2601965925707926
0.023405910659377152 0.014204601078522894 0.2602487436184229
0.023375675611545785 0.014282877651329795 0.26026957680906304
0.02335433674496669 0.01434357881148729 0.26029467060169487
0.023316681870455186 0.014437763150458027 0.26033798119760587
0.023296822888491234 0.01449102190012913 0.26035435066976703
0.023271964832953324 0.01455303027704552 0.2603856568044224
0.02324220290083856 0.014628231485308008 0.26043544348007625
0.023218440121694578 0.014678919341913621 0.260452709041755
0.023176117825184084 0.01476365702468485 0.2605195501977641
0.02315920074216364 0.014807322145964308 0.2605658964563589
0.02313758241169256 0.01485862865325599 0.2605996924841901
0.023101050866798173 0.014927326218403703 0.26061313673464903
0.023057965085055435 0.015007859851534688 0.26066332636949874
0.02303968689892777 0.015049118268596395 0.2607143379547852
0.02299842887975166 0.015125627121392482 0.26075678331257024
0.022974071906148474 0.015161520203617163 0.2607842624771373
0.022939332785901184 0.015223294734837911 0.2608556152081075
0.02264031771515304 0.015609909784292442 0.2612715726011188
0.02191089684523695 0.018196780400677237 0.2620001359654981
0.0218627894526163 0.018344327872527655 0.262055863510086
0.021844395342976247 0.01841393866335217 0.2621124819896782
0.02077677176797295 0.01991350004569975 0.26354045813764737
0.02386118174822774 0.012572966360414606 0.25958935694148716
0.023851116050097196 0.01262672546139565 0.2596137459735068
0.023821417796256364 0.012728612629418323 0.25963666160160465
0.02374108993211052 0.013023195630538886 0.2597814963560408
0.02351545961724444 0.013850565875591248 0.25996367942527454
0.023502923390574457 0.013911408470764108 0.2600057855083685
0.023119035678134253 0.014861937412753712 0.2604976662719459
0.022975752303557362 0.015138809892606797 0.2606687207278068
0.022577302421595113 0.01563054608529102 0.26118049509094804
0.022552651359164594 0.015646923085785303 0.26123332482287864
0.02204986417344934 0.017690657365669327 0.2616640325617309
0.021989933633192252 0.017896501574915902 0.2617781649938619
0.021974654398943375 0.017950855667681176 0.2617836024289589
0.02065962815189236 0.01994287261414679 0.2635876017696075
0.022489064967441533 0.015671097503496878 0.2611674472150294
0.022105561865937484 0.01750277860626054 0.2614935677791085
0.02207672050387806 0.017588088105000732 0.261512372006273
0.022046685782856124 0.017670504350843108 0.26154854751669626
0.02203005812683323 0.017734501727642238 0.261575421969584
0.022421911942881775 0.015695031785293023 0.26110805916532764
0.022177330572754533 0.017129781412070832 0.26122330312372705
0.022157274261136686 0.01720770923167686 0.26124961714462364
0.022155342681119933 0.017272862381287002 0.26128992381397886
0.022146021432782687 0.01733491577507512 0.26131237578602623
0.022125423101454073 0.017411539073500126 0.26135482065126286
0.022102819885985586 0.017484019019334107 0.26139103446771994
0.022180687230369756 0.01708054371728923 0.26112373847557196
0.019808048000877293 0.02072549235810278 0.26520838010919234
0.01979129643902308 0.020551222575589778 0.2651420846396765
0.019785490747099982 0.020428074047108113 0.26512423124296636
0.019831330228660432 0.020886704504514075 0.2653334112385919
0.019772592714324883 0.02031532258542551 0.2651472890342519
0.020024601740731895 0.021531309475713634 0.2664024038061181
0.01972792056783293 0.02018948359294165 0.2651557660973308
0.019882241246856752 0.02123860231908442 0.26564994997149327
0.030069414554223184 -0.00333539057805482 0.2633858200390179
0.03010143439757291 -0.003215812214420466 0.2633799110981337
0.030129261181259546 -0.002975762684736538 0.2632071040224446
0.030124362586286237 -0.0030612474867243167 0.26329683132373244
0.030123818939043895 -0.0031353958700017226 0.26338811031477105
0.03016456910231393 -0.0026629737653462437 0.262967030380998
0.030165811492320962 -0.002749361388211302 0.26308296600573344
0.03015745804366784 -0.002870292777197858 0.26319156348339
0.03016128691850118 -0.0029322790279995292 0.26329937707404105
0.030183305759633378 -0.002440630361013607 0.2628387633146003
0.030186202536261142 -0.0025301430623319576 0.2629418262826725
0.03018586583645591 -0.002616342830779994 0.2630518670803466
0.030187052396780795 -0.0026871483467475477 0.2631293906753559
0.03018317062467249 -0.0027969401111266334 0.2632506222723916
0.030197889380265353 -0.0023971527960653383 0.26292011006164917
0.030202220897736123 -0.002487159474882261 0.26303040966602176
0.030204946573703317 -0.00256473830112125 0.26312107507182736
0.030204269849896048 -0.002269519480796345 0.26290668178771875
0.030212643228208907 -0.0023474571609066186 0.26300688587174065
0.030212562910328068 -0.0021720366603940056 0.26291139708994427
0.030220102478395947 -0.002215765498762401 0.262994532843434
0.030190316661759822 -0.0018832734159968112 0.26274256069928803
0.030197706479257964 -0.0019349025532436337 0.2628026434887081
0.03021571171322337 -0.002021144140065656 0.2629237294761396
0.030221548815242236 -0.0021109016221881882 0.2629658657508094
0.028217660466629206 0.0024145007466186974 0.25994495750116153
0.03019105726766145 -0.0018276100254338568 0.26280208477470246
0.030214249905285595 -0.0019063531327827565 0.2629457239337263
0.02824205374908781 0.0025195069760751143 0.25989542965297247
0.028244468848315482 0.0024630950915509042 0.25998618736548307
0.028236367048505802 0.002391117314667457 0.2600682158323391
0.028259728171963983 0.0007898872665494938 0.26193328860483756
0.028330296301614627 0.0007308016880453461 0.2619398755153758
0.028444819272996816 0.0006361022637351721 0.26195206710924657
0.02850178142691895 0.0005891837127242061 0.2619490137518189
0.028557777543966205 0.0005432949850416868 0.2619482718304531
0.030178021459071225 -0.0016762320994828661 0.26286300391971584
0.028263656094427804 0.0026404561995458375 0.2599029851422109
0.02827132494224413 0.0025801823293324366 0.2599915471105871
0.028265210489163445 0.002500205546162093 0.26008618705044995
0.02890210458773869 0.00020971490745225196 0.26207020912812007
0.028253885258292484 0.0027915176579151324 0.25990948002146774
0.029437216940743118 -0.00023166331223423153 0.26222606888061717
0.02949986192445298 -0.00029512118032642976 0.26224501734211636
0.030137873359399298 -0.001420460374120247 0.2628612763208656
0.01989826037715592 0.021277689165161706 0.2657452710700402
0.02824310132397924 0.002910501501401652 0.25994290642046475
0.029505103502388573 -0.0002722660098053442 0.26232285404837496
0.029546277113308997 -0.00030970158385301705 0.2623521128087639
0.02960622802457856 -0.00037248352439112065 0.2623510861733765
0.029665189888542796 -0.00042864533173625485 0.26239195737709725
0.02971273476307011 -0.000488701022417326 0.2624280049903748
0.030041525328144324 -0.0010976386734189991 0.26275668174725114
0.03007261791865142 -0.0011814211712833367 0.26280576035325376
0.030102320118638524 -0.0012565274497077228 0.2628871632184193
0.028156393207777325 0.0032376004794553714 0.2597584243995496
0.028186268731265618 0.0031376751723476426 0.25982577805569185
0.028211915452926624 0.0030772742093678196 0.2598912287519384
0.028232677389532515 0.003011315737764586 0.25995613734776457
0.029906560576368993 -0.0007864701941368013 0.2626741116129441
0.029945991388641298 -0.0008605530411485707 0.2627084536239828
0.02998056216351986 -0.0009311738258524493 0.2627674884712521
0.03001565813712169 -0.001005994101090979 0.26280546619038025
0.028044405610272882 0.003640400134721722 0.25957601112091433
0.028072684535395548 0.00355006859903223 0.25963187626437506
0.028096742302663652 0.0034639951792547197 0.2596914346956999
0.028118711785308954 0.0034077414321517785 0.25974799392897946
0.028145882203107833 0.003329986541985075 0.2597957924933073
0.028170626332747258 0.0032566600172431737 0.25985283089017874
0.027899223431331305 0.004030347928016265 0.2594564746226281
0.027941561435782823 0.003950228712943982 0.25948766363600256
0.027973724070394793 0.0038746069445267928 0.25952138741212977
0.028001586694505226 0.0038043284949829115 0.2595757077159524
0.028036574569781973 0.0037125755763648405 0.2596119705289802
0.027801581268883865 0.004233619121221888 0.25939415105304703
0.027828250732435042 0.004199998646182923 0.25946414543333607
0.02786468806690366 0.0041219069864484315 0.2594850713081503
0.027903299795201453 0.004053020070309499 0.25952090016276114
0.027424365322860605 0.004953015955519169 0.2591276334685074
0.0274724265355943 0.0048625696366279 0.25915192915803414
0.0275003592164293 0.004826930945667884 0.25919451257908077
0.02754647864816505 0.00474671605257615 0.2592262241375831
0.02757325915155478 0.004698425818442764 0.2592455810491532
0.027621979548927166 0.0046160269551550615 0.25928681920998486
0.027653115493501558 0.004556821344491813 0.2593196533388975
0.027686399584417848 0.004500354501935255 0.2593828863364823
0.027772609141720778 0.00433027936857161 0.25945737191455603
0.027250167902130862 0.005298475522834689 0.25905048638391404
0.027279225359240315 0.005245824561757595 0.2590846376911216
0.027058284149546974 0.005688451123077476 0.2589426217297883
0.027106717955485665 0.005607873599960622 0.2589740230117791
0.027144548375657156 0.005536664679888836 0.25903172747964637
0.027028498697432665 0.005758140644731902 0.25901412345224256
0.027054047269112716 0.005722717141376343 0.25903777745391526
0.026050282643085676 0.00709306907552848 0.2585997349100883
0.026934508191325625 0.005913563406776234 0.25905561978461367
0.026022220808439876 0.00727138257603821 0.25858279545400864
0.02604035646158824 0.007200357994882389 0.25861828455172226
0.02600819540306866 0.0073827723067240725 0.2586259808138187
0.02596118650277049 0.0075447334933492205 0.25860434567527696
0.025988908280564507 0.0074790147326802 0.2586667779332217
0.025904717020797843 0.00773190776353877 0.2586002985670841
0.025935298400730514 0.0076567391550956265 0.25865906373454006
0.02586149448160078 0.007888368834609305 0.2586066286891079
0.025881693342594367 0.00783191055033533 0.25863334515503067
0.025576194104013954 0.008709770424037977 0.2585862809906421
0.0255218054237093 0.0088785999395119 0.2585971277348334
0.025553575213416196 0.008789413331804274 0.2586369632462219
0.02546582022284718 0.009039123614327071 0.25863155893011136
0.02540066697611594 0.009210745972810297 0.2586420940052905
0.02543392555904106 0.009144666191780393 0.2586902098581962
0.025379023368290274 0.00929968427799821 0.2586969489231246
0.025308729278113618 0.00945684601996627 0.25872479152264055
0.02532916645682129 0.009411035007718893 0.2587535449969235
0.025275542267993792 0.009552167338881867 0.25876506904018426
0.02517570239362224 0.009795748493111267 0.2587970641474629
0.02520641427973877 0.00971684005219453 0.25881767984544407
0.025116612429383206 0.009944256107425276 0.258823926932445
0.02514789624002242 0.00987781328976367 0.2588490461556232
0.024902754994927584 0.010463411107619669 0.2590488404442694
0.0248695124267998 0.010553699510328807 0.25914047055831774
0.024904455078062687 0.010496940413539935 0.2591565849697073
0.024798787217924945 0.010700881634235937 0.25917460412437515
0.024822562854719635 0.010659133027025036 0.25919589938419885
0.024703204918903654 0.010861093957355128 0.25926076531653597
0.024741195612770564 0.010810983674892305 0.25926071173471854
0.023993543791872338 0.012005285927228992 0.2595775009649192
0.023930703848000473 0.012287266082705417 0.25952749874025194
0.023952187207269438 0.012196769182794553 0.25954480016450143
0.023979263363297518 0.012119880292475405 0.2596171468501216
0.023909611461345126 0.012384094474681973 0.2595513785441123
0.023938575964024184 0.01230106703231243 0.25958702204559747
0.023885693970939342 0.012501040877818947 0.25960420336163215
0.02391211040784015 0.012433654749239575 0.2596370784043933
0.023840793988847683 0.012667687201370126 0.25962659493493656
0.023875066039234727 0.012587654612040255 0.2596728500287903
0.023820613682755676 0.012754380068173032 0.25968363529425814
0.02384698283978956 0.012687979571380625 0.2597004996407635
0.02379101207221203 0.012859345558042912 0.25973582892595387
0.02375920178473151 0.012966750131645832 0.25977841213014974
0.023707041359630587 0.013137348556437889 0.25981362377611733
0.023742245065912007 0.013046270135421645 0.259822466919746
0.023681586703948557 0.013241869724288702 0.2598687455374754
0.023711591240451635 0.013165083863257043 0.25987839333177554
0.023658964908815555 0.01333370189189359 0.2598975024666915
0.023611238205045487 0.013509284738544736 0.25991980978184
0.023641463632982432 0.013429326503748784 0.25994140312559066
0.02357546180863508 0.013645267974338848 0.2599575823054895
0.023590139438820795 0.013598271185403576 0.2599575435510558
0.023617102795347025 0.013543710125388686 0.26001104961645866
0.023541931232737207 0.01377683399981533 0.2599895083735259
0.023574607261746414 0.013687764174595052 0.260031752472089
0.0235161533355302 0.013895149287664055 0.2600527668644727
0.023544085820102006 0.013819000291996564 0.2600925443966294
0.023460451270024385 0.014032658113515117 0.2600785475706587
0.02348771780894028 0.013978610279321346 0.260112136776879
0.023522887073435986 0.013893958893161085 0.26013943395358236
0.023461009685809872 0.014066683575525374 0.2601765302661044
0.023491789480209038 0.013998518093848167 0.2602041476078385
0.02342140884397896 0.014170285664891591 0.2602384034800602
0.023253311926576675 0.01457246584000138 0.2603237177813732
0.023282694398191972 0.014501792572034433 0.26030878556262815
0.023219735630664692 0.014662772388307266 0.26039456787866255
0.023256872497874795 0.014590261611225008 0.26041231782797924
0.023287873883015703 0.014528900357873575 0.2604369095665613
0.023170968818008397 0.014760818078258353 0.2604702433969321
0.023217062492103008 0.014685230726127152 0.26052318537938696
0.023098195038751712 0.014914184318897128 0.2605362936398159
0.02314056563988294 0.014842147534722183 0.26055862284234316
0.023174767545456443 0.014778790327136748 0.26058874672659005
0.023063339951020445 0.014991084788431752 0.26062073240309797
0.023090951267809037 0.014951411245414548 0.2606528558053097
0.022965852771873102 0.015161099359072727 0.26071094515979937
0.023010098710786395 0.0151003976892079 0.2607065713439246
0.023050924883209062 0.01502787858998772 0.2607512052188808
0.02292533789861452 0.015235459085070069 0.2607978623197532
0.02295358653698569 0.015195890801124323 0.2608074729979688
0.023003198375636094 0.015119238121670153 0.2608152609629296
0.022907993154875197 0.015261930775104904 0.26091009041824603
0.02294815392686811 0.015203777385201955 0.26091762634126303
0.019985911240931326 0.021472485807431996 0.2661988496730845
0.022208179991665217 0.01700930338890544 0.26117535217809484
0.022160170476128283 0.017172662433158736 0.261182506510948
0.02214305639038358 0.017264137643621613 0.26123929019557557
0.022162710862054735 0.017199922440608084 0.2612699475689997
0.022123949381268604 0.017380196489859445 0.2612904194564017
0.02215497247509836 0.01730086111113127 0.2613126452394317
0.02210147899361692 0.017468939965771313 0.261359870944952
0.022127096957319042 0.017418328979970643 0.26141047973027665
0.022098597045761836 0.017513745828280747 0.26145101333608445
0.02212160781935861 0.017431300126045934 0.26144725613213904
0.022069051138658577 0.017613618997897207 0.2615359385682844
0.02204785494580111 0.01770114128440936 0.261600328453919
0.021981201999388342 0.01791520503343369 0.2617361392421067
0.02200555984163957 0.01782066542623917 0.26175577740883293
0.021987981493263517 0.017938371991538138 0.2618317325275141
0.021965001070226434 0.01802420391394627 0.2618993843438442
0.021981541629934834 0.017976780915882284 0.2619220127008139
0.021933326709160247 0.01812113615328559 0.26196305057294345
0.021909130127421433 0.01823531299882747 0.26206560942567825
0.020007483807622753 0.02150118606107604 0.26630079396133605
0.021846183650726714 0.018404212698055367 0.26209661691626407
0.02180941764464818 0.018508497688173198 0.2621937694053375
0.021840007439427864 0.01844281701038164 0.2622084786004272
0.019998857234646866 0.022926967898130812 0.2677008476632573
0.019932000469802244 0.022998188373336004 0.2676831436014054
0.02177753863813331 0.018607927753824915 0.26226323042381633
0.021806505880931346 0.018538200273579497 0.26229609761480216
0.02174005037862689 0.018706637589416375 0.26232976168982486
0.021784152741022605 0.01863043997388758 0.262382256843114
0.021740572062285274 0.018735327994508055 0.2624684546532434
0.021662673235907925 0.01889480880120248 0.2625391981225188
0.021701808619879456 0.01882598487382703 0.2625329428813552
0.021663419118129676 0.0189170086262046 0.26264490714734445
0.021574174747565983 0.019080055213942182 0.26266791257170097
0.021622262670826953 0.019012492167638784 0.26271641233778964
0.02019603275578917 0.021916302557811407 0.2669400847505575
0.020162356121654068 0.021858787872676144 0.2668435393130314
0.021529379369037024 0.019188424125644477 0.2627789896563716
0.021592785838002698 0.019099092816720675 0.262801481887014
0.021484624910261554 0.019250548750322616 0.2629110450308488
0.021522951423008474 0.019206569855924005 0.2629250485399853
0.021474540746316023 0.0192844698407858 0.2630526376541005
0.020071081133793134 0.02163224742974279 0.2665986477149588
0.021418763323458573 0.019381062840920893 0.263138317518271
0.021463093590290888 0.019314158923018743 0.2631251492491395
0.02005607018187132 0.021647891437827305 0.266421624173492
0.02591992797563312 0.0076961366021121025 0.2586330378762275
0.025956828454186155 0.007589577568872685 0.2586680654085076
0.025944924957150284 0.007605983374795622 0.25862002895161973
0.025893633208027414 0.007769926567500751 0.25860126077276446
0.025905032293104494 0.007769487513010542 0.2586747389830758
0.025976311896173457 0.007511834188200783 0.25863566160086054
0.02587170597418633 0.007872150907103637 0.25864272334032656
0.025994467136983543 0.0074331104991592345 0.2586141933122744
0.025829976836323314 0.007993594623172728 0.2586019965127981
0.02602777160611261 0.007311025798410975 0.2586644945168252
0.026011424742172252 0.0073306106536698 0.2585792131121475
0.019945963713390386 0.022987079500973284 0.26771317514121484
0.02003775381342049 0.022870579758065723 0.26771140428296775
0.02000993411050056 0.022899555438870567 0.2676358008977833
0.02008320900812466 0.02278731724791866 0.2676375096019791
0.02014710700432712 0.02264970076877537 0.26754990626214825
0.020170103142043344 0.02257730247799955 0.26747064296898626
0.02020298276340976 0.022466798928213627 0.2673964689770248
0.020226702107468686 0.02236250243018778 0.2673527491986978
0.020238665045405613 0.02227098665697702 0.26730764356745784
0.026031615173085075 0.007244637667039311 0.2586108194322337
0.02025819395699255 0.022171604553690938 0.26735265452788604
0.020246518442698813 0.02218354649796611 0.26726722648019147
0.020259384306954176 0.02208160528391928 0.267320851774742
0.020249823671583678 0.022104627575141533 0.26723245074896634
0.020233577082772528 0.022111574019738456 0.2671446153041877
0.02025544174089887 0.022015440539778386 0.26728948475215997
0.020247751425887986 0.022022851950793676 0.2672155753005195
0.0202332734449856 0.022025634785133086 0.26711856375222737
0.02022315180585066 0.021942589729511797 0.26710059871234204
0.020207928116058343 0.021945992176835405 0.26699587037080397
0.02603913900093842 0.007173496040993488 0.25858663243452873
0.02019039024011965 0.02187089586433827 0.2669699092372213
0.020180358523326683 0.02189738838969879 0.26688852882091485
0.020160279864248065 0.021810190702065635 0.2669037087293809
0.020144751580465775 0.021812319437871985 0.26681463881309797
0.020119718780709422 0.02174025431070825 0.26676719633336476
0.020120242441270544 0.021764102149785025 0.26669257355298914
0.02009083096690585 0.021675727292206126 0.26667573121872057
0.02008343866918344 0.021679130163406723 0.2665729602218295
0.020065712691324594 0.02165234494932544 0.26649719095750973
0.020047578635181362 0.021597081441470156 0.2664472339549242
0.02004156088230641 0.021609673899130877 0.2663811608411759
0.020020314877525813 0.02154218799103763 0.2663358983468821
0.0200066758857248 0.02154711650278368 0.2662578013714309
0.019995185864771198 0.02146990896980333 0.26625960641148005
0.019978491277889796 0.02148748525758143 0.26613997469755435
0.019969690142496124 0.02148268038086487 0.2660837222018273
0.02577818872231976 0.008150298183926652 0.25865573344790804
0.01996868382497334 0.02141661954377666 0.2661316770006305
0.01995445325768705 0.021409133217327403 0.26603878182491614
0.019937081559192868 0.021389467695778097 0.26594254507749804
0.019929464393576832 0.021310919774306658 0.265922587276505
0.019915267197334288 0.021305207478022004 0.2658314489739642
0.019886773163895005 0.02126740381345521 0.26568547236794915
0.01989073287667867 0.02119430492077945 0.26568990103188445
0.019877580710702447 0.02111413245143312 0.2656437486853673
0.019862769324782245 0.021105275471840268 0.26554822040128545
0.019856408806477766 0.0210286793932703 0.26551876318731993
0.019844311569925166 0.020936678737250747 0.2654170393029085
0.019819851825430307 0.02078996072973799 0.2652679763052507
0.025906231522420956 0.006632992741087862 0.258543065441916
0.019813632628584682 0.020631288663016667 0.2652133827650376
0.019816223245456288 0.0205351404459872 0.2652111347289485
0.019804232142038927 0.02045589128721287 0.26517159878109847
0.026061140795364493 0.007055909984932218 0.25865565061374257
0.01978610641334705 0.020382598837117072 0.2651425715246256
0.01976652729771783 0.02026604185458042 0.2651656060151374
0.026051014091511587 0.006963610714472268 0.25861730193134497
0.026036204156423937 0.006986442591654485 0.25854781147655415
0.02576269473166585 0.008215775581741025 0.2587089090403266
0.02935732996862983 -0.004469212585371141 0.2635203610245411
0.029377481292245544 -0.0044843126213289786 0.263608316860451
0.02942807709272497 -0.004394869648003064 0.2634777746159611
0.029447605504951554 -0.004411254221867611 0.26356702046883496
0.029495268600590166 -0.004320088687240042 0.2634382507437043
0.02951487839121291 -0.004336813790089988 0.26352765943873113
0.02953214389717023 -0.004351321779463846 0.263618792905407
0.029579281382477833 -0.004259682786009467 0.26349010423901575
0.02959745227921843 -0.004275606072612681 0.2635804588595695
0.029638010626564015 -0.0041830269495856665 0.26345838298381935
0.029657374143347626 -0.004199453463866409 0.2635478556637074
0.0296728776276454 -0.004214841706428718 0.2636409004215688
0.02971129688124558 -0.004123628028832427 0.26352130487578146
0.029727360162144556 -0.004139022442045448 0.26361397776042733
0.02977668872094877 -0.004062164206242724 0.26359106832403983
0.029823636112424293 -0.003985210038915665 0.2635712148718302
0.029868393894632847 -0.003907774533818076 0.2635526669559887
0.029911457531159355 -0.003829804949933402 0.2635353413045447
0.029949526377729435 -0.003751549344550631 0.2635227513225352
0.029960711876718275 -0.0037652451802756004 0.2636165268758323
0.0299818624080938 -0.0036732902335211426 0.2635148469894736
0.030039234478739046 -0.0035165335151458033 0.26350995795540855
0.030064689392640516 -0.0034386185529712288 0.26351057157384883
0.030082326974649555 -0.003336805180729041 0.2634452665309077
0.03008346986556256 -0.003259560528283245 0.2633528539507636
0.030099815217520767 -0.0032613808274731815 0.2634294838442792
0.030101779408921912 -0.0031754073491624957 0.2633362341473397
0.03012202620695143 -0.003173983267510394 0.2634306555784928
0.030127641259538047 -0.003090604154018961 0.2633498691308804
0.030132523244766236 -0.003004166455646884 0.2632593351620048
0.0301462807681786 -0.0030115996518757515 0.2633310894088713
0.030141543997631602 -0.002920561217974571 0.2631817637996892
0.030152943800115163 -0.0029215877198124907 0.26323796576315417
0.030167148900122794 -0.0028196564774558563 0.2631795291388044
0.03017370940606138 -0.002851576381069809 0.26326522908755057
0.030185707930701598 -0.002744242989488055 0.2631889141436797
0.03019952363557528 -0.002669013638402329 0.26317900746239586
0.030198971522819 -0.0026202208942944227 0.26313178181370867
0.03017706773182398 -0.001632107976576258 0.26289935725631736
0.030168328917554707 -0.0015574151804876868 0.26290441069451714
0.030145166004097508 -0.001454876239376346 0.2628619213417809
0.030113895654772106 -0.0013367749154597486 0.26283476531957206
0.030125872270198716 -0.001341946433176866 0.2629000961345634
0.030079715284617316 -0.0012393323396979739 0.2627730433718955
0.030097431662713225 -0.001270755504653609 0.26283293063641255
0.030068901343594884 -0.0011564305151590126 0.26281711117156464
0.030088189984967484 -0.001194293125697965 0.262890402421637
0.0300260004045933 -0.00106288877746058 0.2627353625756065
0.02604108665755772 0.00689076151700585 0.25861474617635
0.026020362198593786 0.006889712875970899 0.2585453816461301
0.02987852546924863 -0.000750935483355919 0.2625692091129812
0.02980058145953677 -0.0006278375435894712 0.26246853048230273
0.029821362069737678 -0.0006558256203403889 0.2625367613162377
0.02751965639293484 0.0013080198958396183 0.26044201400103395
0.02753950738013912 0.0012930836651151023 0.26053238641838994
0.02755128219073691 0.0012811232982685716 0.26062943213370127
0.02755000545034436 0.001272788142430259 0.2607399184949008
0.027538001697825318 0.001268968647977764 0.26087065796976433
0.027596398538914865 0.0013806487421438307 0.26039396731733044
0.027618952823755677 0.0013646974926799227 0.2604819458009265
0.027633289603417807 0.0013507857316641947 0.260577474125283
0.027634677201624894 0.001341525911409791 0.2606846714447461
0.027624395312760223 0.0013364653014127925 0.2608146503160592
0.027594868471727138 0.0013174462425941669 0.2609030334890067
0.02769303301719328 0.0014375231740752503 0.2604365756568937
0.027710766969621478 0.0014235807010550272 0.26052827502917814
0.027715762798957447 0.0014124420316981579 0.2606320264678872
0.027705256122643802 0.001405544832832617 0.2607495637270889
0.027699056638197286 0.0014099294587578415 0.2608612031029744
0.02776249177449982 0.0015114196815250724 0.2603961258136289
0.027782514488323043 0.0014976416101216694 0.26048480218353404
0.0277917017234358 0.0014849555373240286 0.260584577221835
0.027783597517120333 0.001475493731865618 0.26070124595876765
0.02776781949897364 0.0014719769305537866 0.26081836684354875
0.02782607282351146 0.0015861473644320778 0.26036116937482395
0.027847507873538103 0.0015713056968990058 0.2604488329911947
0.02785877938057838 0.0015585728354498007 0.2605458725731618
0.02785611385064174 0.0015477282858042396 0.26065971369311913
0.027841824872155134 0.0015438723554880296 0.2607958839519689
0.02790610605669923 0.001646156535092702 0.260418630454018
0.02791759744127932 0.0016331946327566849 0.2605152408575378
0.027918512386524416 0.0016216759435717654 0.2606243053433921
0.027914556485416415 0.001622541136092004 0.2607595924765139
0.027939867136963392 0.0017337717823773802 0.2603058734622053
0.027959117143002928 0.0017205383762689541 0.26039481976246703
0.02797023241044992 0.0017078292725009603 0.26049136748595647
0.02797233612443778 0.0016961999854458454 0.26059603383618446
0.027990564037691595 0.0018087293611545041 0.2602843753171592
0.02800912104501059 0.0017951062166357556 0.26037445632299716
0.028019588883337262 0.0017822680013592773 0.2604714917613137
0.028037566576487052 0.001884671830537643 0.26026663740886147
0.028055113906943124 0.0018706037179343493 0.26035766559791107
0.028081525261449553 0.001960879273301075 0.26025083840307583
0.028097912699530117 0.0019470493606242867 0.2603423671023374
0.02812188452133286 0.0020378895278943543 0.2602376375951782
0.02813657103450197 0.002024391804074932 0.26033046533447324
0.028158503927378106 0.0021163146114291376 0.26022729558988594
0.028171609074511238 0.002101485900389999 0.26031940391658626
0.028195291903434658 0.002202025799589169 0.2602276462205428
0.028199640301959206 0.0021742160074552652 0.2603079368195675
0.028212445784895318 0.0023052810741834295 0.26012095860214546
0.028215161729942664 0.0022756173618608266 0.2601962703483325
0.028219953438731342 0.0023869373503341285 0.26000054118189786
0.028235914777272428 0.002368263573697793 0.2601240615929161
0.028237921651399656 0.002353415919230939 0.26019561571378325
0.028230418933606685 0.0024710296922458297 0.25991884006777566
0.02825034331749897 0.002451848564858472 0.2600460470309446
0.02825454486304843 0.00244471658955997 0.26012014357434127
0.025716047805837958 0.008319459055621758 0.25864433411520227
0.028260054244190924 0.002549700106915187 0.2599429006833607
0.0282672930179034 0.002537953402781512 0.2600349654632558
0.024794915249000488 0.010713696596350186 0.2592065747202823
0.02825863625835022 0.0027121238922819257 0.25987965293349335
0.02485498551307186 0.010595925351526203 0.25918667910852994
0.02482733358051828 0.010629477850770619 0.25914128649106294
0.02824268280787226 0.002876147717960409 0.2599127520607875
0.02488873068165995 0.010520129345513662 0.259133745856509
0.024866704859721978 0.010538422536555903 0.2590823192940198
0.028221868673294806 0.0029934090954235604 0.2598921021175131
0.028242845535549323 0.0029659782893374786 0.2599775563551343
0.02563721632315971 0.008555072904809558 0.25862697635297127
0.024940426934261933 0.010404281595153109 0.2590936949551045
0.02819941312389232 0.0030811709849632996 0.2598462660973384
0.028221218228678173 0.0030573836138282906 0.2599246293832557
0.028193928966121336 0.0031645434490118474 0.2598808341281185
0.02497449182157102 0.010317205617930869 0.2590755716374335
0.024957348370257454 0.010335717219902951 0.25900292732403263
0.02814468795450467 0.003292837919186553 0.2597472676079963
0.02816050918368173 0.0032912562189083006 0.25982997517918277
0.02817658933233798 0.0032444846869976174 0.2598861207214984
0.02501536692824348 0.010221840893376466 0.2590334817768351
0.024995193571187457 0.010250740791980684 0.2589563471333488
0.028114481787459067 0.0033904758024566606 0.25971751768660245
0.028129777625467978 0.003374435165565459 0.25976717342552286
0.028105170737137586 0.0034754018541211518 0.2597413168103384
0.028119008670890955 0.0034308850482726583 0.25978017178925333
0.02506630220691776 0.01010622066928718 0.25906602391056816
0.02504218382795273 0.010132432223248777 0.2589949993575248
0.02805230949964889 0.0036006149621040096 0.2595899147057941
0.0280838261455707 0.0035528976149693525 0.25968173298399766
0.028046841882509575 0.0036633246550441534 0.2595990242268667
0.02508898332062709 0.010025537845574917 0.2590191914865574
0.028009575649327212 0.0037691550410623442 0.25955980023217423
0.027948155521434148 0.003913379207567791 0.2594669273540805
0.02797972536430704 0.0038698107858342046 0.2595600831254993
0.025132663350994067 0.009930205797108738 0.2589181989839526
0.02512425775327365 0.009943926483519161 0.2588685541323425
0.027940656136176995 0.0039696941176650125 0.2595246614663669
0.025157803917160854 0.009859100647004626 0.2588921623374427
0.0251380215698494 0.00989004714411007 0.25881617178571587
0.02787731410144753 0.004078818811587059 0.25944828133208603
0.02782685657078922 0.004178213853119228 0.25941497512517675
0.027848978571391764 0.004160024025047282 0.25949350690055495
0.025196455992112357 0.009753431909421129 0.258848467190121
0.02778629012929608 0.004281168673065716 0.25941256071544355
0.027738884445723117 0.004369647680218081 0.2593760380162235
0.027753675320004216 0.0043648944703064685 0.25944153725235286
0.02522275854735631 0.009672932970475057 0.2588012215499391
0.027688545661836844 0.004474048678759002 0.25931528504641527
0.027707310860714054 0.004455386683813289 0.25940861080843064
0.02760614221099047 0.004616027320190563 0.2592374507977464
0.027638691475505267 0.004576163932139388 0.2592856775856617
0.025275275091810115 0.009569018145709596 0.25881587548294643
0.025258529783296985 0.009590395705102506 0.2587730805744035
0.027558116058916865 0.004699607954275042 0.2591993385513808
0.02757659306492724 0.004704911670956435 0.2592900174074513
0.0253013675756395 0.009493374772328422 0.25877388496912324
0.02752476702271553 0.004798153925401671 0.2592488315757292
0.027444429500750364 0.004920968253915414 0.2591469874135194
0.027472302744700264 0.004884106284394618 0.25920145519642596
0.025330743592450244 0.009398053116376037 0.2587088977423565
0.02739218420286143 0.0050268353811536715 0.25912746460586217
0.027337278993995302 0.0051250448155995 0.25909226829461807
0.02538533346169182 0.009290061737095345 0.25873349806303014
0.0253640765053052 0.009310225943786332 0.2586616711685289
0.025414668042575306 0.00919552561097886 0.2587047451132114
0.026018673169649495 0.006802149424024517 0.25861123288199134
0.025439349763563934 0.009117430021631956 0.2586571402975559
0.027154798758686198 0.0055033981684329825 0.2590100176762544
0.027083245360408716 0.005642832120590913 0.25894044787044357
0.02710362409873182 0.00562669569282076 0.2590233409625754
0.02548472294374477 0.009008901501532829 0.2586738380412765
0.02705660946940852 0.005708312820050909 0.258992597526328
0.027007266133146295 0.005797124384642582 0.2590378130519944
0.025506141567094395 0.008933034353980907 0.25861944563834977
0.025532610905768964 0.008837449826837263 0.2585799433703029
0.025672644677702812 0.008432246710018243 0.25857606703980107
0.025682145937057962 0.008429447127463907 0.25864032966197126
0.026005895014989823 0.006758486705473021 0.25861855435535297
0.025976202592867828 0.006748987318021427 0.2585366621987898
0.025568192957248777 0.008746714583565796 0.2586307496833059
0.025951615506168965 0.006639472320151718 0.2587014194566246
0.025595964828045395 0.008650206606961974 0.25857159919011863
0.025952755936383756 0.006647920172114408 0.2586568593240379
0.01992908158650253 0.023010548956238608 0.2677771381263023
0.01997401806103391 0.0229591585561712 0.2677136522362352
0.020070605099910127 0.02281715173360238 0.26768647353933817
0.020102627772149564 0.022751436058263075 0.26762179098777017
0.02011738780446848 0.022703912096240175 0.2675433227650327
0.02025779030170044 0.022052888198815845 0.26727152497502404
0.02157549603031529 0.019130633787904194 0.2627702088525125
0.021642187692613862 0.018973255611484663 0.2627305797323263
0.0218936157254091 0.018313141277375933 0.2621364726614805
0.019760638391666516 0.020222433078051383 0.26521941872362853
0.019731855382439045 0.020170111795178636 0.26519175022279534
0.02199236984557762 0.017947670048419406 0.2618959108782424
0.021996055165557013 0.01790385406642303 0.2618250808313813
0.019705947504374155 0.020108879431926796 0.26519083674330907
0.02202148484470884 0.017809848304760012 0.26184697680115626
0.022030720734401293 0.017744304387340537 0.2617714170927734
0.02203546683889318 0.017717191464931836 0.26168286099060867
0.019690411414708855 0.020046397945700067 0.265238556236148
0.01965710233043011 0.020003758795741067 0.2651728814312736
0.022152804836617468 0.017341224818861578 0.26135774849587384
0.022144490780398027 0.017300472515377197 0.26127505764613884
0.022167542390317527 0.017207358987078758 0.26130150989798906
0.022164205424456435 0.01717481061152859 0.2612353390191383
0.022171859087746645 0.01713374412986829 0.2611511140814875
0.022190482372717035 0.017081768367502304 0.2611877711337883
0.02222389881076056 0.016916155072170258 0.2611452600060954
0.022225236641674306 0.016867139350006444 0.2610677730382285
0.022261582031917027 0.01682320132233911 0.26117192910686016
0.022264114571455315 0.016800417849634985 0.2610919521069475
0.022244870495086222 0.01675578995245236 0.26102804273034474
0.02227791554611179 0.016688266035275956 0.2611281789386406
0.022270440119747673 0.016612065897144312 0.26115142956765114
0.02224992801048903 0.01659129374401691 0.26111314600553615
0.022188847098592715 0.016537199379012213 0.26095552322711674
0.02213699666172507 0.016438593031423643 0.26092343316928124
0.022880141959363304 0.015312136070722349 0.26108889758505016
0.022917525258134938 0.015259591783749415 0.2610170657809558
0.022934553823313192 0.015222438218457257 0.2609419014393166
0.022976825958094402 0.015161616731740712 0.2608417202675595
0.02301765208938919 0.015096034812470183 0.2607679499980175
0.023035233638576846 0.015049374223783663 0.2606754061392716
0.023092240054010116 0.014949132693176548 0.260700059845707
0.02318168336849409 0.01475431572532887 0.2605498347508235
0.02319833804185012 0.014714064532409143 0.26046147723261515
0.023252425037833188 0.014608165086302416 0.2604864999678737
0.023269848513703575 0.014563499680773362 0.26042338387929465
0.02331147221365143 0.014476498636703028 0.2604448209134486
0.023316924905550304 0.014452153167077653 0.2603901663339536
0.02332938349475072 0.014395795792291166 0.26030267989750594
0.02336666245068275 0.014339344577811441 0.26041109177521493
0.023377691347594126 0.014302313548494705 0.26032872027285725
0.023429206840631073 0.014163444732839092 0.2602724344467945
0.02344287346166518 0.014114892901995413 0.26018854355520765
0.023480355485380827 0.01403376458566602 0.2602186495793182
0.02348898813209234 0.013987588157977071 0.2601591550145526
0.023492403589043087 0.013957119884704827 0.26005949731350736
0.023522196864517064 0.013903591219554312 0.26017329222878804
0.023531089163589994 0.013864918870675036 0.26011023609388145
0.023532671442694733 0.013838900116074027 0.2600279287600536
0.023565741329631462 0.013724908787326018 0.26004728108415837
0.023561774483389336 0.013701621366826455 0.25997957486747647
0.023586696741990612 0.013659648314719885 0.26006210648155903
0.023596289641242774 0.013598274232407837 0.2599898468821671
0.023594432618388533 0.013560491147489251 0.25991996255659866
0.023625707921781647 0.01348692963025766 0.25995348481756453
0.02365676486146366 0.01340406021999857 0.25998604518213403
0.023650661839078366 0.013359854712045816 0.2598947555354899
0.023689891090866 0.013253224662816032 0.2599224754093249
0.023694280394945477 0.01320455290193212 0.2598651853298856
0.0237266725215054 0.013085529105621718 0.2598145714577874
0.023754371638824906 0.013012288199731492 0.25983409428299553
0.02376758315231013 0.01293355880778374 0.25976366428970454
0.023802055110711942 0.01286071666029781 0.259794594639421
0.023796183932013798 0.012831067565952425 0.2597092660641066
0.023833695371023075 0.012741392365286597 0.2597435487977929
0.023836937370502756 0.012700865976806919 0.25966524021220894
0.023866101970702297 0.012629601534114188 0.25971220485319435
0.023874222107999846 0.012563674510902234 0.25962722276578365
0.023900556766461606 0.012495329328941318 0.25967374826380824
0.023898120032926518 0.012438319818043664 0.259578034757463
0.023928351476388304 0.01236359329174802 0.2596211996586443
0.023924893501232253 0.012333728411087264 0.2595542166763955
0.023950508218405414 0.012237800891111872 0.2595811698594268
0.023965819987407017 0.012170112906465247 0.2595935016299617
0.02399646393565648 0.012055889436681566 0.2596445187789045
0.02397957974525175 0.012063058203512278 0.25956134056903857
0.024014794358308417 0.011971988714080506 0.25966794619985556
0.024006120354994248 0.01194584792953629 0.25958653411997845
0.02402009654289196 0.01187478446611423 0.2596218128917587
0.024002308959874444 0.011828649597458496 0.2595484256586421
0.02397814524901591 0.011729583424644863 0.25951266465220196
0.023949931782717232 0.011698431576898538 0.2594523667484125
0.02397327623795731 0.011673754898709476 0.2595650872029143
0.023925588803858283 0.011611972584568364 0.2594846513844724
0.02388694860198333 0.01156914832574335 0.25943194928247304
0.023881906691529703 0.011510106691541677 0.25948219189257415
0.023843836536334664 0.01149498790426573 0.2593908267462943
0.02695364305548708 0.00589526163119658 0.25907909435988474
0.026967803268345858 0.005862861091819382 0.25904554924817147
0.027033330968701502 0.005755444072459259 0.25904073017794044
0.027084547275886273 0.005656353352453125 0.25898311018759834
0.027127410256288703 0.005574109553477646 0.25902564820284474
0.027176575684735506 0.005456508137543614 0.2590377010123076
0.027223750101065307 0.005355259315794669 0.2590554265401812
0.027310085048098266 0.005190901559119554 0.25910949067655215
0.02730992715571065 0.005169603333226858 0.25905691452184476
0.027361848765789266 0.005066062344072975 0.2590766956080607
0.02740229787883662 0.004994718229491324 0.2591055804945628
0.02744479699088792 0.004933230463378291 0.2591936585723874
0.02755125120047479 0.004751769649713522 0.25926906877902667
0.027536882143825978 0.004738533802746747 0.2591843870273555
0.02759207727528444 0.004680241993785306 0.2593054794952108
0.027635250869260164 0.0045998600150624624 0.25932620575343135
0.027679102571311162 0.004503116788660777 0.25933277681671046
0.027716170858799377 0.004424131939124221 0.2593648097483025
0.027759716723812625 0.004335318691077894 0.25940783130001444
0.027809767192317238 0.004236443193767647 0.2594305447087002
0.02784531118471055 0.004154705967815475 0.25945799271406267
0.02788469268701193 0.004079787006746716 0.25949067355629285
0.027924223094776178 0.004006675967526241 0.2595177694324753
0.027961067553945645 0.003917887324365654 0.25953330748815207
0.027991338132774185 0.003836851989631407 0.25956532406638727
0.028020433403592893 0.003748818127409681 0.2595907474083845
0.028053469910473625 0.003667446769900551 0.25963546086933575
0.028071269235081166 0.003606529278740722 0.25966317327656274
0.028093668093664564 0.0035091324470806207 0.2597039506332295
0.028114581247234156 0.003419214312079255 0.2597392510129109
0.028138607154325188 0.003336228992436907 0.2597598249457461
0.028158486415181823 0.003274064311238112 0.25979260934293824
0.0281858347116603 0.0032120297641605733 0.25990586858074516
0.028180802901231726 0.0031991496663356656 0.2598429231713507
0.028206305496400477 0.0031368321330019766 0.2599308052894343
0.028202941203864865 0.0031135344819006594 0.25987893638074233
0.028217303528905856 0.0030386030017642285 0.2598892333222292
0.02823691065964224 0.0029551272725606426 0.2599399253428854
0.02825116859226872 0.0024149491393585243 0.26018093972392436
0.0282439453156429 0.0023532494521265046 0.26026072917980825
0.028231108405714828 0.002282509614394912 0.26028322999982
0.027641887118272465 0.001362208471748505 0.26093105531475336
0.028459387426609167 0.0006300218242943911 0.26199150776411606
0.028594007352895495 0.0005102808233557465 0.2619584571371799
0.028673532866839116 0.0004363289605098797 0.2620707842470583
0.02868697727271366 0.00040195016672406325 0.26200525968991745
0.02911468181490099 3.482390961595527e-05 0.2621277596578119
0.029212191914806597 -4.023218237658721e-05 0.2621727996519417
0.02933956606138796 -0.00014397196170706783 0.26217877657147615
0.02953670840421601 -0.00031967125075671454 0.2622893214849355
0.02963150986762207 -0.0003849067665671613 0.26240427835951463
0.029692617621463045 -0.00046295590575651246 0.2624071950172444
0.02974456458981721 -0.0005298748376326157 0.2624954535105206
0.02979574127525441 -0.0006055453980618464 0.26253053904674256
0.029845371287115598 -0.0007035710242985771 0.262536931262599
0.029885783475691735 -0.0007498159987811559 0.2626424356812249
0.02988844915404887 -0.0007694658506761098 0.262582021515838
0.029922848162429294 -0.0008159916875573048 0.26270301824482245
0.029961157011348334 -0.0008889082584671026 0.2627261178006895
0.02999518457781806 -0.0009710835973891774 0.2627539183814963
0.030029777298236672 -0.001052818382412779 0.2627738489487532
0.030065641148949745 -0.0011172679313917744 0.26287676589948744
0.030061549340952995 -0.0011252488348307277 0.2628291452801339
0.030085421399970766 -0.0012190366748375814 0.2628347878739621
0.03011225608855933 -0.0013050679826011047 0.2628690639016322
0.030138401722841796 -0.0013931897331191379 0.2629088441416214
0.030152626693570064 -0.0014556998227091555 0.26290995747321433
0.022164143808745956 0.01715919221656198 0.26116018217685383
0.022052415069830786 0.017632114664787424 0.2614976869693604
0.022080427690684412 0.017557738737832618 0.2614524180941531
0.022104254238227067 0.017487977515659114 0.261419056434826
0.022131063545946253 0.017408472436047484 0.26139250076432885
0.022157291639073623 0.017326069454868198 0.2613704843290208
0.022162983176914175 0.017257709663741627 0.2613130602630368
0.022171361970884484 0.017177164859324634 0.2612849760522944
0.022189302556870558 0.01710758193897255 0.2612464929122229
0.0220250110771483 0.01775881323961187 0.26162876746494423
0.02205810388017819 0.017660713684459317 0.2616070747941428
0.023196580869071684 0.014699718527436678 0.26039614626993157
0.023238769343681118 0.014616143576863527 0.2603649379898313
0.023273951818270452 0.014534481986113845 0.26033129785490294
0.02194355335744086 0.01807830750971956 0.26189241823010223
0.021965054636521222 0.018009089423082048 0.2618522326620442
0.021988289697362065 0.017924252587133094 0.2618173102936552
0.022005360714103833 0.017848993974401706 0.26180687042310324
0.022036446312710192 0.01771728601054673 0.2617213214715231
0.023120203491367397 0.014884827439129278 0.2605653151115869
0.023154072737057857 0.01480525249481024 0.2605178863604651
0.023193453417306692 0.014730129506132894 0.2605147668259925
0.023235862229101206 0.014646313767404884 0.2604917614217653
0.023267611052064083 0.014572738752279712 0.26045589298452865
0.023299959601920314 0.014497831649962878 0.2604072722035322
0.023333455408858922 0.014407721336403223 0.26037658292189014
0.023358862175145823 0.014351105681234377 0.2603577958115045
0.023392105389931722 0.014257233769386979 0.2603137606138006
0.02189131717602749 0.01827540655225729 0.2620502129606292
0.021918697932771403 0.018198166989735143 0.2620480954995249
0.022008782138861552 0.017902755896110845 0.2619180969223144
0.02306389523468773 0.014999343058473502 0.260708866169249
0.023108834269573497 0.014922393956354807 0.26066916351157143
0.02314293052855207 0.014850599150170452 0.26063884266843307
0.02180401220628092 0.018536907425756144 0.26227051504395316
0.021832603823194477 0.018462440047347872 0.2622342029427296
0.021744985388866225 0.018724848066444033 0.2624493043985124
0.024777328597542947 0.010738160531172658 0.259168123695803
0.024810484731819377 0.010668294655141852 0.25915074521697745
0.024846527491320505 0.010584472397285272 0.2591177929973956
0.024898686367212028 0.010489622433531687 0.25910059801726554
0.024925249107259656 0.010418898759322004 0.2590472070859433
0.024955377482871965 0.010349684587587893 0.2590321346337832
0.02500173042062709 0.010250753756487097 0.2589964501186657
0.025021282498566777 0.01018428696404805 0.2589860818810574
0.025109375147723628 0.009972276958875648 0.2588795235352025
0.025137580436821738 0.009907983959614786 0.258859252794887
0.025170947249517267 0.009810526955159438 0.25882556389770794
0.022864715704607172 0.015335469462769535 0.2611374142623867
0.022917683431817548 0.015265376582619561 0.2610929240249581
0.024599478647154754 0.010993869037129844 0.25935543945682715
0.024675319790844558 0.010907948445013693 0.25937050077397505
0.024728608330585433 0.010840018107820648 0.2593269857223134
0.024770668411526392 0.0107734782987014 0.2592803969522758
0.02481208410091472 0.010693300452489785 0.25925463443979435
0.02500765387732279 0.010250338252887292 0.25909616365895755
0.025042197620189166 0.01016129256055659 0.259051608526749
0.02506693563695231 0.010077618729287585 0.25899841588075917
0.02511010756891975 0.009978607730409317 0.25898148796915366
0.025223678763385493 0.009698834678599888 0.2588710891885043
0.025254726006304407 0.009612527181944053 0.25882669049338686
0.02531949013400686 0.009445285338508191 0.25877971865004284
0.025344995565061285 0.00937159231481638 0.258752309274897
0.025361371910279012 0.009336054671098604 0.25871566778889693
0.025391069192758756 0.009255219890859923 0.2586752629993655
0.025414797083268152 0.009170761937212835 0.2586396676769519
0.025444166102891325 0.009085670437415816 0.25862063927584555
0.025475438371837675 0.00899832469927897 0.2585948078642643
0.021620777481906134 0.01902675108901225 0.26277109067605203
0.022784687039351645 0.015459240255179418 0.2612606166790985
0.022845762409246614 0.015373128806576652 0.2612287382018494
0.02290324495458501 0.01529509120195549 0.26122869887746375
0.025505786671333748 0.008955977632084278 0.258681819734246
0.02552496096393196 0.008890039228388935 0.2586477879385034
0.02553960316131467 0.008825455040568753 0.25860951623564854
0.025556860531369338 0.008765369893725616 0.25858798734325616
0.021572774151638635 0.019130861386566944 0.2629120910718894
0.02558585396926228 0.008705638544956373 0.25865454876326316
0.02560265277669769 0.00865038654187239 0.258617126213591
0.025620259930602927 0.008603354791869855 0.2586208321578769
0.025664992096056702 0.008478470515207226 0.2586472568398289
0.0256943197386768 0.008382468913291419 0.25862021000622604
0.025712447835537847 0.008347596253583445 0.25870872709389325
0.025737648019967967 0.008265923534364061 0.25867412807454304
0.02575818244311072 0.008201340705502158 0.2586415420179792
0.02578478613529639 0.0081579769959651 0.2587166394910211
0.02580577271970956 0.00808526743100857 0.2586853553986018
0.02583047992223962 0.008013085001719877 0.258655162098929
0.025853887234351766 0.007927034558475321 0.2586163120866112
0.025890866511393412 0.007817799952307192 0.25867051449047634
0.02590679359707128 0.0077438880008605104 0.25863685009570736
0.025923779647604048 0.007663212721026991 0.25859130863974605
0.02596770425233133 0.007548251651370408 0.2586587752601073
0.025977644030334757 0.007488461428215243 0.25860412302750607
0.02601720785465693 0.00735944860908605 0.2586593609058626
0.026023753525253532 0.007292738871866211 0.2586174836942015
0.026041657351555815 0.007267223430399539 0.2586969315994634
0.02604703193066947 0.007192622830853146 0.2586549342358953
0.02605288727434736 0.007120120467029811 0.25863177711840535
0.02605012274393778 0.0070388202389791155 0.25859037806418295
0.026033884823886265 0.00695993879936968 0.2585443003099239
0.02707759902474402 0.0056813192912272825 0.2590302992181795
0.027407353431213435 0.005002205591190023 0.25915010367734387
0.02763483352377366 0.004598231839652411 0.25930191365250166
0.027697415514111687 0.00447203191096579 0.2593556242192909
0.027744041541417137 0.004375078313918812 0.2594127847178661
0.02780242422834041 0.0042691397430908995 0.2594661422569638
0.019698850677172947 0.023247890652175196 0.2676301476172236
0.019760680679866152 0.023191346544392477 0.2677091840685737
0.019907303020846312 0.02302493735521982 0.26767485608167707
0.019964002741156228 0.022960254725935603 0.26766080356284033
0.020082684144697452 0.022775276706287928 0.26759101279052255
0.019812612045249076 0.02313518345834714 0.2678088262667396
0.019888660183981846 0.023057079974801054 0.26776823189085747
0.01995814403929691 0.022977643957299454 0.2677482465794003
0.028172685320631635 0.0008786163920010415 0.2619769851942758
0.028272923803817913 0.0007879860586235132 0.2619784620694866
0.028361886741606585 0.0007086022129836889 0.26195306470443736
0.028526639879387944 0.0005811733400521435 0.26202051179284447
0.028593872393483863 0.0005176201029196692 0.26201556655287855
0.02864611315156665 0.00044987279902802824 0.26201063730239305
0.028717003131843888 0.00039221260887745135 0.2620780567073747
0.02878070027895885 0.00032644799670283886 0.2620648676878913
0.028866545252033693 0.00024032408994190124 0.26205662957026515
0.029003243121383013 0.00012743217933869344 0.26212205353250917
0.029098898405878475 3.9796641290112955e-05 0.26209629844138077
0.02915123457500652 9.029652784209308e-06 0.2621780568490174
0.02926704930312725 -8.573658689592367e-05 0.26217470533186643
0.029310383174853225 -0.0001315365717018402 0.2621338058275539
0.029394566702924244 -0.00018448122353531549 0.2622426842144989
0.029461957759062463 -0.00025960296566518437 0.26222670305334145
0.029460893384230427 -0.00023631733212625683 0.2622910362133517
0.02952212424119141 -0.00029757737118130123 0.2623061570655367
0.029645435110427255 -0.0004130769624302588 0.2623626860443849
0.0296954981064564 -0.0004552747195059048 0.2624825155475399
0.02973438506726689 -0.0005252071117403112 0.2624352411475406
0.029774162421901715 -0.0005737770516779928 0.2625002354387722
0.02981099692874563 -0.0006430267095313691 0.26249006946647446
0.02979816442278331 -0.0006051911523980436 0.26259431638492836
0.029839329388803834 -0.0006775816629509546 0.26258918131390563
0.029878439511129083 -0.0007581756810127183 0.2625548411991071
0.029863069111522395 -0.0007070886150021827 0.26265581287584056
0.029909455327010427 -0.0008014921824995302 0.26262222582987826
0.029933482307420323 -0.0008330698969871708 0.262730608674739
0.029963855942442066 -0.0009101599481269873 0.2626794440687029
0.029988115435178868 -0.0009461629858020792 0.2627857422426774
0.03001177016961399 -0.0010186247056735986 0.26274554810265593
0.03003588594037803 -0.0010450607819355584 0.26283326093850296
0.030076096911614295 -0.0011631174126385257 0.2628575193440422
0.027022892781306034 0.005771533024032216 0.2590391402782014
0.026925384375454102 0.00594040386817285 0.2590974138561545
0.02681935017107396 0.0060863080080933996 0.2590978755438364
0.026876925786029973 0.006023603757986162 0.25913118248576944
0.026674846955912948 0.00622194657998365 0.25911599250615663
0.029666834440185308 -0.0004197286613978335 0.2624433178730058
0.02972222833218536 -0.00049766790618333 0.26247907373757867
0.029767962187096098 -0.000556271459506319 0.2625453535275069
0.02842038491850582 0.0006574812938547892 0.261949427792715
0.028274678618713384 0.0007810776695929555 0.2619518515718271
0.028355526889015263 0.0007218197571506324 0.26199797575097616
0.028402128010155556 0.0006836270421744506 0.26202685985094865
0.024781610459384082 0.010727283185015313 0.259131506624651
0.028198371679926733 0.0008616775281473088 0.26198467184748153
0.024772602941833227 0.010758068595196957 0.2592306943443925
0.028011520497109185 0.0009820789816673559 0.26198773576163426
0.024656380729226546 0.010920143898191348 0.2592690186702975
0.024715609674950817 0.010850977689765118 0.2592930974763379
0.027782022035602955 0.001073642437390665 0.2619620754977565
0.024520722707684586 0.011053287711382476 0.2592739894952051
0.02464709467056994 0.010940548619158386 0.25934791030405474
0.024350297405977064 0.01115176140587687 0.25924647809882995
0.024436392085528294 0.011122241596372151 0.259325641276506
0.02451469993352111 0.01106532992392334 0.2593427023310401
0.023169339496720176 0.014782959910346893 0.26054834066438687
0.02312718616388698 0.014881204719425445 0.2606163358092148
0.023155369606520843 0.01482100657967994 0.26061656587981696
0.023032139947515268 0.015043003091961493 0.26062741122334376
0.023076022381672473 0.014977211309302352 0.2606682391587186
0.023032174007734205 0.015066990076313513 0.26074634168042515
0.022971918936939797 0.015168561495313204 0.2608918118357353
0.022909407663560644 0.015261893019170358 0.2609567597383575
0.022961385133976192 0.015183067558061869 0.2609804821128221
0.022892957535146793 0.015294157178918188 0.261039947453622
0.02294385880841597 0.015218942873778785 0.261046379971168
0.022892478002940725 0.015299753981973307 0.2611186076592182
0.022885243737684233 0.015318649387973449 0.2611824280285237
0.02281472726323977 0.015411875700963196 0.26123154786156755
0.02261791257975193 0.01561428720648933 0.26120634706407564
0.022694033757664975 0.01556785657349452 0.2612398285932048
0.022752841942056318 0.015507340236050327 0.26129302561333695
0.022584932218146392 0.015636761476206573 0.26127416997723224
0.022667532547832644 0.01559611999402738 0.2613255099700449
0.022096250115550164 0.017532071779029823 0.2614795981143367
0.022060120713010764 0.017633534403458995 0.2615376132978328
0.022041492310779134 0.01772631704543648 0.2616208388520692
0.02200203222715877 0.017843474876289622 0.26177126388113847
0.02202381533969905 0.017779582722225518 0.2618040072141563
0.021950905134257237 0.01803484209899836 0.26182133462053947
0.02198253112825016 0.017961473532468575 0.2618470214819539
0.022011369996790944 0.01786907494650658 0.26186368511821734
0.021927295403390473 0.01811622083075992 0.26189355141931425
0.021964263294538544 0.018038300566251442 0.26194077078825323
0.0219274212960211 0.018144232444007924 0.2619954889152335
0.02187086200466072 0.0183589600486051 0.2621131045165999
0.02183846446297852 0.018443244997964625 0.262174511394915
0.021780596195029034 0.018629017607525444 0.26232639703775695
0.021801948523390374 0.01856502136176963 0.2623370521727968
0.021741690983731077 0.018720912667558376 0.262394140401826
0.021771291595942446 0.018667783372707247 0.2624115860369629
0.021683778895697614 0.0188266090372195 0.2624384530704442
0.021724662434533318 0.018765688468385777 0.26247206932760125
0.02168446577128691 0.018861462407647578 0.26254636361891714
0.021646439779574755 0.018932758664131466 0.2625860065245333
0.021605665315044695 0.019023540414052853 0.2626580098572583
0.021652032298798557 0.018948733390588557 0.2627014044532121
0.021559396011532256 0.01912756808444288 0.26271616592182334
0.02160900638364198 0.019055081173884325 0.26276406318455114
0.021561820559597197 0.01915482237605126 0.26281552821927867
0.021503809662280132 0.019225407375192183 0.262880119430668
0.021553690338999426 0.01916424455048943 0.2629345155175163
0.02148292091495088 0.01925639862626255 0.2629552671231949
0.021530821725611382 0.019197680311397847 0.2629886474278298
0.01847754500863781 0.0238094211327467 0.26832394894123013
0.018524675447204098 0.023801691334360164 0.2682252931594561
0.02148648393014853 0.019268016031173285 0.2630572733319561
0.018685604512191117 0.02376309932502413 0.26823252379966356
0.0185690716595268 0.023793051855747982 0.2681675072282902
0.018745917047212818 0.023746386943963527 0.26819372126961016
0.01859524126821288 0.023785919900543462 0.2680985301357436
0.02143946935644926 0.019347595614283175 0.2631137521068361
0.01877324697086548 0.023740590689915797 0.2681030410765571
0.01883573695137869 0.0237208217501359 0.268020454773483
0.018856072694543383 0.023714458404703154 0.2679486828549853
0.021374424544143705 0.019478341239566155 0.2632665228555463
0.019029316007249414 0.02365549386908533 0.26792742363952426
0.018886271420623477 0.02370239353689163 0.2678706860902586
0.02126453236085299 0.01962048144016193 0.26328240147092097
0.021315294533367793 0.0195701955649783 0.2633021761895941
0.019142612638095247 0.023613821564352544 0.2679272496934467
0.019023416996108697 0.023653287459045103 0.2678607443779635
0.019187875694916395 0.023593024309519872 0.2678534905172133
0.021185335477461376 0.019695841576504225 0.26332858746134574
0.02125079266121077 0.01965067345078736 0.2633695765003052
0.021320062675554446 0.019581201321151376 0.2634014352262162
0.01928531680501132 0.023546634378842968 0.26781530803699977
0.019402208076816863 0.023484680977667705 0.26776088015757665
0.021184509524726766 0.019707424018746866 0.2634135216860951
0.01943138340065008 0.023459319112193178 0.26769272156854435
0.01987622884569791 0.023070590614960862 0.2678246024729987
0.01981857236438636 0.023130584150099054 0.26775291728481876
0.019749441469131226 0.023201907420286383 0.26774503973120056
0.019686147728685127 0.02326438798309438 0.2676735888565276
0.019601140967715813 0.0233328310136125 0.26763554004494294
0.01987627412033341 0.023066851910973796 0.26772792467077555
0.01978078612778858 0.023168713990899703 0.2676553442646529
0.019717893125758806 0.023224474226887115 0.2675991580031799
0.021004333456629637 0.01982465393222016 0.26353275201181847
0.021051771157823945 0.019797402107510798 0.26353528305022333
0.018050023485680147 0.02385145701270419 0.26830549457578035
0.01800272951458344 0.02385601097226092 0.2682287525465509
0.01795392998197 0.02385720845767625 0.2681510669253241
0.017904136944256924 0.02385702372821019 0.26807298807434427
0.01785229132234506 0.02385493663350652 0.2679941657150528
0.0181412133567687 0.023848404491532638 0.2682811798801139
0.018093885497061576 0.023853784938631273 0.26820435618139693
0.018044790123154103 0.023856682535936424 0.26812663317713986
0.01799624144487791 0.023857418886613246 0.26804894237378896
0.017946672981721368 0.023856488319771108 0.26797103083352913
0.018274104686145765 0.023836666450517352 0.26833196693623573
0.01822964669379673 0.023842855522407336 0.26825576724656813
0.018183716775149697 0.023848098252186478 0.2681794811301541
0.018134748383372673 0.023851980978109644 0.26810186946836173
0.018403274018818666 0.023819256660782773 0.2683614425281422
0.018357772370644426 0.023827238024965725 0.26830293947575
0.018313611298600527 0.023834437321948065 0.2682285602485498
0.018269725757207825 0.023839676457561965 0.26815325795565853
0.018222730705340667 0.023843918907799022 0.2680763679087344
0.018448870167866088 0.02381418332878943 0.2682680216429263
0.018397539960419013 0.023821673225916162 0.2682006637581282
0.018523126703640508 0.02380203164090111 0.2682677012115786
0.018489166222253578 0.023806758470556577 0.2681708993227263
0.018604974436215616 0.023784304935096034 0.26822498871839906
0.01854916943527521 0.0237965304906686 0.2681331431966738
0.01868774103024426 0.023762964330194758 0.2681715074357355
0.01863714325763824 0.02377667076567369 0.2681281691739594
0.018750484370222392 0.02374606241884003 0.2681403807095834
0.018712054147215468 0.023756250333745732 0.2680799827746062
0.01878144867470674 0.023737913234518127 0.26806064546491276
0.01874751229925059 0.02374501010638258 0.26799158090503844
0.018803288479812053 0.02372939028014709 0.2679407409993506
0.018890710471663325 0.023702846969944014 0.2679129200212186
0.028231148210161455 0.0008271226930012254 0.26198636413404197
0.019540035600006195 0.01992155211127966 0.263889751404091
0.01965842136375444 0.01994564795080439 0.2638635369889851
0.019766317035849246 0.019968139340508784 0.26386302295360164
0.01987050091715492 0.019988078073186366 0.26383209668135144
0.019971742003493442 0.02000275157210396 0.2638356677129267
0.02007265373273781 0.02000520515394022 0.26380851922057297
0.02015474753144436 0.020005001925588295 0.2637731864353421
0.020260664071582862 0.019997391981127655 0.2637533554224988
0.02020689476516102 0.019993147313514148 0.26369413259679986
0.020357177281797673 0.0199909353597979 0.2637443494192213
0.026889752903449728 0.005984795052004999 0.2590783046567788
0.02043879391330794 0.019985291625284618 0.2637105038475514
0.02041092943198343 0.019982853822603563 0.2636421205974195
0.020525067639001637 0.01997244072469523 0.2636863699148223
0.020461137992053777 0.01997265594205111 0.26360735339552027
0.0206071387757292 0.019955396907972378 0.26366236365464374
0.020558126931086135 0.019956931087708518 0.26357824807536606
0.020681304683021068 0.019940003086681646 0.26364944718989347
0.02064127845265626 0.019940275611368075 0.2635338528755304
0.020755578732646343 0.019923421025082655 0.2636064787353555
0.020716770874605134 0.01992697136035776 0.2635372209511454
0.020824630054142562 0.019903088838250926 0.2635742334926324
0.02092230736346029 0.01986578555083357 0.2635391549009801
0.020876742502043605 0.019875241440754587 0.26347798646345
0.020966511261028303 0.01984127584266404 0.26350585143351446
0.021033855719774425 0.019801715460612324 0.26346176063347504
0.026844793274713723 0.006068116109817667 0.25913867525234396
0.021103599590787336 0.019759653776068753 0.26340943777375303
0.02119417561233214 0.01970038025409876 0.2634566130057545
0.02114965279605681 0.01972674794534074 0.26337008478671886
0.021232683279676673 0.019668739674348623 0.26341755293062974
0.0212161192923057 0.019674044611918906 0.2633325223410766
0.021291204790389512 0.019608927853278058 0.26335388854620556
0.02677596920514077 0.0061331772149629815 0.2591012481158694
0.02667607434643869 0.006206042631906328 0.2590578617445235
0.026723132177438748 0.006185312909296803 0.25913394178620397
0.026578167623787403 0.006259277508401939 0.25903181511356704
0.026618481278443434 0.006254554302774329 0.2591229146891801
0.021789791311746035 0.018608258003182776 0.26235156232249796
0.02176671912443219 0.01865125274453522 0.2623046072398275
0.021796031138421268 0.0185519468812661 0.26224560231159033
0.021827850335127658 0.01847108296796912 0.26219900810114255
0.021855267823200436 0.018402996460770038 0.2621515853651901
0.02188497502388377 0.01831199721217608 0.26208545318782617
0.02648393310160345 0.006300658135998505 0.2590139877725292
0.026529201013150885 0.0062961490922873176 0.259093130731843
0.02190209122379333 0.018235013181299997 0.2620264974282201
0.02639537557258162 0.006334950745423895 0.25903313943022094
0.026452897446882687 0.0063255759814246915 0.25910940950545924
0.02632282701208627 0.006356478276302313 0.2590471851407524
0.026378703994850178 0.006347813861229734 0.2591402061185405
0.02628373205884825 0.006368807665157905 0.2590955344086038
0.026293598259298112 0.006365967867708433 0.25916378989951205
0.021837234392822036 0.015797745650870554 0.26118597492287554
0.02187383059571936 0.015797601582554444 0.26116940857512416
0.022030087039587337 0.015771588743865195 0.2612217867554387
0.021980178908695205 0.01577535389457918 0.2611629087976705
0.02209159577852436 0.015768943915978273 0.26120769136896566
0.02206827199936534 0.01576729455039272 0.2611434143690442
0.022178421034751608 0.015761760664429303 0.2611833266367024
0.022156163928522446 0.0157579741622369 0.2610927452615558
0.022294725675204075 0.01573765307247732 0.2612082144252642
0.022256252980484906 0.01574785918401994 0.26114178704876756
0.02224434816497689 0.015745786781190096 0.26107468760156993
0.02241436179546677 0.01569704634535507 0.2612582348694937
0.022373786093195652 0.015714177483633407 0.26118279208596534
0.02233846939013237 0.015724081556575176 0.2611117671134282
0.022537779379471184 0.015652796767854138 0.26129313437879537
0.022490716179699693 0.015670271665529145 0.2612316364009545
0.02244675533756388 0.015688242928544816 0.261170437251742
0.022404968374948556 0.01569808557682767 0.2610649538946179
0.02259707634097069 0.015629366531235034 0.26123674746569575
0.0225264023733715 0.015653421738590634 0.26116894456381934
0.022486988464271745 0.01566796872967635 0.26111875800566053
0.026187930530736855 0.006376802827647743 0.25910983819440625
0.022691276861894455 0.015578717938439568 0.2612934876807599
0.022650437941877724 0.015591994068799686 0.2611981782862884
0.02593353878140716 0.006388809655402672 0.25889706076571556
0.02604262909832962 0.006378778673526986 0.25909377804268013
0.0260743988493609 0.006383151490629346 0.2591648149295066
0.022731159290079156 0.015528121609798662 0.26124798604397437
0.02281442653639132 0.015428844610442527 0.2613003628335899
0.025921352922693944 0.00640905885477111 0.2590481021546537
0.025950823737795115 0.0063801722809337935 0.25911083404852925
0.02598741276182452 0.006382669412182185 0.2591583437954882
0.02591055687761712 0.006395267389305459 0.2591183608124192
0.025904080659624497 0.006391804389786593 0.2592079615224322
0.02339172821366614 0.01427040361936771 0.2603606348998171
0.023372412122877564 0.014300685662314294 0.26028722347692096
0.02341194909220347 0.01420459790286277 0.2602927470935006
0.023452904855340267 0.014104747531718143 0.2602396425395701
0.02343207868880952 0.014129963441195159 0.2601719355502936
0.023479447594259267 0.014022490992216419 0.2601785303442252
0.023455816148913275 0.014060525294779525 0.26012731799982086
0.02350583214568648 0.013941406298237424 0.2601464678778772
0.02773957927477215 0.001086191390971325 0.26197868855638795
0.027797402173742575 0.0010673556856100608 0.2619394619906677
0.02794316982013416 0.0010185304862400657 0.26199253711263587
0.028078659902951733 0.000938800629171177 0.2619927072592284
0.028384425103069752 0.0006926525095937719 0.26197263351953504
0.02829124712564092 0.0007641672191153748 0.2619383586461682
0.019620537479597938 0.01994349746085866 0.26392620028218144
0.019711759298145712 0.0199614397163968 0.26391647290396114
0.019710404588258762 0.019954194779805257 0.26385102813675315
0.019842124399234995 0.019986564314935396 0.26387078234622485
0.01992139199730962 0.019999421958583063 0.2638621207704266
0.020007264511110012 0.019999741060056586 0.26379684710538587
0.020125732953631792 0.02000731714689019 0.26380231316747405
0.020111954219117045 0.019999477940638555 0.2637494921657747
0.020183302672899583 0.020007273926728686 0.26380430927755316
0.020178953529228397 0.020000218444063023 0.2637401129387659
0.02037833812239491 0.019987447317245055 0.263668154069072
0.021854416060997903 0.018393703779699733 0.26210946167613425
0.02188960569435304 0.015798487670777406 0.2611414366193334
0.021950508799568613 0.01577838753807098 0.26119822366750717
0.021941661190332848 0.0157728467993129 0.26110451035295246
0.022010989955271662 0.01577274082166824 0.2611861547405171
0.022023441139281105 0.015767173949472024 0.26113006030451213
0.022122865611762008 0.01576380782381731 0.26113092821578265
0.022196742543774184 0.015756709565476534 0.261117304906897
0.022290039589083585 0.015735379738685218 0.26106437151076944
0.022343826062605335 0.015719540744223215 0.26106041188698337
0.02390634546169043 0.011245068990104912 0.2592815140773326
0.023934454779531142 0.01123031534681812 0.25919165936760463
0.02394804078777539 0.0112267892535457 0.2591296217173733
0.024005346152466703 0.011226149941890418 0.25921810051064154
0.024035686660220656 0.011221212541004666 0.2591335512110482
0.024098797908104125 0.011223774009875342 0.259238170082519
0.024093186755841045 0.01121928984031284 0.25914427508747867
0.024178114343923987 0.011201310171433887 0.25926216182841855
0.024183697424142586 0.011202394417539618 0.2591847720085088
0.02425913813736709 0.011181298090970682 0.2592753293047001
0.024276492475982653 0.011170632314285833 0.25918532205477585
0.024338852870319075 0.011157795322762787 0.25927230532768997
0.024338826323993396 0.01114856582004442 0.2592089307485997
0.02441299941376812 0.011137801820273241 0.2593453411227
0.024394031402798222 0.01113695661209263 0.25928419766938754
0.024469799676649917 0.011098998489482315 0.25935494260988107
0.024478497991403808 0.01108537675446497 0.25928351730445254
0.02455637341481219 0.011028681006768293 0.2593130740096492
0.024622059068656235 0.010963135271125801 0.2593073518056886
0.024686568656714508 0.010889582860450997 0.2593146618626291
0.02468120966140372 0.010892167922517904 0.259264877425067
0.027651536819576245 0.0011047166119912966 0.26197501155091635
0.02782396463812256 0.0010566184363742237 0.26194614419576095
0.02788544811481565 0.0010368354358047949 0.26196189557291355
0.027696097389456165 0.0010935883591329243 0.26196564014225504
0.024443107461786864 0.011110780913624607 0.2592920450539108
0.024378320719291927 0.011136827611172129 0.25923510461710386
0.024348352296886117 0.011155438085272862 0.2593060321245481
0.024294789240302594 0.011170675570834232 0.2592413368433972
0.024217697151349082 0.01118968322478664 0.25929483335834913
0.024229066427300536 0.011185871955813997 0.2591641033193636
0.024181199415472032 0.01120256901683786 0.25922538274683954
0.024094626635806332 0.011221253093253947 0.25928265000458284
0.024129130834630835 0.011215631042926055 0.2591660280666226
0.024057391254881336 0.011226450318443604 0.2592311888905481
0.023977083912250174 0.01122499237150859 0.25928623673528567
0.02385425251894431 0.012653869493008063 0.25967340121980576
0.023837485968469074 0.012716635490134187 0.25970810830395197
0.02381197340255478 0.012801943355526202 0.2597338201510797
0.02378640093419762 0.012894776281895448 0.2597776917688279
0.023774570605823636 0.012952038232744822 0.25983126749855223
0.02190572383884211 0.018264239152890438 0.26210664727783006
0.02188008124080036 0.018354331654166445 0.26216759931864486
0.02185035249889844 0.018418100440789453 0.2621952739560872
0.021822871931247254 0.01848380520902565 0.26222445683347445
0.02179998014584067 0.018549076999755332 0.2622762900554063
0.021785210909834513 0.018608664902385497 0.2623141936611443
0.021765543574645344 0.018671805756987625 0.2623564007139515
0.021876665733385786 0.01830949262359982 0.26204649835850446
0.02184685807706875 0.01839106403143992 0.26207942120995853
0.02221730588497213 0.016967410452822906 0.2611656955286895
0.02220134459862977 0.01707490739950568 0.2612344444973522
0.022176284490683873 0.017145425098763434 0.2612572541440205
0.022158057081534233 0.017233371814439624 0.2612749861816209
0.022173721845417438 0.017112485093507657 0.2611062214895944
0.01964866087577996 0.019961823643012744 0.2652130541808564
0.019678921530021015 0.020054298823951155 0.2651709282088759
0.02399620861467433 0.011744056812680592 0.2595624302704525
0.023940956605697727 0.01161733483787214 0.2595345456868138
0.023967573717975102 0.011718921363531198 0.25948737238887376
0.023903737662987673 0.011569126377520944 0.25947813301931694
0.023930849182841357 0.011656880208420928 0.25944114094511744
0.02386430128759648 0.011517146563996494 0.25942744181907496
0.02600231283840765 0.007425844007901361 0.25866296863466154
0.026054117973025842 0.007161710276562372 0.25867851859916724
0.026037877529861475 0.0072465821892029325 0.25865239555664615
0.02601704281902828 0.007335665156493698 0.25862485310462824
0.026058271283312402 0.007047319405311114 0.25862666349345864
0.026045688003523394 0.007144788841221772 0.2586068042328227
0.026027663095710196 0.007215925213084007 0.2585637179357364
0.025938289879108706 0.006578444500347835 0.25877032100576136
0.026038394001739983 0.006941714336746896 0.25856967207330755
0.025915041163127664 0.006583481581232842 0.25873064341231883
0.02598206952985821 0.006698685092809964 0.25863516428856015
0.0260186792634471 0.006828868109676367 0.258584296926469
0.025949320449891934 0.0066711185734145695 0.258574384379299
0.023862996229137817 0.011476194004639895 0.25944258390626806
0.022049207815761834 0.016312287703541095 0.2609188716374206
0.021773748181302982 0.015943967980681595 0.26098598215847746
0.022170389612768987 0.016487011421874198 0.2609451935090478
0.02179735188515622 0.016010385668255633 0.2609404387677196
0.021792547417955596 0.01596261880830452 0.26099322350022175
0.02179295089688721 0.015953251522193068 0.26102267001029783
0.023957584012357674 0.01167617406031446 0.2594964237948074
0.022200605945524518 0.016523590831208856 0.2610679350234084
0.021883256822577885 0.016082240866355846 0.26093517030185476
0.02192857402833856 0.016163676963893314 0.26087087313022245
0.022230355162788845 0.016583368178461677 0.2610847830923653
0.02198708846703866 0.016231563019015904 0.26088325848784744
0.023908396121768705 0.011589802392733661 0.2594622641832945
0.023900587928236294 0.011622314910206266 0.25940414700062575
0.022065894301879885 0.017629063330798944 0.26156958797188645
0.02209534187612258 0.017543583421722297 0.26151312603678445
0.022108948916197038 0.01747391965975853 0.2614550351241606
0.022134892530892736 0.017400581162530127 0.2614148579729326
0.022159175705228906 0.017306417044188116 0.26134934153712425
0.026056154773881818 0.007080803168584782 0.25862696028440646
0.02605884910221727 0.007008629899581287 0.25863948130418013
0.026011319793401287 0.006784234407997081 0.25859853729777904
0.025977724356842175 0.006711728821287344 0.25859106619088157
0.025970494862185042 0.006658628084175444 0.2587233371303398
0.025925448821062555 0.006613653158646926 0.2586501829072704
0.02591560331289581 0.00655139589382675 0.2587630708058514
0.025922860579060153 0.006578887457195037 0.2587536155728354
0.024304986814488727 0.011167952509161694 0.2593045935380298
0.02199829529166253 0.017886666999581913 0.26181294274387
0.0220344200864937 0.017730449854339303 0.26165887732909227
0.021860638494969234 0.015777480530080323 0.2612220936463031
0.021853353064922143 0.01580113006250594 0.2611217481779198
0.021982876573206384 0.015774837063746494 0.261191246500331
0.023938520824813514 0.011230778317809553 0.25924223574878813
0.023979227849560344 0.011226751409771085 0.2591723186475331
0.024051084853254218 0.011222778999018579 0.25927147829997776
0.024070250558403977 0.011225032973891547 0.25919035599636536
0.02413074660621717 0.011213646384466314 0.2592872367157075
0.02414846104523452 0.01121382441589952 0.2592260354383098
0.02422555202414578 0.011189807941916707 0.259230866830235
0.025929926479015625 0.006384400796806522 0.25910614802366616
0.025940040338465226 0.0064052258273217255 0.25900730062536415
0.026019835585425262 0.006382396357859199 0.25914771509608087
0.02613802403146387 0.006382531961154236 0.25915994037459417
0.026239274889519007 0.0063756623785657385 0.25912385865792
0.02625071055905319 0.0063669740273803455 0.2590599442986884
0.026338965602564962 0.006358342242051562 0.25909259047115585
0.026346152297027477 0.006343811309114267 0.25900338601605033
0.022172260158048643 0.017139522695332088 0.26119602094648375
0.02214998629577916 0.017216708064688613 0.2612193414850045
0.02213374907310435 0.017297292900242234 0.26123747211871123
0.02385456144982502 0.011487066465188822 0.2594186226458764
0.021926147835768822 0.01816358016161168 0.26202953716808897
0.02189386322696739 0.018235500921665815 0.26199111758964544
0.02197605808271355 0.017998839012525247 0.2619457237822392
0.021947838010990636 0.018082191103276135 0.26194351002538335
0.021926679385753198 0.018129399280936043 0.26192701802914
0.0219987217204122 0.017918381506902503 0.26186201730330705
0.02197907821869488 0.01798343886625242 0.2618821507464974
0.021945959269984022 0.018057688398639193 0.26184944781885117
0.025961873640052924 0.006383264132081512 0.2590638949835985
0.025984261313795984 0.0063807414272091245 0.2591214296742165
0.02591700832278576 0.006395249150547455 0.2590841631615849
0.025942564687262165 0.006384561619229456 0.2591582094059804
0.021907073430183 0.01578538594030765 0.2611959162766715
0.021892552672584595 0.015786310725627972 0.26110540403788096
0.021985966593336362 0.01577261983850209 0.2612239328137942
0.02197395471908306 0.01577230872864488 0.26112733783158715
0.027733756644013383 0.0011263770881162483 0.26156298004502926
0.021773834851539456 0.01594180148349067 0.2609939689837661
0.02175754662657535 0.01595163735362065 0.2609662133233289
0.0259486699207227 0.00669532962638969 0.2585356462788599
0.025930496570285143 0.006622133287198906 0.25863381277142705
0.025918379384319033 0.006600418497523075 0.2586907769032435
0.02600110411242333 0.006774647670576173 0.2585795739877363
0.02598518317623673 0.006691045998460876 0.2586698843122317
0.025946602994933593 0.006618205907133856 0.25874087656255584
0.02206584733558882 0.01635629313473197 0.26088580849925086
0.02201880329236172 0.01626028012921027 0.260925161070546
0.022005865525860563 0.016276726337252523 0.26085812047583656
0.02197368576591867 0.01619804456355267 0.2609074953615329
0.02196648520822178 0.016222451088063583 0.26085277119474937
0.021921473867860725 0.016123642039074015 0.2609106229568372
0.021860188216001566 0.016081453536949508 0.2608953420254292
0.0276152531165832 0.0011131057505735509 0.2619910961724835
0.022086272218052164 0.01751625431558429 0.26138785639257567
0.02211553886919368 0.017448233377656663 0.2614038505675904
0.022102994748129656 0.017435757316025202 0.26130628405995127
0.02214388951765406 0.017376214039349247 0.26139298665753763
0.022141997392800317 0.017366682068620576 0.2613387762821694
0.02212576092218481 0.017334647893444244 0.26125048853249416
0.022161270353930562 0.01727973248564657 0.2613230644048176
0.02191772884063685 0.015776229752575477 0.2612321933238815
0.021928129016913392 0.015786035424061207 0.2611522248754775
0.022046899916977086 0.015771342113753084 0.26117808130466347
0.022243434275533852 0.01679231563764305 0.26102836225302856
0.022255905305418475 0.016722730863597157 0.2610620875200342
0.022254558762394946 0.01662434469598395 0.26110162603978726
0.022208843639630937 0.016550826336398317 0.2610682869508
0.023960309564004342 0.011719584942967098 0.2594688772589899
0.023911624820613958 0.011609873522592518 0.2594451356646792
0.023910526451899464 0.011563660089603134 0.25951562582851434
0.02216383856677645 0.016492148218840375 0.26088635396440873
0.02223504103818018 0.016826960116836875 0.26103028176549653
0.022270369905531745 0.01675658117546791 0.2610859296661167
0.0260124984367264 0.006796898792982342 0.25859079528558204
0.025939216995892606 0.006644032151832957 0.2586074199977008
0.025960115026166825 0.006614231368233525 0.25877189658274413
0.022182424313461957 0.0165080579610144 0.2610130935692057
0.022183436854647756 0.016522220451177905 0.26090938786235834
0.022079709566566852 0.0163630908359102 0.2609155153538639
0.022133904230575666 0.016463075739946376 0.2608527329800808
0.021998526518795636 0.01623507689518844 0.2609107210723261
0.021901931291420512 0.016119505794899514 0.2608882818894901
0.025977696154279833 0.006652239079612043 0.2587628319972576
0.025973712923939463 0.006668601573958766 0.25869140855254363
0.025935593060914086 0.006476072472850647 0.2588183301971494
0.025943804433052012 0.006521794619199328 0.25892407608359835
0.025927596766829937 0.006399449334830221 0.2587774754569003
0.025906840015307964 0.0064925893310708305 0.258765818275999
0.02592084752961682 0.006464118211263803 0.2590069680563841
0.02593480198614162 0.006442373278309876 0.2588762262867238
0.025957206304028646 0.006558426145717666 0.258852994818702
0.02595571589627827 0.0065814539937325 0.25879691435596724
0.02593958403272665 0.006420018310948461 0.25894416158583056
0.021882706459566498 0.018267572418293465 0.26200392996043403
0.021874819017074332 0.018295364516106638 0.2620197341133717
0.023861735331064254 0.01135192484503944 0.25939563880739464
0.02388303391489814 0.011281325360818162 0.25934344338274495
0.023846481959212296 0.011437551086832476 0.2593991877175857
0.021804171480391432 0.015862199015307943 0.26114304651463216
0.021803845918044823 0.015818808304929932 0.2611891463667149
0.021827121683894446 0.015813562897848688 0.26114720724024965
0.02209175673429284 0.016401730355050104 0.26086709114183715
