0.030061121393098945 -0.0020661420223981874 0.2640493926470294
0.03005753592729791 -0.001913137275739052 0.26402878382283296
0.030053670019616112 -0.0018121458270519697 0.2640310558593376
0.030040191627199966 -0.0016994426982882005 0.2640087460654178
0.030022414535002984 -0.0015646444641527757 0.2640080426686713
0.03000998334028805 -0.0014510848728737646 0.2640264126258438
0.029987168049933212 -0.0013404408320183414 0.26400854866074086
0.029973580235977557 -0.0012610566567484716 0.2640499052155856
0.030041056129990716 -0.0017806049998960738 0.26387158225082874
0.029937752492643133 -0.0011698608432294533 0.2639326641549278
0.029921098880120872 -0.0010954554620818957 0.26392974630533567
0.02990498252197865 -0.0010296678567358608 0.26395232661053886
0.029840131059130852 -0.0008745541160830039 0.26388378785779876
0.029805344123826905 -0.000805916479303781 0.2637843563333735
0.029742279818934902 -0.000686284249275082 0.26371319281964045
0.029674029282183302 -0.0005650921645594109 0.2636236321199145
0.0290918346168431 1.1604178905000317e-05 0.2632114518991564
0.0287428067804944 0.0003121760366301962 0.263112645326514
0.028238855763445453 0.0031218406422531264 0.2609508105387642
0.02820765900962781 0.003191748350008239 0.26082220435210246
0.028199158880903664 0.0032694971340738177 0.26083432165328724
0.02818031522525373 0.003369030709151677 0.2608537656748356
0.028163151025330152 0.0033686299025864064 0.2607400737177978
0.02814452170051733 0.003457687130889009 0.26073563516577175
0.02801424674298115 0.0039035391273572473 0.26048862171272885
0.02797743650591083 0.004009194363782276 0.26047831753577017
0.027910935061278855 0.004145286396013248 0.26042091029994474
0.027788951613822027 0.004432680089193508 0.2603895597629993
0.0277631748136307 0.004467407937149337 0.260307033269991
0.027727180589669505 0.0045628550128818945 0.2603214105046184
0.027688190251123637 0.004615399143249044 0.2602289901607322
0.027664914047596842 0.0046848355911914275 0.26025146721006076
0.02759744936882849 0.004806052518262771 0.2601819346607758
0.027530677406245714 0.004929637975715717 0.2601349417855817
0.02746192705630477 0.005059175656411674 0.2600665280788929
0.027445268065608618 0.005102771167188047 0.26009254068485865
0.027377644226399697 0.005233806192856516 0.2600334885128519
0.027343623035938097 0.005311868405725395 0.26004589159398495
0.02727709034898318 0.005443382619746584 0.2599820174342883
0.027216616684949235 0.005582161764265181 0.2599206363101132
0.020013976529369135 0.022852424514019087 0.26795906463280716
0.019983260291001628 0.0229228999967121 0.26802199045453184
0.01995049361898381 0.02298478394196729 0.2680549162411516
0.019932230030503317 0.023023187434907055 0.2680957097610517
0.019811213444841755 0.02318308646946049 0.2681035499998053
0.019787606871646587 0.02321578768222554 0.2681639222764368
0.019733428362315203 0.023280427134945603 0.2682107364503448
0.01968812675455496 0.023329303920011923 0.26814561669361986
0.019662681914373092 0.023354437005318196 0.26819285559211575
0.019618472489289815 0.023403735232987555 0.2680950018007612
0.019563425852642757 0.023443704640777774 0.2680073872703753
0.019538722883526455 0.023474982005236678 0.2680624690676349
0.019484835853254875 0.023507631749384694 0.2679894125191564
0.0194301188944052 0.023562780945279527 0.26803580019862416
0.019339287929969945 0.023621196095155506 0.2680249857885745
0.019273788896687044 0.023662687505346613 0.26806890848110765
0.019239309833233256 0.023688753653590022 0.26813759353551614
0.019224101914614905 0.02370778308797261 0.26821542403878046
0.019137332793501743 0.02375671891191261 0.268277573628132
0.019084337032996057 0.023781314990234836 0.26833299390871224
0.019029572428293617 0.02380232301519647 0.26828238931644044
0.018976403313217996 0.02382462054553941 0.26836081799386574
0.01900526427995594 0.02380608388378519 0.2682110577933118
0.01896267296942039 0.023827018879799766 0.2682807313435926
0.018867807421320132 0.023865306350973947 0.26835757261267845
0.018831563321717454 0.023876107626496557 0.2682790424898524
0.018794357789858954 0.02389070102588231 0.2683681751701302
0.018720444047470197 0.023913167367227428 0.26828224408441226
0.026038823167646538 0.0077328933468043815 0.2594713959208249
0.0260142750240824 0.007829944054843663 0.25949276874741933
0.025992251188206125 0.00790883393639813 0.2594866821193198
0.025974782874578738 0.007994624616695478 0.2595194164635646
0.02575248481832316 0.008625649350274545 0.25943168236930036
0.025318141919933104 0.009822693218171696 0.25962728723337064
0.025287486062340325 0.009901182050514823 0.25965086938112414
0.025261931201701705 0.009977648974216935 0.2596693818330761
0.02514123405006545 0.010269031038410037 0.2597908561005301
0.02511784972632633 0.010326390928921236 0.25981450467477485
0.02508026794173207 0.010417524744352091 0.2598651411611431
0.02505470033320681 0.0104841081109171 0.259901680951662
0.024924624209494463 0.010750935817522955 0.2599350430803026
0.02145041344927684 0.019529206861087278 0.2637545602221817
0.021429139196157937 0.019565858028361416 0.2637836530304284
0.021388545720333788 0.019645035806284572 0.2638498735657907
0.021372202078312974 0.019676768390988586 0.2639047339470644
0.021314941718990482 0.019747652690387585 0.26395875576903455
0.0212874405155445 0.019771923868569186 0.26398877607913784
0.021665982199787742 0.01916676471963047 0.2633709573713068
0.02163465905180678 0.019228366076164016 0.26342782338728987
0.021597423229382684 0.019289329930176846 0.2634456561613954
0.021558465238510835 0.019342902136258666 0.26350839582335467
0.021526909945728798 0.019386510175477545 0.263572852092351
0.021494870188976792 0.019438582915943636 0.2636156374354912
0.02128382090170676 0.01977197121446933 0.26386390892871775
0.021239225154338195 0.019814011964372047 0.26391559833637795
0.02118327851435116 0.019858841077461165 0.2639879145074174
0.021131562814966212 0.019892683110262432 0.2640303659650249
0.022993790511507933 0.015372721171277637 0.2618199025310678
0.022954053851552386 0.01543061230003212 0.26186559153376104
0.021761030518026636 0.018951946632858152 0.2631494053460498
0.02173759922264515 0.01899708971083297 0.2631683063330005
0.021695017738636482 0.01908297447971291 0.2632206030651552
0.021660441821385948 0.01915935254898682 0.2632579275675667
0.02164859142573071 0.0191967707817004 0.2632960120064284
0.02160849792976155 0.019275458652410316 0.26332372167954293
0.021569621748571327 0.019322960315666493 0.26339230798301494
0.021141641660978025 0.019880743915865695 0.26389696415881436
0.021088855002620907 0.019913174426137104 0.2639464871474462
0.021041461822981736 0.019946457484844915 0.26402444281707155
0.021001295960027755 0.019972860080060162 0.264082207884535
0.023545854354585463 0.014240259166594271 0.2610170188148828
0.023513509273945993 0.014317796973595198 0.2610592559211273
0.023492963262987665 0.014377798826532229 0.2610799731790979
0.023458670226349163 0.014454570820731538 0.26111531414887484
0.023438911300907625 0.014504582230917218 0.26113084367612566
0.02306623255187784 0.015251451809682404 0.2616023592610608
0.023028082162374314 0.01531256267615344 0.26164723731672146
0.022987090054243542 0.015376120724477638 0.26165723645989597
0.022806542686734058 0.015636670953397658 0.26193729229057106
0.022790607515329298 0.01564934762381337 0.2619963285289291
0.021920862435115512 0.018531825980324268 0.26281296689552114
0.02188950363041206 0.01860874081169034 0.2628443385353174
0.02186529247760327 0.018678284307494297 0.26287174017707526
0.021846654767074064 0.018749443047639924 0.26291909213529363
0.021823210999727144 0.018806898193906074 0.2629506306266989
0.021785307674195717 0.018871033738665055 0.26298522389356016
0.021759075509486275 0.018930503383405184 0.2630417922618337
0.020956484157898025 0.019985962439846794 0.2640053640548679
0.020901998912292927 0.02001654467347891 0.26407899948789726
0.02397637650587771 0.01274272241877289 0.26046529414806846
0.02393618885454689 0.012887642520221732 0.26051749562483467
0.023906356751418084 0.01298278592590879 0.2605371599523637
0.023883961394388073 0.013049315023111352 0.2605481287950064
0.023869922565520577 0.013115460812167246 0.2605875475376829
0.023844359395362766 0.013193895197659622 0.260581721938664
0.02382318954559224 0.013279888531095851 0.26063900961591846
0.023798972132869786 0.013364215959400627 0.260656983829574
0.023779708373144887 0.013437364474206459 0.26065730592112013
0.023761231417288392 0.013528382429265406 0.2607155189631224
0.023730444590251726 0.01361616060710541 0.2606830043560032
0.023711610254564003 0.01369906245764041 0.26073540946145174
0.023696713121819986 0.013760308961762502 0.26076791047172576
0.023673525169015254 0.01384607865324572 0.2607742574290754
0.023649324937269185 0.013935554357874247 0.26078198270348296
0.023632302347360426 0.013988206643396117 0.2608056512260839
0.023591605566229468 0.01409476173835017 0.26083840509982303
0.023562371261406423 0.01416949775029902 0.2608547116426662
0.023540569245974766 0.014226480923922424 0.26089564191199005
0.023522221774122026 0.014276833229450281 0.2609464980876685
0.02349183705790861 0.01435559461471031 0.26096517467762914
0.023469998715801646 0.014416753255695969 0.2609886775273884
0.023431386497613324 0.01451173533593425 0.26102932095293524
0.02341133135216178 0.014565342285092597 0.26104425143661314
0.023385723949932977 0.01462790757868343 0.26107379599260877
0.023354548507386066 0.014703912676286623 0.2611214512580087
0.023330531708163765 0.014754992585306548 0.26113713769640734
0.02328616668950874 0.014840831502898 0.26120119093322214
0.023267684418513013 0.014885154704965986 0.2612462982011209
0.0232451102690652 0.014937019064941326 0.26127858407018223
0.023208663395288626 0.015006174206655731 0.2612897128107391
0.02316420799622608 0.015087630392190021 0.2613371433645245
0.0231441449976795 0.015129610866488008 0.26138687913401726
0.023101809544530783 0.015206940584440332 0.26142669447312306
0.023076628998160764 0.015243346188573537 0.2614527185402956
0.02303943898459744 0.015306209259115855 0.261521850650441
0.022726468570343994 0.015699998147012117 0.26192045019054544
0.02199013473512601 0.018301015149948974 0.26258924163849207
0.02194103448574533 0.018449583503764744 0.2626412680419351
0.02192087377787473 0.01851997705593056 0.26269629486604507
0.020806944965723204 0.02004450291873039 0.26406106730554313
0.02399038571974569 0.012634088724748693 0.26032480087865867
0.023979776872799785 0.012688201091373585 0.2603481565684306
0.023950053894324266 0.012790589328204371 0.26036868218192305
0.023866296198186074 0.013087449579242405 0.2605067671416082
0.023640616833943112 0.013918711502309056 0.2606702103180164
0.023626848102174684 0.013980125481136474 0.26071108385260877
0.023230964795174863 0.014939349517726908 0.2611758282832005
0.023083031943791216 0.015219335321962457 0.2613376057331374
0.02266758696332785 0.015720159314713877 0.26182654395714156
0.02264085372359606 0.015737335975671507 0.2618780915837774
0.022138717545771222 0.017789998321682488 0.26226486085529244
0.02207584236834613 0.017997610649696016 0.2623741016604915
0.02206083903468993 0.018052151511084136 0.262378294811841
0.02068816782428641 0.020075406682090347 0.2641028386435908
0.022580358370860504 0.01576132081575682 0.2618092981927905
0.02219993074073523 0.017599757968137675 0.26209896795024384
0.022171088799726818 0.017685516960011194 0.2621156013940156
0.022140287122340452 0.017768586956894428 0.2621495693478545
0.02212310944268242 0.01783302078595006 0.2621750171060033
0.022516020684780064 0.015785168608817957 0.2617468380942
0.02227977788734556 0.01722316638592608 0.26183605379793257
0.02225932517800057 0.01730155254221505 0.2618606449667273
0.022256266906682504 0.017367165292876796 0.2619001279431493
0.022246559744948824 0.01742954312157491 0.26192149094616823
0.022224865370231148 0.017506809418403768 0.26196218813501415
0.02220139629626436 0.017579880553867278 0.26199661922749207
0.022286932946677718 0.017172794489523746 0.2617372600021821
0.01977534195462473 0.02088335205725944 0.26567718868272416
0.019759853384013842 0.020708504548501372 0.2656121186123266
0.019753697217228763 0.020585219144460654 0.265595360907799
0.0197947301348895 0.021045741935427853 0.26580135722759146
0.019738804112246558 0.02047284700874602 0.26561905925455404
0.019948053691925663 0.021700538913917045 0.2668706314485091
0.019692670523547617 0.020347499588030227 0.26562697312931016
0.01983527982992761 0.021400696114447726 0.2661159744968705
0.02988630772956956 -0.0032838012806279404 0.26455445672008415
0.02991963464827266 -0.00316457631386452 0.2645486347968618
0.029956987745696897 -0.002926717029013093 0.2643746000338896
0.029947489103782282 -0.0030111506786333897 0.264464951408055
0.02994237795244359 -0.003084269222122682 0.26455691709312285
0.0300053454541387 -0.002616940026646919 0.2641329005271892
0.03000085541829764 -0.0027020370377534575 0.26424970708641793
0.02998677825060305 -0.002821673604839592 0.2643591443664716
0.029985440305613842 -0.0028824844953692086 0.2644676845497965
0.030031555789951217 -0.0023962102160405285 0.2640031644061347
0.030029239489261735 -0.002484589773378676 0.26410721525426106
0.03002342511077606 -0.002569551085050914 0.26421806316412755
0.030020659820682978 -0.0026394953664443666 0.2642963248244157
0.030010612075735715 -0.0027478910326919626 0.2644184551734703
0.030043049021078856 -0.0023519554555745947 0.2640845873495496
0.030041852816353576 -0.0024407606006331406 0.2641959344748173
0.030040002919657617 -0.0025173442325786 0.2642874639487601
0.030051154949552593 -0.002224539462656605 0.26407007009180894
0.030054537095249745 -0.0023014241707638994 0.264171374369358
0.03006012376432702 -0.002127085128400874 0.2640740853497484
0.030063711733163016 -0.0021699475309134852 0.26415793372975954
0.030047724245659574 -0.0018400416314174328 0.26390135111319907
0.03005207458984132 -0.0018910593108402152 0.26396224766229515
0.030064112992782943 -0.001976097175237723 0.2640849149137249
0.03006733180380486 -0.002065426161465045 0.2641282267420771
0.02823533400628523 0.002443093237286864 0.2609758056618498
0.03004642944972244 -0.001783726418973175 0.2639602493088492
0.030062756013605446 -0.001861059725785541 0.26410558886426766
0.028262770618704088 0.0025473267986742543 0.26092623807990883
0.028260798635609215 0.0024919117110344113 0.2610176184669979
0.028248550960052368 0.002420925475709268 0.2610999959987515
0.028177770727875244 0.0008404496167513931 0.2629815023298023
0.028247454278863868 0.0007808358589648234 0.26299173739229276
0.02836048839725404 0.0006852958965833933 0.2630098351979031
0.028417100727597865 0.000637857593319191 0.26300972640240783
0.028472658657089922 0.0005914831009410926 0.2630118743845362
0.030032180632181243 -0.0016315720178156634 0.26401892094089635
0.028285127859126742 0.0026681623033192325 0.26093340718151736
0.028288463262047862 0.002608815902501227 0.26102286025691057
0.028277590288606824 0.002529954970101167 0.2611180081543626
0.028808426760648605 0.00025633162358479344 0.26315201272211214
0.028276460374987072 0.0028193653062198454 0.2609378505510179
0.029332372537127012 -0.00018787143316145727 0.2633353612789314
0.029393573317292754 -0.0002516510029823005 0.2633576541069389
0.02999446612825272 -0.0013754993180456476 0.2640127226648516
0.019847571048620172 0.021440704054455695 0.2662114668870353
0.028265340390017255 0.00293880289717513 0.26096950146255415
0.02939569598653341 -0.00022797530782914244 0.26343539303884755
0.029435242090172502 -0.00026543536379092236 0.2634667875191635
0.029494609857128602 -0.0003287386125241376 0.26346900218538266
0.029551261783836137 -0.0003849466906541421 0.26351296030696736
0.0295966780735709 -0.00044500376728945357 0.2635516531961428
0.02990560325923327 -0.0010530465099007347 0.2639006316508091
0.02993381151250952 -0.001136541107645772 0.2639518948178445
0.029959330142591 -0.0012109879473595209 0.2640352978620059
0.028189555966700926 0.003264558791090333 0.26077796693913313
0.02821562196646657 0.0031651372381993337 0.26084760922066497
0.02823790315644272 0.0031052512926108 0.2609147437601675
0.02825527689817315 0.003039844396078628 0.26098118768226963
0.02977711485167881 -0.0007416677504614166 0.2638090176175274
0.029814370258856318 -0.0008156997595386017 0.26384581064904195
0.02984574801111925 -0.000885952875572138 0.26390702733998894
0.029878510873400085 -0.0009606443832355649 0.2639472750931951
0.028089114993364313 0.0036662485378695653 0.2605866025048522
0.028114163225205734 0.0035763054466890765 0.2606445958202474
0.028134875372569833 0.0034906975687932773 0.2607060524284661
0.02815389987727989 0.003434890939390922 0.26076410221257673
0.02817829902567002 0.003357442842416569 0.2608138539073507
0.028199920118787802 0.0032845465866306323 0.2608726849716346
0.02795271136489213 0.004056074559833922 0.26045677244770415
0.027992950945790206 0.003975946597588487 0.2604906049113381
0.028022957506924698 0.003900431494656187 0.26052648604172746
0.02804783777701917 0.003830525857937528 0.2605827021943438
0.02808041212225639 0.0037388851956167146 0.26062141449396237
0.027859666681089343 0.0042594712044394245 0.26038814381680386
0.027883018843299363 0.004226404949331908 0.2604595728668695
0.027917819715403802 0.004148240698758632 0.26048287797646136
0.027954240536955277 0.004079427735096786 0.26052106540095676
0.027500712463575105 0.004979072145392838 0.2600980030690491
0.027546870209782318 0.004888491971815345 0.26012530493564723
0.027572635722291815 0.004853091181870217 0.26016942546529487
0.027616629964290762 0.00477284082511914 0.2602039427205778
0.027642120657707846 0.004724540679738931 0.2602249463537246
0.027688287054678247 0.004642190404924307 0.26026911570654676
0.02771745487580514 0.004583088749193331 0.26030388730272186
0.02774749650561576 0.004527046058657225 0.2603690905565962
0.027828901825247485 0.004357076210091848 0.2604490228067479
0.02733310859362325 0.0053251367961134055 0.26000975950271804
0.02736020319762495 0.005272621719482062 0.26004568749264784
0.027149550056464626 0.005715522801372497 0.2598895922973997
0.027195866417463556 0.005634886467453304 0.2599239024658034
0.02723055214182555 0.005564002379260413 0.25998393581625584
0.027117374482015823 0.005786259094420765 0.2599589998485356
0.02714156784715105 0.0057508829227783664 0.25998410509626124
0.026169889370985903 0.0071248554651794915 0.25948879760612487
0.027023113548204802 0.0059429382594562985 0.2599947617193035
0.026144195639039067 0.007303203961535609 0.25946875359988475
0.026160154973984967 0.007232426025787553 0.2595057489041723
0.026129351911551843 0.007415184914439876 0.2595100971524769
0.026084781091679596 0.007577293467178614 0.25948472785913096
0.02610921589228305 0.007512038731374127 0.25954899292953904
0.026030237057520493 0.00776489015815196 0.2594762532633591
0.026057599439665853 0.007690121005478889 0.2595370789096925
0.02598820576129488 0.007921778371434984 0.2594790432042999
0.026006732896495466 0.007865449707159133 0.2595072057368948
0.02571150117181835 0.008745327593178032 0.25943766501041643
0.025658233905234792 0.008914729510263064 0.259444356385359
0.025687464072372435 0.008825722444470885 0.2594864726300655
0.025602289871601652 0.00907610313195295 0.259474630457162
0.02553830693714483 0.00924838680695772 0.2594805200008741
0.025568880890917023 0.009182563788313391 0.2595307232843053
0.025515150514781496 0.009338114264659025 0.2595334377988045
0.025445161840780134 0.009496175999992251 0.2595565539389449
0.025463936791329495 0.009450514213273087 0.2595866469923873
0.025411152978455115 0.009592222665327665 0.25959434607121207
0.02531225389134204 0.009836995886616573 0.2596194161092662
0.02534134058767709 0.00975806076508684 0.25964217527632905
0.02525342193203172 0.009986296976370213 0.2596421257935905
0.025283000989255434 0.009919871534118774 0.2596692742778107
0.02503488319922524 0.010509749353716846 0.25985208158706485
0.02499858187717588 0.010601336685401419 0.2599412281881911
0.025032288436257308 0.010544462098092178 0.2599594327863272
0.02492780346707965 0.010749493651353748 0.25997071824082
0.02495026882201192 0.010707781964809038 0.2599934593541034
0.024830089833308353 0.010911473638820501 0.26005098183677405
0.02486759179039265 0.010861040686386048 0.26005309290844325
0.02411797478793918 0.012065192975052985 0.26032473264583605
0.02405988786938762 0.012347128564115684 0.26026905390112065
0.024079791059542027 0.01225664862200132 0.260288232169986
0.024103056401878264 0.012180340973160508 0.2603624947391198
0.024038675503593065 0.012444395193839664 0.2602909653040773
0.024065337839156667 0.012361524088866371 0.2603287072916083
0.024013588221113484 0.012562124908672867 0.2603414560101831
0.024037965026978164 0.012494884631050251 0.2603761547608964
0.023969288171698404 0.012729390896667081 0.26036011031215767
0.0240008273782433 0.012649586981391847 0.26040864829787264
0.023947480020811283 0.01281688491055416 0.26041529819659637
0.0239725017320951 0.012750452047358751 0.26043398919047295
0.023916632211795533 0.012922676794932308 0.2604650442967314
0.02388401005561537 0.013030819373872793 0.2605050685849357
0.02383194530270904 0.01320224252249208 0.26053617739594237
0.02386591142271985 0.013110968691024683 0.2605474986715183
0.02380511152082594 0.013307587079663286 0.26058903092017915
0.023833978820013174 0.013230658119526284 0.260600779738412
0.023782117739454947 0.01339992552892455 0.26061580311482746
0.02373507837226184 0.013576150547744859 0.26063415607850804
0.023763627827321547 0.013496180825396442 0.26065788244408095
0.02369895857011023 0.013712849454317388 0.2606688968806635
0.02371319728759902 0.013665730543423016 0.2606699921707653
0.023737356558293878 0.013611539398936168 0.26072518710168013
0.023665291829610108 0.013845047064967808 0.2606979405498948
0.023695325656289998 0.01375617582551758 0.2607425005381528
0.023637913120915538 0.013964277884307097 0.2607587604646423
0.02366343045341162 0.013888339524029236 0.2608005142247196
0.023582412171722023 0.014102540046390721 0.2607806525014273
0.023607728868552696 0.014048637384768914 0.2608159573910557
0.023640931464661757 0.013963996017822389 0.26084564403473653
0.023579097879767294 0.01413764987686228 0.2608781971977111
0.023608051166482687 0.014069534135536188 0.2609078383713041
0.023537834945480438 0.01424227250663812 0.26093720050094754
0.02336990822467412 0.014646811139199911 0.26101091012110855
0.023399258391164898 0.014575725442316445 0.26099801039143866
0.02333416036295606 0.014738187780920009 0.2610792824571119
0.023369846279938544 0.01466556242425704 0.261099384529112
0.023399211814520537 0.014604214591677878 0.26112593922204097
0.02328310078948037 0.014837487370302105 0.2611517424799178
0.023326205377763906 0.014762101045998677 0.26120741854907614
0.0232089699739796 0.014992201360099322 0.26121296392104926
0.02324969354285107 0.014920055955228217 0.2612378595209488
0.023282002370784025 0.014856746500580387 0.261270099357949
0.023171243007222148 0.015070335781632416 0.26129500142619766
0.02319709717733237 0.015030786672480367 0.26132870183647994
0.023071542397798933 0.015242178619039926 0.26137912558154175
0.02311538185499877 0.0151810533089759 0.26137730224339417
0.023153606323174397 0.015108687639484086 0.26142441995568677
0.02302803221564957 0.01531784890692739 0.2614634243839079
0.02305548469817681 0.01527814853284054 0.2614746600993038
0.023104021201998365 0.015201163212727964 0.2614853880293907
0.02300615537637582 0.015345718677891085 0.2615745163114716
0.023045428485479524 0.015287309361314783 0.2615843889574399
0.019917551956088908 0.02163978442990927 0.26666625434464497
0.022311550468652602 0.01710190007354917 0.26179076673068835
0.022264764196890052 0.01726573597480513 0.2617941010423428
0.022246073709302885 0.01735798260008159 0.2618491121203077
0.02226381840073556 0.017293946416063855 0.26188127200467326
0.022225856623073775 0.017474764528595477 0.2618981242157228
0.02225518165143417 0.01739541778575404 0.26192250981007925
0.022201249588171615 0.01756446705215231 0.2619655911202082
0.02222422423203417 0.01751420486581695 0.26201779149821613
0.022194887945436198 0.017610309557458348 0.2620560388985611
0.02221728877121462 0.017527632052005748 0.262054157623309
0.02216265287094192 0.017711374119628365 0.2621385419890834
0.022139523716965107 0.01779978816680844 0.26220101986594846
0.022069082103944856 0.018015918812735676 0.26233154188380814
0.022091720633211395 0.017921397875096445 0.26235322110751286
0.02207198636270817 0.01804009101927556 0.26242708253176505
0.022046920143626053 0.018126866601724134 0.26249276106670333
0.022062048918256014 0.01807955823551316 0.26251658567718583
0.022013439091141687 0.01822477180073867 0.2625539664915484
0.021985925638810952 0.018340289192551262 0.26265416073803827
0.019935014425672914 0.0216694328526591 0.2667687128791088
0.02192324907968987 0.018510059758148123 0.2626806264855933
0.021883319076312843 0.018615734197117983 0.2627749886193055
0.021912655903508327 0.018549960717016978 0.26279169931305235
0.019879596166706648 0.02311075871690349 0.26815167607548585
0.019814204977008795 0.02318235025653631 0.26813036268385265
0.021849408976220563 0.018716203350845506 0.2628419475347763
0.021876313241929624 0.018646599907592265 0.26287677275658394
0.021810013441605866 0.018815967965420788 0.2629057474104114
0.02185114214132615 0.018739983598225318 0.2629608984947273
0.0218048768749481 0.018846197522624952 0.26304401866250027
0.02172548112890646 0.0190071219225893 0.2631096437057885
0.021764221452989008 0.01893789817664826 0.2631058097016322
0.02172191709216993 0.01903049182773503 0.2632150426226502
0.0216332560041205 0.019194547022593045 0.2632324524332748
0.021678615334138118 0.01912711750757834 0.26328368945685376
0.0200998726729385 0.022090013411076803 0.2674109736338569
0.020069825734779834 0.02203171781403168 0.26731370143293365
0.021584747165236215 0.019304529364752243 0.2633403382185445
0.02164632263460764 0.019214911880748586 0.2633664826564337
0.02153496427904053 0.0193685055737155 0.2634696817975453
0.021572257559028613 0.01932435725302739 0.2634857845938288
0.021519155709792098 0.019404088930751018 0.26361033994889244
0.01998703111432107 0.02180325494149621 0.26706758488087773
0.021460652118286683 0.019502107878654473 0.2636925104018112
0.021504894793762885 0.01943468214786087 0.2636819715881371
0.01997973024026023 0.02181705272650708 0.2668899230778171
0.026043711812284473 0.007729356660125808 0.2595099966034735
0.026078115254737293 0.0076228811136370145 0.25954771612159494
0.026068421774247515 0.007638852135095409 0.25949904058554685
0.026019467837601437 0.007803011334266752 0.2594763309419063
0.026027716690434327 0.007803293509361486 0.2595502299006551
0.026098257171774573 0.0075446164056545695 0.2595170146043282
0.02599672012330613 0.007905876618868102 0.25951571416699304
0.026116596623482737 0.007465504856485561 0.259497191721109
0.02595787092285287 0.008027213389256271 0.2594719340416402
0.02614661480876848 0.007343706447855092 0.25955018350544623
0.026134100330133997 0.007362479155974988 0.2594640749823237
0.019826772612790228 0.02317145714858082 0.26816108185262294
0.019917493413068865 0.023054159040023003 0.2681644933956106
0.019893189287812696 0.023082528320700513 0.2680874616410585
0.019965302718934097 0.022969689528955783 0.2680935115939094
0.02003162885694096 0.022830559818617924 0.26801020876371495
0.0200573281877571 0.02275708692630468 0.2679327860087218
0.020092338543089186 0.022645484221561207 0.26786128078923777
0.020116954169923776 0.022540506387750125 0.2678197415171706
0.02012999973060918 0.02244839376327723 0.26777617726164943
0.026152142481384255 0.0072766933146100055 0.25949744019773685
0.020146687286630535 0.022349355298352802 0.267823050231893
0.020138776592534643 0.02236044400518339 0.2677370773262788
0.02014841663275066 0.02225900009634274 0.2677922988509205
0.020142846241171408 0.02228111669457683 0.26770332694625276
0.020130426206298013 0.022287222904142423 0.2676148073041473
0.02014521570388947 0.022192526100533183 0.2677615064941491
0.020140753780141407 0.022199178854471757 0.26768726022083184
0.02013045443025148 0.022201004324025386 0.2675896938964532
0.020120355210630714 0.02211785432274993 0.2675722080578702
0.020109645769943618 0.022120219717510048 0.26746689388176936
0.026160045474920554 0.0072052242822838175 0.25947436488817194
0.020092550727318012 0.022044992353578485 0.2674410169241905
0.020086241625356355 0.02207066117994455 0.26735900126723755
0.020064742841190517 0.021983814255484346 0.2673742470171761
0.020053049373099777 0.02198508328581189 0.2672845767240683
0.02002941068866576 0.021912711800037565 0.2672368861259901
0.020033334553146667 0.02193572068679628 0.2671621014523085
0.02000386757741872 0.021847419988554995 0.2671449696534668
0.02000089855469113 0.021849740215525548 0.26704194584626256
0.019986179478234195 0.02182226539224119 0.26696578074747224
0.019969692776002232 0.021766606432398194 0.266915692123627
0.019966614465681126 0.021778512699307695 0.2668492902824338
0.019946707514462134 0.021710711687260076 0.266803890172759
0.019936458726157402 0.02171488630495938 0.2667252327840066
0.01992420180442278 0.02163780547229338 0.26672737638031047
0.0199127874666868 0.021654189783993805 0.26660695773838095
0.019906351450905746 0.02164883390802763 0.26655043533226175
0.02590526150812187 0.008184946412924943 0.25952171572126237
0.019902700170779497 0.021583323006641952 0.26659901207106834
0.019892379135175095 0.021574924103923754 0.26650567931981145
0.01987895199615375 0.02155433699511128 0.26640900510872884
0.019871480719634654 0.021475639901683108 0.2663895871141586
0.019861134158601884 0.0214690341557634 0.2662979918430163
0.019838553086152066 0.021429851828707935 0.2661513458853034
0.01984165653057704 0.02135677548350451 0.2661567270472985
0.01982975852668857 0.021276209570571025 0.26611092077505705
0.019818957141499186 0.021266415790356596 0.2660149474024629
0.019813164383046533 0.021189553605459932 0.26598607195645046
0.01980458423645942 0.021096531950078545 0.2658849207566818
0.01978517669031646 0.02094837694303814 0.265736537229491
0.026024217404958958 0.006665432962202844 0.2594309786682885
0.019779852704666867 0.020789165415880106 0.26568344012413836
0.019781664038647895 0.02069297937106196 0.26568234082825515
0.01977065204400566 0.020613400457888287 0.2656431842266138
0.02617801390731872 0.00708823007438647 0.25954552357952887
0.019753116916818386 0.02053994764925865 0.26561419955620086
0.01973151554112368 0.020423827624896973 0.2656376298829238
0.02616869541875365 0.0069955995332014465 0.25950777340720305
0.026157072062292147 0.00701778178663387 0.2594374712214815
0.02588810755081808 0.00825114362664009 0.25957347156774524
0.029158868318682522 -0.004409880577285696 0.2646706264202099
0.02917511022300784 -0.004424171840852753 0.2647595211688149
0.029232040110032005 -0.004336628904455075 0.2646303063076328
0.02924759298978479 -0.004352184831830586 0.2647204770149323
0.029301532964553095 -0.004262874494323277 0.26459288896597655
0.0293171571055749 -0.004278769801680682 0.2646832295057211
0.029330385720828023 -0.004292408802677505 0.26477516899446396
0.029383801424425753 -0.004202619624738835 0.2646476343457043
0.029397954955948165 -0.004217690261121787 0.2647388497142803
0.029444524144032223 -0.004126830674438697 0.26461762991709775
0.02945990222568414 -0.004142424589333782 0.26470802063024323
0.029471280949870372 -0.0041569072759597425 0.26480180367468087
0.029515594848183585 -0.00406736692791998 0.26468298501836296
0.029527548648230005 -0.004081864750176134 0.2647764205593218
0.029578505459969817 -0.004005694238532309 0.26475481514580523
0.02962695384003721 -0.0039293732308722795 0.2647361598715216
0.029673163355964365 -0.003852537526520483 0.26471871003270997
0.02971763303166284 -0.003775139583435949 0.2647024030602886
0.029756913192866274 -0.003697359844471171 0.26469061045063635
0.029763962220965876 -0.0037101049719042156 0.2647849206761136
0.029790266085986956 -0.0036194750018623267 0.26468325371139473
0.029849215044566363 -0.0034632822427996812 0.26467913446403707
0.02987532677844494 -0.0033855872994321135 0.26467999680327836
0.02989665837038742 -0.0032846640446032582 0.26461441284548415
0.02990244467135128 -0.0032084673378259265 0.26452130694826254
0.029915488058575017 -0.0032095737078441378 0.264598580945151
0.02992220983080056 -0.0031246654457566247 0.2645045798397988
0.029938421215047993 -0.003122362958873859 0.2645997599694212
0.0299482350031682 -0.0030399412618731247 0.2645183940740703
0.029957760122017507 -0.0029545636621455817 0.26442722584179795
0.029968375244981894 -0.002961314460504849 0.26449957872485014
0.029970841229377168 -0.0028719093318650413 0.2643492151225594
0.029979822662687255 -0.0028724071900428916 0.2644058610040772
0.029997433027657776 -0.002771259942108306 0.2643469907112219
0.03000004063986131 -0.0028022775613553152 0.26443323170701183
0.03001625845299269 -0.002695909056237511 0.2643563479255216
0.030031166594142455 -0.0026209165669398016 0.26434623134623836
0.030033073070671018 -0.0025726504989334598 0.26429850241762637
0.03003007709400391 -0.001587038706613142 0.2640547227875034
0.030021808954530153 -0.0015122217452624431 0.2640585929378737
0.030001411911500957 -0.0014099673551948855 0.26401404969542797
0.029972402122248103 -0.0012919113596149834 0.26398431047830384
0.02998153265688759 -0.0012964569970436712 0.2640501456498884
0.029941772527340274 -0.0011948724371242947 0.2639201370606169
0.029956631354579842 -0.0012257772260690358 0.26398106225305273
0.029929840965765467 -0.0011113943700961082 0.2639628064285946
0.029945640145706796 -0.0011486020400170993 0.264037259175436
0.02989131825503135 -0.001018404133447448 0.2638782949095826
0.02615822523700774 0.006922814527134724 0.25950558033035315
0.026140470849554204 0.006921170951465994 0.2594354082469783
0.029753905288729794 -0.0007070649348128177 0.26370263538810484
0.0296814489185973 -0.0005844308373936236 0.26359739513593206
0.0296990442120049 -0.000611834222959684 0.2636667498258198
0.02750674095183976 0.001348273384951193 0.26145444579393823
0.027522581174429975 0.0013341754418104146 0.2615457401631375
0.027530095164691314 0.0013231970017364425 0.26164332387696254
0.027524029409235116 0.0013161056371933655 0.26175373791619516
0.027506423621159654 0.0013138476614263372 0.2618838779433647
0.02758611949437144 0.001419698643807421 0.26140894557984123
0.027604753379246144 0.0014045358177219858 0.26149797489377535
0.02761487393521765 0.0013915672026713066 0.2615941732849807
0.027611601935472137 0.0013834916550596876 0.2617014253924119
0.027595737561832305 0.0013799693830757742 0.2618308925668195
0.027562294789989547 0.0013621919073557587 0.26191813181583334
0.02768136007942868 0.001476210652322285 0.26145503264800096
0.027695037680584844 0.0014631393890280342 0.26154755143421493
0.02769550046174034 0.0014531156939699974 0.26165153557084636
0.027679925740823952 0.001447620220791923 0.26176858341039466
0.027669008185833947 0.0014533026102106494 0.2618798017822742
0.027753149508782188 0.0015490508541767811 0.26141679672998
0.027769244179342303 0.0015360905654189239 0.2615063915702046
0.027774050007224327 0.0015244391998655016 0.26160659910335016
0.027760889250717027 0.0015163490083703324 0.26172290964195144
0.027740096657798273 0.0015142743331584274 0.2618392796518444
0.02781883996091656 0.0016228340015135845 0.2613837885390654
0.027836379184014638 0.0016087867713336368 0.2614724434716828
0.027843383599634633 0.0015970401776306264 0.26157000785451895
0.027835764447774997 0.001587489030826783 0.261683741024789
0.02781564354127681 0.0015852748510080672 0.2618192092093543
0.02789688977807467 0.0016827889651476191 0.261443970122438
0.027904130096387515 0.001670806674922476 0.2615411176155178
0.027900285715798737 0.001660497371129277 0.26165023919172153
0.027890568586782676 0.0016629050456519745 0.2617852161771934
0.02793622546630764 0.0017688475930341951 0.2613318229089304
0.027951541590485927 0.0017564415772653996 0.26142164850223715
0.027958411119042438 0.0017447145994355928 0.2615187145672052
0.02795594104469469 0.0017342354339542898 0.26162349432013265
0.027988471843540405 0.001843121593351038 0.2613117064096578
0.02800304367198974 0.0018303444960411919 0.2614026401646664
0.02800924440454862 0.0018184994311812863 0.26150016717146046
0.028036875862651564 0.0019184541179946835 0.26129517787782014
0.02805039451918455 0.0019052513501285895 0.2613870195058884
0.028082158595982357 0.0019940994125350886 0.2612804533277089
0.028094499269271288 0.001981150386866082 0.26137274280661627
0.028123741750369288 0.0020706073961607174 0.26126816185860335
0.02813433070198948 0.0020580196537698936 0.26136167278975625
0.02816147946577894 0.002148594140005178 0.2612585512228174
0.02817050717358492 0.0021346811339474914 0.26135129014751574
0.02819899546079538 0.0022339840421412016 0.261259551538326
0.02819966120212304 0.0022070348528624995 0.26134024956423557
0.028221622739957 0.0023358917856027284 0.2611525890525642
0.028220853206875653 0.0023070473966615435 0.2612282632248124
0.028235002785420682 0.0024161326202279954 0.2610317302496493
0.02824550867605695 0.002398700601518311 0.26115601426787227
0.028244325575211532 0.00238463500514563 0.2612277445395229
0.02824970790173475 0.0024992155206671196 0.26094965033853335
0.028264011150267145 0.0024812831922231826 0.2610777922788885
0.02826498217911838 0.002474941965670663 0.261152073243804
0.02584520165773571 0.008354498334933902 0.25950584754825273
0.028279002400989545 0.002577891299147206 0.26097410750913747
0.028282199154247643 0.0025671100095709387 0.2610665188350866
0.024922687286875772 0.010762697160672186 0.2600023540819152
0.028281758944228658 0.002739605933562095 0.26090911094703273
0.024982480311629432 0.010644198638802338 0.2599863156092485
0.024957096215071112 0.01067747970337668 0.25993942309723733
0.028265897160183746 0.0029041198904223853 0.26093972862174963
0.025017764067157763 0.010567529426824651 0.2599356935919978
0.024998119690178483 0.010585436983416796 0.2598831780050736
0.02824704838510525 0.0030213185558207734 0.26091694539311805
0.02826410986092813 0.002994662744992327 0.2610035091175748
0.02576932458145955 0.008590573882974517 0.2594825970555038
0.025070068560567482 0.010450801555955624 0.25989914058074637
0.028227366706479386 0.0031087539543201426 0.2608692481781499
0.02824559128649419 0.003085655019610223 0.26094872402415703
0.028221169491264693 0.0031925508057071283 0.2609026498954892
0.025104083964153937 0.010363238886364867 0.25988342981332413
0.025090224676282365 0.0103810862144878 0.2598099235780882
0.028178839323074308 0.0033197671118075367 0.260765725347204
0.028191101911241682 0.003318971597842224 0.2608490461218581
0.028204346412183057 0.003272692328529503 0.2609063285949777
0.02514585054413531 0.010267062427900986 0.25984415637403
0.025129250137523228 0.01029527303573663 0.25976592268687504
0.028150817639643597 0.00341732361299818 0.26073366071040344
0.028163834449546322 0.0034017065769430532 0.26078409510288325
0.028141270798161803 0.0035025867636037655 0.26075612359460243
0.028153033492142363 0.0034583885011674753 0.26079601214468806
0.025194299230446388 0.01015137805708527 0.2598800907648513
0.025173472431437985 0.010177002678234848 0.25980782146200426
0.028096056944661343 0.0036265543032386605 0.26060125918078025
0.028123192467149526 0.0035795941940188203 0.2606948500561974
0.02809077503924228 0.0036894064173816354 0.2606094504580251
0.02521822477793411 0.010069985784760538 0.25983514309435296
0.028056178643977345 0.003795109745093783 0.26056753076760086
0.02800008910798027 0.0039388127640888615 0.2604705677845438
0.02802725836451913 0.0038960156243051935 0.2605654524325405
0.02526530734688083 0.009973161061478164 0.2597371439374042
0.02525915269445443 0.009986399183686712 0.2596870400954966
0.027990644459381833 0.003995830406870016 0.2605273183318938
0.02529088956413715 0.009901556222517094 0.25971297381953906
0.025274649552463994 0.009931822616900121 0.2596358777866197
0.027931612483372878 0.004104637882468343 0.2604471279573941
0.027883526417194528 0.00420408604818634 0.2604106254550851
0.027902111210897897 0.0041865832518459545 0.26049022288006396
0.025330410198083506 0.009795078010832181 0.2596721125808296
0.02784403614934213 0.004307352948828891 0.26040536936560554
0.027799037190459078 0.004395824025980322 0.2603659016153896
0.027810975914901115 0.004391674306142179 0.260432020898386
0.025357973040786796 0.009713833822127316 0.259626904997353
0.02775228638025274 0.004499970585819801 0.26030193020913134
0.027766882006892465 0.004482189526347491 0.26039616874799437
0.0276745714014308 0.004641776626068184 0.26021911799616865
0.027704669946012825 0.004602174742263099 0.2602691193542816
0.025408871046738543 0.009609640615164394 0.2596449101247593
0.025394161830834233 0.009630683023392261 0.25960121040366807
0.027628975929659363 0.004725337433348187 0.26017808847703117
0.027643614122200198 0.004731492674222293 0.26026941218933486
0.025436043850362994 0.009533311915699283 0.25960489126319175
0.02759444123026175 0.004824712582845725 0.2602250454818319
0.027519640786773332 0.004947070705608847 0.2601185415215871
0.027544828696709066 0.004910579786207292 0.2601745454847888
0.025467299734498586 0.009437022195940559 0.2595422504803448
0.02746923925042008 0.005053159396113893 0.26009566282669083
0.027416779631456757 0.005151439284910242 0.2600570946126227
0.025519807665135952 0.009328845897405513 0.25957032490385534
0.025501818909133764 0.009348390192165601 0.25949744156282445
0.025549483127498968 0.009233746014969513 0.25954387290593084
0.026135178667357074 0.00683436499941098 0.2595020664474896
0.02557546382081729 0.00915491488545006 0.25949821128645245
0.027241417184617887 0.005530408853540836 0.2599630438901874
0.02717416617750995 0.005669669206129102 0.2598889795266922
0.027190841905370855 0.005654283243971159 0.25997283734844295
0.02561909617304199 0.009046192724359636 0.2595180024290966
0.02714592473540313 0.0057359541970801176 0.2599392338819497
0.027095505129213916 0.0058256858975664905 0.2599813383691163
0.025642126736726834 0.00896954222135321 0.25946539626476944
0.025669388853347422 0.008873298847686117 0.2594280941613094
0.02580577666122258 0.008466887226835196 0.25943457562722405
0.02581250130759971 0.008464722687597348 0.2594992122275445
0.02612170393425302 0.006790898252405753 0.25950930465669914
0.026095447981094616 0.006780742281228824 0.2594263246303482
0.0257019454597954 0.008782832811402408 0.2594813502581972
0.026062859859696502 0.006673286927698807 0.2595910497800415
0.025731338897160033 0.008685435780315554 0.25942448470293433
0.026065977314576216 0.006681227258158784 0.2595464907761561
0.01980739022281157 0.023195782822166056 0.2682240077579668
0.01985452645292038 0.023143302786871878 0.26816305909180704
0.019950892275742677 0.023000175525913047 0.26814156745012424
0.019985048029807162 0.022933469462528222 0.2680790253077562
0.02000271095561497 0.02288494819712017 0.26800177664851155
0.02014866830617297 0.022229749566423596 0.2677432612310768
0.021630670041000777 0.019246249853806408 0.263334160825452
0.021697560695785753 0.019087871292083336 0.2632991178962226
0.021968108648418486 0.018419033462496515 0.26272345309406786
0.019722940156248703 0.02038087390663129 0.26569160814763654
0.019694890271755 0.020328497078816177 0.26566329920756615
0.02207371637672191 0.018050065994125453 0.262491285951676
0.022080022862332627 0.018005432847155223 0.26242115444783654
0.019668490229211966 0.020267483634819727 0.2656619382132891
0.022103640710905675 0.017911461650652438 0.262445129367161
0.022115497075851212 0.01784500220398144 0.26237074425535467
0.02212377134047891 0.017816863673819183 0.26228276937845685
0.01965036554087947 0.020205674185599987 0.2657096199064218
0.019619503545570738 0.020162593705284226 0.26564304377209924
0.022251457855750778 0.017436299070519412 0.2619670416548831
0.022246310311688333 0.01739470034190227 0.2618845146958481
0.022267366032484942 0.017301692566579374 0.2619129301467723
0.022266560382855363 0.017268438311560608 0.26184703156748695
0.02227742796544492 0.01722637087128931 0.2617636583060797
0.02229399753724147 0.017174648689640803 0.2618016360800534
0.022327692875522942 0.0170082901417829 0.2617623795438755
0.02233189096667801 0.016958403751351714 0.2616855532132303
0.022363358474525447 0.016915318590117134 0.26179163567705566
0.022369094500770625 0.0168916237965559 0.261712090245628
0.022352190737948793 0.016846453372391823 0.2616479007785536
0.022380318490066928 0.016779768249802762 0.2617500802235808
0.022371166378604257 0.0167038992803048 0.2617738093854514
0.02235211884893845 0.016682878888564623 0.26173490958024986
0.022297331005833643 0.016627558143065824 0.26157541059666256
0.022246004195825647 0.016529050117829458 0.2615421964590337
0.02297115651883344 0.015398152531766907 0.2617514175116893
0.023011092419498405 0.015344490685182677 0.2616818204481072
0.023030974870878296 0.015306356098514162 0.2616078577607118
0.02307692951852297 0.015244059679322852 0.2615102371670044
0.023120269347038286 0.015177310241535735 0.2614389912154046
0.023141359562884323 0.015129471024867391 0.2613477919865475
0.02319634980678567 0.01502902359835162 0.26137593960957395
0.023290349868135343 0.014831780905777137 0.26123178467454833
0.023310393633368676 0.014790405107567128 0.26114465902678746
0.023362400133219136 0.014684329573758204 0.2611731114115813
0.023382094822006635 0.014638814836127556 0.26111128306458753
0.023421974439174487 0.014551703137836658 0.2611354166232853
0.023429533124358436 0.014526703720619094 0.2610813106881481
0.0234452014336766 0.01446926917382424 0.26099504932009976
0.023477306435573247 0.014413711484965064 0.2611055581770382
0.023491503580300388 0.014375670707410915 0.2610241374276885
0.023544111284486018 0.014235744584764287 0.2609716055529704
0.02356090390109665 0.014186144499975517 0.2608889038110521
0.023596329177094498 0.014105037263717035 0.2609214575289195
0.023607073156171568 0.014058127711771506 0.26086288749263936
0.02361446130058397 0.014026521830727279 0.260763801055598
0.023638884576972462 0.013974010865369813 0.26087933608096986
0.023650108052167926 0.013934562699280617 0.26081713820723823
0.023654964793711084 0.013907615140917928 0.26073525892072524
0.02368614270615299 0.013793566226492249 0.26075723472091733
0.02368485735253576 0.013769560310245177 0.26068967559532186
0.02370585317918604 0.013728297143629442 0.2607736449334407
0.02371796324441431 0.013666040842702565 0.26070252706849056
0.02371874706982357 0.013627498250942782 0.2606330383410726
0.023747894444412512 0.013554048586415013 0.26066865800888883
0.023776780220089652 0.013471283106644194 0.26070340764661104
0.023774177179817856 0.013426116601901794 0.2606124220190059
0.023811218359407527 0.013319468515386734 0.2606429413515231
0.023817606317733296 0.01327012498787955 0.2605864190569698
0.023851046967973466 0.013150269784744428 0.26053852196736127
0.023877221842428818 0.01307701538541417 0.26055999942126107
0.023892711470402846 0.01299739474685957 0.26049105110336
0.023925169585993597 0.012924607961148138 0.26052421034729123
0.023922675932707804 0.01289406089848466 0.260439033097066
0.023957874790768482 0.012804453944948113 0.260475852789747
0.02396408735506171 0.012763030492310423 0.2603981956270608
0.023990573285821784 0.012692045733156632 0.2604471295788699
0.024001713546216816 0.012625107759887011 0.2603632876649313
0.024025417466504446 0.012557061436845485 0.2604116304222329
0.024026549772780056 0.012499011310156183 0.26031651997078903
0.024054232244569297 0.01242451325811983 0.2603617408022545
0.02405336471240767 0.012393934218111968 0.2602949968264953
0.024076934182198112 0.01229809625131062 0.2603240526540207
0.024091090756044237 0.012230420675770848 0.2603377564488347
0.024118491760128646 0.012116513604402968 0.26039126501046317
0.024105238019501943 0.012122899533261344 0.2603073684075998
0.02413504348643873 0.012032724634958136 0.26041635741280994
0.024129614401037627 0.01200575333294529 0.26033493518243367
0.024141426852691036 0.011934969980513188 0.2603715428920645
0.024126368948027055 0.01188817451368629 0.2602979633161512
0.024102854974071768 0.011788927433601992 0.2602622708628371
0.024076958578119034 0.011757349204705558 0.2602011605802619
0.024095246913387783 0.011733730897724004 0.26031503557869623
0.02405047636210461 0.011671468337371205 0.26023330407977374
0.024013733085307902 0.011628393311294616 0.26017946201778924
0.02400601614469316 0.011569961167050169 0.2602300761328812
0.023971743649635037 0.011554152845586418 0.2601373345701653
0.027041062383226448 0.005924735328709296 0.2600192289695288
0.02705634641927431 0.005891842062096364 0.259986671138618
0.027121042338120335 0.005783817868014796 0.2599858164002385
0.027173769139456544 0.005683653593058724 0.2599315103541352
0.02721402963741005 0.00560152328499236 0.2599767261157838
0.02726156647662807 0.00548364468943674 0.25999213676882005
0.027307020571678144 0.005382197458605353 0.26001295331031526
0.027389474463494524 0.005217715631602782 0.26007242776205913
0.027391366877379475 0.005195834630122298 0.2600201254490711
0.02744145512755028 0.005092077513296767 0.26004322326937673
0.027479985587019133 0.0050207143493792294 0.2600745785341468
0.027518127723204153 0.004959848939525224 0.26016505088920927
0.027619615617661096 0.0047783305733803405 0.2602468953449211
0.027608753560191407 0.004764275496259074 0.26016182403944954
0.027658199878735613 0.004706864557671053 0.2602857872154853
0.02769971832552872 0.004626350000139778 0.2603092056719122
0.02774236974026551 0.004529312143960629 0.26031868796009117
0.027777318907086207 0.0044503732093758575 0.26035312592526283
0.027818181375236097 0.004361673617098605 0.2603989247279388
0.027866317488839346 0.0042626303337293114 0.2604248217332987
0.02789991447205182 0.004180901293779349 0.2604546436924542
0.02793718391061252 0.004106015155305176 0.2604897840697117
0.027974856839985594 0.004032873202508003 0.2605193318079241
0.02801019725612512 0.003943949448519668 0.2605373869862312
0.028038337271562776 0.003863018568246779 0.2605715399780389
0.028065520912426076 0.0037750264550150403 0.2605991312751893
0.02809587938283982 0.003693877350724073 0.26064609070818096
0.028111926291806748 0.003633121683749463 0.2606751936263006
0.028131679735309667 0.0035359963807732875 0.26071793846799596
0.028150250481316967 0.003446300751352327 0.2607550675570708
0.028172622340194124 0.0033633462464921493 0.2607775429715003
0.028190519457104088 0.003301382163004074 0.26081181533447384
0.028212445731846038 0.0032403812343836935 0.2609268022662678
0.02820998774701483 0.0032268438611158246 0.2608638416560772
0.028231150377992703 0.0031652928966571237 0.26095340027277203
0.028229791116575295 0.0031414481569245756 0.2609016889249315
0.0282430202291319 0.0030665152886902303 0.2609133972954045
0.028259687895900935 0.0029834442926028326 0.26096577779171304
0.02825874468485927 0.0024458844387453826 0.2612129865091438
0.02824756353186507 0.00238514274442736 0.2612930540605557
0.02823313659989285 0.0023147713274055404 0.26131574602169183
0.027608479259684196 0.0014068573888820213 0.26194765506970297
0.028373304513442207 0.0006795304311356665 0.26304992602820154
0.0285081196837284 0.0005582738998667902 0.263023954904134
0.02858210510087135 0.00048489727426404006 0.26314037051247474
0.02859802065205537 0.00044967552617880546 0.26307585505082154
0.029016758363407384 8.026971279057049e-05 0.26322048278096594
0.02911157243460049 4.8838643904591805e-06 0.2632704578083775
0.02923762862014808 -9.987548239170918e-05 0.2632829939938804
0.029428271369219383 -0.0002760218206923071 0.2634037554576419
0.02951748509606924 -0.0003407851447974619 0.26352335769755575
0.029577701758461 -0.00041932006651307363 0.26352972576174477
0.02962522575851441 -0.0004856954238289246 0.2636208409304058
0.02967416971729972 -0.000561407813045145 0.2636588962154211
0.029722589931747895 -0.0006597796788983534 0.2636684607719374
0.029758041890265735 -0.0007051915325506086 0.2637760890543966
0.029763104605417617 -0.0007255360278327072 0.26371605935902
0.029791885485689645 -0.0007710042049354215 0.2638389107306107
0.02982851031170288 -0.0008439857536663431 0.2638644116985204
0.0298605732911714 -0.0009261358775127793 0.2638945257550327
0.02989354070740769 -0.0010079381105727037 0.2639167968805792
0.029924393824481435 -0.0010715424292414566 0.26402184179817884
0.02992226549211359 -0.0010800183078963355 0.26397417849172244
0.029945022730630308 -0.0011739394280800841 0.2639818468865033
0.029969588365144323 -0.0012598110137408969 0.2640181640019864
0.029993211755647772 -0.0013477055284958905 0.2640599730237056
0.030006808268815063 -0.0014103194577150813 0.26406236703653396
0.022269564080129714 0.017251983963649964 0.26177211347062435
0.02214783276371464 0.01772958464088986 0.2620994168739122
0.022177075272166002 0.01765447017727234 0.2620561913079249
0.022201669486909534 0.01758413876744619 0.262024632629356
0.02222886475767194 0.017504114679663674 0.26200010584965017
0.02225525936873332 0.01742124859581512 0.2619801202484703
0.022262775329045886 0.01735220628725387 0.2619237318811494
0.02227161341983376 0.01727128419386431 0.26189690101175106
0.022290547434359778 0.01720112463089929 0.26185997218400786
0.02211601156531004 0.01785796816000529 0.26222783294514795
0.02214910805662372 0.01775935157461367 0.2622086334751442
0.0233112956565433 0.014775347182724274 0.26107947102594664
0.023354017041724823 0.01469106935680281 0.2610509977436259
0.02338986023455253 0.014608737896044666 0.261019774728119
0.022026281203197606 0.018181071787385095 0.2624843016231366
0.02204884847687405 0.018111227386689133 0.2624458203777015
0.022072781523017004 0.018025809548185334 0.2624128396141011
0.022089598641123073 0.017950295036994524 0.26240395072000705
0.02212310958986291 0.017817378630123948 0.262321233307093
0.02322945262180262 0.014962981535109776 0.261243214659317
0.0232645911516991 0.014882594069363986 0.26119813780197665
0.023303385557621598 0.014807104740060528 0.2611975148008231
0.02334597485902558 0.014722675718903566 0.2611772484298505
0.02337855615561292 0.014648434743546268 0.2611435653170091
0.0234122686729218 0.014572714455942104 0.26109718226814604
0.023446224198306546 0.014481982533816606 0.2610689261130067
0.02347189453866866 0.014424944296114073 0.2610518537738148
0.02350613305275258 0.01433030451034023 0.2610102944078186
0.021969150561510747 0.018380360433731036 0.26263758552124084
0.02199589449677118 0.018302869216086537 0.26263747320579556
0.02208875865394125 0.018005262396927124 0.26251463616739545
0.023168111960342658 0.015079571183785778 0.26138298421992745
0.02321400389452087 0.015001800154354095 0.2613460710846162
0.023248709829466765 0.014929380861488761 0.26131801138575067
0.021874901841986705 0.018645043397625682 0.2628511223564521
0.021904339769964254 0.01856993237943222 0.2628168705967552
0.021810008034879466 0.01883546710801648 0.26302518868639585
0.024906980186025655 0.010786881317115471 0.2599629247874755
0.02494021213571484 0.010716543169383974 0.25994773387263936
0.024976865827830624 0.01063205152067731 0.25991725817161193
0.02502884781537623 0.010536570224354558 0.25990333242842406
0.025057021551966846 0.010465029567822803 0.2598518913569974
0.025087136140515706 0.01039539483757701 0.2598388677131091
0.025134069643627965 0.010295676892769612 0.2598062660786562
0.025153442207988146 0.010228932769911325 0.25979746014804184
0.025244073520617666 0.010014997277438709 0.25969705691885303
0.025272533339845783 0.009950241823059647 0.2596787047849806
0.025306421304308588 0.00985213160238313 0.259647525558509
0.022953886490430273 0.0154221573893083 0.26179897586987555
0.02300806599861535 0.01535111940245898 0.2617575493262444
0.02472362767435453 0.01104618413643177 0.26013969736328557
0.02479797402423064 0.01095978712824236 0.2601589131832271
0.024852452056807132 0.010890919581808656 0.26011845130098227
0.024895856101520383 0.010823504812831952 0.26007442349242504
0.024937603896154598 0.010742691129548065 0.26005132103287487
0.025135728805215092 0.010296322289529924 0.2599061404034141
0.02517133260322016 0.01020649125122719 0.2598640652394208
0.025197557343445004 0.010122019641801927 0.25981288372614453
0.02524051177713358 0.010022458065702122 0.2597988852622641
0.02535614616459886 0.009740504094498947 0.2596964649807847
0.02538827497094613 0.009653442824305025 0.25965436706593226
0.02545346371512173 0.00948513629284431 0.25961201237787446
0.025479445535431522 0.00941092538956928 0.25958651434954894
0.025497047243903906 0.00937484172622699 0.25955099173142115
0.02552770662694996 0.009293308784489918 0.2595127671458389
0.025552164188365742 0.009208258044401285 0.25947913107888726
0.025581544829107787 0.009122709987833044 0.2594622938977995
0.025613096737099758 0.009034815675716956 0.2594387660079725
0.02167492780467281 0.019141997487862883 0.2633380974674145
0.02286980031176407 0.01554797859433632 0.2619173024126401
0.022931396184876135 0.015460994460329225 0.26188899466552734
0.022988117329819396 0.015382469319267011 0.26189225445654535
0.025639318866432143 0.008993181777692205 0.25952744733277394
0.025659328550830196 0.008926705383856592 0.259494979020639
0.02567500366852988 0.008861574809381545 0.2594580665098377
0.025692617873398764 0.008801107006608133 0.2594379438978154
0.021621898552650592 0.01924808291281821 0.26347578612505196
0.025718201275678428 0.008741874183499088 0.25950632399941165
0.02573607942467604 0.008686065770941609 0.25947025151854
0.02575308476913405 0.00863892843860492 0.25947521353023295
0.02579551319590352 0.008513966121854843 0.259504870923819
0.02582509562259039 0.008417419992733988 0.25948013887208254
0.02583911279999842 0.008383381742608498 0.25956972079752466
0.02586502402202294 0.00830111439550496 0.25953711302738103
0.02588634315541935 0.008235997853899446 0.25950613261485045
0.02590932341455393 0.008193246799073961 0.25958276193822877
0.02593096495570006 0.00812001495279041 0.2595531891063265
0.025956281812249973 0.008047290323589085 0.2595248594508052
0.025980543526484615 0.007960613720353671 0.2594879753055126
0.026014183193678375 0.00785167599664971 0.2595448832297876
0.026030860708971176 0.007777258896660089 0.2595127289794807
0.0260490415968046 0.007695937588570512 0.25946882737281096
0.026089002001502493 0.007581362082470677 0.2595393453333482
0.02610072166671866 0.007520882827597275 0.259485815475538
0.026136719707824788 0.007392158150236805 0.2595440814636869
0.026144440564331586 0.007324931733535933 0.2595032435772043
0.026158705612451233 0.007300150578303688 0.259583654752718
0.026165189993649807 0.007225042823893635 0.2595427317502873
0.026171369793919944 0.007152239035668639 0.2595206286195426
0.026169636471120805 0.007070509054856899 0.2594800274221639
0.026154664186795254 0.00699126143915646 0.2594341497902735
0.02716504051392995 0.005709203048173683 0.2599780873585445
0.0274832044372713 0.005028653900994495 0.2601191939521455
0.027700323168432794 0.004624454711009585 0.2602849368988865
0.027759408165666327 0.0044983274617863556 0.260342631201944
0.027802670649140424 0.004401619468221152 0.2604027746180778
0.027857759318465188 0.004295783779910356 0.26045971837534587
0.01958580511380212 0.023433443910367113 0.2680647569852203
0.01964369042624771 0.023377254439157003 0.2681469700007848
0.019790127480853764 0.023209216783792286 0.2681207388129004
0.01984678572798916 0.023143895778393875 0.2681098216985707
0.019966653131541723 0.022957136239685205 0.2680471672855827
0.019690810714643014 0.023321760928249835 0.2682493412627128
0.019767809707126188 0.023242557884670556 0.2682128801883409
0.019837359159342524 0.023162308748777505 0.26819674173783214
0.02808975156515657 0.000930406487511859 0.263020477911867
0.02818900893897671 0.0008389387069996368 0.26302721667069173
0.028278250340128576 0.0007585137043166768 0.26300650395324804
0.028438811904384992 0.0006304312560997949 0.26308230431170554
0.02850561455161779 0.0005662504090502285 0.26308092391513427
0.0285574009638292 0.0004980051469309354 0.2630789635048359
0.02862482320934648 0.0004404921754787017 0.26314997027862647
0.028688425553652357 0.00037403868528029793 0.26314022674542514
0.02877375857512534 0.0002870924648463169 0.2631365958366482
0.028906509863016662 0.0001737644928613835 0.26320901856877676
0.029002377602856177 8.502701634865995e-05 0.2631883235833885
0.029050895951943524 5.472418585800165e-05 0.2632725721897039
0.029165883232029934 -4.106701819561742e-05 0.2632751979742113
0.029210505344223286 -8.769154834281645e-05 0.263236684953141
0.029289482185098623 -0.0001401416009404466 0.26334962810825835
0.029356809130117956 -0.0002160142254802877 0.26333735393130797
0.029353211968423394 -0.00019200439563238358 0.2634013281260932
0.029413183246195934 -0.00025361686050906496 0.2634197129136676
0.02953291616765688 -0.00036953619489177303 0.26348270487295355
0.029577435215518644 -0.0004108245809244515 0.2636050134485168
0.029617667623009478 -0.0004816119255195983 0.2635602015155896
0.02965419285888024 -0.0005297947553465354 0.26362735698412687
0.02969079750713577 -0.0005994679887496579 0.2636195222363168
0.02967387232569787 -0.0005603633158788868 0.2637227113122549
0.02971456012661087 -0.0006331582724489748 0.263720121610569
0.029754366787127624 -0.0007144638828860406 0.26368835577373195
0.02973516617102709 -0.0006621236888787463 0.26378802150220787
0.029782084513141335 -0.0007572917180339034 0.2637574679492235
0.029801177173165154 -0.0007878646184378835 0.26386711309044786
0.02983300538888408 -0.0008657790019245826 0.2638181277443733
0.02985237912612039 -0.0009008020330396049 0.263925747859115
0.029877068728072727 -0.0009739083788246061 0.26388738509120924
0.029897178776375467 -0.0009995713955726626 0.2639763287454441
0.02993524472563472 -0.0011176919778905225 0.26400355505698064
0.027110827971525912 0.00579997735268889 0.2599836083082699
0.027012458653068984 0.005970320623391034 0.26003583577626155
0.026907830078708124 0.006117128234515823 0.2600301903849513
0.02696336046528245 0.006054305951415095 0.26006660279647426
0.026763922567686824 0.006254199322887566 0.26004064842990476
0.02955079409923432 -0.0003754723692978579 0.2635642451059428
0.029603902052945427 -0.0004534820473164336 0.2636031748681827
0.02964623218887988 -0.0005117344378636202 0.263671977419642
0.028336383986829576 0.0007068537200902725 0.26300592313403137
0.028191834873933348 0.0008317191778495214 0.26300078153705353
0.028270100116176956 0.000772285464737843 0.2630509569145042
0.02831507767727416 0.0007340174423605128 0.26308221737932913
0.02491272172684792 0.010775559892591768 0.2599266436497351
0.028114931716744 0.0009133338918611567 0.26302943811520074
0.024899769779089823 0.010807525778090799 0.26002501798487154
0.027929220577487993 0.0010353660798960718 0.2630232107610558
0.02478349404310347 0.010971012837361016 0.26005658846431057
0.02484101130531896 0.01090161210642382 0.2600839220405972
0.0277018666898299 0.0011286099750071332 0.26298677389522906
0.02464896161931661 0.011105366684873108 0.2600543183302326
0.02477103564917884 0.010992375150878475 0.26013478637593235
0.024480766364690848 0.011204990958013139 0.260018484136748
0.024563133146039515 0.011175615633032987 0.26010157038899573
0.024640121836360766 0.011118225729350006 0.2601225769979052
0.02327834150756744 0.014860511851642277 0.26122945554892607
0.02323421865470031 0.014959867968269314 0.2612945233723387
0.02326181902586119 0.014899435748560008 0.2612966070548437
0.023140258980806405 0.015122591992185297 0.2612997800939744
0.023181760268727467 0.015056884223799916 0.2613431538103786
0.023135435849163874 0.015147902432108784 0.2614183378825504
0.023069952746021832 0.015251604539977648 0.2615599953173234
0.02300557676553791 0.015346189133059851 0.26162120112250725
0.02305577698804233 0.015267188558172828 0.26164797253688954
0.022985885452829105 0.015379519284112242 0.26170325678614254
0.02303578105825191 0.015303945981575473 0.26171267023945016
0.02298210066402681 0.015385996757099674 0.26178175965116934
0.022972321517011368 0.015405664190972612 0.2618450049737514
0.022900622402652074 0.015500036006579843 0.26189005687736355
0.02270690774393562 0.015703840716021378 0.2618542827413455
0.022781106303660273 0.01565713273165359 0.2618914874202325
0.022837039214949936 0.015596709316939239 0.2619477997012103
0.022671268705087302 0.015727352925183846 0.2619203870493009
0.02275123075661581 0.015686576871140445 0.26197564755175967
0.022191489852042848 0.01762897262680424 0.26208429807236155
0.02215384025830107 0.017731383101080245 0.26213961861329915
0.022132520460541774 0.017825244903123094 0.26222096698292496
0.022087742595408646 0.017944408110755705 0.2623682959265879
0.02210752782330866 0.017880699878528528 0.2624026272985883
0.022036264656906113 0.018136754786696796 0.26241406983402327
0.02206609848457146 0.018063407666507103 0.2624418746463173
0.022093360134503442 0.017970955795157895 0.2624607508145463
0.02201033451456623 0.0182191339394302 0.26248432996719406
0.02204454502230138 0.01814142968421545 0.2625339238305445
0.022006364767620606 0.018248278339089152 0.26258587190177135
0.021946789633943087 0.018464782998370788 0.26269864097225026
0.021912567698145577 0.01855002319507265 0.26275769455873316
0.021849959668490668 0.018737969127364418 0.2629049562596527
0.021870256104676702 0.01867391422871012 0.26291720362412563
0.021809034951491113 0.018830945355919615 0.26296997986584436
0.0218373807006223 0.018777761041331054 0.2629892468216999
0.02175024654167118 0.01893762388332232 0.26301063401399705
0.021789103735742096 0.018876732248045924 0.26304662233741316
0.021746644470015716 0.01897367113430337 0.26311809347833826
0.021707610235876945 0.019045729701479497 0.26315530347244903
0.021664626162263223 0.019137656322541274 0.263224514950946
0.02170841828034112 0.019062941438960146 0.2632706562065174
0.021616863592857555 0.019242720448969464 0.26327951494005186
0.02166372493754483 0.01917034773400833 0.2633302682010629
0.021615293325128473 0.01927105909941107 0.2633785906492363
0.021555222185037165 0.019342856705825417 0.26343987761964033
0.021602179054510923 0.019281877091015254 0.2634970129527261
0.021531428001406172 0.019374862634642775 0.2635137249651977
0.02157732584476471 0.019316109995320963 0.2635497539569648
0.018341153995105094 0.024013168542516228 0.26869960124754444
0.018392379147243745 0.024003933729498106 0.26860314040928923
0.021530740361510314 0.01938758563022336 0.2636156591514888
0.018552496157135653 0.02396404080888398 0.2686176623694925
0.018439120458560984 0.023994268581723655 0.26854740251522385
0.018614255317528278 0.023946378216860797 0.26858165708028914
0.018468143741834114 0.023986142925798593 0.2684796885931411
0.021482082886599904 0.019468191808376334 0.26366921497637197
0.018645376029965383 0.023939336141453993 0.2684922964114724
0.01871115111895498 0.023918110340300003 0.26841267600495633
0.018734472325840662 0.023910772275405057 0.2683419121934918
0.02141176789374573 0.01960118786538978 0.2638176467735005
0.018907922629822563 0.02385008516728726 0.268328718139646
0.018767860993349234 0.02389757893802985 0.26826541283316174
0.02130259299112426 0.01974443702804174 0.2638272788572372
0.02135200657885669 0.01969393965103039 0.263849747038347
0.019020740556167162 0.02380743973847338 0.2683338387545098
0.01890485448304019 0.02384718625389204 0.2682618752396756
0.019068919125456926 0.02378543244958564 0.2682623112010985
0.02122218475005455 0.019820986451797973 0.26386922099226473
0.021285420574701522 0.019775716363097995 0.2639134561971396
0.021352634591419395 0.019706010051947664 0.2639489948555619
0.019167475669366843 0.023737782543431618 0.26822883297689165
0.019286015795466016 0.023674222129803746 0.2681801246642146
0.02121784048335959 0.01983352191040394 0.26395391247545175
0.019317841531953775 0.023647851624314264 0.268113553379585
0.01975310744763248 0.023256802757728012 0.2682685187114823
0.01969910930745432 0.02331648735600772 0.2681937911403623
0.019631027777848892 0.02338831082743481 0.26818219632778295
0.019571410322021046 0.023450533347925073 0.26810743495604294
0.01948872933743384 0.02351927711031998 0.26806505029113337
0.019757244088607753 0.023251986033339334 0.26817197719312047
0.01966586869803394 0.023353850714281532 0.26809428626588944
0.01960593924085126 0.02340952033240362 0.26803486418766986
0.02103381236967576 0.019953620718560494 0.2640640581442424
0.02108084953890521 0.01992599145043722 0.26406890910846126
0.017915208527903487 0.024058674816214876 0.26866242774321053
0.0178712755850199 0.024062779747646867 0.2685836886590939
0.01782584831119252 0.02406353097719932 0.2685039786688369
0.017779432711239176 0.024062904296964893 0.2684238482310941
0.017730980939697702 0.024060384819566294 0.2683429077167139
0.018007321407090465 0.02405456646563603 0.2686420696037227
0.017963365594857686 0.024059497183681444 0.2685632385768963
0.017917659788576998 0.024061950486356343 0.2684834602729646
0.017872479165640207 0.024062238409651715 0.2684037608017542
0.017826274017100116 0.024060865898377026 0.2683238151510833
0.018137812530767322 0.02404225188686132 0.2686986171933367
0.018096704566400085 0.02404797340205872 0.2686205235960996
0.018054121175020588 0.024052760376495674 0.26854229089926285
0.01800854642093891 0.024056198858427025 0.2684626186479302
0.018265443101646184 0.024024060530577096 0.26873377597223586
0.018222553609253983 0.024031780470171904 0.2686732978499519
0.018181673771281312 0.024038529853157187 0.26859702475983066
0.018141090797353362 0.024043306604748238 0.2685198624019649
0.018097459977597596 0.024047095834044685 0.26844099158411205
0.018314936159221598 0.02401755349985507 0.2686424507013465
0.01826659704084989 0.02402473346116557 0.2685728823810374
0.018389025369935405 0.02400476020384379 0.26864543729354706
0.018359270767428187 0.024008699529650346 0.26854722625423977
0.018472456860334066 0.023985854403077433 0.2686064577911485
0.018420735108390596 0.023997535026081762 0.2685121832684919
0.018557233049653038 0.023963207074822523 0.2685567982064999
0.018508657153492952 0.02397686448221109 0.2685111904940417
0.018621091445540083 0.02394541963432867 0.268528567254773
0.01858536753155375 0.023955263902196378 0.2684664747547456
0.018655354688258075 0.023936115616547182 0.2684503216667084
0.018624462100055472 0.023942733825757956 0.2683797964662409
0.018682212789821767 0.02392606850934126 0.2683315597337619
0.018770497766697272 0.02389846503991727 0.2683077906333613
0.028147291173950373 0.0008785191968618822 0.2630329027856636
0.019556554614295715 0.02006709546676616 0.26435704115021574
0.019676164984236952 0.020089877483219776 0.2643356557994159
0.019784184023182813 0.02011143208447186 0.2643395144637025
0.01988976935745676 0.020130127124788122 0.26431285923618836
0.019990894868588932 0.02014396744766106 0.26432059860703044
0.02009289125048938 0.020145249364543538 0.2642977658987303
0.0201764127342261 0.020143945471306934 0.26426598067548357
0.020283005570239987 0.020135203369528287 0.26425078078183234
0.020231776028054302 0.02013076163718014 0.26418936169993434
0.020379752582833754 0.020127816129252574 0.26424598077815586
0.02697807945565355 0.006014801061440311 0.26001474307809347
0.02046268450889302 0.020121092960514397 0.26421571952170114
0.020437742415035764 0.02011813276798141 0.26414623736345755
0.020549789269379587 0.020107231539220283 0.2641954372683676
0.020489294160747615 0.020107116006365666 0.2641137611709843
0.02063265193476449 0.020089215219628198 0.264175147995003
0.02058728998046369 0.020090233240823763 0.26408900159615284
0.020707158660559374 0.020073040440572065 0.26416558186026584
0.020672105545083877 0.020072368576552757 0.26404838524515173
0.020783044990753313 0.02005534151475813 0.2641260104031947
0.02074726161089467 0.020058453321133762 0.2640551220276528
0.02085322195409034 0.020034057364626767 0.26409696875603106
0.020951964506036272 0.01999552577655389 0.2640665036160217
0.02090913897978687 0.02000469091949053 0.2640033441143104
0.02099732493768504 0.019970266620138954 0.2640353871001846
0.021066127590614256 0.019929638792939464 0.2639946455586458
0.026931342862667546 0.006099174048534828 0.26007223451767203
0.021137655937812957 0.019886397464761785 0.26394580953112057
0.0212255946786514 0.019826876121581682 0.26399745114385476
0.02118504584396115 0.019852659644134185 0.2639088189207638
0.021265445216565232 0.019794471648610756 0.26396041682248317
0.02125257349907507 0.01979897052178481 0.2638747034149612
0.021326084723936017 0.019733452090204384 0.26389996156102713
0.026864771937116706 0.006164403843621269 0.26003119945700087
0.026767484930820526 0.006237638202299833 0.25998279805087593
0.026811063377868517 0.0062173537642119525 0.2600610399458194
0.026671266074885597 0.006291420199423914 0.2599520160115036
0.026707611158797648 0.006287366222296031 0.260044801960035
0.021857883765066463 0.0187174130307024 0.2629307139475046
0.02183722743337152 0.018760078553325343 0.2628823546408489
0.021868127939637563 0.01865987227791266 0.26282573051807046
0.021901171061529584 0.018578222924540144 0.26278141359817
0.021929968000762814 0.018509378363310236 0.26273594306177706
0.02196164284446453 0.018417395004285964 0.2626721260433643
0.026578257595655533 0.0063334091604067555 0.25992973001709246
0.026620064365353233 0.006329393353259827 0.2600107805605848
0.021980559666204602 0.018339613882884465 0.26261478898807916
0.026489278432751784 0.006368674268575902 0.2599447061886581
0.026543405921342814 0.006359655701151767 0.26002346313768765
0.02641639500382441 0.006390980817202796 0.25995540356572666
0.02646817083575087 0.006382873468557704 0.2600508171167887
0.026375386070569717 0.006404184649845934 0.2600019009537914
0.026382304565556867 0.006402021280399461 0.2600705425786246
0.02192950737296044 0.015893774303362085 0.26179856602834545
0.021966774330246366 0.01589313048685037 0.261783582500892
0.022120410855327094 0.015866359128878793 0.2618428727222904
0.02207309680227036 0.015869897026407287 0.26178187702191386
0.02218243849231538 0.015863027892529746 0.26183145015191256
0.022161864716173374 0.015860862756573724 0.2617662559518519
0.022270155552267926 0.015854826236507802 0.26181089985673756
0.022251750470613035 0.015850221687706445 0.2617194955187682
0.022385068649077258 0.015829997332806933 0.26184099725068954
0.022349559751744547 0.015839792930100627 0.2617728791636357
0.022340510664645263 0.015837075026609526 0.2617053581867227
0.0225020878529177 0.01578892249244007 0.2618965230628978
0.02246492550618638 0.015805560007271735 0.2618192337998294
0.02243276303856609 0.015814975162135703 0.26174666081976483
0.022623497080534766 0.01574400400491871 0.26193714362207926
0.022579261493247182 0.015761196583916837 0.261873504434901
0.02253811706416052 0.015778862104286362 0.2618102911202813
0.022500960315862337 0.01578788731340569 0.26170301722664324
0.022684931000500924 0.01571943689263028 0.26188359999434074
0.022617435891976234 0.015743342080014544 0.2618125813450903
0.0225803330655584 0.015757667321154967 0.2617606012571904
0.026279137965855286 0.006413163224764373 0.26001200744830294
0.022776160930806935 0.01566861507506978 0.261944859383631
0.02273954835448176 0.015681178708637777 0.26184775311160696
0.02603417684123943 0.006424986239148611 0.25978842787866874
0.026134678107953252 0.006416210630852126 0.2599897273793833
0.02616342608416348 0.006421101616365499 0.2600620067680396
0.022817487726712327 0.015617173073042001 0.2619016527653005
0.022897539580913312 0.015517773139493651 0.2619586092298113
0.026015741288664643 0.006447022512269807 0.2599385829966907
0.026042245003359027 0.006418584593037069 0.26000282543949227
0.026076794567005263 0.006421296253521669 0.26005182689813655
0.02600183232365251 0.006434108769631519 0.26000846013203094
0.02599150747885129 0.006431700953374808 0.26009773398599
0.0235038756027956 0.014343998970170524 0.2610569650794406
0.023487985318251844 0.014373625720997263 0.2609824727644506
0.02352637675353514 0.01427726873080265 0.2609907170313991
0.0235686532055516 0.014176483557642339 0.2609404913877901
0.023550964883058315 0.01420112128428308 0.2608716879476628
0.023597031750256597 0.014093325256727018 0.2608814599479525
0.023575953328744223 0.014130988176746961 0.26082887704006297
0.023624023311780387 0.014011663964561494 0.26085143058118654
0.027658869347498297 0.0011417082971303394 0.2630014204105134
0.02771814006265088 0.0011219392954520124 0.26296490789487914
0.02786106096793313 0.001072455904880698 0.2630246915405598
0.02799569108347706 0.0009915694833886879 0.2630315150592154
0.028299787444995048 0.0007425897621984312 0.2630271894670532
0.028208809867228915 0.0008145173222489088 0.2629881925114157
0.01963562373754127 0.02008875205619548 0.2643966610641918
0.019727336647965887 0.02010579877935048 0.2643906512479615
0.01972871006380801 0.020097836484693044 0.26432529026959745
0.019859755356267023 0.02012928916016432 0.2643503099564467
0.019939433795119504 0.020141366568606822 0.2643449084208003
0.020028012747165758 0.02014021856964232 0.2642833674332166
0.020146203926417555 0.020146835012611664 0.26429381322804046
0.020134621082171594 0.020138526220814412 0.26424053878202697
0.020203633267379256 0.020146318462613833 0.2642982700063394
0.02020196354821721 0.020138585301355927 0.2642340261346092
0.020404112953478992 0.020123296655763623 0.26417080215285976
0.021930830162462805 0.018499624238378753 0.2626939240384183
0.021983736046566255 0.015893568786390033 0.2617563028881199
0.02204197555391478 0.015873579562349194 0.2618158559158015
0.022037084922531563 0.01586707059220005 0.26172191508159043
0.022102862866477974 0.015867278177293498 0.26180644622318106
0.022117645275363265 0.01586097919229329 0.2617509988519583
0.022216907500563862 0.015856767177953646 0.2617561543716632
0.022291230987276187 0.015848881744744414 0.26174578035768475
0.022386504321179432 0.01582616065082476 0.2616971183772682
0.022440264776744573 0.015809816052958614 0.2616956335749166
0.0240365890244102 0.011302501732371573 0.2600334939057415
0.024068371858034912 0.0112865056515849 0.25994508774370373
0.024084560138342252 0.011282171204272773 0.2598837294912254
0.024138029656491915 0.011282025219031155 0.259974579916195
0.02417190427080844 0.011275884357071109 0.2598914636799996
0.02423051448375306 0.011279068823776717 0.259998652303978
0.02422887457107898 0.01127358643097126 0.2599046570011403
0.024308527746465844 0.011256191933917414 0.26002625490623343
0.024317417659918183 0.01125636507840988 0.2599491674879358
0.02438873087926862 0.011235631165344873 0.2600430903802192
0.02440981258789557 0.01122381342939921 0.25995402782030497
0.02446828541945905 0.011211410782404785 0.26004373177348694
0.024470879383201638 0.011201475768522151 0.2599805171505643
0.02453906337286703 0.011191595352177508 0.260120082984586
0.0245227148055357 0.011190231737471745 0.26005819690698245
0.024595047632756842 0.011152413964842844 0.26013252237488943
0.02460666181561315 0.011137922276824863 0.2600616853200737
0.024682687250143574 0.011080891331225307 0.2600951546007423
0.024747959577700956 0.011014722836087842 0.2600929533041956
0.02481142818153613 0.010940703900254867 0.2601038075414036
0.02480822210858688 0.010942779719781415 0.2600538145051932
0.027571235770223308 0.0011609485973578249 0.262993782015319
0.02774429463849313 0.0011110489570180238 0.26297283528986776
0.02780486787964033 0.0010909142710281983 0.2629914139813452
0.027616052792102767 0.0011493333514310256 0.2629864453735861
0.024571171686590614 0.011163723664616432 0.2600684175210506
0.024509112761968613 0.011189690585574397 0.2600084810989791
0.02447631524651113 0.011209348071726521 0.26007785741783507
0.02442570211392727 0.011224323763552535 0.2600107701547788
0.024346573200913338 0.011244589692945672 0.2600607127761664
0.02436347544898794 0.011239223229584594 0.2599306372427982
0.024313190710440337 0.01125701399287976 0.2599896299941375
0.024224426294117238 0.011277080037323195 0.2600429377042291
0.024263822994815124 0.011269861125964953 0.25992796548631136
0.024189469440122666 0.011282023474453062 0.25998987819246966
0.024106876370263604 0.011281870810353312 0.260041453589753
0.023980611189830116 0.012715980612410582 0.26040759549865355
0.02396294934385037 0.012779271717069829 0.2604408755913156
0.023937138259369703 0.01286507744277321 0.26046455231732346
0.02391056073790855 0.012958610488185862 0.2605062875179198
0.023896975308510544 0.013016565993014984 0.26055868830100626
0.02198103402817883 0.01836969939040317 0.2626947013708371
0.021953632728779593 0.01846068334086931 0.26275352689632403
0.021923330216601325 0.018525010306173817 0.2627792162149293
0.02189522695306559 0.018591270525043113 0.2628064876005566
0.02187073765824049 0.01865731086829886 0.26285658820835356
0.021854905978413885 0.01871744264250641 0.26289318136952505
0.021834029480309047 0.018781217167063657 0.26293382603392734
0.02195498097511281 0.018414527831020544 0.2626328807275393
0.021924537272070332 0.01849671485040083 0.2626636179995464
0.02232069946872786 0.017059825057550215 0.2617819610662435
0.022302795541631962 0.01716821532374313 0.26184880249418435
0.022277426073228274 0.017239196094997855 0.26186975852159905
0.02225925766965317 0.017327488716009087 0.2618857463477959
0.02228101159543948 0.017204597335823024 0.2617191180765186
0.01960897526557616 0.020121183326722136 0.2656832681536072
0.01964184407265586 0.020212919107732097 0.26564148117233743
0.024118908965563457 0.011803798795536946 0.26031260467703177
0.024063749162762577 0.011677254108400426 0.26028374931856085
0.024093275975750603 0.011778075415675326 0.2602366659434253
0.024028535253140082 0.011628741805567833 0.2602263190874715
0.02405799599910346 0.011715841059791177 0.26018957718685365
0.02399082764802287 0.011576541409620056 0.26017455054799804
0.026122287601495292 0.007458715413259376 0.25954633340636646
0.0261709823245728 0.0071943353127787435 0.25956692922667657
0.026156642428582455 0.007279047326798238 0.2595392227479442
0.026137811430644406 0.007367993700534592 0.25950985638937174
0.026176306061674377 0.007079341829871966 0.25951653448377365
0.02616546691330912 0.007176688478337301 0.25949510639484163
0.02614994341366559 0.007247492528102029 0.2594505248157339
0.0260460528633472 0.006613148161386417 0.25965997179582856
0.02615792100675607 0.0069732828741237984 0.2594598860375351
0.02602456508900851 0.006617942456865755 0.25961928424632225
0.026096649546203055 0.006731492884704093 0.2595255236710857
0.02613657666852348 0.006860780633248187 0.25947486913545853
0.026066274966671577 0.006703533298869746 0.25946369924971147
0.023988505974297067 0.011535772989615056 0.26019006324800187
0.02215734709526808 0.016403462193857576 0.2615352454322633
0.021875942778638163 0.01603829863774553 0.2615944775044003
0.02227887631401891 0.016577418876890238 0.26156484218914794
0.021902070272801222 0.01610399871183532 0.2615492724293162
0.021894584416018742 0.016056866524887692 0.2616023148906257
0.021893645969174966 0.01604782503690455 0.2616318509129133
0.024082521528108053 0.011735519278214757 0.2602457417971231
0.022304158399787333 0.016615103161816525 0.26168836251180294
0.021988770468208213 0.01617504851758289 0.26154690901660893
0.022037527358656286 0.01625536947650713 0.26148373526738256
0.022333702971003913 0.016674806343782822 0.26170582255117075
0.022096073796967708 0.016322883173714442 0.26149787981935285
0.024034054094412213 0.011649198721877974 0.26021044219337686
0.02402902837536415 0.01168112719739195 0.2601516973791427
0.022158203372445423 0.017727219302058506 0.2621718572642119
0.022189256296586787 0.01764086479751803 0.2621176305176024
0.022204696841949575 0.0175704430708844 0.2620609285301872
0.022231664461525275 0.017496440520238854 0.26202269007059
0.02225786544082918 0.017401346164288067 0.2619592903130997
0.026174482836836176 0.007112843800152202 0.25951637976294323
0.026175985193938857 0.007040794113359894 0.2595297813171914
0.026128211410632235 0.006816373501327244 0.25948926171670617
0.0260943086219695 0.006744081010629899 0.2594811421348414
0.026080959868617748 0.006692522659228928 0.2596135472045508
0.02603867004361473 0.006647124274334171 0.259539022125214
0.02602345174826983 0.006586216694102753 0.2596520497716424
0.026031355112462892 0.006613537624941268 0.2596426179652116
0.02443316603079663 0.011222218526793226 0.26007443076208936
0.022082622793021395 0.017988092856249194 0.2624093091248865
0.022123869340418656 0.017829862329909574 0.26225862146062
0.021951164020596686 0.015873712458302602 0.2618358688604895
0.02194838204393164 0.015896303463301675 0.26173505468490404
0.022074578006872597 0.01586967300220382 0.2618103080919972
0.02407028008599675 0.01128749752363073 0.2599957838210262
0.024113895240702718 0.011282340979211103 0.25992771909279183
0.024181416525343932 0.011278856053578035 0.26002989823505546
0.02420404601904095 0.011280040265202462 0.25994965026649647
0.02426024710973916 0.01126921428675115 0.26004914667645634
0.02428055782391786 0.011268557382749955 0.25998876064523485
0.02435715124805749 0.011243933522667948 0.2599971430848097
0.02602160598021659 0.006422940333064897 0.25999720468753756
0.026036117165460233 0.006442574037969273 0.25989866168507386
0.02610963758164446 0.006420625598024976 0.2600425981435829
0.02622719307027449 0.006419880074447881 0.2600598647555133
0.02632982482154045 0.006411737223059377 0.260028222453079
0.02634389803348658 0.006402238615189237 0.25996495296237415
0.026430597654402005 0.00639321195833753 0.2600014348510205
0.02644145205873151 0.006377625929835262 0.2599127810918099
0.02227596488199937 0.017232646142786523 0.26180847637781945
0.022253417729097336 0.017310275633690753 0.26182999013476616
0.022237153784509606 0.01739119441697423 0.26184654059150814
0.023981200368082795 0.011546449803553738 0.2601656474403773
0.022003815264471066 0.01826801475312373 0.26261962413717505
0.021973853625958287 0.01833977790460606 0.26257908642625105
0.02205575903688023 0.01810192573820385 0.26253980154494183
0.022028416887201224 0.018185487807788225 0.26253548511381114
0.022008410648665405 0.018232689552970194 0.2625175957015396
0.022081242625826447 0.01802034774951039 0.26245801252517054
0.022061349239397607 0.01808579225265594 0.2624765854324396
0.0220303312580684 0.018159954871119488 0.262441698039919
0.026055315390762473 0.006421057621787796 0.25995637132447624
0.02607520378420085 0.006418983979940396 0.26001483468407804
0.02600973671166759 0.006433653675694095 0.2599745718694668
0.0260320121007135 0.0064235728510912415 0.26004975419064796
0.02199874352133581 0.015880925457150696 0.26181161773356654
0.021988107237333188 0.015880965900562594 0.261720562580901
0.022076250199072278 0.01586779386369347 0.2618431186392603
0.022068368748727224 0.01586650911135218 0.261746107275741
0.027671155757543385 0.0011773047915918933 0.2625854344811718
0.021875668894516434 0.016036220666167722 0.261602483603426
0.021860669821548467 0.016045886290010414 0.2615739523779733
0.026067497818322433 0.006727315602116479 0.2594247102078392
0.0260444884929779 0.0066553775731709175 0.25952279244852844
0.026029755016167312 0.006634404425583995 0.2595794168455792
0.026118727621107105 0.006806664207760438 0.2594699832272769
0.026098209346954178 0.006724214888482349 0.2595604253672138
0.02605597540711417 0.0066525057400197984 0.2596304832094041
0.022175781052649127 0.016446951347438232 0.26150245205738193
0.022126231066343344 0.016351791648802794 0.261540788654945
0.022116315594819774 0.01636760006711796 0.2614730828041281
0.022081345393700227 0.016289753674107788 0.26152188097959567
0.0220767083698043 0.01631360956378969 0.26146663918892166
0.02202837439089153 0.016215842874925557 0.26152357403177745
0.021967416193115832 0.016174015750032356 0.2615061413771572
0.027534376412048207 0.0011698286043830275 0.2630082088302881
0.022185292596125353 0.017612219665973483 0.2619923892783182
0.02221323146525024 0.01754413187640569 0.26201035232382275
0.022204749308933264 0.017530677128275163 0.2619124786640518
0.02224136497347999 0.017471754488742886 0.26200148731565576
0.022241701342883613 0.017461635281838306 0.26194735145039766
0.022228956887707013 0.01742875960896617 0.26185880029515135
0.022260837151626897 0.017374353219614003 0.26193341579334073
0.02200775769534108 0.015872082955968037 0.2618484138276505
0.022021649316391348 0.01588090643937362 0.26176886235622987
0.022139070445792525 0.01586548045305841 0.2617999315100058
0.022351073797014773 0.0168829913599165 0.26164776509289744
0.022361462235520213 0.016813682185074785 0.26168274050752227
0.022357536766712288 0.01671575824413285 0.261723242830728
0.022312620452153376 0.016642268974138175 0.2616887730123054
0.024086813968133253 0.011778595233941591 0.2602178709880776
0.02403819279840056 0.011669049074974291 0.2601932522105017
0.024033668102407715 0.011623635680366395 0.2602641246431984
0.022274888878691848 0.01658195547136837 0.261505724386668
0.02234292111268313 0.01691772605854125 0.26164895056733245
0.022375202955553078 0.016847670469769427 0.2617068134241817
0.026129834247120544 0.0068289401563143 0.25948144121901295
0.026054525601458198 0.006676904903221759 0.2594965624063203
0.02606811483933262 0.006648761163914163 0.2596620937445973
0.022288193228893666 0.016599116843063866 0.26163296415595116
0.022293758593888352 0.016612112845478477 0.26152925009888217
0.02218842416559763 0.016453960285431113 0.26153264963813244
0.022246153792890022 0.01655276867901867 0.26147116906730467
0.022106360996623275 0.016326604456564087 0.2615257670113449
0.02200976619263101 0.016211626161268033 0.2615004634631253
0.026086411022834002 0.006686512681742363 0.25965338045182396
0.026085627823267815 0.006702111438340375 0.25958167988564046
0.026040380772370017 0.006511344831820087 0.25970892173733157
0.026044487058418053 0.006558170868313895 0.25981442337012073
0.026033439894586577 0.006434342584190733 0.2596685901879488
0.026014045765996016 0.00652752204122653 0.2596550532731331
0.02601749138976142 0.006501622092236703 0.2598968741821116
0.026036814072881005 0.006478301358906591 0.25976709068310655
0.02606124179043326 0.006593890800883184 0.25974358982953194
0.026062354840364704 0.006616303871451734 0.25968725212645893
0.02603848977709479 0.0064566649528325915 0.2598354052155838
0.021962451877536315 0.018372085126290627 0.26259106368636964
0.021954149834530076 0.0184001185893809 0.26260621573999565
0.023988121476654495 0.0114110035558177 0.2601444485929945
0.024010986182547087 0.011339645724135483 0.2600939753893904
0.023973508425157622 0.011496792182708215 0.26014641928378346
0.021898892786474625 0.01595802722473194 0.2617535710309597
0.02189620654394875 0.01591515765680157 0.2618000795285333
0.021921202124687067 0.01590924475925476 0.2617592331763564
0.02220287690995018 0.016491952309888203 0.2614843715348316
