0.0009032749803736806 0.009629079140722752 0.28999999165534973
0.00045151342055760324 0.010080840438604355 0.28999999165534973
-2.481600631654146e-07 0.010080840438604355 0.28999999165534973
-0.0004520097572822124 0.010532601736485958 0.28999999165534973
-0.0009037713170982897 0.010532601736485958 0.28999999165534973
-0.0013602072140201926 0.010568921454250813 0.29100000858306885
-0.0018135264981538057 0.010568921454250813 0.29100000858306885
-0.002274635713547468 0.011060117743909359 0.2919999957084656
-0.002729512983933091 0.011060117743909359 0.2919999957084656
-0.003184390254318714 0.011514995247125626 0.2919999957084656
-0.0036392672918736935 0.011969871819019318 0.2919999957084656
-0.004108165390789509 0.012467299588024616 0.2930000126361847
-0.0045801792293787 0.012967842631042004 0.2939999997615814
-0.005038172006607056 0.012967842631042004 0.2939999997615814
-0.005514859221875668 0.013011950999498367 0.29499998688697815
-0.005514859221875668 0.013011950999498367 0.29499998688697815
-0.005038172006607056 0.012967842631042004 0.2939999997615814
-0.0045801792293787 0.012967842631042004 0.2939999997615814
-0.004108165390789509 0.01292373426258564 0.2930000126361847
-0.0036392672918736935 0.012424749322235584 0.2919999957084656
-0.0036392672918736935 0.011969871819019318 0.2919999957084656
-0.003184390254318714 0.011514995247125626 0.2919999957084656
-0.002729512983933091 0.011514995247125626 0.2919999957084656
-0.002274635713547468 0.011060117743909359 0.2919999957084656
-0.0018135264981538057 0.010568921454250813 0.29100000858306885
-0.0013602072140201926 0.010568921454250813 0.29100000858306885
-0.0009037713170982897 0.010532601736485958 0.28999999165534973
-0.0004520097572822124 0.010532601736485958 0.28999999165534973
-2.481600631654146e-07 0.010532601736485958 0.28999999165534973
0.00045151342055760324 0.010080840438604355 0.28999999165534973
0.0009032749803736806 0.010080840438604355 0.28999999165534973
0.019300872460007668 -0.0030723188538104296 0.29499998688697815
0.01923544518649578 -0.0026039115618914366 0.2939999997615814
0.01923544518649578 -0.002145918784663081 0.2939999997615814
0.018713584169745445 -0.001682184636592865 0.2930000126361847
0.018649714067578316 -0.001221566228196025 0.2919999957084656
0.018194837495684624 -0.0007666890742257237 0.2919999957084656
0.01773996092379093 -0.0003118118620477617 0.2919999957084656
0.01728508248925209 -0.0003118118620477617 0.2919999957084656
0.0168302059173584 -0.0003118118620477617 0.2919999957084656
0.016375329345464706 0.00014306532102636993 0.2919999957084656
0.015920450910925865 0.00014306532102636993 0.2919999957084656
0.015465574339032173 0.00014306532102636993 0.2919999957084656
0.015465574339032173 0.0005979425041005015 0.2919999957084656
0.015010696835815907 0.0010528196580708027 0.2919999957084656
0.015010696835815907 0.0015076968120411038 0.2919999957084656
0.014555820263922215 0.001962573966011405 0.2919999957084656
0.014052651822566986 0.0024091722443699837 0.29100000858306885
0.013599332422018051 0.0024091722443699837 0.29100000858306885
0.013100837357342243 0.00285265501588583 0.28999999165534973
0.01264907605946064 0.00285265501588583 0.28999999165534973
0.012155255302786827 0.0032930220477283 0.289000004529953
0.011705051176249981 0.0032930220477283 0.289000004529953
0.011254847049713135 0.0032930220477283 0.289000004529953
0.010804643854498863 0.003743225708603859 0.289000004529953
0.010354439727962017 0.004193429369479418 0.289000004529953
0.009904235601425171 0.004193429369479418 0.289000004529953
0.0094540324062109 0.004643633496016264 0.289000004529953
0.009003828279674053 0.005093837156891823 0.289000004529953
0.008553625084459782 0.005093837156891823 0.289000004529953
0.008131460286676884 0.005563224200159311 0.28999999165534973
0.008131460286676884 0.005563224200159311 0.28999999165534973
0.008553625084459782 0.005544040817767382 0.289000004529953
0.009003828279674053 0.005093837156891823 0.289000004529953
0.0094540324062109 0.005093837156891823 0.289000004529953
0.009904235601425171 0.004643633496016264 0.289000004529953
0.010354439727962017 0.004193429369479418 0.289000004529953
0.010804643854498863 0.004193429369479418 0.289000004529953
0.011254847049713135 0.003743225708603859 0.289000004529953
0.011705051176249981 0.0032930220477283 0.289000004529953
0.012155255302786827 0.0032930220477283 0.289000004529953
0.01264907605946064 0.00285265501588583 0.28999999165534973
0.013100837357342243 0.00285265501588583 0.28999999165534973
0.013552599586546421 0.00285265501588583 0.28999999165534973
0.014052651822566986 0.0024091722443699837 0.29100000858306885
0.014505971223115921 0.0024091722443699837 0.29100000858306885
0.015010696835815907 0.001962573966011405 0.2919999957084656
0.015010696835815907 0.0015076968120411038 0.2919999957084656
0.015465574339032173 0.0010528196580708027 0.2919999957084656
0.015465574339032173 0.0005979425041005015 0.2919999957084656
0.015920450910925865 0.00014306532102636993 0.2919999957084656
0.016375329345464706 0.00014306532102636993 0.2919999957084656
0.0168302059173584 -0.0003118118620477617 0.2919999957084656
0.01728508248925209 -0.0003118118620477617 0.2919999957084656
0.01773996092379093 -0.0003118118620477617 0.2919999957084656
0.018194837495684624 -0.0003118118620477617 0.2919999957084656
0.018649714067578316 -0.0007666890742257237 0.2919999957084656
0.018649714067578316 -0.001221566228196025 0.2919999957084656
0.018713584169745445 -0.001682184636592865 0.2930000126361847
0.01923544518649578 -0.002145918784663081 0.2939999997615814
0.01923544518649578 -0.0026039115618914366 0.2939999997615814
0.019300872460007668 -0.0030723188538104296 0.29499998688697815
