0.028484120965003967 -0.003998329397290945 0.26499998569488525
0.028484120965003967 -0.0035855129826813936 0.26499998569488525
0.028484120965003967 -0.0031726963352411985 0.26499998569488525
0.028896937146782875 -0.0027598796878010035 0.26499998569488525
0.029199151322245598 -0.002338206162676215 0.2639999985694885
0.0296104084700346 -0.0019269473850727081 0.2639999985694885
0.0296104084700346 -0.001515688607469201 0.2639999985694885
0.0296104084700346 -0.0011044297134503722 0.2639999985694885
0.029498249292373657 -0.0006905452464707196 0.2630000114440918
0.029498249292373657 -0.0002808442513924092 0.2630000114440918
0.02897794544696808 0.00012836682435590774 0.2619999945163727
0.028460755944252014 0.0005344622768461704 0.26100000739097595
0.027946684509515762 0.000937442178837955 0.25999999046325684
0.02754165604710579 0.0013424698263406754 0.25999999046325684
0.02754165604710579 0.0017474974738433957 0.25999999046325684
0.02754165604710579 0.002152525121346116 0.25999999046325684
0.02754165604710579 0.0025575526524335146 0.25999999046325684
0.02754165604710579 0.0029625804163515568 0.25999999046325684
0.02783919684588909 0.0033546555787324905 0.2590000033378601
0.027946684509515762 0.003772635478526354 0.25999999046325684
0.027946684509515762 0.004177663009613752 0.25999999046325684
0.02754165604710579 0.004582691006362438 0.25999999046325684
0.02754165604710579 0.004987718537449837 0.25999999046325684
0.027136629447340965 0.005392746068537235 0.25999999046325684
0.027136629447340965 0.005797773599624634 0.25999999046325684
0.026628786697983742 0.006178944371640682 0.2590000033378601
0.026225317269563675 0.006582414265722036 0.2590000033378601
0.025921545922756195 0.007012856658548117 0.25999999046325684
0.025821847841143608 0.007389354053884745 0.2590000033378601
0.025821847841143608 0.007792823947966099 0.2590000033378601
0.02572214975953102 0.008164647966623306 0.257999986410141
0.02572214975953102 0.008566559292376041 0.257999986410141
0.02532023750245571 0.008968471549451351 0.257999986410141
0.02532023750245571 0.009370383806526661 0.257999986410141
0.0249183252453804 0.00977229606360197 0.257999986410141
0.0249183252453804 0.010174207389354706 0.257999986410141
0.024516412988305092 0.010576119646430016 0.257999986410141
0.024516412988305092 0.010978031903505325 0.257999986410141
0.02420796826481819 0.011424052529036999 0.2590000033378601
0.023804498836398125 0.011827521957457066 0.2590000033378601
0.023804498836398125 0.012230991385877132 0.2590000033378601
0.023804498836398125 0.012634461745619774 0.2590000033378601
0.023712588474154472 0.0129875922575593 0.257999986410141
0.02340102754533291 0.013441401533782482 0.2590000033378601
0.02340102754533291 0.013844870962202549 0.2590000033378601
0.023310676217079163 0.014193328097462654 0.257999986410141
0.022908765822649002 0.014595240354537964 0.257999986410141
0.022908765822649002 0.014997152611613274 0.257999986410141
0.022594088688492775 0.015458750538527966 0.2590000033378601
0.022190619260072708 0.015862220898270607 0.2590000033378601
0.02187126874923706 0.016328491270542145 0.25999999046325684
0.02187126874923706 0.016733519732952118 0.25999999046325684
0.02187126874923706 0.01713854819536209 0.25999999046325684
0.02187126874923706 0.017543574795126915 0.25999999046325684
0.02187126874923706 0.017948603257536888 0.25999999046325684
0.0215488038957119 0.018424220383167267 0.26100000739097595
0.021466242149472237 0.018758658319711685 0.25999999046325684
0.02114221826195717 0.019237391650676727 0.26100000739097595
0.02114221826195717 0.019643977284431458 0.26100000739097595
0.020815080031752586 0.02012738399207592 0.2619999945163727
0.0204069372266531 0.020535528659820557 0.2619999945163727
0.020075125619769096 0.020613908767700195 0.2630000114440918
0.019665423780679703 0.02102360874414444 0.2630000114440918
0.01932893879711628 0.021514805033802986 0.2639999985694885
0.0194021537899971 0.022009117528796196 0.26499998569488525
0.0194021537899971 0.022421933710575104 0.26499998569488525
0.0194021537899971 0.02283474989235401 0.26499998569488525
0.01947537064552307 0.023335294798016548 0.26600000262260437
0.019060995429754257 0.023749668151140213 0.26600000262260437
0.01913265325129032 0.02425488457083702 0.2669999897480011
0.01871672086417675 0.024670816957950592 0.2669999897480011
0.01836933195590973 0.024763217195868492 0.2680000066757202
0.01836933195590973 0.024763217195868492 0.2680000066757202
0.01871672086417675 0.024670816957950592 0.2669999897480011
0.01913265325129032 0.024670816957950592 0.2669999897480011
0.01913265325129032 0.02425488457083702 0.2669999897480011
0.01947537064552307 0.023749668151140213 0.26600000262260437
0.01947537064552307 0.023335294798016548 0.26600000262260437
0.0194021537899971 0.02283474989235401 0.26499998569488525
0.0194021537899971 0.022421933710575104 0.26499998569488525
0.0194021537899971 0.022009117528796196 0.26499998569488525
0.01974019780755043 0.021514805033802986 0.2639999985694885
0.020075125619769096 0.02102360874414444 0.2630000114440918
0.0204069372266531 0.020535528659820557 0.2619999945163727
0.020815080031752586 0.020535528659820557 0.2619999945163727
0.02114221826195717 0.020050562918186188 0.26100000739097595
0.02114221826195717 0.019643977284431458 0.26100000739097595
0.021466242149472237 0.01916368491947651 0.25999999046325684
0.021466242149472237 0.018758658319711685 0.25999999046325684
0.0215488038957119 0.018424220383167267 0.26100000739097595
0.02187126874923706 0.017948603257536888 0.25999999046325684
0.02187126874923706 0.017543574795126915 0.25999999046325684
0.02187126874923706 0.01713854819536209 0.25999999046325684
0.02187126874923706 0.016733519732952118 0.25999999046325684
0.022190619260072708 0.016265690326690674 0.2590000033378601
0.022594088688492775 0.015862220898270607 0.2590000033378601
0.022908765822649002 0.015399063937366009 0.257999986410141
0.022908765822649002 0.014997152611613274 0.257999986410141
0.022908765822649002 0.014595240354537964 0.257999986410141
0.023310676217079163 0.014193328097462654 0.257999986410141
0.02340102754533291 0.013844870962202549 0.2590000033378601
0.02340102754533291 0.013441401533782482 0.2590000033378601
0.023712588474154472 0.0129875922575593 0.257999986410141
0.023804498836398125 0.012634461745619774 0.2590000033378601
0.023804498836398125 0.012230991385877132 0.2590000033378601
0.02420796826481819 0.011827521957457066 0.2590000033378601
0.024516412988305092 0.011379944160580635 0.257999986410141
0.024516412988305092 0.010978031903505325 0.257999986410141
0.0249183252453804 0.010576119646430016 0.257999986410141
0.0249183252453804 0.010174207389354706 0.257999986410141
0.0249183252453804 0.00977229606360197 0.257999986410141
0.02532023750245571 0.009370383806526661 0.257999986410141
0.02532023750245571 0.008968471549451351 0.257999986410141
0.02572214975953102 0.008566559292376041 0.257999986410141
0.02572214975953102 0.008164647966623306 0.257999986410141
0.025821847841143608 0.007792823947966099 0.2590000033378601
0.025821847841143608 0.007389354053884745 0.2590000033378601
0.026225317269563675 0.0069858841598033905 0.2590000033378601
0.026628786697983742 0.006582414265722036 0.2590000033378601
0.02703225612640381 0.006178944371640682 0.2590000033378601
0.027136629447340965 0.005797773599624634 0.25999999046325684
0.02754165604710579 0.005392746068537235 0.25999999046325684
0.02754165604710579 0.004987718537449837 0.25999999046325684
0.02754165604710579 0.004582691006362438 0.25999999046325684
0.027946684509515762 0.004177663009613752 0.25999999046325684
0.027946684509515762 0.003772635478526354 0.25999999046325684
0.02783919684588909 0.0033546555787324905 0.2590000033378601
0.02754165604710579 0.0029625804163515568 0.25999999046325684
0.02754165604710579 0.0025575526524335146 0.25999999046325684
0.02754165604710579 0.002152525121346116 0.25999999046325684
0.02754165604710579 0.0017474974738433957 0.25999999046325684
0.027946684509515762 0.0013424698263406754 0.25999999046325684
0.028460755944252014 0.0009410477359779179 0.26100000739097595
0.02897794544696808 0.0005365100223571062 0.2619999945163727
0.029386088252067566 0.00012836682435590774 0.2619999945163727
0.029498249292373657 -0.0002808442513924092 0.2630000114440918
0.029498249292373657 -0.0006905452464707196 0.2630000114440918
0.0296104084700346 -0.0011044297134503722 0.2639999985694885
0.0296104084700346 -0.001515688607469201 0.2639999985694885
0.0296104084700346 -0.0019269473850727081 0.2639999985694885
0.02972256951034069 -0.0023470630403608084 0.26499998569488525
0.029309753328561783 -0.0027598796878010035 0.26499998569488525
0.028896937146782875 -0.0031726963352411985 0.26499998569488525
0.028484120965003967 -0.0035855129826813936 0.26499998569488525
0.028484120965003967 -0.003998329397290945 0.26499998569488525
