0.029088547453284264 -0.001919648377224803 0.2630000114440918
0.029498249292373657 -0.0015099473530426621 0.2630000114440918
0.029386088252067566 -0.0010960628278553486 0.2619999945163727
0.029386088252067566 -0.0006879196153022349 0.2619999945163727
0.02897794544696808 -0.0002797764027491212 0.2619999945163727
0.028460755944252014 0.00012787687592208385 0.26100000739097595
0.028054170310497284 0.0005344622768461704 0.26100000739097595
0.027647586539387703 0.0009410477359779179 0.26100000739097595
0.02754165604710579 0.0013424698263406754 0.25999999046325684
0.02754165604710579 0.0017474974738433957 0.25999999046325684
0.02754165604710579 0.002152525121346116 0.25999999046325684
0.02754165604710579 0.0025575526524335146 0.25999999046325684
0.02754165604710579 0.0029625804163515568 0.25999999046325684
0.02754165604710579 0.0033676079474389553 0.25999999046325684
0.02783919684588909 0.0037581254728138447 0.2590000033378601
0.02754165604710579 0.004177663009613752 0.25999999046325684
0.02754165604710579 0.004582691006362438 0.25999999046325684
0.027136629447340965 0.004987718537449837 0.25999999046325684
0.027136629447340965 0.005392746068537235 0.25999999046325684
0.026731600984930992 0.005797773599624634 0.25999999046325684
0.026731600984930992 0.006202801130712032 0.25999999046325684
0.02632657252252102 0.006607829127460718 0.25999999046325684
0.025921545922756195 0.007012856658548117 0.25999999046325684
0.025921545922756195 0.007417884189635515 0.25999999046325684
0.025921545922756195 0.007822912186384201 0.25999999046325684
0.025921545922756195 0.0082279397174716 0.25999999046325684
0.025516517460346222 0.008632967248558998 0.25999999046325684
0.025516517460346222 0.009037994779646397 0.25999999046325684
0.025516517460346222 0.009443022310733795 0.25999999046325684
0.025111490860581398 0.009848049841821194 0.25999999046325684
0.025111490860581398 0.010253077372908592 0.25999999046325684
0.02480148710310459 0.010699097998440266 0.26100000739097595
0.02439490146934986 0.011105683632194996 0.26100000739097595
0.02439490146934986 0.011512269265949726 0.26100000739097595
0.024080226197838783 0.011964520439505577 0.2619999945163727
0.02398831769824028 0.012325439602136612 0.26100000739097595
0.02398831769824028 0.012732025235891342 0.26100000739097595
0.02358173206448555 0.013138610869646072 0.26100000739097595
0.02358173206448555 0.013545195572078228 0.26100000739097595
0.02358173206448555 0.013951781205832958 0.26100000739097595
0.02326393872499466 0.014413380064070225 0.2619999945163727
0.02317514643073082 0.014764952473342419 0.26100000739097595
0.022855795919895172 0.0152296656742692 0.2619999945163727
0.022855795919895172 0.01563780941069126 0.2619999945163727
0.022447653114795685 0.01604595221579075 0.2619999945163727
0.022039510309696198 0.016454095020890236 0.2619999945163727
0.022039510309696198 0.016862239688634872 0.2619999945163727
0.022039510309696198 0.01727038249373436 0.2619999945163727
0.022039510309696198 0.017678525298833847 0.2619999945163727
0.02163136750459671 0.018086668103933334 0.2619999945163727
0.02163136750459671 0.01849481277167797 0.2619999945163727
0.021223222836852074 0.018902955576777458 0.2619999945163727
0.021223222836852074 0.019311098381876945 0.2619999945163727
0.020815080031752586 0.019719241186976433 0.2619999945163727
0.02048482559621334 0.0202042069286108 0.2630000114440918
0.02015145681798458 0.020692287012934685 0.2639999985694885
0.01974019780755043 0.021103546023368835 0.2639999985694885
0.0194021537899971 0.02118348516523838 0.26499998569488525
0.0194021537899971 0.021596301347017288 0.26499998569488525
0.01947537064552307 0.022092171013355255 0.26600000262260437
0.01947537064552307 0.02250654436647892 0.26600000262260437
0.01947537064552307 0.022920919582247734 0.26600000262260437
0.01947537064552307 0.023335294798016548 0.26600000262260437
0.01913265325129032 0.02383895218372345 0.2669999897480011
0.018786821514368057 0.024345727637410164 0.2680000066757202
0.01843787357211113 0.024855617433786392 0.26899999380111694
0.01694861613214016 0.0255565382540226 0.2720000147819519
0.01658564805984497 0.026075776666402817 0.27300000190734863
0.01658564805984497 0.02650105394423008 0.27300000190734863
0.01658564805984497 0.02650105394423008 0.27300000190734863
0.01694861613214016 0.025980260223150253 0.2720000147819519
0.01843787357211113 0.024855617433786392 0.26899999380111694
0.018786821514368057 0.024763217195868492 0.2680000066757202
0.01913265325129032 0.02425488457083702 0.2669999897480011
0.01913265325129032 0.02383895218372345 0.2669999897480011
0.01947537064552307 0.023335294798016548 0.26600000262260437
0.01947537064552307 0.022920919582247734 0.26600000262260437
0.01947537064552307 0.02250654436647892 0.26600000262260437
0.01947537064552307 0.022092171013355255 0.26600000262260437
0.0194021537899971 0.021596301347017288 0.26499998569488525
0.01974019780755043 0.021103546023368835 0.2639999985694885
0.02015145681798458 0.021103546023368835 0.2639999985694885
0.02048482559621334 0.020613908767700195 0.2630000114440918
0.020815080031752586 0.02012738399207592 0.2619999945163727
0.02114221826195717 0.019643977284431458 0.26100000739097595
0.021223222836852074 0.019311098381876945 0.2619999945163727
0.0215488038957119 0.018830806016921997 0.26100000739097595
0.02163136750459671 0.01849481277167797 0.2619999945163727
0.02163136750459671 0.018086668103933334 0.2619999945163727
0.022039510309696198 0.017678525298833847 0.2619999945163727
0.022039510309696198 0.01727038249373436 0.2619999945163727
0.022039510309696198 0.016862239688634872 0.2619999945163727
0.022447653114795685 0.016454095020890236 0.2619999945163727
0.022855795919895172 0.01604595221579075 0.2619999945163727
0.022855795919895172 0.01563780941069126 0.2619999945163727
0.02317514643073082 0.015171537175774574 0.26100000739097595
0.02317514643073082 0.014764952473342419 0.26100000739097595
0.02326393872499466 0.014413380064070225 0.2619999945163727
0.02358173206448555 0.013951781205832958 0.26100000739097595
0.02358173206448555 0.013545195572078228 0.26100000739097595
0.02358173206448555 0.013138610869646072 0.26100000739097595
0.02398831769824028 0.012732025235891342 0.26100000739097595
0.02398831769824028 0.012325439602136612 0.26100000739097595
0.02439490146934986 0.011918853968381882 0.26100000739097595
0.02439490146934986 0.011512269265949726 0.26100000739097595
0.02480148710310459 0.011105683632194996 0.26100000739097595
0.025111490860581398 0.01065810490399599 0.25999999046325684
0.025111490860581398 0.010253077372908592 0.25999999046325684
0.025111490860581398 0.009848049841821194 0.25999999046325684
0.025516517460346222 0.009443022310733795 0.25999999046325684
0.025516517460346222 0.009037994779646397 0.25999999046325684
0.025516517460346222 0.008632967248558998 0.25999999046325684
0.025921545922756195 0.0082279397174716 0.25999999046325684
0.025921545922756195 0.007822912186384201 0.25999999046325684
0.025921545922756195 0.007417884189635515 0.25999999046325684
0.02632657252252102 0.007012856658548117 0.25999999046325684
0.026731600984930992 0.006607829127460718 0.25999999046325684
0.026731600984930992 0.006202801130712032 0.25999999046325684
0.027136629447340965 0.005797773599624634 0.25999999046325684
0.027136629447340965 0.005392746068537235 0.25999999046325684
0.02754165604710579 0.004987718537449837 0.25999999046325684
0.02754165604710579 0.004582691006362438 0.25999999046325684
0.02754165604710579 0.004177663009613752 0.25999999046325684
0.02783919684588909 0.0037581254728138447 0.2590000033378601
0.02754165604710579 0.0033676079474389553 0.25999999046325684
0.02754165604710579 0.0029625804163515568 0.25999999046325684
0.02754165604710579 0.0025575526524335146 0.25999999046325684
0.02754165604710579 0.002152525121346116 0.25999999046325684
0.02754165604710579 0.0017474974738433957 0.25999999046325684
0.02754165604710579 0.0013424698263406754 0.25999999046325684
0.028054170310497284 0.0009410477359779179 0.26100000739097595
0.028460755944252014 0.0005344622768461704 0.26100000739097595
0.028867341578006744 0.00012787687592208385 0.26100000739097595
0.029273927211761475 -0.00027870855410583317 0.26100000739097595
0.029386088252067566 -0.0006879196153022349 0.2619999945163727
0.029386088252067566 -0.0010960628278553486 0.2619999945163727
0.029498249292373657 -0.0015099473530426621 0.2630000114440918
0.029088547453284264 -0.001919648377224803 0.2630000114440918
