0.022943032905459404 0.015287794172763824 0.2630000114440918
0.022943032905459404 0.015697496011853218 0.2630000114440918
0.02253333106637001 0.016107195988297462 0.2630000114440918
0.022123631089925766 0.016516897827386856 0.2630000114440918
0.022123631089925766 0.0169265978038311 0.2630000114440918
0.022123631089925766 0.017336299642920494 0.2630000114440918
0.022039510309696198 0.017678525298833847 0.2619999945163727
0.021713929250836372 0.018155701458454132 0.2630000114440918
0.021713929250836372 0.018565403297543526 0.2630000114440918
0.02130422741174698 0.01897510327398777 0.2630000114440918
0.02130422741174698 0.019384805113077164 0.2630000114440918
0.020973974838852882 0.019869770854711533 0.2639999985694885
0.020973974838852882 0.020281029865145683 0.2639999985694885
0.02056271582841873 0.020692287012934685 0.2639999985694885
0.02015145681798458 0.020692287012934685 0.2639999985694885
0.019814971834421158 0.02118348516523838 0.26499998569488525
0.0194021537899971 0.02118348516523838 0.26499998569488525
0.0194021537899971 0.021596301347017288 0.26499998569488525
0.01947537064552307 0.022092171013355255 0.26600000262260437
0.01947537064552307 0.02250654436647892 0.26600000262260437
0.01947537064552307 0.022920919582247734 0.26600000262260437
0.01947537064552307 0.023335294798016548 0.26600000262260437
0.01913265325129032 0.02383895218372345 0.2669999897480011
0.018786821514368057 0.024345727637410164 0.2680000066757202
0.01836933195590973 0.024763217195868492 0.2680000066757202
0.018018824979662895 0.025274666026234627 0.26899999380111694
0.01759977824985981 0.025274666026234627 0.26899999380111694
0.017180729657411575 0.025274666026234627 0.26899999380111694
0.016823993995785713 0.025789229199290276 0.27000001072883606
0.01646414026618004 0.02588474377989769 0.2709999978542328
0.01646414026618004 0.026306908577680588 0.2709999978542328
0.01646414026618004 0.026729071512818336 0.2709999978542328
0.01646414026618004 0.026729071512818336 0.2709999978542328
0.01646414026618004 0.026306908577680588 0.2709999978542328
0.016823993995785713 0.025789229199290276 0.27000001072883606
0.017180729657411575 0.025274666026234627 0.26899999380111694
0.01759977824985981 0.025274666026234627 0.26899999380111694
0.018018824979662895 0.025274666026234627 0.26899999380111694
0.01836933195590973 0.02518070675432682 0.2680000066757202
0.018786821514368057 0.024763217195868492 0.2680000066757202
0.01913265325129032 0.02425488457083702 0.2669999897480011
0.01913265325129032 0.02383895218372345 0.2669999897480011
0.01947537064552307 0.023335294798016548 0.26600000262260437
0.01947537064552307 0.022920919582247734 0.26600000262260437
0.01947537064552307 0.02250654436647892 0.26600000262260437
0.01947537064552307 0.022092171013355255 0.26600000262260437
0.0194021537899971 0.021596301347017288 0.26499998569488525
0.019814971834421158 0.02118348516523838 0.26499998569488525
0.02015145681798458 0.021103546023368835 0.2639999985694885
0.02056271582841873 0.020692287012934685 0.2639999985694885
0.020973974838852882 0.020692287012934685 0.2639999985694885
0.020973974838852882 0.020281029865145683 0.2639999985694885
0.02130422741174698 0.019794505089521408 0.2630000114440918
0.02130422741174698 0.019384805113077164 0.2630000114440918
0.021713929250836372 0.01897510327398777 0.2630000114440918
0.021713929250836372 0.018565403297543526 0.2630000114440918
0.021713929250836372 0.018155701458454132 0.2630000114440918
0.022039510309696198 0.017678525298833847 0.2619999945163727
0.022123631089925766 0.017336299642920494 0.2630000114440918
0.022123631089925766 0.0169265978038311 0.2630000114440918
0.02253333106637001 0.016516897827386856 0.2630000114440918
0.022943032905459404 0.016107195988297462 0.2630000114440918
0.022943032905459404 0.015697496011853218 0.2630000114440918
0.02335273288190365 0.015287794172763824 0.2630000114440918
0.029199151322245598 -0.002338206162676215 0.2639999985694885
0.029199151322245598 -0.0019269473850727081 0.2639999985694885
0.0296104084700346 -0.001515688607469201 0.2639999985694885
0.029498249292373657 -0.0011002463288605213 0.2630000114440918
0.029498249292373657 -0.0006905452464707196 0.2630000114440918
0.029088547453284264 -0.0002808442513924092 0.2630000114440918
0.02897794544696808 0.00012836682435590774 0.2619999945163727
0.028569800779223442 0.0005365100223571062 0.2619999945163727
0.028161657974123955 0.0009446532931178808 0.2619999945163727
0.027647586539387703 0.0013476331951096654 0.26100000739097595
0.027647586539387703 0.001754218596033752 0.26100000739097595
0.027647586539387703 0.0021608041133731604 0.26100000739097595
0.027647586539387703 0.002567389514297247 0.26100000739097595
0.027647586539387703 0.0029739749152213335 0.26100000739097595
0.027647586539387703 0.00338056031614542 0.26100000739097595
0.028054170310497284 0.0037871457170695066 0.26100000739097595
0.027647586539387703 0.004193731117993593 0.26100000739097595
0.027647586539387703 0.0046003167517483234 0.26100000739097595
0.027647586539387703 0.005006901919841766 0.26100000739097595
0.027241000905632973 0.005413487553596497 0.26100000739097595
0.027241000905632973 0.0058200727216899395 0.26100000739097595
0.026834415271878242 0.00622665835544467 0.26100000739097595
0.026427829638123512 0.006633243523538113 0.26100000739097595
0.026021244004368782 0.007039829157292843 0.26100000739097595
0.026021244004368782 0.007446414325386286 0.26100000739097595
0.025921545922756195 0.007822912186384201 0.25999999046325684
0.025921545922756195 0.0082279397174716 0.25999999046325684
0.025516517460346222 0.008632967248558998 0.25999999046325684
0.025516517460346222 0.009037994779646397 0.25999999046325684
0.025516517460346222 0.009443022310733795 0.25999999046325684
0.025111490860581398 0.009848049841821194 0.25999999046325684
0.025111490860581398 0.010253077372908592 0.25999999046325684
0.024706462398171425 0.01065810490399599 0.25999999046325684
0.0243014357984066 0.01106313243508339 0.25999999046325684
0.02439490146934986 0.011512269265949726 0.26100000739097595
0.02439490146934986 0.011512269265949726 0.26100000739097595
0.024706462398171425 0.01106313243508339 0.25999999046325684
0.025111490860581398 0.01065810490399599 0.25999999046325684
0.025111490860581398 0.010253077372908592 0.25999999046325684
0.025111490860581398 0.009848049841821194 0.25999999046325684
0.025516517460346222 0.009443022310733795 0.25999999046325684
0.025516517460346222 0.009037994779646397 0.25999999046325684
0.025516517460346222 0.008632967248558998 0.25999999046325684
0.025921545922756195 0.0082279397174716 0.25999999046325684
0.025921545922756195 0.007822912186384201 0.25999999046325684
0.026021244004368782 0.007446414325386286 0.26100000739097595
0.026427829638123512 0.007039829157292843 0.26100000739097595
0.026834415271878242 0.006633243523538113 0.26100000739097595
0.027241000905632973 0.00622665835544467 0.26100000739097595
0.027241000905632973 0.0058200727216899395 0.26100000739097595
0.027647586539387703 0.005413487553596497 0.26100000739097595
0.027647586539387703 0.005006901919841766 0.26100000739097595
0.027647586539387703 0.0046003167517483234 0.26100000739097595
0.027647586539387703 0.004193731117993593 0.26100000739097595
0.028054170310497284 0.0037871457170695066 0.26100000739097595
0.027647586539387703 0.00338056031614542 0.26100000739097595
0.027647586539387703 0.0029739749152213335 0.26100000739097595
0.027647586539387703 0.002567389514297247 0.26100000739097595
0.027647586539387703 0.0021608041133731604 0.26100000739097595
0.027647586539387703 0.001754218596033752 0.26100000739097595
0.028161657974123955 0.0013527964474633336 0.2619999945163727
0.028569800779223442 0.0009446532931178808 0.2619999945163727
0.02897794544696808 0.0005365100223571062 0.2619999945163727
0.02897794544696808 0.00012836682435590774 0.2619999945163727
0.029498249292373657 -0.0002808442513924092 0.2630000114440918
0.029498249292373657 -0.0006905452464707196 0.2630000114440918
0.029498249292373657 -0.0011002463288605213 0.2630000114440918
0.0296104084700346 -0.001515688607469201 0.2639999985694885
0.029199151322245598 -0.0019269473850727081 0.2639999985694885
0.029199151322245598 -0.002338206162676215 0.2639999985694885
