0.02317514643073082 0.014764952473342419 0.26100000739097595
0.02317514643073082 0.015171537175774574 0.26100000739097595
0.02276856079697609 0.015578122809529305 0.26100000739097595
0.022447653114795685 0.01604595221579075 0.2619999945163727
0.022039510309696198 0.016454095020890236 0.2619999945163727
0.022039510309696198 0.016862239688634872 0.2619999945163727
0.022039510309696198 0.01727038249373436 0.2619999945163727
0.022039510309696198 0.017678525298833847 0.2619999945163727
0.022039510309696198 0.018086668103933334 0.2619999945163727
0.02163136750459671 0.01849481277167797 0.2619999945163727
0.02163136750459671 0.018902955576777458 0.2619999945163727
0.021223222836852074 0.019311098381876945 0.2619999945163727
0.021223222836852074 0.019719241186976433 0.2619999945163727
0.020894527435302734 0.0202042069286108 0.2630000114440918
0.02056271582841873 0.020692287012934685 0.2639999985694885
0.02015145681798458 0.020692287012934685 0.2639999985694885
0.01974019780755043 0.021103546023368835 0.2639999985694885
0.0194021537899971 0.02118348516523838 0.26499998569488525
0.0194021537899971 0.021596301347017288 0.26499998569488525
0.0194021537899971 0.022009117528796196 0.26499998569488525
0.0194021537899971 0.022421933710575104 0.26499998569488525
0.01947537064552307 0.022920919582247734 0.26600000262260437
0.01947537064552307 0.023335294798016548 0.26600000262260437
0.01947537064552307 0.023749668151140213 0.26600000262260437
0.01913265325129032 0.02425488457083702 0.2669999897480011
0.018786821514368057 0.024763217195868492 0.2680000066757202
0.01836933195590973 0.024763217195868492 0.2680000066757202
0.018018824979662895 0.025274666026234627 0.26899999380111694
0.01759977824985981 0.025274666026234627 0.26899999380111694
0.017244599759578705 0.025368623435497284 0.27000001072883606
0.017244599759578705 0.025368623435497284 0.27000001072883606
0.01759977824985981 0.025274666026234627 0.26899999380111694
0.018018824979662895 0.025274666026234627 0.26899999380111694
0.01836933195590973 0.024763217195868492 0.2680000066757202
0.018786821514368057 0.024763217195868492 0.2680000066757202
0.019204311072826385 0.024763217195868492 0.2680000066757202
0.01913265325129032 0.02425488457083702 0.2669999897480011
0.01947537064552307 0.023749668151140213 0.26600000262260437
0.01947537064552307 0.023335294798016548 0.26600000262260437
0.01947537064552307 0.022920919582247734 0.26600000262260437
0.0194021537899971 0.022421933710575104 0.26499998569488525
0.0194021537899971 0.022009117528796196 0.26499998569488525
0.0194021537899971 0.021596301347017288 0.26499998569488525
0.01974019780755043 0.021103546023368835 0.2639999985694885
0.02015145681798458 0.021103546023368835 0.2639999985694885
0.02056271582841873 0.020692287012934685 0.2639999985694885
0.020894527435302734 0.020613908767700195 0.2630000114440918
0.021223222836852074 0.02012738399207592 0.2619999945163727
0.021223222836852074 0.019719241186976433 0.2619999945163727
0.0215488038957119 0.019237391650676727 0.26100000739097595
0.02163136750459671 0.018902955576777458 0.2619999945163727
0.02163136750459671 0.01849481277167797 0.2619999945163727
0.022039510309696198 0.018086668103933334 0.2619999945163727
0.022039510309696198 0.017678525298833847 0.2619999945163727
0.022039510309696198 0.01727038249373436 0.2619999945163727
0.022039510309696198 0.016862239688634872 0.2619999945163727
0.022447653114795685 0.016454095020890236 0.2619999945163727
0.02276856079697609 0.015984708443284035 0.26100000739097595
0.02317514643073082 0.015578122809529305 0.26100000739097595
0.02317514643073082 0.015171537175774574 0.26100000739097595
0.02317514643073082 0.014764952473342419 0.26100000739097595
0.028484120965003967 -0.003998329397290945 0.26499998569488525
0.028787892311811447 -0.00357198272831738 0.2639999985694885
0.028787892311811447 -0.003160723950713873 0.2639999985694885
0.028787892311811447 -0.002749464940279722 0.2639999985694885
0.029199151322245598 -0.002338206162676215 0.2639999985694885
0.0296104084700346 -0.0019269473850727081 0.2639999985694885
0.0296104084700346 -0.001515688607469201 0.2639999985694885
0.0296104084700346 -0.0011044297134503722 0.2639999985694885
0.0296104084700346 -0.0006931709358468652 0.2639999985694885
0.029498249292373657 -0.0002808442513924092 0.2630000114440918
0.029088547453284264 0.00012885677278973162 0.2630000114440918
0.02867884747684002 0.000538557767868042 0.2630000114440918
0.028161657974123955 0.0009446532931178808 0.2619999945163727
0.027753515169024467 0.0013527964474633336 0.2619999945163727
0.027647586539387703 0.001754218596033752 0.26100000739097595
0.027647586539387703 0.0021608041133731604 0.26100000739097595
0.027647586539387703 0.002567389514297247 0.26100000739097595
0.027647586539387703 0.0029739749152213335 0.26100000739097595
0.028054170310497284 0.00338056031614542 0.26100000739097595
0.028054170310497284 0.0037871457170695066 0.26100000739097595
0.028054170310497284 0.004193731117993593 0.26100000739097595
0.027753515169024467 0.004617942497134209 0.2619999945163727
0.027753515169024467 0.005026085302233696 0.2619999945163727
0.02734537236392498 0.005434228572994471 0.2619999945163727
0.02734537236392498 0.005842371843755245 0.2619999945163727
0.026834415271878242 0.00622665835544467 0.26100000739097595
0.026427829638123512 0.006633243523538113 0.26100000739097595
0.026021244004368782 0.007039829157292843 0.26100000739097595
0.026021244004368782 0.007446414325386286 0.26100000739097595
0.025921545922756195 0.007822912186384201 0.25999999046325684
0.025921545922756195 0.0082279397174716 0.25999999046325684
0.026021244004368782 0.00866617076098919 0.26100000739097595
0.025614658370614052 0.00907275639474392 0.26100000739097595
0.025614658370614052 0.00947934202849865 0.26100000739097595
0.025614658370614052 0.009885926730930805 0.26100000739097595
0.025111490860581398 0.010253077372908592 0.25999999046325684
0.024706462398171425 0.01065810490399599 0.25999999046325684
0.024706462398171425 0.01106313243508339 0.25999999046325684
0.024706462398171425 0.011468160897493362 0.25999999046325684
0.024706462398171425 0.01106313243508339 0.25999999046325684
0.025111490860581398 0.01065810490399599 0.25999999046325684
0.025111490860581398 0.010253077372908592 0.25999999046325684
0.025614658370614052 0.009885926730930805 0.26100000739097595
0.025614658370614052 0.00947934202849865 0.26100000739097595
0.025614658370614052 0.00907275639474392 0.26100000739097595
0.026021244004368782 0.00866617076098919 0.26100000739097595
0.025921545922756195 0.0082279397174716 0.25999999046325684
0.025921545922756195 0.007822912186384201 0.25999999046325684
0.026021244004368782 0.007446414325386286 0.26100000739097595
0.026427829638123512 0.007039829157292843 0.26100000739097595
0.026834415271878242 0.006633243523538113 0.26100000739097595
0.027241000905632973 0.00622665835544467 0.26100000739097595
0.02734537236392498 0.005842371843755245 0.2619999945163727
0.027753515169024467 0.005434228572994471 0.2619999945163727
0.027753515169024467 0.005026085302233696 0.2619999945163727
0.027753515169024467 0.004617942497134209 0.2619999945163727
0.028054170310497284 0.004193731117993593 0.26100000739097595
0.028054170310497284 0.0037871457170695066 0.26100000739097595
0.028054170310497284 0.00338056031614542 0.26100000739097595
0.027647586539387703 0.0029739749152213335 0.26100000739097595
0.027647586539387703 0.002567389514297247 0.26100000739097595
0.027647586539387703 0.0021608041133731604 0.26100000739097595
0.027647586539387703 0.001754218596033752 0.26100000739097595
0.028161657974123955 0.0013527964474633336 0.2619999945163727
0.028569800779223442 0.0009446532931178808 0.2619999945163727
0.029088547453284264 0.000538557767868042 0.2630000114440918
0.029498249292373657 0.00012885677278973162 0.2630000114440918
0.029498249292373657 -0.0002808442513924092 0.2630000114440918
0.0296104084700346 -0.0006931709358468652 0.2639999985694885
0.0296104084700346 -0.0011044297134503722 0.2639999985694885
0.0296104084700346 -0.001515688607469201 0.2639999985694885
0.0296104084700346 -0.0019269473850727081 0.2639999985694885
0.029199151322245598 -0.002338206162676215 0.2639999985694885
0.029199151322245598 -0.002749464940279722 0.2639999985694885
0.028787892311811447 -0.003160723950713873 0.2639999985694885
0.028787892311811447 -0.00357198272831738 0.2639999985694885
0.028484120965003967 -0.003998329397290945 0.26499998569488525
