0.02276856079697609 0.015578122809529305 0.26100000739097595
0.02236197516322136 0.015984708443284035 0.26100000739097595
0.022039510309696198 0.016454095020890236 0.2619999945163727
0.022039510309696198 0.016862239688634872 0.2619999945163727
0.022039510309696198 0.01727038249373436 0.2619999945163727
0.02195538952946663 0.017611050978302956 0.26100000739097595
0.02195538952946663 0.018017634749412537 0.26100000739097595
0.02163136750459671 0.01849481277167797 0.2619999945163727
0.0215488038957119 0.018830806016921997 0.26100000739097595
0.021223222836852074 0.019311098381876945 0.2619999945163727
0.021223222836852074 0.019719241186976433 0.2619999945163727
0.020894527435302734 0.0202042069286108 0.2630000114440918
0.02056271582841873 0.020692287012934685 0.2639999985694885
0.02015145681798458 0.020692287012934685 0.2639999985694885
0.01974019780755043 0.021103546023368835 0.2639999985694885
0.0194021537899971 0.021596301347017288 0.26499998569488525
0.0194021537899971 0.022009117528796196 0.26499998569488525
0.0194021537899971 0.022421933710575104 0.26499998569488525
0.01947537064552307 0.022920919582247734 0.26600000262260437
0.01947537064552307 0.023335294798016548 0.26600000262260437
0.019060995429754257 0.023749668151140213 0.26600000262260437
0.01913265325129032 0.02425488457083702 0.2669999897480011
0.01871672086417675 0.024670816957950592 0.2669999897480011
0.01836933195590973 0.024763217195868492 0.2680000066757202
0.01836933195590973 0.024763217195868492 0.2680000066757202
0.01871672086417675 0.024670816957950592 0.2669999897480011
0.019060995429754257 0.024578416720032692 0.26600000262260437
0.01913265325129032 0.02425488457083702 0.2669999897480011
0.01947537064552307 0.023749668151140213 0.26600000262260437
0.01947537064552307 0.023335294798016548 0.26600000262260437
0.01947537064552307 0.022920919582247734 0.26600000262260437
0.0194021537899971 0.022421933710575104 0.26499998569488525
0.0194021537899971 0.022009117528796196 0.26499998569488525
0.019814971834421158 0.021596301347017288 0.26499998569488525
0.02015145681798458 0.021103546023368835 0.2639999985694885
0.02056271582841873 0.020692287012934685 0.2639999985694885
0.020894527435302734 0.020613908767700195 0.2630000114440918
0.021223222836852074 0.02012738399207592 0.2619999945163727
0.021223222836852074 0.019719241186976433 0.2619999945163727
0.0215488038957119 0.019237391650676727 0.26100000739097595
0.0215488038957119 0.018830806016921997 0.26100000739097595
0.02163136750459671 0.01849481277167797 0.2619999945163727
0.02195538952946663 0.018017634749412537 0.26100000739097595
0.02195538952946663 0.017611050978302956 0.26100000739097595
0.022039510309696198 0.01727038249373436 0.2619999945163727
0.022039510309696198 0.016862239688634872 0.2619999945163727
0.02236197516322136 0.016391294077038765 0.26100000739097595
0.02276856079697609 0.015984708443284035 0.26100000739097595
0.02308635227382183 0.015518437139689922 0.25999999046325684
0.0296104084700346 -0.0019269473850727081 0.2639999985694885
0.0296104084700346 -0.001515688607469201 0.2639999985694885
0.0296104084700346 -0.0011044297134503722 0.2639999985694885
0.029498249292373657 -0.0006905452464707196 0.2630000114440918
0.029498249292373657 -0.0002808442513924092 0.2630000114440918
0.02897794544696808 0.00012836682435590774 0.2619999945163727
0.028569800779223442 0.0005365100223571062 0.2619999945163727
0.028054170310497284 0.0009410477359779179 0.26100000739097595
0.027647586539387703 0.0013476331951096654 0.26100000739097595
0.028054170310497284 0.001754218596033752 0.26100000739097595
0.027647586539387703 0.0021608041133731604 0.26100000739097595
0.02754165604710579 0.0025575526524335146 0.25999999046325684
0.02754165604710579 0.0029625804163515568 0.25999999046325684
0.027946684509515762 0.0033676079474389553 0.25999999046325684
0.027946684509515762 0.003772635478526354 0.25999999046325684
0.027946684509515762 0.004177663009613752 0.25999999046325684
0.02754165604710579 0.004582691006362438 0.25999999046325684
0.02754165604710579 0.004987718537449837 0.25999999046325684
0.027136629447340965 0.005392746068537235 0.25999999046325684
0.027136629447340965 0.005797773599624634 0.25999999046325684
0.026731600984930992 0.006202801130712032 0.25999999046325684
0.02632657252252102 0.006607829127460718 0.25999999046325684
0.025921545922756195 0.007012856658548117 0.25999999046325684
0.025821847841143608 0.007389354053884745 0.2590000033378601
0.025821847841143608 0.007792823947966099 0.2590000033378601
0.02572214975953102 0.008164647966623306 0.257999986410141
0.02572214975953102 0.008566559292376041 0.257999986410141
0.02532023750245571 0.008968471549451351 0.257999986410141
0.02522209659218788 0.009334064088761806 0.25699999928474426
0.02522209659218788 0.009734418243169785 0.25699999928474426
0.024821743369102478 0.010134773328900337 0.25699999928474426
0.024516412988305092 0.010576119646430016 0.257999986410141
0.024516412988305092 0.010978031903505325 0.257999986410141
0.024114500731229782 0.011379944160580635 0.257999986410141
0.024114500731229782 0.01178185548633337 0.257999986410141
0.024516412988305092 0.011379944160580635 0.257999986410141
0.024516412988305092 0.010978031903505325 0.257999986410141
0.024821743369102478 0.010535127483308315 0.25699999928474426
0.024821743369102478 0.010134773328900337 0.25699999928474426
0.02522209659218788 0.009734418243169785 0.25699999928474426
0.02522209659218788 0.009334064088761806 0.25699999928474426
0.02532023750245571 0.008968471549451351 0.257999986410141
0.02572214975953102 0.008566559292376041 0.257999986410141
0.02572214975953102 0.008164647966623306 0.257999986410141
0.025821847841143608 0.007792823947966099 0.2590000033378601
0.025821847841143608 0.007389354053884745 0.2590000033378601
0.026225317269563675 0.0069858841598033905 0.2590000033378601
0.026628786697983742 0.006582414265722036 0.2590000033378601
0.02703225612640381 0.006178944371640682 0.2590000033378601
0.027136629447340965 0.005797773599624634 0.25999999046325684
0.02754165604710579 0.005392746068537235 0.25999999046325684
0.02754165604710579 0.004987718537449837 0.25999999046325684
0.02754165604710579 0.004582691006362438 0.25999999046325684
0.027946684509515762 0.004177663009613752 0.25999999046325684
0.027946684509515762 0.003772635478526354 0.25999999046325684
0.027946684509515762 0.0033676079474389553 0.25999999046325684
0.02754165604710579 0.0029625804163515568 0.25999999046325684
0.02754165604710579 0.0025575526524335146 0.25999999046325684
0.027647586539387703 0.0021608041133731604 0.26100000739097595
0.028054170310497284 0.001754218596033752 0.26100000739097595
0.028054170310497284 0.0013476331951096654 0.26100000739097595
0.028569800779223442 0.0009446532931178808 0.2619999945163727
0.02897794544696808 0.0005365100223571062 0.2619999945163727
0.029386088252067566 0.00012836682435590774 0.2619999945163727
0.029498249292373657 -0.0002808442513924092 0.2630000114440918
0.029498249292373657 -0.0006905452464707196 0.2630000114440918
0.0296104084700346 -0.0011044297134503722 0.2639999985694885
0.0296104084700346 -0.001515688607469201 0.2639999985694885
0.0296104084700346 -0.0019269473850727081 0.2639999985694885
