0.025796908885240555 0.03453141823410988 0.2759999930858612
0.025796908885240555 0.03496137261390686 0.2759999930858612
0.025796908885240555 0.035391323268413544 0.2759999930858612
0.025703441351652145 0.03569148853421211 0.2750000059604645
0.025703441351652145 0.03611988201737404 0.2750000059604645
0.02613183483481407 0.03654827922582626 0.2750000059604645
0.026560230180621147 0.03697667270898819 0.2750000059604645
0.026560230180621147 0.037405066192150116 0.2750000059604645
0.024723591282963753 0.03826514631509781 0.26899999380111694
0.024723591282963753 0.03868419677019119 0.26899999380111694
0.024304542690515518 0.03910324349999428 0.26899999380111694
0.024304542690515518 0.03952229022979736 0.26899999380111694
0.0246316809207201 0.03979285806417465 0.2680000066757202
0.024214191362261772 0.04021034762263298 0.2680000066757202
0.024539772421121597 0.0404762402176857 0.2669999897480011
0.02495570480823517 0.04089217260479927 0.2669999897480011
0.025594403967261314 0.04141150042414665 0.26499998569488525
0.02549782022833824 0.04166648909449577 0.2639999985694885
0.02581094019114971 0.04191835969686508 0.2630000114440918
0.02571279928088188 0.042167119681835175 0.2619999945163727
0.02571279928088188 0.04257526248693466 0.2619999945163727
0.025304656475782394 0.04298340529203415 0.2619999945163727
0.025304656475782394 0.043391548097133636 0.2619999945163727
0.024896511808037758 0.043799690902233124 0.2619999945163727
0.02448836900293827 0.04420783370733261 0.2619999945163727
0.02448836900293827 0.0446159765124321 0.2619999945163727
0.02448836900293827 0.045024123042821884 0.2619999945163727
0.02448836900293827 0.04543226584792137 0.2619999945163727
0.02448836900293827 0.04584040865302086 0.2619999945163727
0.02448836900293827 0.046248551458120346 0.2619999945163727
0.02448836900293827 0.04665669426321983 0.2619999945163727
0.024896511808037758 0.04706483706831932 0.2619999945163727
0.02480148710310459 0.04729178547859192 0.26100000739097595
0.02480148710310459 0.04769837111234665 0.26100000739097595
0.02480148710310459 0.04810495674610138 0.26100000739097595
0.02480148710310459 0.04851154237985611 0.26100000739097595
0.02480148710310459 0.04891812801361084 0.26100000739097595
0.02480148710310459 0.04932471364736557 0.26100000739097595
0.02439490146934986 0.0497312992811203 0.26100000739097595
0.023896407335996628 0.04994578659534454 0.25999999046325684
0.023896407335996628 0.05035081133246422 0.25999999046325684
0.023896407335996628 0.05075583979487419 0.25999999046325684
0.023896407335996628 0.051160868257284164 0.25999999046325684
0.023491380736231804 0.05156589671969414 0.25999999046325684
0.023491380736231804 0.05156589671969414 0.25999999046325684
0.023896407335996628 0.051160868257284164 0.25999999046325684
0.023896407335996628 0.05075583979487419 0.25999999046325684
0.023896407335996628 0.05035081133246422 0.25999999046325684
0.0243014357984066 0.04994578659534454 0.25999999046325684
0.02439490146934986 0.0497312992811203 0.26100000739097595
0.02480148710310459 0.04932471364736557 0.26100000739097595
0.02480148710310459 0.04891812801361084 0.26100000739097595
0.02480148710310459 0.04851154237985611 0.26100000739097595
0.02480148710310459 0.04810495674610138 0.26100000739097595
0.02480148710310459 0.04769837111234665 0.26100000739097595
0.02480148710310459 0.04729178547859192 0.26100000739097595
0.024896511808037758 0.04706483706831932 0.2619999945163727
0.024896511808037758 0.04665669426321983 0.2619999945163727
0.02448836900293827 0.046248551458120346 0.2619999945163727
0.02448836900293827 0.04584040865302086 0.2619999945163727
0.02448836900293827 0.04543226584792137 0.2619999945163727
0.02448836900293827 0.045024123042821884 0.2619999945163727
0.02448836900293827 0.0446159765124321 0.2619999945163727
0.024896511808037758 0.04420783370733261 0.2619999945163727
0.025304656475782394 0.043799690902233124 0.2619999945163727
0.025304656475782394 0.043391548097133636 0.2619999945163727
0.025304656475782394 0.04298340529203415 0.2619999945163727
0.02571279928088188 0.04257526248693466 0.2619999945163727
0.02571279928088188 0.042167119681835175 0.2619999945163727
0.02581094019114971 0.04191835969686508 0.2630000114440918
0.02549782022833824 0.04166648909449577 0.2639999985694885
0.025594403967261314 0.04141150042414665 0.26499998569488525
0.025276612490415573 0.040739018470048904 0.26600000262260437
0.02495570480823517 0.0404762402176857 0.2669999897480011
0.0246316809207201 0.04021034762263298 0.2680000066757202
0.0246316809207201 0.03979285806417465 0.2680000066757202
0.024304542690515518 0.03952229022979736 0.26899999380111694
0.024304542690515518 0.03910324349999428 0.26899999380111694
0.024723591282963753 0.03868419677019119 0.26899999380111694
0.024723591282963753 0.03826514631509781 0.26899999380111694
0.026560230180621147 0.037405066192150116 0.2750000059604645
0.026560230180621147 0.03697667270898819 0.2750000059604645
0.02665681205689907 0.03668117895722389 0.2759999930858612
0.026226861402392387 0.03625122830271721 0.2759999930858612
0.025703441351652145 0.03569148853421211 0.2750000059604645
0.025796908885240555 0.035391323268413544 0.2759999930858612
0.025796908885240555 0.03496137261390686 0.2759999930858612
0.025796908885240555 0.03453141823410988 0.2759999930858612
