0.02317514643073082 0.014764952473342419 0.26100000739097595
0.02317514643073082 0.015171537175774574 0.26100000739097595
0.022855795919895172 0.01563780941069126 0.2619999945163727
0.022447653114795685 0.01604595221579075 0.2619999945163727
0.022039510309696198 0.016454095020890236 0.2619999945163727
0.022039510309696198 0.016862239688634872 0.2619999945163727
0.022039510309696198 0.01727038249373436 0.2619999945163727
0.02195538952946663 0.017611050978302956 0.26100000739097595
0.0215488038957119 0.018017634749412537 0.26100000739097595
0.0215488038957119 0.018424220383167267 0.26100000739097595
0.021466242149472237 0.018758658319711685 0.25999999046325684
0.02114221826195717 0.019237391650676727 0.26100000739097595
0.020815080031752586 0.019719241186976433 0.2619999945163727
0.02073563262820244 0.020050562918186188 0.26100000739097595
0.02048482559621334 0.020613908767700195 0.2630000114440918
0.020075125619769096 0.020613908767700195 0.2630000114440918
0.01974019780755043 0.021103546023368835 0.2639999985694885
0.0194021537899971 0.02118348516523838 0.26499998569488525
0.0194021537899971 0.021596301347017288 0.26499998569488525
0.01947537064552307 0.022092171013355255 0.26600000262260437
0.01947537064552307 0.02250654436647892 0.26600000262260437
0.01947537064552307 0.022920919582247734 0.26600000262260437
0.01947537064552307 0.023335294798016548 0.26600000262260437
0.019204311072826385 0.023928238078951836 0.2680000066757202
0.018786821514368057 0.024345727637410164 0.2680000066757202
0.01843787357211113 0.024855617433786392 0.26899999380111694
0.01808580942451954 0.025368623435497284 0.27000001072883606
0.017665205523371696 0.025368623435497284 0.27000001072883606
0.017308467999100685 0.02546258084475994 0.2709999978542328
0.016886305063962936 0.02546258084475994 0.2709999978542328
0.016524894163012505 0.025980260223150253 0.2720000147819519
0.016524894163012505 0.02640398219227791 0.2720000147819519
0.016524894163012505 0.02640398219227791 0.2720000147819519
0.016886305063962936 0.02588474377989769 0.2709999978542328
0.017308467999100685 0.02546258084475994 0.2709999978542328
0.017665205523371696 0.025368623435497284 0.27000001072883606
0.01808580942451954 0.025368623435497284 0.27000001072883606
0.01843787357211113 0.024855617433786392 0.26899999380111694
0.018856922164559364 0.024855617433786392 0.26899999380111694
0.019204311072826385 0.024345727637410164 0.2680000066757202
0.01947537064552307 0.023749668151140213 0.26600000262260437
0.01947537064552307 0.023335294798016548 0.26600000262260437
0.01947537064552307 0.022920919582247734 0.26600000262260437
0.01947537064552307 0.02250654436647892 0.26600000262260437
0.01947537064552307 0.022092171013355255 0.26600000262260437
0.0194021537899971 0.021596301347017288 0.26499998569488525
0.01974019780755043 0.021103546023368835 0.2639999985694885
0.02015145681798458 0.021103546023368835 0.2639999985694885
0.02048482559621334 0.020613908767700195 0.2630000114440918
0.02073563262820244 0.020457148551940918 0.26100000739097595
0.02073563262820244 0.020050562918186188 0.26100000739097595
0.021061213687062263 0.019568713381886482 0.25999999046325684
0.021466242149472237 0.01916368491947651 0.25999999046325684
0.021466242149472237 0.018758658319711685 0.25999999046325684
0.0215488038957119 0.018424220383167267 0.26100000739097595
0.0215488038957119 0.018017634749412537 0.26100000739097595
0.02195538952946663 0.017611050978302956 0.26100000739097595
0.022039510309696198 0.01727038249373436 0.2619999945163727
0.022039510309696198 0.016862239688634872 0.2619999945163727
0.022447653114795685 0.016454095020890236 0.2619999945163727
0.022855795919895172 0.01604595221579075 0.2619999945163727
0.02317514643073082 0.015578122809529305 0.26100000739097595
0.02317514643073082 0.015171537175774574 0.26100000739097595
0.02972256951034069 -0.0019342463929206133 0.26499998569488525
0.0296104084700346 -0.001515688607469201 0.2639999985694885
0.0296104084700346 -0.0011044297134503722 0.2639999985694885
0.029498249292373657 -0.0006905452464707196 0.2630000114440918
0.02897794544696808 -0.0002797764027491212 0.2619999945163727
0.02897794544696808 0.00012836682435590774 0.2619999945163727
0.028569800779223442 0.0005365100223571062 0.2619999945163727
0.028054170310497284 0.0009410477359779179 0.26100000739097595
0.027647586539387703 0.0013476331951096654 0.26100000739097595
0.027647586539387703 0.001754218596033752 0.26100000739097595
0.027647586539387703 0.0021608041133731604 0.26100000739097595
0.027647586539387703 0.002567389514297247 0.26100000739097595
0.027647586539387703 0.0029739749152213335 0.26100000739097595
0.027647586539387703 0.00338056031614542 0.26100000739097595
0.028161657974123955 0.0038016559556126595 0.2619999945163727
0.027647586539387703 0.004193731117993593 0.26100000739097595
0.027753515169024467 0.004617942497134209 0.2619999945163727
0.027753515169024467 0.005026085302233696 0.2619999945163727
0.02734537236392498 0.005434228572994471 0.2619999945163727
0.02734537236392498 0.005842371843755245 0.2619999945163727
0.026834415271878242 0.00622665835544467 0.26100000739097595
0.026529084891080856 0.006658658385276794 0.2619999945163727
0.02612094208598137 0.007066801656037569 0.2619999945163727
0.026021244004368782 0.007446414325386286 0.26100000739097595
0.026021244004368782 0.007853000424802303 0.26100000739097595
0.026021244004368782 0.008259585127234459 0.26100000739097595
0.025614658370614052 0.00866617076098919 0.26100000739097595
0.025516517460346222 0.009037994779646397 0.25999999046325684
0.025516517460346222 0.009443022310733795 0.25999999046325684
0.025111490860581398 0.009848049841821194 0.25999999046325684
0.025111490860581398 0.010253077372908592 0.25999999046325684
0.024706462398171425 0.01065810490399599 0.25999999046325684
0.0243014357984066 0.01106313243508339 0.25999999046325684
0.023896407335996628 0.011468160897493362 0.25999999046325684
0.0243014357984066 0.011468160897493362 0.25999999046325684
0.024706462398171425 0.01106313243508339 0.25999999046325684
0.025111490860581398 0.01065810490399599 0.25999999046325684
0.025111490860581398 0.010253077372908592 0.25999999046325684
0.025111490860581398 0.009848049841821194 0.25999999046325684
0.025516517460346222 0.009443022310733795 0.25999999046325684
0.025516517460346222 0.009037994779646397 0.25999999046325684
0.025614658370614052 0.00866617076098919 0.26100000739097595
0.026021244004368782 0.008259585127234459 0.26100000739097595
0.026021244004368782 0.007853000424802303 0.26100000739097595
0.026021244004368782 0.007446414325386286 0.26100000739097595
0.026529084891080856 0.007066801656037569 0.2619999945163727
0.026937229558825493 0.006658658385276794 0.2619999945163727
0.02734537236392498 0.00625051511451602 0.2619999945163727
0.02734537236392498 0.005842371843755245 0.2619999945163727
0.027753515169024467 0.005434228572994471 0.2619999945163727
0.027753515169024467 0.005026085302233696 0.2619999945163727
0.027753515169024467 0.004617942497134209 0.2619999945163727
0.027647586539387703 0.004193731117993593 0.26100000739097595
0.028161657974123955 0.0038016559556126595 0.2619999945163727
0.027647586539387703 0.00338056031614542 0.26100000739097595
0.027647586539387703 0.0029739749152213335 0.26100000739097595
0.027647586539387703 0.002567389514297247 0.26100000739097595
0.027647586539387703 0.0021608041133731604 0.26100000739097595
0.027647586539387703 0.001754218596033752 0.26100000739097595
0.028054170310497284 0.0013476331951096654 0.26100000739097595
0.028569800779223442 0.0009446532931178808 0.2619999945163727
0.02897794544696808 0.0005365100223571062 0.2619999945163727
0.02897794544696808 0.00012836682435590774 0.2619999945163727
0.029498249292373657 -0.0002808442513924092 0.2630000114440918
0.029498249292373657 -0.0006905452464707196 0.2630000114440918
0.0296104084700346 -0.0011044297134503722 0.2639999985694885
0.0296104084700346 -0.001515688607469201 0.2639999985694885
0.02972256951034069 -0.0019342463929206133 0.26499998569488525
