0.022681323811411858 0.015518437139689922 0.25999999046325684
0.022276297211647034 0.01592346467077732 0.25999999046325684
0.02195538952946663 0.016391294077038765 0.26100000739097595
0.022039510309696198 0.016862239688634872 0.2619999945163727
0.022039510309696198 0.01727038249373436 0.2619999945163727
0.022039510309696198 0.017678525298833847 0.2619999945163727
0.022039510309696198 0.018086668103933334 0.2619999945163727
0.021713929250836372 0.018565403297543526 0.2630000114440918
0.02163136750459671 0.018902955576777458 0.2619999945163727
0.02130422741174698 0.019384805113077164 0.2630000114440918
0.02130422741174698 0.019794505089521408 0.2630000114440918
0.020894527435302734 0.0202042069286108 0.2630000114440918
0.02056271582841873 0.020692287012934685 0.2639999985694885
0.02015145681798458 0.020692287012934685 0.2639999985694885
0.01974019780755043 0.021103546023368835 0.2639999985694885
0.0194021537899971 0.021596301347017288 0.26499998569488525
0.0194021537899971 0.022009117528796196 0.26499998569488525
0.0194021537899971 0.022421933710575104 0.26499998569488525
0.0194021537899971 0.02283474989235401 0.26499998569488525
0.01947537064552307 0.023335294798016548 0.26600000262260437
0.01913265325129032 0.02383895218372345 0.2669999897480011
0.01913265325129032 0.02425488457083702 0.2669999897480011
0.018786821514368057 0.024763217195868492 0.2680000066757202
0.01836933195590973 0.024763217195868492 0.2680000066757202
0.018018824979662895 0.025274666026234627 0.26899999380111694
0.017665205523371696 0.025368623435497284 0.27000001072883606
0.017244599759578705 0.025368623435497284 0.27000001072883606
0.016886305063962936 0.02588474377989769 0.2709999978542328
0.016524894163012505 0.025980260223150253 0.2720000147819519
0.016886305063962936 0.02588474377989769 0.2709999978542328
0.017244599759578705 0.025368623435497284 0.27000001072883606
0.017665205523371696 0.025368623435497284 0.27000001072883606
0.018018824979662895 0.025274666026234627 0.26899999380111694
0.01836933195590973 0.024763217195868492 0.2680000066757202
0.018786821514368057 0.024763217195868492 0.2680000066757202
0.01913265325129032 0.024670816957950592 0.2669999897480011
0.01913265325129032 0.02425488457083702 0.2669999897480011
0.01947537064552307 0.023749668151140213 0.26600000262260437
0.01947537064552307 0.023335294798016548 0.26600000262260437
0.0194021537899971 0.02283474989235401 0.26499998569488525
0.0194021537899971 0.022421933710575104 0.26499998569488525
0.0194021537899971 0.022009117528796196 0.26499998569488525
0.01974019780755043 0.021514805033802986 0.2639999985694885
0.02015145681798458 0.021103546023368835 0.2639999985694885
0.02056271582841873 0.020692287012934685 0.2639999985694885
0.020894527435302734 0.020613908767700195 0.2630000114440918
0.02130422741174698 0.0202042069286108 0.2630000114440918
0.02130422741174698 0.019794505089521408 0.2630000114440918
0.02163136750459671 0.019311098381876945 0.2619999945163727
0.02163136750459671 0.018902955576777458 0.2619999945163727
0.021713929250836372 0.018565403297543526 0.2630000114440918
0.022039510309696198 0.018086668103933334 0.2619999945163727
0.022039510309696198 0.017678525298833847 0.2619999945163727
0.022039510309696198 0.01727038249373436 0.2619999945163727
0.022039510309696198 0.016862239688634872 0.2619999945163727
0.02236197516322136 0.016391294077038765 0.26100000739097595
0.022681323811411858 0.01592346467077732 0.25999999046325684
0.029199151322245598 -0.002338206162676215 0.2639999985694885
0.0296104084700346 -0.0019269473850727081 0.2639999985694885
0.0296104084700346 -0.001515688607469201 0.2639999985694885
0.029498249292373657 -0.0011002463288605213 0.2630000114440918
0.029498249292373657 -0.0006905452464707196 0.2630000114440918
0.029386088252067566 -0.0002797764027491212 0.2619999945163727
0.02897794544696808 0.00012836682435590774 0.2619999945163727
0.028569800779223442 0.0005365100223571062 0.2619999945163727
0.028054170310497284 0.0009410477359779179 0.26100000739097595
0.027647586539387703 0.0013476331951096654 0.26100000739097595
0.028054170310497284 0.001754218596033752 0.26100000739097595
0.027647586539387703 0.0021608041133731604 0.26100000739097595
0.027647586539387703 0.002567389514297247 0.26100000739097595
0.027647586539387703 0.0029739749152213335 0.26100000739097595
0.027946684509515762 0.0033676079474389553 0.25999999046325684
0.027946684509515762 0.003772635478526354 0.25999999046325684
0.027946684509515762 0.004177663009613752 0.25999999046325684
0.027647586539387703 0.0046003167517483234 0.26100000739097595
0.02754165604710579 0.004987718537449837 0.25999999046325684
0.027136629447340965 0.005392746068537235 0.25999999046325684
0.027136629447340965 0.005797773599624634 0.25999999046325684
0.026731600984930992 0.006202801130712032 0.25999999046325684
0.02632657252252102 0.006607829127460718 0.25999999046325684
0.026021244004368782 0.007039829157292843 0.26100000739097595
0.025921545922756195 0.007417884189635515 0.25999999046325684
0.025921545922756195 0.007822912186384201 0.25999999046325684
0.025921545922756195 0.0082279397174716 0.25999999046325684
0.025821847841143608 0.008599763736128807 0.2590000033378601
0.02541837841272354 0.009003233164548874 0.2590000033378601
0.02541837841272354 0.00940670259296894 0.2590000033378601
0.02541837841272354 0.009810172952711582 0.2590000033378601
0.025014907121658325 0.010213642381131649 0.2590000033378601
0.02461143769323826 0.01061711274087429 0.2590000033378601
0.02461143769323826 0.011020582169294357 0.2590000033378601
0.02420796826481819 0.011424052529036999 0.2590000033378601
0.023804498836398125 0.011827521957457066 0.2590000033378601
0.02420796826481819 0.011827521957457066 0.2590000033378601
0.02461143769323826 0.011424052529036999 0.2590000033378601
0.02461143769323826 0.011020582169294357 0.2590000033378601
0.025014907121658325 0.01061711274087429 0.2590000033378601
0.025014907121658325 0.010213642381131649 0.2590000033378601
0.02541837841272354 0.009810172952711582 0.2590000033378601
0.02541837841272354 0.00940670259296894 0.2590000033378601
0.02541837841272354 0.009003233164548874 0.2590000033378601
0.025821847841143608 0.008599763736128807 0.2590000033378601
0.025921545922756195 0.0082279397174716 0.25999999046325684
0.025921545922756195 0.007822912186384201 0.25999999046325684
0.025921545922756195 0.007417884189635515 0.25999999046325684
0.026427829638123512 0.007039829157292843 0.26100000739097595
0.026731600984930992 0.006607829127460718 0.25999999046325684
0.027136629447340965 0.006202801130712032 0.25999999046325684
0.027136629447340965 0.005797773599624634 0.25999999046325684
0.02754165604710579 0.005392746068537235 0.25999999046325684
0.02754165604710579 0.004987718537449837 0.25999999046325684
0.027647586539387703 0.0046003167517483234 0.26100000739097595
0.027946684509515762 0.004177663009613752 0.25999999046325684
0.027946684509515762 0.003772635478526354 0.25999999046325684
0.027946684509515762 0.0033676079474389553 0.25999999046325684
0.027647586539387703 0.0029739749152213335 0.26100000739097595
0.027647586539387703 0.002567389514297247 0.26100000739097595
0.027647586539387703 0.0021608041133731604 0.26100000739097595
0.028054170310497284 0.001754218596033752 0.26100000739097595
0.028054170310497284 0.0013476331951096654 0.26100000739097595
0.028460755944252014 0.0009410477359779179 0.26100000739097595
0.02897794544696808 0.0005365100223571062 0.2619999945163727
0.029386088252067566 0.00012836682435590774 0.2619999945163727
0.029386088252067566 -0.0002797764027491212 0.2619999945163727
0.029498249292373657 -0.0006905452464707196 0.2630000114440918
0.029498249292373657 -0.0011002463288605213 0.2630000114440918
0.0296104084700346 -0.001515688607469201 0.2639999985694885
0.0296104084700346 -0.0019269473850727081 0.2639999985694885
0.0296104084700346 -0.002338206162676215 0.2639999985694885
