0.022997558116912842 0.014651810750365257 0.2590000033378601
0.022997558116912842 0.015055281110107899 0.2590000033378601
0.022594088688492775 0.015458750538527966 0.2590000033378601
0.022276297211647034 0.01592346467077732 0.25999999046325684
0.02195538952946663 0.016391294077038765 0.26100000739097595
0.02195538952946663 0.016797879710793495 0.26100000739097595
0.02195538952946663 0.017204465344548225 0.26100000739097595
0.02195538952946663 0.017611050978302956 0.26100000739097595
0.02195538952946663 0.018017634749412537 0.26100000739097595
0.0215488038957119 0.018424220383167267 0.26100000739097595
0.0215488038957119 0.018830806016921997 0.26100000739097595
0.021223222836852074 0.019311098381876945 0.2619999945163727
0.021223222836852074 0.019719241186976433 0.2619999945163727
0.020894527435302734 0.0202042069286108 0.2630000114440918
0.02048482559621334 0.020613908767700195 0.2630000114440918
0.02015145681798458 0.020692287012934685 0.2639999985694885
0.019814971834421158 0.02118348516523838 0.26499998569488525
0.0194021537899971 0.02118348516523838 0.26499998569488525
0.0194021537899971 0.021596301347017288 0.26499998569488525
0.0194021537899971 0.022009117528796196 0.26499998569488525
0.0194021537899971 0.022421933710575104 0.26499998569488525
0.0194021537899971 0.02283474989235401 0.26499998569488525
0.01947537064552307 0.023335294798016548 0.26600000262260437
0.01913265325129032 0.02383895218372345 0.2669999897480011
0.01913265325129032 0.02425488457083702 0.2669999897480011
0.01871672086417675 0.024670816957950592 0.2669999897480011
0.01836933195590973 0.024763217195868492 0.2680000066757202
0.018018824979662895 0.025274666026234627 0.26899999380111694
0.01759977824985981 0.025274666026234627 0.26899999380111694
0.017244599759578705 0.025368623435497284 0.27000001072883606
0.016886305063962936 0.02588474377989769 0.2709999978542328
0.016886305063962936 0.02588474377989769 0.2709999978542328
0.017244599759578705 0.025368623435497284 0.27000001072883606
0.01759977824985981 0.025274666026234627 0.26899999380111694
0.018018824979662895 0.025274666026234627 0.26899999380111694
0.01836933195590973 0.024763217195868492 0.2680000066757202
0.01871672086417675 0.024670816957950592 0.2669999897480011
0.01913265325129032 0.024670816957950592 0.2669999897480011
0.01913265325129032 0.02425488457083702 0.2669999897480011
0.01913265325129032 0.02383895218372345 0.2669999897480011
0.01947537064552307 0.023335294798016548 0.26600000262260437
0.0194021537899971 0.02283474989235401 0.26499998569488525
0.0194021537899971 0.022421933710575104 0.26499998569488525
0.0194021537899971 0.022009117528796196 0.26499998569488525
0.0194021537899971 0.021596301347017288 0.26499998569488525
0.019814971834421158 0.02118348516523838 0.26499998569488525
0.02015145681798458 0.021103546023368835 0.2639999985694885
0.02048482559621334 0.020613908767700195 0.2630000114440918
0.020894527435302734 0.020613908767700195 0.2630000114440918
0.021223222836852074 0.02012738399207592 0.2619999945163727
0.021223222836852074 0.019719241186976433 0.2619999945163727
0.0215488038957119 0.019237391650676727 0.26100000739097595
0.0215488038957119 0.018830806016921997 0.26100000739097595
0.0215488038957119 0.018424220383167267 0.26100000739097595
0.02195538952946663 0.018017634749412537 0.26100000739097595
0.02195538952946663 0.017611050978302956 0.26100000739097595
0.02195538952946663 0.017204465344548225 0.26100000739097595
0.02195538952946663 0.016797879710793495 0.26100000739097595
0.022276297211647034 0.016328491270542145 0.25999999046325684
0.022594088688492775 0.015862220898270607 0.2590000033378601
0.022997558116912842 0.015458750538527966 0.2590000033378601
0.022997558116912842 0.015055281110107899 0.2590000033378601
0.022997558116912842 0.014651810750365257 0.2590000033378601
0.028484120965003967 -0.003998329397290945 0.26499998569488525
0.028484120965003967 -0.0035855129826813936 0.26499998569488525
0.028484120965003967 -0.0031726963352411985 0.26499998569488525
0.028896937146782875 -0.0027598796878010035 0.26499998569488525
0.029199151322245598 -0.002338206162676215 0.2639999985694885
0.0296104084700346 -0.0019269473850727081 0.2639999985694885
0.0296104084700346 -0.001515688607469201 0.2639999985694885
0.029498249292373657 -0.0011002463288605213 0.2630000114440918
0.029386088252067566 -0.0006879196153022349 0.2619999945163727
0.029273927211761475 -0.00027870855410583317 0.26100000739097595
0.028867341578006744 0.00012787687592208385 0.26100000739097595
0.028351711109280586 0.0005324145313352346 0.25999999046325684
0.027946684509515762 0.000937442178837955 0.25999999046325684
0.02754165604710579 0.0013424698263406754 0.25999999046325684
0.02754165604710579 0.0017474974738433957 0.25999999046325684
0.02754165604710579 0.002152525121346116 0.25999999046325684
0.027435727417469025 0.002547716023400426 0.2590000033378601
0.027435727417469025 0.0029511856846511364 0.2590000033378601
0.02783919684588909 0.0033546555787324905 0.2590000033378601
0.02783919684588909 0.0037581254728138447 0.2590000033378601
0.02783919684588909 0.004161595366895199 0.2590000033378601
0.02754165604710579 0.004582691006362438 0.25999999046325684
0.02754165604710579 0.004987718537449837 0.25999999046325684
0.027136629447340965 0.005392746068537235 0.25999999046325684
0.027136629447340965 0.005797773599624634 0.25999999046325684
0.026731600984930992 0.006202801130712032 0.25999999046325684
0.02632657252252102 0.006607829127460718 0.25999999046325684
0.025921545922756195 0.007012856658548117 0.25999999046325684
0.025921545922756195 0.007417884189635515 0.25999999046325684
0.025921545922756195 0.007822912186384201 0.25999999046325684
0.025921545922756195 0.0082279397174716 0.25999999046325684
0.025921545922756195 0.008632967248558998 0.25999999046325684
0.025516517460346222 0.009037994779646397 0.25999999046325684
0.02541837841272354 0.00940670259296894 0.2590000033378601
0.025014907121658325 0.009810172952711582 0.2590000033378601
0.0249183252453804 0.010174207389354706 0.257999986410141
0.02461143769323826 0.01061711274087429 0.2590000033378601
0.024516412988305092 0.010978031903505325 0.257999986410141
0.02420796826481819 0.011424052529036999 0.2590000033378601
0.024516412988305092 0.011379944160580635 0.257999986410141
0.024516412988305092 0.010978031903505325 0.257999986410141
0.0249183252453804 0.010576119646430016 0.257999986410141
0.0249183252453804 0.010174207389354706 0.257999986410141
0.025014907121658325 0.009810172952711582 0.2590000033378601
0.02541837841272354 0.00940670259296894 0.2590000033378601
0.025516517460346222 0.009037994779646397 0.25999999046325684
0.025921545922756195 0.008632967248558998 0.25999999046325684
0.025921545922756195 0.0082279397174716 0.25999999046325684
0.025921545922756195 0.007822912186384201 0.25999999046325684
0.025921545922756195 0.007417884189635515 0.25999999046325684
0.02632657252252102 0.007012856658548117 0.25999999046325684
0.026731600984930992 0.006607829127460718 0.25999999046325684
0.027136629447340965 0.006202801130712032 0.25999999046325684
0.027136629447340965 0.005797773599624634 0.25999999046325684
0.02754165604710579 0.005392746068537235 0.25999999046325684
0.02754165604710579 0.004987718537449837 0.25999999046325684
0.02754165604710579 0.004582691006362438 0.25999999046325684
0.02783919684588909 0.004161595366895199 0.2590000033378601
0.02783919684588909 0.0037581254728138447 0.2590000033378601
0.02783919684588909 0.0033546555787324905 0.2590000033378601
0.027435727417469025 0.0029511856846511364 0.2590000033378601
0.027435727417469025 0.002547716023400426 0.2590000033378601
0.02754165604710579 0.002152525121346116 0.25999999046325684
0.02754165604710579 0.0017474974738433957 0.25999999046325684
0.027946684509515762 0.0013424698263406754 0.25999999046325684
0.028351711109280586 0.000937442178837955 0.25999999046325684
0.02875673957169056 0.0005324145313352346 0.25999999046325684
0.029273927211761475 0.00012787687592208385 0.26100000739097595
0.029273927211761475 -0.00027870855410583317 0.26100000739097595
0.029386088252067566 -0.0006879196153022349 0.2619999945163727
0.029498249292373657 -0.0011002463288605213 0.2630000114440918
0.0296104084700346 -0.001515688607469201 0.2639999985694885
0.0296104084700346 -0.0019269473850727081 0.2639999985694885
0.029199151322245598 -0.002338206162676215 0.2639999985694885
0.029309753328561783 -0.0027598796878010035 0.26499998569488525
0.028896937146782875 -0.0031726963352411985 0.26499998569488525
0.028484120965003967 -0.0035855129826813936 0.26499998569488525
0.028484120965003967 -0.003998329397290945 0.26499998569488525
