0.028376633301377296 -0.003983241505920887 0.2639999985694885
0.028376633301377296 -0.00357198272831738 0.2639999985694885
0.028376633301377296 -0.003160723950713873 0.2639999985694885
0.028787892311811447 -0.002749464940279722 0.2639999985694885
0.029309753328561783 -0.0023470630403608084 0.26499998569488525
0.02972256951034069 -0.0019342463929206133 0.26499998569488525
0.02972256951034069 -0.00152142986189574 0.26499998569488525
0.0296104084700346 -0.0011044297134503722 0.2639999985694885
0.0296104084700346 -0.0006931709358468652 0.2639999985694885
0.0296104084700346 -0.0002819121000356972 0.2639999985694885
0.029199151322245598 0.0001293467212235555 0.2639999985694885
0.02867884747684002 0.000538557767868042 0.2630000114440918
0.028161657974123955 0.0009446532931178808 0.2619999945163727
0.027753515169024467 0.0013527964474633336 0.2619999945163727
0.027647586539387703 0.001754218596033752 0.26100000739097595
0.027647586539387703 0.0021608041133731604 0.26100000739097595
0.027647586539387703 0.002567389514297247 0.26100000739097595
0.027647586539387703 0.0029739749152213335 0.26100000739097595
0.027647586539387703 0.00338056031614542 0.26100000739097595
0.028161657974123955 0.0038016559556126595 0.2619999945163727
0.028161657974123955 0.004209799226373434 0.2619999945163727
0.027647586539387703 0.0046003167517483234 0.26100000739097595
0.027753515169024467 0.005026085302233696 0.2619999945163727
0.027241000905632973 0.005413487553596497 0.26100000739097595
0.027241000905632973 0.0058200727216899395 0.26100000739097595
0.026834415271878242 0.00622665835544467 0.26100000739097595
0.026427829638123512 0.006633243523538113 0.26100000739097595
0.026021244004368782 0.007039829157292843 0.26100000739097595
0.026021244004368782 0.007446414325386286 0.26100000739097595
0.025921545922756195 0.007822912186384201 0.25999999046325684
0.025921545922756195 0.0082279397174716 0.25999999046325684
0.025921545922756195 0.008632967248558998 0.25999999046325684
0.025516517460346222 0.009037994779646397 0.25999999046325684
0.025516517460346222 0.009443022310733795 0.25999999046325684
0.025014907121658325 0.009810172952711582 0.2590000033378601
0.025014907121658325 0.010213642381131649 0.2590000033378601
0.02461143769323826 0.01061711274087429 0.2590000033378601
0.02461143769323826 0.011020582169294357 0.2590000033378601
0.024114500731229782 0.011379944160580635 0.257999986410141
0.023712588474154472 0.01178185548633337 0.257999986410141
0.023712588474154472 0.01218376774340868 0.257999986410141
0.023712588474154472 0.01258568000048399 0.257999986410141
0.023712588474154472 0.0129875922575593 0.257999986410141
0.02340102754533291 0.013441401533782482 0.2590000033378601
0.023491380736231804 0.013898326084017754 0.25999999046325684
0.023491380736231804 0.014303353615105152 0.25999999046325684
0.02317514643073082 0.014764952473342419 0.26100000739097595
0.02317514643073082 0.015171537175774574 0.26100000739097595
0.022855795919895172 0.01563780941069126 0.2619999945163727
0.02253333106637001 0.016107195988297462 0.2630000114440918
0.022123631089925766 0.016516897827386856 0.2630000114440918
0.022207750007510185 0.016990957781672478 0.2639999985694885
0.022207750007510185 0.01740221679210663 0.2639999985694885
0.022207750007510185 0.01781347580254078 0.2639999985694885
0.021796490997076035 0.01822473481297493 0.2639999985694885
0.021796490997076035 0.01863599382340908 0.2639999985694885
0.021796490997076035 0.01904725283384323 0.2639999985694885
0.021385231986641884 0.019458511844277382 0.2639999985694885
0.021385231986641884 0.019869770854711533 0.2639999985694885
0.020973974838852882 0.020281029865145683 0.2639999985694885
0.020640604197978973 0.020770667120814323 0.26499998569488525
0.020227788016200066 0.020770667120814323 0.26499998569488525
0.019814971834421158 0.02118348516523838 0.26499998569488525
0.01947537064552307 0.021263422444462776 0.26600000262260437
0.01947537064552307 0.02167779579758644 0.26600000262260437
0.01947537064552307 0.022092171013355255 0.26600000262260437
0.01947537064552307 0.02250654436647892 0.26600000262260437
0.01947537064552307 0.022920919582247734 0.26600000262260437
0.01947537064552307 0.023335294798016548 0.26600000262260437
0.01913265325129032 0.02383895218372345 0.2669999897480011
0.01913265325129032 0.02425488457083702 0.2669999897480011
0.01871672086417675 0.024670816957950592 0.2669999897480011
0.01830078847706318 0.024670816957950592 0.2669999897480011
0.01795184053480625 0.02518070675432682 0.2680000066757202
0.01759977824985981 0.025274666026234627 0.26899999380111694
0.017180729657411575 0.025274666026234627 0.26899999380111694
0.016823993995785713 0.025789229199290276 0.27000001072883606
0.016823993995785713 0.025789229199290276 0.27000001072883606
0.017180729657411575 0.025274666026234627 0.26899999380111694
0.01759977824985981 0.025274666026234627 0.26899999380111694
0.01795184053480625 0.02518070675432682 0.2680000066757202
0.01830078847706318 0.024670816957950592 0.2669999897480011
0.01871672086417675 0.024670816957950592 0.2669999897480011
0.01913265325129032 0.024670816957950592 0.2669999897480011
0.01913265325129032 0.02425488457083702 0.2669999897480011
0.01913265325129032 0.02383895218372345 0.2669999897480011
0.01947537064552307 0.023335294798016548 0.26600000262260437
0.01947537064552307 0.022920919582247734 0.26600000262260437
0.01947537064552307 0.02250654436647892 0.26600000262260437
0.01947537064552307 0.022092171013355255 0.26600000262260437
0.01947537064552307 0.02167779579758644 0.26600000262260437
0.019814971834421158 0.02118348516523838 0.26499998569488525
0.020227788016200066 0.02118348516523838 0.26499998569488525
0.020640604197978973 0.020770667120814323 0.26499998569488525
0.020973974838852882 0.020692287012934685 0.2639999985694885
0.021385231986641884 0.020281029865145683 0.2639999985694885
0.021385231986641884 0.019869770854711533 0.2639999985694885
0.021796490997076035 0.019458511844277382 0.2639999985694885
0.021796490997076035 0.01904725283384323 0.2639999985694885
0.021796490997076035 0.01863599382340908 0.2639999985694885
0.021796490997076035 0.01822473481297493 0.2639999985694885
0.022207750007510185 0.01781347580254078 0.2639999985694885
0.022207750007510185 0.01740221679210663 0.2639999985694885
0.022207750007510185 0.016990957781672478 0.2639999985694885
0.02253333106637001 0.016516897827386856 0.2630000114440918
0.022943032905459404 0.016107195988297462 0.2630000114440918
0.02326393872499466 0.01563780941069126 0.2619999945163727
0.02317514643073082 0.015171537175774574 0.26100000739097595
0.02317514643073082 0.014764952473342419 0.26100000739097595
0.023491380736231804 0.014303353615105152 0.25999999046325684
0.023491380736231804 0.013898326084017754 0.25999999046325684
0.02340102754533291 0.013441401533782482 0.2590000033378601
0.023712588474154472 0.0129875922575593 0.257999986410141
0.023712588474154472 0.01258568000048399 0.257999986410141
0.023712588474154472 0.01218376774340868 0.257999986410141
0.024114500731229782 0.01178185548633337 0.257999986410141
0.024516412988305092 0.011379944160580635 0.257999986410141
0.02461143769323826 0.011020582169294357 0.2590000033378601
0.025014907121658325 0.01061711274087429 0.2590000033378601
0.025014907121658325 0.010213642381131649 0.2590000033378601
0.025014907121658325 0.009810172952711582 0.2590000033378601
0.025516517460346222 0.009443022310733795 0.25999999046325684
0.025516517460346222 0.009037994779646397 0.25999999046325684
0.025921545922756195 0.008632967248558998 0.25999999046325684
0.025921545922756195 0.0082279397174716 0.25999999046325684
0.025921545922756195 0.007822912186384201 0.25999999046325684
0.026021244004368782 0.007446414325386286 0.26100000739097595
0.026427829638123512 0.007039829157292843 0.26100000739097595
0.026834415271878242 0.006633243523538113 0.26100000739097595
0.027241000905632973 0.00622665835544467 0.26100000739097595
0.027241000905632973 0.0058200727216899395 0.26100000739097595
0.027753515169024467 0.005434228572994471 0.2619999945163727
0.027753515169024467 0.005026085302233696 0.2619999945163727
0.027647586539387703 0.0046003167517483234 0.26100000739097595
0.028161657974123955 0.004209799226373434 0.2619999945163727
0.028161657974123955 0.0038016559556126595 0.2619999945163727
0.027647586539387703 0.00338056031614542 0.26100000739097595
0.027647586539387703 0.0029739749152213335 0.26100000739097595
0.027647586539387703 0.002567389514297247 0.26100000739097595
0.027647586539387703 0.0021608041133731604 0.26100000739097595
0.027647586539387703 0.001754218596033752 0.26100000739097595
0.028161657974123955 0.0013527964474633336 0.2619999945163727
0.02867884747684002 0.0009482587920501828 0.2630000114440918
0.029088547453284264 0.000538557767868042 0.2630000114440918
0.0296104084700346 0.0001293467212235555 0.2639999985694885
0.0296104084700346 -0.0002819121000356972 0.2639999985694885
0.0296104084700346 -0.0006931709358468652 0.2639999985694885
0.0296104084700346 -0.0011044297134503722 0.2639999985694885
0.02972256951034069 -0.00152142986189574 0.26499998569488525
0.02972256951034069 -0.0019342463929206133 0.26499998569488525
0.029309753328561783 -0.0023470630403608084 0.26499998569488525
0.029309753328561783 -0.0027598796878010035 0.26499998569488525
0.028896937146782875 -0.0031726963352411985 0.26499998569488525
0.028376633301377296 -0.00357198272831738 0.2639999985694885
0.028376633301377296 -0.003983241505920887 0.2639999985694885
