0.02317514643073082 0.014764952473342419 0.26100000739097595
0.02317514643073082 0.015171537175774574 0.26100000739097595
0.02276856079697609 0.015578122809529305 0.26100000739097595
0.022447653114795685 0.01604595221579075 0.2619999945163727
0.022039510309696198 0.016454095020890236 0.2619999945163727
0.022123631089925766 0.0169265978038311 0.2630000114440918
0.022123631089925766 0.017336299642920494 0.2630000114440918
0.022123631089925766 0.017746001482009888 0.2630000114440918
0.022123631089925766 0.018155701458454132 0.2630000114440918
0.021713929250836372 0.018565403297543526 0.2630000114440918
0.02163136750459671 0.018902955576777458 0.2619999945163727
0.021223222836852074 0.019311098381876945 0.2619999945163727
0.02114221826195717 0.019643977284431458 0.26100000739097595
0.020815080031752586 0.02012738399207592 0.2619999945163727
0.02048482559621334 0.020613908767700195 0.2630000114440918
0.02015145681798458 0.020692287012934685 0.2639999985694885
0.01974019780755043 0.021103546023368835 0.2639999985694885
0.0194021537899971 0.021596301347017288 0.26499998569488525
0.0194021537899971 0.022009117528796196 0.26499998569488525
0.0194021537899971 0.022421933710575104 0.26499998569488525
0.0194021537899971 0.02283474989235401 0.26499998569488525
0.01947537064552307 0.023335294798016548 0.26600000262260437
0.019060995429754257 0.023749668151140213 0.26600000262260437
0.01913265325129032 0.02425488457083702 0.2669999897480011
0.018786821514368057 0.024763217195868492 0.2680000066757202
0.01836933195590973 0.024763217195868492 0.2680000066757202
0.018018824979662895 0.025274666026234627 0.26899999380111694
0.01759977824985981 0.025274666026234627 0.26899999380111694
0.017244599759578705 0.025368623435497284 0.27000001072883606
0.016886305063962936 0.02588474377989769 0.2709999978542328
0.01646414026618004 0.02588474377989769 0.2709999978542328
0.016886305063962936 0.02588474377989769 0.2709999978542328
0.017244599759578705 0.025368623435497284 0.27000001072883606
0.01759977824985981 0.025274666026234627 0.26899999380111694
0.018018824979662895 0.025274666026234627 0.26899999380111694
0.01836933195590973 0.024763217195868492 0.2680000066757202
0.018786821514368057 0.024763217195868492 0.2680000066757202
0.01913265325129032 0.024670816957950592 0.2669999897480011
0.01913265325129032 0.02425488457083702 0.2669999897480011
0.01947537064552307 0.023749668151140213 0.26600000262260437
0.01947537064552307 0.023335294798016548 0.26600000262260437
0.0194021537899971 0.02283474989235401 0.26499998569488525
0.0194021537899971 0.022421933710575104 0.26499998569488525
0.0194021537899971 0.022009117528796196 0.26499998569488525
0.01974019780755043 0.021514805033802986 0.2639999985694885
0.02015145681798458 0.021103546023368835 0.2639999985694885
0.02048482559621334 0.020613908767700195 0.2630000114440918
0.020815080031752586 0.020535528659820557 0.2619999945163727
0.02114221826195717 0.020050562918186188 0.26100000739097595
0.02114221826195717 0.019643977284431458 0.26100000739097595
0.02163136750459671 0.019311098381876945 0.2619999945163727
0.02163136750459671 0.018902955576777458 0.2619999945163727
0.021713929250836372 0.018565403297543526 0.2630000114440918
0.022123631089925766 0.018155701458454132 0.2630000114440918
0.022123631089925766 0.017746001482009888 0.2630000114440918
0.022123631089925766 0.017336299642920494 0.2630000114440918
0.022123631089925766 0.0169265978038311 0.2630000114440918
0.022447653114795685 0.016454095020890236 0.2619999945163727
0.022855795919895172 0.01604595221579075 0.2619999945163727
0.02317514643073082 0.015578122809529305 0.26100000739097595
0.02317514643073082 0.015171537175774574 0.26100000739097595
0.02317514643073082 0.014764952473342419 0.26100000739097595
0.029498249292373657 -0.001919648377224803 0.2630000114440918
0.029498249292373657 -0.0015099473530426621 0.2630000114440918
0.029498249292373657 -0.0011002463288605213 0.2630000114440918
0.029386088252067566 -0.0006879196153022349 0.2619999945163727
0.029273927211761475 -0.00027870855410583317 0.26100000739097595
0.028867341578006744 0.00012787687592208385 0.26100000739097595
0.028351711109280586 0.0005324145313352346 0.25999999046325684
0.027946684509515762 0.000937442178837955 0.25999999046325684
0.02754165604710579 0.0013424698263406754 0.25999999046325684
0.02754165604710579 0.0017474974738433957 0.25999999046325684
0.027435727417469025 0.0021442461293190718 0.2590000033378601
0.027435727417469025 0.002547716023400426 0.2590000033378601
0.027435727417469025 0.0029511856846511364 0.2590000033378601
0.027435727417469025 0.0033546555787324905 0.2590000033378601
0.02783919684588909 0.0037581254728138447 0.2590000033378601
0.02783919684588909 0.004161595366895199 0.2590000033378601
0.02754165604710579 0.004582691006362438 0.25999999046325684
0.02754165604710579 0.004987718537449837 0.25999999046325684
0.027136629447340965 0.005392746068537235 0.25999999046325684
0.027136629447340965 0.005797773599624634 0.25999999046325684
0.026731600984930992 0.006202801130712032 0.25999999046325684
0.02632657252252102 0.006607829127460718 0.25999999046325684
0.026021244004368782 0.007039829157292843 0.26100000739097595
0.025921545922756195 0.007417884189635515 0.25999999046325684
0.025921545922756195 0.007822912186384201 0.25999999046325684
0.025921545922756195 0.0082279397174716 0.25999999046325684
0.025921545922756195 0.008632967248558998 0.25999999046325684
0.02541837841272354 0.009003233164548874 0.2590000033378601
0.02541837841272354 0.00940670259296894 0.2590000033378601
0.025014907121658325 0.009810172952711582 0.2590000033378601
0.025014907121658325 0.010213642381131649 0.2590000033378601
0.02461143769323826 0.01061711274087429 0.2590000033378601
0.02461143769323826 0.011020582169294357 0.2590000033378601
0.02461143769323826 0.011020582169294357 0.2590000033378601
0.0249183252453804 0.010576119646430016 0.257999986410141
0.025014907121658325 0.010213642381131649 0.2590000033378601
0.025014907121658325 0.009810172952711582 0.2590000033378601
0.02541837841272354 0.00940670259296894 0.2590000033378601
0.02541837841272354 0.009003233164548874 0.2590000033378601
0.025921545922756195 0.008632967248558998 0.25999999046325684
0.025921545922756195 0.0082279397174716 0.25999999046325684
0.025921545922756195 0.007822912186384201 0.25999999046325684
0.025921545922756195 0.007417884189635515 0.25999999046325684
0.02632657252252102 0.007012856658548117 0.25999999046325684
0.026731600984930992 0.006607829127460718 0.25999999046325684
0.027136629447340965 0.006202801130712032 0.25999999046325684
0.027136629447340965 0.005797773599624634 0.25999999046325684
0.02754165604710579 0.005392746068537235 0.25999999046325684
0.02754165604710579 0.004987718537449837 0.25999999046325684
0.02754165604710579 0.004582691006362438 0.25999999046325684
0.02783919684588909 0.004161595366895199 0.2590000033378601
0.02783919684588909 0.0037581254728138447 0.2590000033378601
0.027435727417469025 0.0033546555787324905 0.2590000033378601
0.027435727417469025 0.0029511856846511364 0.2590000033378601
0.027435727417469025 0.002547716023400426 0.2590000033378601
0.027435727417469025 0.0021442461293190718 0.2590000033378601
0.02754165604710579 0.0017474974738433957 0.25999999046325684
0.02783919684588909 0.0013373064575716853 0.2590000033378601
0.028351711109280586 0.000937442178837955 0.25999999046325684
0.02875673957169056 0.0005324145313352346 0.25999999046325684
0.029161766171455383 0.00012738692748825997 0.25999999046325684
0.029273927211761475 -0.00027870855410583317 0.26100000739097595
0.029386088252067566 -0.0006879196153022349 0.2619999945163727
0.029498249292373657 -0.0011002463288605213 0.2630000114440918
0.029498249292373657 -0.0015099473530426621 0.2630000114440918
0.029498249292373657 -0.001919648377224803 0.2630000114440918
