0.02317514643073082 0.015171537175774574 0.26100000739097595
0.022855795919895172 0.01563780941069126 0.2619999945163727
0.022447653114795685 0.01604595221579075 0.2619999945163727
0.022039510309696198 0.016454095020890236 0.2619999945163727
0.022123631089925766 0.0169265978038311 0.2630000114440918
0.022123631089925766 0.017336299642920494 0.2630000114440918
0.022123631089925766 0.017746001482009888 0.2630000114440918
0.021713929250836372 0.018155701458454132 0.2630000114440918
0.021713929250836372 0.018565403297543526 0.2630000114440918
0.021713929250836372 0.01897510327398777 0.2630000114440918
0.02130422741174698 0.019384805113077164 0.2630000114440918
0.020973974838852882 0.019869770854711533 0.2639999985694885
0.020973974838852882 0.020281029865145683 0.2639999985694885
0.02056271582841873 0.020692287012934685 0.2639999985694885
0.020227788016200066 0.020770667120814323 0.26499998569488525
0.019814971834421158 0.02118348516523838 0.26499998569488525
0.0194021537899971 0.02118348516523838 0.26499998569488525
0.01947537064552307 0.02167779579758644 0.26600000262260437
0.01947537064552307 0.022092171013355255 0.26600000262260437
0.01947537064552307 0.02250654436647892 0.26600000262260437
0.019548585638403893 0.023007089272141457 0.2669999897480011
0.019548585638403893 0.023423021659255028 0.2669999897480011
0.01913265325129032 0.02383895218372345 0.2669999897480011
0.018786821514368057 0.024345727637410164 0.2680000066757202
0.01843787357211113 0.024855617433786392 0.26899999380111694
0.01808580942451954 0.025368623435497284 0.27000001072883606
0.017665205523371696 0.025368623435497284 0.27000001072883606
0.017308467999100685 0.02546258084475994 0.2709999978542328
0.016886305063962936 0.02546258084475994 0.2709999978542328
0.016524894163012505 0.025980260223150253 0.2720000147819519
0.016524894163012505 0.02640398219227791 0.2720000147819519
0.016524894163012505 0.02640398219227791 0.2720000147819519
0.016886305063962936 0.02588474377989769 0.2709999978542328
0.017308467999100685 0.02546258084475994 0.2709999978542328
0.017665205523371696 0.025368623435497284 0.27000001072883606
0.01808580942451954 0.025368623435497284 0.27000001072883606
0.01843787357211113 0.024855617433786392 0.26899999380111694
0.018786821514368057 0.024763217195868492 0.2680000066757202
0.019204311072826385 0.024345727637410164 0.2680000066757202
0.019548585638403893 0.02383895218372345 0.2669999897480011
0.019548585638403893 0.023423021659255028 0.2669999897480011
0.019548585638403893 0.023007089272141457 0.2669999897480011
0.01947537064552307 0.02250654436647892 0.26600000262260437
0.01947537064552307 0.022092171013355255 0.26600000262260437
0.01947537064552307 0.02167779579758644 0.26600000262260437
0.019814971834421158 0.02118348516523838 0.26499998569488525
0.020227788016200066 0.02118348516523838 0.26499998569488525
0.02056271582841873 0.020692287012934685 0.2639999985694885
0.020973974838852882 0.020692287012934685 0.2639999985694885
0.020973974838852882 0.020281029865145683 0.2639999985694885
0.021385231986641884 0.019869770854711533 0.2639999985694885
0.021713929250836372 0.019384805113077164 0.2630000114440918
0.021713929250836372 0.01897510327398777 0.2630000114440918
0.021713929250836372 0.018565403297543526 0.2630000114440918
0.021713929250836372 0.018155701458454132 0.2630000114440918
0.022123631089925766 0.017746001482009888 0.2630000114440918
0.022123631089925766 0.017336299642920494 0.2630000114440918
0.022123631089925766 0.0169265978038311 0.2630000114440918
0.022447653114795685 0.016454095020890236 0.2619999945163727
0.022855795919895172 0.01604595221579075 0.2619999945163727
0.02317514643073082 0.015578122809529305 0.26100000739097595
0.02317514643073082 0.015171537175774574 0.26100000739097595
0.0296104084700346 -0.0019269473850727081 0.2639999985694885
0.0296104084700346 -0.001515688607469201 0.2639999985694885
0.0296104084700346 -0.0011044297134503722 0.2639999985694885
0.0296104084700346 -0.0006931709358468652 0.2639999985694885
0.029088547453284264 -0.0002808442513924092 0.2630000114440918
0.029088547453284264 0.00012885677278973162 0.2630000114440918
0.02867884747684002 0.000538557767868042 0.2630000114440918
0.028161657974123955 0.0009446532931178808 0.2619999945163727
0.027753515169024467 0.0013527964474633336 0.2619999945163727
0.027753515169024467 0.0017609397182241082 0.2619999945163727
0.027753515169024467 0.002169082872569561 0.2619999945163727
0.027647586539387703 0.002567389514297247 0.26100000739097595
0.027647586539387703 0.0029739749152213335 0.26100000739097595
0.027647586539387703 0.00338056031614542 0.26100000739097595
0.028054170310497284 0.0037871457170695066 0.26100000739097595
0.027647586539387703 0.004193731117993593 0.26100000739097595
0.027647586539387703 0.0046003167517483234 0.26100000739097595
0.027647586539387703 0.005006901919841766 0.26100000739097595
0.027241000905632973 0.005413487553596497 0.26100000739097595
0.027136629447340965 0.005797773599624634 0.25999999046325684
0.026731600984930992 0.006202801130712032 0.25999999046325684
0.02632657252252102 0.006607829127460718 0.25999999046325684
0.025921545922756195 0.007012856658548117 0.25999999046325684
0.025921545922756195 0.007417884189635515 0.25999999046325684
0.025821847841143608 0.007792823947966099 0.2590000033378601
0.025821847841143608 0.008196293376386166 0.2590000033378601
0.02541837841272354 0.008599763736128807 0.2590000033378601
0.02541837841272354 0.009003233164548874 0.2590000033378601
0.02541837841272354 0.00940670259296894 0.2590000033378601
0.025014907121658325 0.009810172952711582 0.2590000033378601
0.025014907121658325 0.010213642381131649 0.2590000033378601
0.02461143769323826 0.01061711274087429 0.2590000033378601
0.024706462398171425 0.01106313243508339 0.25999999046325684
0.0243014357984066 0.011468160897493362 0.25999999046325684
0.023896407335996628 0.011468160897493362 0.25999999046325684
0.0243014357984066 0.011468160897493362 0.25999999046325684
0.024706462398171425 0.011468160897493362 0.25999999046325684
0.024706462398171425 0.01106313243508339 0.25999999046325684
0.025014907121658325 0.01061711274087429 0.2590000033378601
0.025014907121658325 0.010213642381131649 0.2590000033378601
0.025014907121658325 0.009810172952711582 0.2590000033378601
0.02541837841272354 0.00940670259296894 0.2590000033378601
0.02541837841272354 0.009003233164548874 0.2590000033378601
0.02541837841272354 0.008599763736128807 0.2590000033378601
0.025821847841143608 0.008196293376386166 0.2590000033378601
0.025821847841143608 0.007792823947966099 0.2590000033378601
0.025921545922756195 0.007417884189635515 0.25999999046325684
0.02632657252252102 0.007012856658548117 0.25999999046325684
0.026731600984930992 0.006607829127460718 0.25999999046325684
0.027136629447340965 0.006202801130712032 0.25999999046325684
0.027136629447340965 0.005797773599624634 0.25999999046325684
0.027647586539387703 0.005413487553596497 0.26100000739097595
0.027647586539387703 0.005006901919841766 0.26100000739097595
0.027647586539387703 0.0046003167517483234 0.26100000739097595
0.027647586539387703 0.004193731117993593 0.26100000739097595
0.028054170310497284 0.0037871457170695066 0.26100000739097595
0.027647586539387703 0.00338056031614542 0.26100000739097595
0.027647586539387703 0.0029739749152213335 0.26100000739097595
0.027647586539387703 0.002567389514297247 0.26100000739097595
0.027753515169024467 0.002169082872569561 0.2619999945163727
0.027753515169024467 0.0017609397182241082 0.2619999945163727
0.028161657974123955 0.0013527964474633336 0.2619999945163727
0.028569800779223442 0.0009446532931178808 0.2619999945163727
0.02897794544696808 0.0005365100223571062 0.2619999945163727
0.029088547453284264 0.00012885677278973162 0.2630000114440918
0.029498249292373657 -0.0002808442513924092 0.2630000114440918
0.0296104084700346 -0.0006931709358468652 0.2639999985694885
0.0296104084700346 -0.0011044297134503722 0.2639999985694885
0.0296104084700346 -0.001515688607469201 0.2639999985694885
0.0296104084700346 -0.0019269473850727081 0.2639999985694885
