0.022681323811411858 0.015518437139689922 0.25999999046325684
0.02236197516322136 0.015984708443284035 0.26100000739097595
0.022039510309696198 0.016454095020890236 0.2619999945163727
0.022039510309696198 0.016862239688634872 0.2619999945163727
0.022039510309696198 0.01727038249373436 0.2619999945163727
0.022039510309696198 0.017678525298833847 0.2619999945163727
0.022039510309696198 0.018086668103933334 0.2619999945163727
0.021713929250836372 0.018565403297543526 0.2630000114440918
0.021713929250836372 0.01897510327398777 0.2630000114440918
0.02130422741174698 0.019384805113077164 0.2630000114440918
0.02130422741174698 0.019794505089521408 0.2630000114440918
0.020973974838852882 0.020281029865145683 0.2639999985694885
0.020640604197978973 0.020770667120814323 0.26499998569488525
0.020227788016200066 0.020770667120814323 0.26499998569488525
0.019814971834421158 0.02118348516523838 0.26499998569488525
0.01947537064552307 0.021263422444462776 0.26600000262260437
0.01947537064552307 0.02167779579758644 0.26600000262260437
0.01947537064552307 0.022092171013355255 0.26600000262260437
0.01947537064552307 0.02250654436647892 0.26600000262260437
0.01947537064552307 0.022920919582247734 0.26600000262260437
0.01947537064552307 0.023335294798016548 0.26600000262260437
0.01913265325129032 0.02383895218372345 0.2669999897480011
0.01913265325129032 0.02425488457083702 0.2669999897480011
0.018786821514368057 0.024763217195868492 0.2680000066757202
0.01836933195590973 0.024763217195868492 0.2680000066757202
0.018018824979662895 0.025274666026234627 0.26899999380111694
0.01759977824985981 0.025274666026234627 0.26899999380111694
0.017244599759578705 0.025368623435497284 0.27000001072883606
0.016886305063962936 0.02588474377989769 0.2709999978542328
0.01646414026618004 0.02588474377989769 0.2709999978542328
0.016886305063962936 0.02588474377989769 0.2709999978542328
0.017244599759578705 0.025368623435497284 0.27000001072883606
0.01759977824985981 0.025274666026234627 0.26899999380111694
0.018018824979662895 0.025274666026234627 0.26899999380111694
0.01836933195590973 0.024763217195868492 0.2680000066757202
0.018786821514368057 0.024763217195868492 0.2680000066757202
0.01913265325129032 0.024670816957950592 0.2669999897480011
0.01913265325129032 0.02425488457083702 0.2669999897480011
0.01947537064552307 0.023749668151140213 0.26600000262260437
0.01947537064552307 0.023335294798016548 0.26600000262260437
0.01947537064552307 0.022920919582247734 0.26600000262260437
0.01947537064552307 0.02250654436647892 0.26600000262260437
0.01947537064552307 0.022092171013355255 0.26600000262260437
0.01947537064552307 0.02167779579758644 0.26600000262260437
0.019814971834421158 0.02118348516523838 0.26499998569488525
0.020227788016200066 0.02118348516523838 0.26499998569488525
0.020640604197978973 0.020770667120814323 0.26499998569488525
0.020973974838852882 0.020692287012934685 0.2639999985694885
0.021385231986641884 0.020281029865145683 0.2639999985694885
0.02130422741174698 0.019794505089521408 0.2630000114440918
0.021713929250836372 0.019384805113077164 0.2630000114440918
0.021713929250836372 0.01897510327398777 0.2630000114440918
0.021713929250836372 0.018565403297543526 0.2630000114440918
0.022039510309696198 0.018086668103933334 0.2619999945163727
0.022039510309696198 0.017678525298833847 0.2619999945163727
0.022039510309696198 0.01727038249373436 0.2619999945163727
0.022039510309696198 0.016862239688634872 0.2619999945163727
0.02236197516322136 0.016391294077038765 0.26100000739097595
0.022681323811411858 0.01592346467077732 0.25999999046325684
0.028376633301377296 -0.003983241505920887 0.2639999985694885
0.028376633301377296 -0.00357198272831738 0.2639999985694885
0.028787892311811447 -0.003160723950713873 0.2639999985694885
0.028787892311811447 -0.002749464940279722 0.2639999985694885
0.029199151322245598 -0.002338206162676215 0.2639999985694885
0.0296104084700346 -0.0019269473850727081 0.2639999985694885
0.0296104084700346 -0.001515688607469201 0.2639999985694885
0.029498249292373657 -0.0011002463288605213 0.2630000114440918
0.029498249292373657 -0.0006905452464707196 0.2630000114440918
0.029498249292373657 -0.0002808442513924092 0.2630000114440918
0.02897794544696808 0.00012836682435590774 0.2619999945163727
0.028460755944252014 0.0005344622768461704 0.26100000739097595
0.028054170310497284 0.0009410477359779179 0.26100000739097595
0.02754165604710579 0.0013424698263406754 0.25999999046325684
0.02754165604710579 0.0017474974738433957 0.25999999046325684
0.027647586539387703 0.0021608041133731604 0.26100000739097595
0.027647586539387703 0.002567389514297247 0.26100000739097595
0.027647586539387703 0.0029739749152213335 0.26100000739097595
0.028161657974123955 0.003393512684851885 0.2619999945163727
0.028161657974123955 0.0038016559556126595 0.2619999945163727
0.028161657974123955 0.004209799226373434 0.2619999945163727
0.027753515169024467 0.004617942497134209 0.2619999945163727
0.027753515169024467 0.005026085302233696 0.2619999945163727
0.02734537236392498 0.005434228572994471 0.2619999945163727
0.027241000905632973 0.0058200727216899395 0.26100000739097595
0.026834415271878242 0.00622665835544467 0.26100000739097595
0.026427829638123512 0.006633243523538113 0.26100000739097595
0.026021244004368782 0.007039829157292843 0.26100000739097595
0.026021244004368782 0.007446414325386286 0.26100000739097595
0.026021244004368782 0.007853000424802303 0.26100000739097595
0.025921545922756195 0.0082279397174716 0.25999999046325684
0.025921545922756195 0.008632967248558998 0.25999999046325684
0.025516517460346222 0.009037994779646397 0.25999999046325684
0.025516517460346222 0.009443022310733795 0.25999999046325684
0.025014907121658325 0.009810172952711582 0.2590000033378601
0.025014907121658325 0.010213642381131649 0.2590000033378601
0.02461143769323826 0.01061711274087429 0.2590000033378601
0.025014907121658325 0.01061711274087429 0.2590000033378601
0.025014907121658325 0.010213642381131649 0.2590000033378601
0.025014907121658325 0.009810172952711582 0.2590000033378601
0.025516517460346222 0.009443022310733795 0.25999999046325684
0.025516517460346222 0.009037994779646397 0.25999999046325684
0.025921545922756195 0.008632967248558998 0.25999999046325684
0.025921545922756195 0.0082279397174716 0.25999999046325684
0.026021244004368782 0.007853000424802303 0.26100000739097595
0.026021244004368782 0.007446414325386286 0.26100000739097595
0.026427829638123512 0.007039829157292843 0.26100000739097595
0.026834415271878242 0.006633243523538113 0.26100000739097595
0.027241000905632973 0.00622665835544467 0.26100000739097595
0.027241000905632973 0.0058200727216899395 0.26100000739097595
0.027753515169024467 0.005434228572994471 0.2619999945163727
0.027753515169024467 0.005026085302233696 0.2619999945163727
0.027753515169024467 0.004617942497134209 0.2619999945163727
0.028161657974123955 0.004209799226373434 0.2619999945163727
0.028161657974123955 0.0038016559556126595 0.2619999945163727
0.028161657974123955 0.003393512684851885 0.2619999945163727
0.027647586539387703 0.0029739749152213335 0.26100000739097595
0.027647586539387703 0.002567389514297247 0.26100000739097595
0.027647586539387703 0.0021608041133731604 0.26100000739097595
0.02754165604710579 0.0017474974738433957 0.25999999046325684
0.028054170310497284 0.0013476331951096654 0.26100000739097595
0.028460755944252014 0.0009410477359779179 0.26100000739097595
0.02897794544696808 0.0005365100223571062 0.2619999945163727
0.029498249292373657 0.00012885677278973162 0.2630000114440918
0.029498249292373657 -0.0002808442513924092 0.2630000114440918
0.029498249292373657 -0.0006905452464707196 0.2630000114440918
0.029498249292373657 -0.0011002463288605213 0.2630000114440918
0.0296104084700346 -0.001515688607469201 0.2639999985694885
0.0296104084700346 -0.0019269473850727081 0.2639999985694885
0.029199151322245598 -0.002338206162676215 0.2639999985694885
0.029199151322245598 -0.002749464940279722 0.2639999985694885
0.028787892311811447 -0.003160723950713873 0.2639999985694885
0.028376633301377296 -0.00357198272831738 0.2639999985694885
0.028376633301377296 -0.003983241505920887 0.2639999985694885
