0.029199151322245598 -0.002338206162676215 0.2639999985694885
0.0296104084700346 -0.0019269473850727081 0.2639999985694885
0.0296104084700346 -0.001515688607469201 0.2639999985694885
0.0296104084700346 -0.0011044297134503722 0.2639999985694885
0.029498249292373657 -0.0006905452464707196 0.2630000114440918
0.029498249292373657 -0.0002808442513924092 0.2630000114440918
0.02897794544696808 0.00012836682435590774 0.2619999945163727
0.028569800779223442 0.0005365100223571062 0.2619999945163727
0.028054170310497284 0.0009410477359779179 0.26100000739097595
0.027647586539387703 0.0013476331951096654 0.26100000739097595
0.027647586539387703 0.001754218596033752 0.26100000739097595
0.02754165604710579 0.002152525121346116 0.25999999046325684
0.02754165604710579 0.0025575526524335146 0.25999999046325684
0.027647586539387703 0.0029739749152213335 0.26100000739097595
0.027647586539387703 0.00338056031614542 0.26100000739097595
0.028054170310497284 0.0037871457170695066 0.26100000739097595
0.028054170310497284 0.004193731117993593 0.26100000739097595
0.027647586539387703 0.0046003167517483234 0.26100000739097595
0.027753515169024467 0.005026085302233696 0.2619999945163727
0.027241000905632973 0.005413487553596497 0.26100000739097595
0.027241000905632973 0.0058200727216899395 0.26100000739097595
0.026834415271878242 0.00622665835544467 0.26100000739097595
0.026427829638123512 0.006633243523538113 0.26100000739097595
0.026021244004368782 0.007039829157292843 0.26100000739097595
0.026021244004368782 0.007446414325386286 0.26100000739097595
0.026021244004368782 0.007853000424802303 0.26100000739097595
0.026021244004368782 0.008259585127234459 0.26100000739097595
0.025614658370614052 0.00866617076098919 0.26100000739097595
0.025516517460346222 0.009037994779646397 0.25999999046325684
0.025516517460346222 0.009443022310733795 0.25999999046325684
0.025111490860581398 0.009848049841821194 0.25999999046325684
0.025111490860581398 0.010253077372908592 0.25999999046325684
0.024706462398171425 0.01065810490399599 0.25999999046325684
0.024706462398171425 0.01106313243508339 0.25999999046325684
0.0243014357984066 0.011468160897493362 0.25999999046325684
0.023896407335996628 0.011873188428580761 0.25999999046325684
0.023896407335996628 0.01227821595966816 0.25999999046325684
0.023896407335996628 0.012683243490755558 0.25999999046325684
0.02398831769824028 0.013138610869646072 0.26100000739097595
0.02358173206448555 0.013545195572078228 0.26100000739097595
0.02358173206448555 0.013951781205832958 0.26100000739097595
0.02358173206448555 0.014358366839587688 0.26100000739097595
0.02317514643073082 0.014764952473342419 0.26100000739097595
0.02326393872499466 0.0152296656742692 0.2619999945163727
0.022855795919895172 0.01563780941069126 0.2619999945163727
0.022447653114795685 0.01604595221579075 0.2619999945163727
0.022123631089925766 0.016516897827386856 0.2630000114440918
0.022123631089925766 0.0169265978038311 0.2630000114440918
0.022123631089925766 0.017336299642920494 0.2630000114440918
0.022123631089925766 0.017746001482009888 0.2630000114440918
0.021713929250836372 0.018155701458454132 0.2630000114440918
0.02163136750459671 0.01849481277167797 0.2619999945163727
0.02163136750459671 0.018902955576777458 0.2619999945163727
0.021223222836852074 0.019311098381876945 0.2619999945163727
0.021223222836852074 0.019719241186976433 0.2619999945163727
0.020894527435302734 0.0202042069286108 0.2630000114440918
0.02048482559621334 0.020613908767700195 0.2630000114440918
0.02015145681798458 0.020692287012934685 0.2639999985694885
0.019814971834421158 0.02118348516523838 0.26499998569488525
0.0194021537899971 0.02118348516523838 0.26499998569488525
0.01947537064552307 0.02167779579758644 0.26600000262260437
0.01947537064552307 0.022092171013355255 0.26600000262260437
0.01947537064552307 0.02250654436647892 0.26600000262260437
0.01947537064552307 0.022920919582247734 0.26600000262260437
0.019548585638403893 0.023423021659255028 0.2669999897480011
0.01913265325129032 0.02383895218372345 0.2669999897480011
0.01913265325129032 0.02425488457083702 0.2669999897480011
0.018786821514368057 0.024763217195868492 0.2680000066757202
0.018786821514368057 0.024763217195868492 0.2680000066757202
0.01913265325129032 0.024670816957950592 0.2669999897480011
0.01913265325129032 0.02425488457083702 0.2669999897480011
0.01913265325129032 0.02383895218372345 0.2669999897480011
0.019548585638403893 0.023423021659255028 0.2669999897480011
0.01947537064552307 0.022920919582247734 0.26600000262260437
0.01947537064552307 0.02250654436647892 0.26600000262260437
0.01947537064552307 0.022092171013355255 0.26600000262260437
0.01947537064552307 0.02167779579758644 0.26600000262260437
0.019814971834421158 0.02118348516523838 0.26499998569488525
0.02015145681798458 0.021103546023368835 0.2639999985694885
0.02048482559621334 0.020613908767700195 0.2630000114440918
0.020894527435302734 0.020613908767700195 0.2630000114440918
0.02130422741174698 0.0202042069286108 0.2630000114440918
0.021223222836852074 0.019719241186976433 0.2619999945163727
0.02163136750459671 0.019311098381876945 0.2619999945163727
0.02163136750459671 0.018902955576777458 0.2619999945163727
0.02163136750459671 0.01849481277167797 0.2619999945163727
0.021713929250836372 0.018155701458454132 0.2630000114440918
0.022123631089925766 0.017746001482009888 0.2630000114440918
0.022123631089925766 0.017336299642920494 0.2630000114440918
0.022123631089925766 0.0169265978038311 0.2630000114440918
0.02253333106637001 0.016516897827386856 0.2630000114440918
0.022855795919895172 0.01604595221579075 0.2619999945163727
0.02326393872499466 0.01563780941069126 0.2619999945163727
0.02326393872499466 0.0152296656742692 0.2619999945163727
0.02317514643073082 0.014764952473342419 0.26100000739097595
0.02358173206448555 0.014358366839587688 0.26100000739097595
0.02358173206448555 0.013951781205832958 0.26100000739097595
0.02358173206448555 0.013545195572078228 0.26100000739097595
0.02398831769824028 0.013138610869646072 0.26100000739097595
0.023896407335996628 0.012683243490755558 0.25999999046325684
0.023896407335996628 0.01227821595966816 0.25999999046325684
0.0243014357984066 0.011873188428580761 0.25999999046325684
0.024706462398171425 0.011468160897493362 0.25999999046325684
0.024706462398171425 0.01106313243508339 0.25999999046325684
0.025111490860581398 0.01065810490399599 0.25999999046325684
0.025111490860581398 0.010253077372908592 0.25999999046325684
0.025111490860581398 0.009848049841821194 0.25999999046325684
0.025516517460346222 0.009443022310733795 0.25999999046325684
0.025516517460346222 0.009037994779646397 0.25999999046325684
0.025614658370614052 0.00866617076098919 0.26100000739097595
0.026021244004368782 0.008259585127234459 0.26100000739097595
0.026021244004368782 0.007853000424802303 0.26100000739097595
0.026021244004368782 0.007446414325386286 0.26100000739097595
0.026427829638123512 0.007039829157292843 0.26100000739097595
0.026834415271878242 0.006633243523538113 0.26100000739097595
0.027241000905632973 0.00622665835544467 0.26100000739097595
0.027241000905632973 0.0058200727216899395 0.26100000739097595
0.027753515169024467 0.005434228572994471 0.2619999945163727
0.027753515169024467 0.005026085302233696 0.2619999945163727
0.027647586539387703 0.0046003167517483234 0.26100000739097595
0.028054170310497284 0.004193731117993593 0.26100000739097595
0.028054170310497284 0.0037871457170695066 0.26100000739097595
0.027647586539387703 0.00338056031614542 0.26100000739097595
0.027647586539387703 0.0029739749152213335 0.26100000739097595
0.02754165604710579 0.0025575526524335146 0.25999999046325684
0.02754165604710579 0.002152525121346116 0.25999999046325684
0.027647586539387703 0.001754218596033752 0.26100000739097595
0.028054170310497284 0.0013476331951096654 0.26100000739097595
0.028460755944252014 0.0009410477359779179 0.26100000739097595
0.02897794544696808 0.0005365100223571062 0.2619999945163727
0.029386088252067566 0.00012836682435590774 0.2619999945163727
0.029498249292373657 -0.0002808442513924092 0.2630000114440918
0.029498249292373657 -0.0006905452464707196 0.2630000114440918
0.0296104084700346 -0.0011044297134503722 0.2639999985694885
0.0296104084700346 -0.001515688607469201 0.2639999985694885
0.0296104084700346 -0.0019269473850727081 0.2639999985694885
0.029199151322245598 -0.002338206162676215 0.2639999985694885
