0.029498249292373657 -0.0015099473530426621 0.2630000114440918
0.029498249292373657 -0.0011002463288605213 0.2630000114440918
0.029386088252067566 -0.0006879196153022349 0.2619999945163727
0.028867341578006744 -0.00027870855410583317 0.26100000739097595
0.028867341578006744 0.00012787687592208385 0.26100000739097595
0.028351711109280586 0.0005324145313352346 0.25999999046325684
0.027946684509515762 0.000937442178837955 0.25999999046325684
0.02754165604710579 0.0013424698263406754 0.25999999046325684
0.02754165604710579 0.0017474974738433957 0.25999999046325684
0.02754165604710579 0.002152525121346116 0.25999999046325684
0.02754165604710579 0.0025575526524335146 0.25999999046325684
0.027435727417469025 0.0029511856846511364 0.2590000033378601
0.027435727417469025 0.0033546555787324905 0.2590000033378601
0.02773170918226242 0.003743615234270692 0.257999986410141
0.027435727417469025 0.004161595366895199 0.2590000033378601
0.027435727417469025 0.004565065260976553 0.2590000033378601
0.027435727417469025 0.00496853468939662 0.2590000033378601
0.02703225612640381 0.005372004583477974 0.2590000033378601
0.02703225612640381 0.005775474477559328 0.2590000033378601
0.026628786697983742 0.006178944371640682 0.2590000033378601
0.026225317269563675 0.006582414265722036 0.2590000033378601
0.025921545922756195 0.007012856658548117 0.25999999046325684
0.025821847841143608 0.007389354053884745 0.2590000033378601
0.025821847841143608 0.007792823947966099 0.2590000033378601
0.025821847841143608 0.008196293376386166 0.2590000033378601
0.02541837841272354 0.008599763736128807 0.2590000033378601
0.02532023750245571 0.008968471549451351 0.257999986410141
0.02532023750245571 0.009370383806526661 0.257999986410141
0.0249183252453804 0.00977229606360197 0.257999986410141
0.0249183252453804 0.010174207389354706 0.257999986410141
0.024516412988305092 0.010576119646430016 0.257999986410141
0.024516412988305092 0.010978031903505325 0.257999986410141
0.024114500731229782 0.011379944160580635 0.257999986410141
0.023804498836398125 0.011827521957457066 0.2590000033378601
0.023804498836398125 0.012230991385877132 0.2590000033378601
0.023804498836398125 0.012634461745619774 0.2590000033378601
0.023491380736231804 0.013088271021842957 0.25999999046325684
0.023491380736231804 0.013493298552930355 0.25999999046325684
0.023491380736231804 0.013898326084017754 0.25999999046325684
0.023491380736231804 0.014303353615105152 0.25999999046325684
0.02308635227382183 0.01470838114619255 0.25999999046325684
0.02276856079697609 0.015171537175774574 0.26100000739097595
0.02276856079697609 0.015578122809529305 0.26100000739097595
0.02236197516322136 0.015984708443284035 0.26100000739097595
0.022039510309696198 0.016454095020890236 0.2619999945163727
0.022039510309696198 0.016862239688634872 0.2619999945163727
0.022039510309696198 0.01727038249373436 0.2619999945163727
0.022039510309696198 0.017678525298833847 0.2619999945163727
0.02163136750459671 0.018086668103933334 0.2619999945163727
0.02163136750459671 0.01849481277167797 0.2619999945163727
0.02130422741174698 0.01897510327398777 0.2630000114440918
0.02130422741174698 0.019384805113077164 0.2630000114440918
0.020894527435302734 0.019794505089521408 0.2630000114440918
0.020894527435302734 0.0202042069286108 0.2630000114440918
0.02048482559621334 0.020613908767700195 0.2630000114440918
0.02015145681798458 0.020692287012934685 0.2639999985694885
0.01974019780755043 0.021103546023368835 0.2639999985694885
0.0194021537899971 0.02118348516523838 0.26499998569488525
0.0194021537899971 0.021596301347017288 0.26499998569488525
0.01947537064552307 0.022092171013355255 0.26600000262260437
0.01947537064552307 0.02250654436647892 0.26600000262260437
0.01947537064552307 0.022920919582247734 0.26600000262260437
0.019548585638403893 0.023423021659255028 0.2669999897480011
0.019204311072826385 0.023928238078951836 0.2680000066757202
0.018856922164559364 0.024436568841338158 0.26899999380111694
0.01843787357211113 0.024855617433786392 0.26899999380111694
0.01808580942451954 0.025368623435497284 0.27000001072883606
0.017665205523371696 0.025368623435497284 0.27000001072883606
0.017308467999100685 0.02546258084475994 0.2709999978542328
0.016886305063962936 0.02546258084475994 0.2709999978542328
0.016524894163012505 0.025980260223150253 0.2720000147819519
0.01658564805984497 0.02650105394423008 0.27300000190734863
0.01658564805984497 0.026926333084702492 0.27300000190734863
0.01658564805984497 0.026926333084702492 0.27300000190734863
0.01658564805984497 0.02650105394423008 0.27300000190734863
0.016886305063962936 0.02588474377989769 0.2709999978542328
0.017308467999100685 0.02546258084475994 0.2709999978542328
0.017665205523371696 0.025368623435497284 0.27000001072883606
0.01808580942451954 0.025368623435497284 0.27000001072883606
0.01843787357211113 0.024855617433786392 0.26899999380111694
0.018856922164559364 0.024855617433786392 0.26899999380111694
0.019204311072826385 0.024345727637410164 0.2680000066757202
0.01947537064552307 0.023749668151140213 0.26600000262260437
0.019548585638403893 0.023423021659255028 0.2669999897480011
0.01947537064552307 0.022920919582247734 0.26600000262260437
0.01947537064552307 0.02250654436647892 0.26600000262260437
0.01947537064552307 0.022092171013355255 0.26600000262260437
0.0194021537899971 0.021596301347017288 0.26499998569488525
0.01974019780755043 0.021103546023368835 0.2639999985694885
0.02015145681798458 0.021103546023368835 0.2639999985694885
0.02048482559621334 0.020613908767700195 0.2630000114440918
0.020815080031752586 0.020535528659820557 0.2619999945163727
0.020894527435302734 0.0202042069286108 0.2630000114440918
0.021223222836852074 0.019719241186976433 0.2619999945163727
0.02130422741174698 0.019384805113077164 0.2630000114440918
0.02163136750459671 0.018902955576777458 0.2619999945163727
0.02163136750459671 0.01849481277167797 0.2619999945163727
0.02163136750459671 0.018086668103933334 0.2619999945163727
0.022039510309696198 0.017678525298833847 0.2619999945163727
0.022039510309696198 0.01727038249373436 0.2619999945163727
0.022039510309696198 0.016862239688634872 0.2619999945163727
0.022447653114795685 0.016454095020890236 0.2619999945163727
0.02276856079697609 0.015984708443284035 0.26100000739097595
0.02276856079697609 0.015578122809529305 0.26100000739097595
0.02308635227382183 0.01511340867727995 0.25999999046325684
0.023491380736231804 0.01470838114619255 0.25999999046325684
0.023491380736231804 0.014303353615105152 0.25999999046325684
0.023491380736231804 0.013898326084017754 0.25999999046325684
0.023491380736231804 0.013493298552930355 0.25999999046325684
0.023491380736231804 0.013088271021842957 0.25999999046325684
0.023804498836398125 0.012634461745619774 0.2590000033378601
0.023804498836398125 0.012230991385877132 0.2590000033378601
0.024114500731229782 0.01178185548633337 0.257999986410141
0.024516412988305092 0.011379944160580635 0.257999986410141
0.024516412988305092 0.010978031903505325 0.257999986410141
0.024821743369102478 0.010535127483308315 0.25699999928474426
0.0249183252453804 0.010174207389354706 0.257999986410141
0.0249183252453804 0.00977229606360197 0.257999986410141
0.02532023750245571 0.009370383806526661 0.257999986410141
0.02532023750245571 0.008968471549451351 0.257999986410141
0.02541837841272354 0.008599763736128807 0.2590000033378601
0.025821847841143608 0.008196293376386166 0.2590000033378601
0.025821847841143608 0.007792823947966099 0.2590000033378601
0.025821847841143608 0.007389354053884745 0.2590000033378601
0.026225317269563675 0.0069858841598033905 0.2590000033378601
0.026628786697983742 0.006582414265722036 0.2590000033378601
0.02703225612640381 0.006178944371640682 0.2590000033378601
0.02703225612640381 0.005775474477559328 0.2590000033378601
0.027435727417469025 0.005372004583477974 0.2590000033378601
0.027435727417469025 0.00496853468939662 0.2590000033378601
0.027435727417469025 0.004565065260976553 0.2590000033378601
0.027435727417469025 0.004161595366895199 0.2590000033378601
0.02773170918226242 0.003743615234270692 0.257999986410141
0.027435727417469025 0.0033546555787324905 0.2590000033378601
0.027435727417469025 0.0029511856846511364 0.2590000033378601
0.02754165604710579 0.0025575526524335146 0.25999999046325684
0.02754165604710579 0.002152525121346116 0.25999999046325684
0.02754165604710579 0.0017474974738433957 0.25999999046325684
0.027946684509515762 0.0013424698263406754 0.25999999046325684
0.028351711109280586 0.000937442178837955 0.25999999046325684
0.02875673957169056 0.0005324145313352346 0.25999999046325684
0.028867341578006744 0.00012787687592208385 0.26100000739097595
0.029273927211761475 -0.00027870855410583317 0.26100000739097595
0.029386088252067566 -0.0006879196153022349 0.2619999945163727
0.029498249292373657 -0.0011002463288605213 0.2630000114440918
0.029498249292373657 -0.0015099473530426621 0.2630000114440918
