0.029498249292373657 -0.001919648377224803 0.2630000114440918
0.029498249292373657 -0.0015099473530426621 0.2630000114440918
0.029498249292373657 -0.0011002463288605213 0.2630000114440918
0.029386088252067566 -0.0006879196153022349 0.2619999945163727
0.029273927211761475 -0.00027870855410583317 0.26100000739097595
0.028867341578006744 0.00012787687592208385 0.26100000739097595
0.028351711109280586 0.0005324145313352346 0.25999999046325684
0.027946684509515762 0.000937442178837955 0.25999999046325684
0.02754165604710579 0.0013424698263406754 0.25999999046325684
0.02754165604710579 0.0017474974738433957 0.25999999046325684
0.02754165604710579 0.002152525121346116 0.25999999046325684
0.02754165604710579 0.0025575526524335146 0.25999999046325684
0.02754165604710579 0.0029625804163515568 0.25999999046325684
0.027946684509515762 0.0033676079474389553 0.25999999046325684
0.027946684509515762 0.003772635478526354 0.25999999046325684
0.027946684509515762 0.004177663009613752 0.25999999046325684
0.02754165604710579 0.004582691006362438 0.25999999046325684
0.02754165604710579 0.004987718537449837 0.25999999046325684
0.027136629447340965 0.005392746068537235 0.25999999046325684
0.027136629447340965 0.005797773599624634 0.25999999046325684
0.026731600984930992 0.006202801130712032 0.25999999046325684
0.02632657252252102 0.006607829127460718 0.25999999046325684
0.025921545922756195 0.007012856658548117 0.25999999046325684
0.02632657252252102 0.007417884189635515 0.25999999046325684
0.025821847841143608 0.007792823947966099 0.2590000033378601
0.025821847841143608 0.008196293376386166 0.2590000033378601
0.025821847841143608 0.008599763736128807 0.2590000033378601
0.02541837841272354 0.009003233164548874 0.2590000033378601
0.02541837841272354 0.00940670259296894 0.2590000033378601
0.025014907121658325 0.009810172952711582 0.2590000033378601
0.025014907121658325 0.010213642381131649 0.2590000033378601
0.02461143769323826 0.01061711274087429 0.2590000033378601
0.02461143769323826 0.011020582169294357 0.2590000033378601
0.02420796826481819 0.011424052529036999 0.2590000033378601
0.023804498836398125 0.011827521957457066 0.2590000033378601
0.023804498836398125 0.012230991385877132 0.2590000033378601
0.023804498836398125 0.012634461745619774 0.2590000033378601
0.023804498836398125 0.01303793117403984 0.2590000033378601
0.02340102754533291 0.013441401533782482 0.2590000033378601
0.02340102754533291 0.013844870962202549 0.2590000033378601
0.02340102754533291 0.01424834132194519 0.2590000033378601
0.02308635227382183 0.01470838114619255 0.25999999046325684
0.02308635227382183 0.01511340867727995 0.25999999046325684
0.022681323811411858 0.015518437139689922 0.25999999046325684
0.02236197516322136 0.015984708443284035 0.26100000739097595
0.022039510309696198 0.016454095020890236 0.2619999945163727
0.022039510309696198 0.016862239688634872 0.2619999945163727
0.022039510309696198 0.01727038249373436 0.2619999945163727
0.022039510309696198 0.017678525298833847 0.2619999945163727
0.02195538952946663 0.018017634749412537 0.26100000739097595
0.0215488038957119 0.018424220383167267 0.26100000739097595
0.0215488038957119 0.018830806016921997 0.26100000739097595
0.021223222836852074 0.019311098381876945 0.2619999945163727
0.021223222836852074 0.019719241186976433 0.2619999945163727
0.020815080031752586 0.02012738399207592 0.2619999945163727
0.02048482559621334 0.020613908767700195 0.2630000114440918
0.02015145681798458 0.020692287012934685 0.2639999985694885
0.01974019780755043 0.021103546023368835 0.2639999985694885
0.0194021537899971 0.021596301347017288 0.26499998569488525
0.0194021537899971 0.022009117528796196 0.26499998569488525
0.0194021537899971 0.022421933710575104 0.26499998569488525
0.0194021537899971 0.02283474989235401 0.26499998569488525
0.01947537064552307 0.023335294798016548 0.26600000262260437
0.01913265325129032 0.02383895218372345 0.2669999897480011
0.01913265325129032 0.02425488457083702 0.2669999897480011
0.018786821514368057 0.024763217195868492 0.2680000066757202
0.01836933195590973 0.024763217195868492 0.2680000066757202
0.018018824979662895 0.025274666026234627 0.26899999380111694
0.01759977824985981 0.025274666026234627 0.26899999380111694
0.01759977824985981 0.025274666026234627 0.26899999380111694
0.018018824979662895 0.025274666026234627 0.26899999380111694
0.01836933195590973 0.024763217195868492 0.2680000066757202
0.018786821514368057 0.024763217195868492 0.2680000066757202
0.01913265325129032 0.024670816957950592 0.2669999897480011
0.01913265325129032 0.02425488457083702 0.2669999897480011
0.01947537064552307 0.023749668151140213 0.26600000262260437
0.01947537064552307 0.023335294798016548 0.26600000262260437
0.0194021537899971 0.02283474989235401 0.26499998569488525
0.0194021537899971 0.022421933710575104 0.26499998569488525
0.0194021537899971 0.022009117528796196 0.26499998569488525
0.01974019780755043 0.021514805033802986 0.2639999985694885
0.02015145681798458 0.021103546023368835 0.2639999985694885
0.02048482559621334 0.020613908767700195 0.2630000114440918
0.020894527435302734 0.020613908767700195 0.2630000114440918
0.021223222836852074 0.02012738399207592 0.2619999945163727
0.021223222836852074 0.019719241186976433 0.2619999945163727
0.0215488038957119 0.019237391650676727 0.26100000739097595
0.0215488038957119 0.018830806016921997 0.26100000739097595
0.0215488038957119 0.018424220383167267 0.26100000739097595
0.02195538952946663 0.018017634749412537 0.26100000739097595
0.022039510309696198 0.017678525298833847 0.2619999945163727
0.022039510309696198 0.01727038249373436 0.2619999945163727
0.022039510309696198 0.016862239688634872 0.2619999945163727
0.02236197516322136 0.016391294077038765 0.26100000739097595
0.022681323811411858 0.01592346467077732 0.25999999046325684
0.02308635227382183 0.015518437139689922 0.25999999046325684
0.02308635227382183 0.01511340867727995 0.25999999046325684
0.02340102754533291 0.014651810750365257 0.2590000033378601
0.02340102754533291 0.01424834132194519 0.2590000033378601
0.02340102754533291 0.013844870962202549 0.2590000033378601
0.02340102754533291 0.013441401533782482 0.2590000033378601
0.023804498836398125 0.01303793117403984 0.2590000033378601
0.023804498836398125 0.012634461745619774 0.2590000033378601
0.023804498836398125 0.012230991385877132 0.2590000033378601
0.02420796826481819 0.011827521957457066 0.2590000033378601
0.024516412988305092 0.011379944160580635 0.257999986410141
0.02461143769323826 0.011020582169294357 0.2590000033378601
0.025014907121658325 0.01061711274087429 0.2590000033378601
0.025014907121658325 0.010213642381131649 0.2590000033378601
0.025014907121658325 0.009810172952711582 0.2590000033378601
0.02541837841272354 0.00940670259296894 0.2590000033378601
0.02541837841272354 0.009003233164548874 0.2590000033378601
0.025821847841143608 0.008599763736128807 0.2590000033378601
0.025821847841143608 0.008196293376386166 0.2590000033378601
0.025821847841143608 0.007792823947966099 0.2590000033378601
0.02632657252252102 0.007417884189635515 0.25999999046325684
0.02632657252252102 0.007012856658548117 0.25999999046325684
0.026731600984930992 0.006607829127460718 0.25999999046325684
0.027136629447340965 0.006202801130712032 0.25999999046325684
0.027136629447340965 0.005797773599624634 0.25999999046325684
0.02754165604710579 0.005392746068537235 0.25999999046325684
0.02754165604710579 0.004987718537449837 0.25999999046325684
0.02754165604710579 0.004582691006362438 0.25999999046325684
0.027946684509515762 0.004177663009613752 0.25999999046325684
0.027946684509515762 0.003772635478526354 0.25999999046325684
0.027946684509515762 0.0033676079474389553 0.25999999046325684
0.02754165604710579 0.0029625804163515568 0.25999999046325684
0.02754165604710579 0.0025575526524335146 0.25999999046325684
0.02754165604710579 0.002152525121346116 0.25999999046325684
0.02754165604710579 0.0017474974738433957 0.25999999046325684
0.027946684509515762 0.0013424698263406754 0.25999999046325684
0.028351711109280586 0.000937442178837955 0.25999999046325684
0.028867341578006744 0.0005344622768461704 0.26100000739097595
0.029273927211761475 0.00012787687592208385 0.26100000739097595
0.029273927211761475 -0.00027870855410583317 0.26100000739097595
0.029386088252067566 -0.0006879196153022349 0.2619999945163727
0.029498249292373657 -0.0011002463288605213 0.2630000114440918
0.029498249292373657 -0.0015099473530426621 0.2630000114440918
0.029498249292373657 -0.001919648377224803 0.2630000114440918
