0.032428473234176636 0.013337606564164162 0.25699999928474426
0.03215274214744568 0.013791415840387344 0.257999986410141
0.03175082802772522 0.014193328097462654 0.257999986410141
0.03187389671802521 0.014651810750365257 0.2590000033378601
0.03187389671802521 0.015055281110107899 0.2590000033378601
0.03187389671802521 0.015458750538527966 0.2590000033378601
0.03187389671802521 0.015862220898270607 0.2590000033378601
0.03147042542695999 0.016265690326690674 0.2590000033378601
0.03147042542695999 0.01666915975511074 0.2590000033378601
0.03147042542695999 0.017072629183530807 0.2590000033378601
0.031066955998539925 0.017476100474596024 0.2590000033378601
0.030781876295804977 0.017948603257536888 0.25999999046325684
0.030376849696040154 0.018353629857301712 0.25999999046325684
0.030087098479270935 0.018830806016921997 0.26100000739097595
0.029794231057167053 0.019311098381876945 0.2619999945163727
0.029794231057167053 0.019719241186976433 0.2619999945163727
0.029794231057167053 0.02012738399207592 0.2619999945163727
0.029498249292373657 0.020613908767700195 0.2630000114440918
0.029794231057167053 0.020943671464920044 0.2619999945163727
0.029498249292373657 0.021433310583233833 0.2630000114440918
0.0296104084700346 0.021926064044237137 0.2639999985694885
0.029199151322245598 0.022337323054671288 0.2639999985694885
0.028896937146782875 0.02283474989235401 0.26499998569488525
0.028484120965003967 0.02283474989235401 0.26499998569488525
0.028177233412861824 0.023335294798016548 0.26600000262260437
0.02776285819709301 0.023335294798016548 0.26600000262260437
0.027348484843969345 0.023335294798016548 0.26600000262260437
0.027035364881157875 0.023423021659255028 0.2669999897480011
0.027035364881157875 0.02383895218372345 0.2669999897480011
0.027035364881157875 0.02425488457083702 0.2669999897480011
0.02671913243830204 0.024763217195868492 0.2680000066757202
0.026818830519914627 0.025274666026234627 0.26899999380111694
0.026818830519914627 0.025274666026234627 0.26899999380111694
0.02671913243830204 0.024763217195868492 0.2680000066757202
0.027035364881157875 0.02425488457083702 0.2669999897480011
0.027035364881157875 0.02383895218372345 0.2669999897480011
0.027348484843969345 0.023335294798016548 0.26600000262260437
0.02776285819709301 0.023335294798016548 0.26600000262260437
0.028177233412861824 0.023335294798016548 0.26600000262260437
0.028484120965003967 0.02283474989235401 0.26499998569488525
0.028896937146782875 0.02283474989235401 0.26499998569488525
0.029199151322245598 0.022748582065105438 0.2639999985694885
0.0296104084700346 0.022337323054671288 0.2639999985694885
0.0296104084700346 0.021926064044237137 0.2639999985694885
0.029498249292373657 0.021433310583233833 0.2630000114440918
0.029794231057167053 0.020943671464920044 0.2619999945163727
0.029498249292373657 0.020613908767700195 0.2630000114440918
0.029794231057167053 0.02012738399207592 0.2619999945163727
0.029794231057167053 0.019719241186976433 0.2619999945163727
0.030087098479270935 0.019237391650676727 0.26100000739097595
0.030376849696040154 0.018758658319711685 0.25999999046325684
0.030781876295804977 0.018353629857301712 0.25999999046325684
0.031066955998539925 0.01787956990301609 0.2590000033378601
0.03147042542695999 0.017476100474596024 0.2590000033378601
0.03147042542695999 0.017072629183530807 0.2590000033378601
0.03147042542695999 0.01666915975511074 0.2590000033378601
0.03147042542695999 0.016265690326690674 0.2590000033378601
0.03187389671802521 0.015862220898270607 0.2590000033378601
0.03187389671802521 0.015458750538527966 0.2590000033378601
0.03187389671802521 0.015055281110107899 0.2590000033378601
0.03187389671802521 0.014651810750365257 0.2590000033378601
0.03215274214744568 0.014193328097462654 0.257999986410141
0.03255465254187584 0.013791415840387344 0.257999986410141
0.032428473234176636 0.013337606564164162 0.25699999928474426
0.037566084414720535 -0.00523677933961153 0.26499998569488525
0.03797890245914459 -0.004823962692171335 0.26499998569488525
0.038246843963861465 -0.004394500516355038 0.2639999985694885
0.038658104836940765 -0.003983241505920887 0.2639999985694885
0.038658104836940765 -0.00357198272831738 0.2639999985694885
0.038658104836940765 -0.003160723950713873 0.2639999985694885
0.03685729205608368 0.00012738692748825997 0.25999999046325684
0.03685729205608368 0.0005324145313352346 0.25999999046325684
0.03671553358435631 0.0009338366216979921 0.2590000033378601
0.037119001150131226 0.0013373064575716853 0.2590000033378601
0.037119001150131226 0.0017407762352377176 0.2590000033378601
0.037119001150131226 0.0021442461293190718 0.2590000033378601
0.03657377511262894 0.0025378791615366936 0.257999986410141
0.03657377511262894 0.0029397911857813597 0.257999986410141
0.03657377511262894 0.0033417032100260258 0.257999986410141
0.03617186099290848 0.003743615234270692 0.257999986410141
0.03536803647875786 0.00494935130700469 0.257999986410141
0.03536803647875786 0.00535126356408 0.257999986410141
0.03536803647875786 0.005753175355494022 0.257999986410141
0.03536803647875786 0.006155087612569332 0.257999986410141
0.0349661260843277 0.006556999403983355 0.257999986410141
0.0349661260843277 0.006958911661058664 0.257999986410141
0.0349661260843277 0.007360823452472687 0.257999986410141
0.0349661260843277 0.0077627357095479965 0.257999986410141
0.03456421568989754 0.008164647966623306 0.257999986410141
0.03416230157017708 0.008566559292376041 0.257999986410141
0.03456421568989754 0.008566559292376041 0.257999986410141
0.03456421568989754 0.008164647966623306 0.257999986410141
0.0349661260843277 0.0077627357095479965 0.257999986410141
0.0349661260843277 0.007360823452472687 0.257999986410141
0.0349661260843277 0.006958911661058664 0.257999986410141
0.0349661260843277 0.006556999403983355 0.257999986410141
0.03536803647875786 0.006155087612569332 0.257999986410141
0.03536803647875786 0.005753175355494022 0.257999986410141
0.03536803647875786 0.00535126356408 0.257999986410141
0.03536803647875786 0.00494935130700469 0.257999986410141
0.03617186099290848 0.003743615234270692 0.257999986410141
0.03657377511262894 0.0033417032100260258 0.257999986410141
0.03657377511262894 0.0029397911857813597 0.257999986410141
0.03657377511262894 0.0025378791615366936 0.257999986410141
0.037119001150131226 0.0021442461293190718 0.2590000033378601
0.037119001150131226 0.0017407762352377176 0.2590000033378601
0.037119001150131226 0.0013373064575716853 0.2590000033378601
0.03671553358435631 0.0009338366216979921 0.2590000033378601
0.03685729205608368 0.0005324145313352346 0.25999999046325684
0.03685729205608368 0.00012738692748825997 0.25999999046325684
0.038658104836940765 -0.003160723950713873 0.2639999985694885
0.038658104836940765 -0.00357198272831738 0.2639999985694885
0.038658104836940765 -0.003983241505920887 0.2639999985694885
0.038658104836940765 -0.004394500516355038 0.2639999985694885
0.03839172050356865 -0.004823962692171335 0.26499998569488525
0.03797890245914459 -0.00523677933961153 0.26499998569488525
