0.02317514643073082 0.015171537175774574 0.26100000739097595
0.02276856079697609 0.015578122809529305 0.26100000739097595
0.022447653114795685 0.01604595221579075 0.2619999945163727
0.022039510309696198 0.016454095020890236 0.2619999945163727
0.022039510309696198 0.016862239688634872 0.2619999945163727
0.022039510309696198 0.01727038249373436 0.2619999945163727
0.022039510309696198 0.017678525298833847 0.2619999945163727
0.02163136750459671 0.018086668103933334 0.2619999945163727
0.02163136750459671 0.01849481277167797 0.2619999945163727
0.02163136750459671 0.018902955576777458 0.2619999945163727
0.021223222836852074 0.019311098381876945 0.2619999945163727
0.021223222836852074 0.019719241186976433 0.2619999945163727
0.020894527435302734 0.0202042069286108 0.2630000114440918
0.02048482559621334 0.020613908767700195 0.2630000114440918
0.02015145681798458 0.020692287012934685 0.2639999985694885
0.01974019780755043 0.021103546023368835 0.2639999985694885
0.0194021537899971 0.02118348516523838 0.26499998569488525
0.0194021537899971 0.021596301347017288 0.26499998569488525
0.0194021537899971 0.022009117528796196 0.26499998569488525
0.0194021537899971 0.022421933710575104 0.26499998569488525
0.0194021537899971 0.02283474989235401 0.26499998569488525
0.01947537064552307 0.023335294798016548 0.26600000262260437
0.019060995429754257 0.023749668151140213 0.26600000262260437
0.019060995429754257 0.024164043366909027 0.26600000262260437
0.01871672086417675 0.024670816957950592 0.2669999897480011
0.01830078847706318 0.024670816957950592 0.2669999897480011
0.01795184053480625 0.02518070675432682 0.2680000066757202
0.01759977824985981 0.025274666026234627 0.26899999380111694
0.017180729657411575 0.025274666026234627 0.26899999380111694
0.016823993995785713 0.025789229199290276 0.27000001072883606
0.01646414026618004 0.026306908577680588 0.2709999978542328
0.01646414026618004 0.026306908577680588 0.2709999978542328
0.016823993995785713 0.025789229199290276 0.27000001072883606
0.017180729657411575 0.025274666026234627 0.26899999380111694
0.01759977824985981 0.025274666026234627 0.26899999380111694
0.01795184053480625 0.02518070675432682 0.2680000066757202
0.01830078847706318 0.024670816957950592 0.2669999897480011
0.01871672086417675 0.024670816957950592 0.2669999897480011
0.019060995429754257 0.024578416720032692 0.26600000262260437
0.019060995429754257 0.024164043366909027 0.26600000262260437
0.019060995429754257 0.023749668151140213 0.26600000262260437
0.01947537064552307 0.023335294798016548 0.26600000262260437
0.0194021537899971 0.02283474989235401 0.26499998569488525
0.0194021537899971 0.022421933710575104 0.26499998569488525
0.0194021537899971 0.022009117528796196 0.26499998569488525
0.0194021537899971 0.021596301347017288 0.26499998569488525
0.01974019780755043 0.021103546023368835 0.2639999985694885
0.02015145681798458 0.021103546023368835 0.2639999985694885
0.02048482559621334 0.020613908767700195 0.2630000114440918
0.020894527435302734 0.020613908767700195 0.2630000114440918
0.021223222836852074 0.02012738399207592 0.2619999945163727
0.021223222836852074 0.019719241186976433 0.2619999945163727
0.0215488038957119 0.019237391650676727 0.26100000739097595
0.02163136750459671 0.018902955576777458 0.2619999945163727
0.02163136750459671 0.01849481277167797 0.2619999945163727
0.02163136750459671 0.018086668103933334 0.2619999945163727
0.022039510309696198 0.017678525298833847 0.2619999945163727
0.022039510309696198 0.01727038249373436 0.2619999945163727
0.022039510309696198 0.016862239688634872 0.2619999945163727
0.022447653114795685 0.016454095020890236 0.2619999945163727
0.02276856079697609 0.015984708443284035 0.26100000739097595
0.02317514643073082 0.015578122809529305 0.26100000739097595
0.02317514643073082 0.015171537175774574 0.26100000739097595
0.029199151322245598 -0.002338206162676215 0.2639999985694885
0.0296104084700346 -0.0019269473850727081 0.2639999985694885
0.0296104084700346 -0.001515688607469201 0.2639999985694885
0.029498249292373657 -0.0011002463288605213 0.2630000114440918
0.029498249292373657 -0.0006905452464707196 0.2630000114440918
0.029498249292373657 -0.0002808442513924092 0.2630000114440918
0.02897794544696808 0.00012836682435590774 0.2619999945163727
0.028569800779223442 0.0005365100223571062 0.2619999945163727
0.028054170310497284 0.0009410477359779179 0.26100000739097595
0.027647586539387703 0.0013476331951096654 0.26100000739097595
0.027647586539387703 0.001754218596033752 0.26100000739097595
0.027647586539387703 0.0021608041133731604 0.26100000739097595
0.027647586539387703 0.002567389514297247 0.26100000739097595
0.027647586539387703 0.0029739749152213335 0.26100000739097595
0.027647586539387703 0.00338056031614542 0.26100000739097595
0.028054170310497284 0.0037871457170695066 0.26100000739097595
0.027647586539387703 0.004193731117993593 0.26100000739097595
0.027647586539387703 0.0046003167517483234 0.26100000739097595
0.027647586539387703 0.005006901919841766 0.26100000739097595
0.027241000905632973 0.005413487553596497 0.26100000739097595
0.027241000905632973 0.0058200727216899395 0.26100000739097595
0.026834415271878242 0.00622665835544467 0.26100000739097595
0.026427829638123512 0.006633243523538113 0.26100000739097595
0.026021244004368782 0.007039829157292843 0.26100000739097595
0.026021244004368782 0.007446414325386286 0.26100000739097595
0.026021244004368782 0.007853000424802303 0.26100000739097595
0.025921545922756195 0.0082279397174716 0.25999999046325684
0.025516517460346222 0.008632967248558998 0.25999999046325684
0.025516517460346222 0.009037994779646397 0.25999999046325684
0.02541837841272354 0.00940670259296894 0.2590000033378601
0.025014907121658325 0.009810172952711582 0.2590000033378601
0.025014907121658325 0.010213642381131649 0.2590000033378601
0.02461143769323826 0.01061711274087429 0.2590000033378601
0.02461143769323826 0.011020582169294357 0.2590000033378601
0.02420796826481819 0.011424052529036999 0.2590000033378601
0.02420796826481819 0.011827521957457066 0.2590000033378601
0.02461143769323826 0.011424052529036999 0.2590000033378601
0.02461143769323826 0.011020582169294357 0.2590000033378601
0.025014907121658325 0.01061711274087429 0.2590000033378601
0.025014907121658325 0.010213642381131649 0.2590000033378601
0.025014907121658325 0.009810172952711582 0.2590000033378601
0.02541837841272354 0.00940670259296894 0.2590000033378601
0.025516517460346222 0.009037994779646397 0.25999999046325684
0.025516517460346222 0.008632967248558998 0.25999999046325684
0.025921545922756195 0.0082279397174716 0.25999999046325684
0.026021244004368782 0.007853000424802303 0.26100000739097595
0.026021244004368782 0.007446414325386286 0.26100000739097595
0.026427829638123512 0.007039829157292843 0.26100000739097595
0.026834415271878242 0.006633243523538113 0.26100000739097595
0.027241000905632973 0.00622665835544467 0.26100000739097595
0.027241000905632973 0.0058200727216899395 0.26100000739097595
0.027647586539387703 0.005413487553596497 0.26100000739097595
0.027647586539387703 0.005006901919841766 0.26100000739097595
0.027647586539387703 0.0046003167517483234 0.26100000739097595
0.027647586539387703 0.004193731117993593 0.26100000739097595
0.028054170310497284 0.0037871457170695066 0.26100000739097595
0.027647586539387703 0.00338056031614542 0.26100000739097595
0.027647586539387703 0.0029739749152213335 0.26100000739097595
0.027647586539387703 0.002567389514297247 0.26100000739097595
0.027647586539387703 0.0021608041133731604 0.26100000739097595
0.027647586539387703 0.001754218596033752 0.26100000739097595
0.028054170310497284 0.0013476331951096654 0.26100000739097595
0.028460755944252014 0.0009410477359779179 0.26100000739097595
0.02897794544696808 0.0005365100223571062 0.2619999945163727
0.029386088252067566 0.00012836682435590774 0.2619999945163727
0.029498249292373657 -0.0002808442513924092 0.2630000114440918
0.029498249292373657 -0.0006905452464707196 0.2630000114440918
0.029498249292373657 -0.0011002463288605213 0.2630000114440918
0.0296104084700346 -0.001515688607469201 0.2639999985694885
0.0296104084700346 -0.0019269473850727081 0.2639999985694885
0.029199151322245598 -0.002338206162676215 0.2639999985694885
