0.023491380736231804 0.014303353615105152 0.25999999046325684
0.02317514643073082 0.014764952473342419 0.26100000739097595
0.02317514643073082 0.015171537175774574 0.26100000739097595
0.02276856079697609 0.015578122809529305 0.26100000739097595
0.022447653114795685 0.01604595221579075 0.2619999945163727
0.022039510309696198 0.016454095020890236 0.2619999945163727
0.022039510309696198 0.016862239688634872 0.2619999945163727
0.022039510309696198 0.01727038249373436 0.2619999945163727
0.02195538952946663 0.017611050978302956 0.26100000739097595
0.02187126874923706 0.017948603257536888 0.25999999046325684
0.0215488038957119 0.018424220383167267 0.26100000739097595
0.021466242149472237 0.018758658319711685 0.25999999046325684
0.02114221826195717 0.019237391650676727 0.26100000739097595
0.02114221826195717 0.019643977284431458 0.26100000739097595
0.02073563262820244 0.020050562918186188 0.26100000739097595
0.0204069372266531 0.020535528659820557 0.2619999945163727
0.020075125619769096 0.020613908767700195 0.2630000114440918
0.019665423780679703 0.02102360874414444 0.2630000114440918
0.01932893879711628 0.021514805033802986 0.2639999985694885
0.01932893879711628 0.021926064044237137 0.2639999985694885
0.01932893879711628 0.022337323054671288 0.2639999985694885
0.0194021537899971 0.02283474989235401 0.26499998569488525
0.0194021537899971 0.02324756793677807 0.26499998569488525
0.0194021537899971 0.023660384118556976 0.26499998569488525
0.019060995429754257 0.024164043366909027 0.26600000262260437
0.01871672086417675 0.024670816957950592 0.2669999897480011
0.01836933195590973 0.024763217195868492 0.2680000066757202
0.018018824979662895 0.025274666026234627 0.26899999380111694
0.01759977824985981 0.025274666026234627 0.26899999380111694
0.017244599759578705 0.025368623435497284 0.27000001072883606
0.016886305063962936 0.02588474377989769 0.2709999978542328
0.016886305063962936 0.02588474377989769 0.2709999978542328
0.017244599759578705 0.025368623435497284 0.27000001072883606
0.01759977824985981 0.025274666026234627 0.26899999380111694
0.018018824979662895 0.025274666026234627 0.26899999380111694
0.01836933195590973 0.024763217195868492 0.2680000066757202
0.01871672086417675 0.024670816957950592 0.2669999897480011
0.019060995429754257 0.024578416720032692 0.26600000262260437
0.0194021537899971 0.024073200300335884 0.26499998569488525
0.0194021537899971 0.023660384118556976 0.26499998569488525
0.0194021537899971 0.02324756793677807 0.26499998569488525
0.0194021537899971 0.02283474989235401 0.26499998569488525
0.01932893879711628 0.022337323054671288 0.2639999985694885
0.01932893879711628 0.021926064044237137 0.2639999985694885
0.019665423780679703 0.021433310583233833 0.2630000114440918
0.020075125619769096 0.02102360874414444 0.2630000114440918
0.0204069372266531 0.020535528659820557 0.2619999945163727
0.02073563262820244 0.020457148551940918 0.26100000739097595
0.02114221826195717 0.020050562918186188 0.26100000739097595
0.02114221826195717 0.019643977284431458 0.26100000739097595
0.021466242149472237 0.01916368491947651 0.25999999046325684
0.021466242149472237 0.018758658319711685 0.25999999046325684
0.0215488038957119 0.018424220383167267 0.26100000739097595
0.02187126874923706 0.017948603257536888 0.25999999046325684
0.02195538952946663 0.017611050978302956 0.26100000739097595
0.022039510309696198 0.01727038249373436 0.2619999945163727
0.022039510309696198 0.016862239688634872 0.2619999945163727
0.022447653114795685 0.016454095020890236 0.2619999945163727
0.022855795919895172 0.01604595221579075 0.2619999945163727
0.02317514643073082 0.015578122809529305 0.26100000739097595
0.02317514643073082 0.015171537175774574 0.26100000739097595
0.02317514643073082 0.014764952473342419 0.26100000739097595
0.023491380736231804 0.014303353615105152 0.25999999046325684
0.028896937146782875 -0.0035855129826813936 0.26499998569488525
0.028896937146782875 -0.0031726963352411985 0.26499998569488525
0.028896937146782875 -0.0027598796878010035 0.26499998569488525
0.029199151322245598 -0.002338206162676215 0.2639999985694885
0.0296104084700346 -0.0019269473850727081 0.2639999985694885
0.0296104084700346 -0.001515688607469201 0.2639999985694885
0.029498249292373657 -0.0011002463288605213 0.2630000114440918
0.029498249292373657 -0.0006905452464707196 0.2630000114440918
0.029386088252067566 -0.0002797764027491212 0.2619999945163727
0.02897794544696808 0.00012836682435590774 0.2619999945163727
0.028460755944252014 0.0005344622768461704 0.26100000739097595
0.028054170310497284 0.0009410477359779179 0.26100000739097595
0.02754165604710579 0.0013424698263406754 0.25999999046325684
0.02754165604710579 0.0017474974738433957 0.25999999046325684
0.02754165604710579 0.002152525121346116 0.25999999046325684
0.02754165604710579 0.0025575526524335146 0.25999999046325684
0.02754165604710579 0.0029625804163515568 0.25999999046325684
0.02783919684588909 0.0033546555787324905 0.2590000033378601
0.02783919684588909 0.0037581254728138447 0.2590000033378601
0.02783919684588909 0.004161595366895199 0.2590000033378601
0.02754165604710579 0.004582691006362438 0.25999999046325684
0.02754165604710579 0.004987718537449837 0.25999999046325684
0.027136629447340965 0.005392746068537235 0.25999999046325684
0.027136629447340965 0.005797773599624634 0.25999999046325684
0.026731600984930992 0.006202801130712032 0.25999999046325684
0.02632657252252102 0.006607829127460718 0.25999999046325684
0.025921545922756195 0.007012856658548117 0.25999999046325684
0.025921545922756195 0.007417884189635515 0.25999999046325684
0.025821847841143608 0.007792823947966099 0.2590000033378601
0.025821847841143608 0.008196293376386166 0.2590000033378601
0.02572214975953102 0.008566559292376041 0.257999986410141
0.02532023750245571 0.008968471549451351 0.257999986410141
0.02522209659218788 0.009334064088761806 0.25699999928474426
0.02522209659218788 0.009734418243169785 0.25699999928474426
0.024821743369102478 0.010134773328900337 0.25699999928474426
0.024421388283371925 0.010535127483308315 0.25699999928474426
0.024421388283371925 0.010935481637716293 0.25699999928474426
0.024421388283371925 0.011335835792124271 0.25699999928474426
0.024421388283371925 0.010935481637716293 0.25699999928474426
0.024821743369102478 0.010535127483308315 0.25699999928474426
0.024821743369102478 0.010134773328900337 0.25699999928474426
0.02522209659218788 0.009734418243169785 0.25699999928474426
0.02522209659218788 0.009334064088761806 0.25699999928474426
0.02532023750245571 0.008968471549451351 0.257999986410141
0.02572214975953102 0.008566559292376041 0.257999986410141
0.025821847841143608 0.008196293376386166 0.2590000033378601
0.025821847841143608 0.007792823947966099 0.2590000033378601
0.025921545922756195 0.007417884189635515 0.25999999046325684
0.02632657252252102 0.007012856658548117 0.25999999046325684
0.026731600984930992 0.006607829127460718 0.25999999046325684
0.02703225612640381 0.006178944371640682 0.2590000033378601
0.027136629447340965 0.005797773599624634 0.25999999046325684
0.02754165604710579 0.005392746068537235 0.25999999046325684
0.02754165604710579 0.004987718537449837 0.25999999046325684
0.02754165604710579 0.004582691006362438 0.25999999046325684
0.02783919684588909 0.004161595366895199 0.2590000033378601
0.02783919684588909 0.0037581254728138447 0.2590000033378601
0.02783919684588909 0.0033546555787324905 0.2590000033378601
0.02754165604710579 0.0029625804163515568 0.25999999046325684
0.02754165604710579 0.0025575526524335146 0.25999999046325684
0.02754165604710579 0.002152525121346116 0.25999999046325684
0.02754165604710579 0.0017474974738433957 0.25999999046325684
0.027946684509515762 0.0013424698263406754 0.25999999046325684
0.028351711109280586 0.000937442178837955 0.25999999046325684
0.028867341578006744 0.0005344622768461704 0.26100000739097595
0.029386088252067566 0.00012836682435590774 0.2619999945163727
0.029386088252067566 -0.0002797764027491212 0.2619999945163727
0.029498249292373657 -0.0006905452464707196 0.2630000114440918
0.029498249292373657 -0.0011002463288605213 0.2630000114440918
0.0296104084700346 -0.001515688607469201 0.2639999985694885
0.0296104084700346 -0.0019269473850727081 0.2639999985694885
0.029199151322245598 -0.002338206162676215 0.2639999985694885
0.029309753328561783 -0.0027598796878010035 0.26499998569488525
0.028896937146782875 -0.0031726963352411985 0.26499998569488525
0.028896937146782875 -0.0035855129826813936 0.26499998569488525
