0.032277364283800125 0.013844870962202549 0.2590000033378601
0.0319969616830349 0.014303353615105152 0.25999999046325684
0.0319969616830349 0.01470838114619255 0.25999999046325684
0.0319969616830349 0.01511340867727995 0.25999999046325684
0.032120026648044586 0.015578122809529305 0.26100000739097595
0.032120026648044586 0.015984708443284035 0.26100000739097595
0.031713441014289856 0.016391294077038765 0.26100000739097595
0.031713441014289856 0.016797879710793495 0.26100000739097595
0.031713441014289856 0.017204465344548225 0.26100000739097595
0.031306855380535126 0.017611050978302956 0.26100000739097595
0.030900269746780396 0.018017634749412537 0.26100000739097595
0.030493684113025665 0.018424220383167267 0.26100000739097595
0.03020237386226654 0.018902955576777458 0.2619999945163727
0.029794231057167053 0.019311098381876945 0.2619999945163727
0.029794231057167053 0.019719241186976433 0.2619999945163727
0.0299079492688179 0.0202042069286108 0.2630000114440918
0.029498249292373657 0.020613908767700195 0.2630000114440918
0.03002166748046875 0.021103546023368835 0.2639999985694885
0.0296104084700346 0.021514805033802986 0.2639999985694885
0.02972256951034069 0.022009117528796196 0.26499998569488525
0.029309753328561783 0.022421933710575104 0.26499998569488525
0.029005981981754303 0.022920919582247734 0.26600000262260437
0.02859160676598549 0.022920919582247734 0.26600000262260437
0.02828316204249859 0.023423021659255028 0.2669999897480011
0.027867229655385017 0.023423021659255028 0.2669999897480011
0.027451297268271446 0.023423021659255028 0.2669999897480011
0.02713662199676037 0.023510746657848358 0.2680000066757202
0.02713662199676037 0.023928238078951836 0.2680000066757202
0.027237877249717712 0.024436568841338158 0.26899999380111694
0.026918528601527214 0.024948017671704292 0.27000001072883606
0.026918528601527214 0.025368623435497284 0.27000001072883606
0.026918528601527214 0.025368623435497284 0.27000001072883606
0.026918528601527214 0.024948017671704292 0.27000001072883606
0.027237877249717712 0.024436568841338158 0.26899999380111694
0.02713662199676037 0.023928238078951836 0.2680000066757202
0.027451297268271446 0.023423021659255028 0.2669999897480011
0.027867229655385017 0.023423021659255028 0.2669999897480011
0.02828316204249859 0.023423021659255028 0.2669999897480011
0.02859160676598549 0.022920919582247734 0.26600000262260437
0.029005981981754303 0.022920919582247734 0.26600000262260437
0.029309753328561783 0.02283474989235401 0.26499998569488525
0.02972256951034069 0.022421933710575104 0.26499998569488525
0.02972256951034069 0.022009117528796196 0.26499998569488525
0.0296104084700346 0.021514805033802986 0.2639999985694885
0.03002166748046875 0.021103546023368835 0.2639999985694885
0.029498249292373657 0.020613908767700195 0.2630000114440918
0.0299079492688179 0.0202042069286108 0.2630000114440918
0.029794231057167053 0.019719241186976433 0.2619999945163727
0.03020237386226654 0.019311098381876945 0.2619999945163727
0.030610518530011177 0.018902955576777458 0.2619999945163727
0.030900269746780396 0.018424220383167267 0.26100000739097595
0.031306855380535126 0.018017634749412537 0.26100000739097595
0.031713441014289856 0.017611050978302956 0.26100000739097595
0.031713441014289856 0.017204465344548225 0.26100000739097595
0.031713441014289856 0.016797879710793495 0.26100000739097595
0.031713441014289856 0.016391294077038765 0.26100000739097595
0.032120026648044586 0.015984708443284035 0.26100000739097595
0.032120026648044586 0.015578122809529305 0.26100000739097595
0.0319969616830349 0.01511340867727995 0.25999999046325684
0.0319969616830349 0.01470838114619255 0.25999999046325684
0.03240198642015457 0.014303353615105152 0.25999999046325684
0.03268083557486534 0.013844870962202549 0.2590000033378601
0.037707842886447906 -0.005670915357768536 0.26600000262260437
0.03812221810221672 -0.005256540607661009 0.26600000262260437
0.03812221810221672 -0.004842166323214769 0.26600000262260437
0.03839172050356865 -0.00441114604473114 0.26499998569488525
0.03880453482270241 -0.003998329397290945 0.26499998569488525
0.038658104836940765 -0.00357198272831738 0.2639999985694885
0.038658104836940765 -0.003160723950713873 0.2639999985694885
0.038658104836940765 -0.002749464940279722 0.2639999985694885
0.038246843963861465 -0.002338206162676215 0.2639999985694885
0.03769226744771004 -0.001919648377224803 0.2630000114440918
0.03769226744771004 -0.0015099473530426621 0.2630000114440918
0.03728256747126579 -0.0011002463288605213 0.2630000114440918
0.03714080899953842 -0.0006879196153022349 0.2619999945163727
0.03714080899953842 -0.0002797764027491212 0.2619999945163727
0.03714080899953842 0.00012836682435590774 0.2619999945163727
0.03699905052781105 0.0005344622768461704 0.26100000739097595
0.03699905052781105 0.0009410477359779179 0.26100000739097595
0.03740563616156578 0.0013476331951096654 0.26100000739097595
0.03726232051849365 0.0017474974738433957 0.25999999046325684
0.03726232051849365 0.002152525121346116 0.25999999046325684
0.03685729205608368 0.0025575526524335146 0.25999999046325684
0.03671553358435631 0.0029511856846511364 0.2590000033378601
0.03536803647875786 0.00494935130700469 0.257999986410141
0.03536803647875786 0.00535126356408 0.257999986410141
0.03536803647875786 0.005753175355494022 0.257999986410141
0.03536803647875786 0.006155087612569332 0.257999986410141
0.0349661260843277 0.006556999403983355 0.257999986410141
0.0349661260843277 0.006958911661058664 0.257999986410141
0.0349661260843277 0.007360823452472687 0.257999986410141
0.0349661260843277 0.0077627357095479965 0.257999986410141
0.03456421568989754 0.008164647966623306 0.257999986410141
0.03402988985180855 0.00853335577994585 0.25699999928474426
0.03456421568989754 0.008566559292376041 0.257999986410141
0.03456421568989754 0.008164647966623306 0.257999986410141
0.0349661260843277 0.0077627357095479965 0.257999986410141
0.0349661260843277 0.007360823452472687 0.257999986410141
0.0349661260843277 0.006958911661058664 0.257999986410141
0.0349661260843277 0.006556999403983355 0.257999986410141
0.03536803647875786 0.006155087612569332 0.257999986410141
0.03536803647875786 0.005753175355494022 0.257999986410141
0.03536803647875786 0.00535126356408 0.257999986410141
0.03536803647875786 0.00494935130700469 0.257999986410141
0.03671553358435631 0.0033546555787324905 0.2590000033378601
0.03671553358435631 0.0029511856846511364 0.2590000033378601
0.03685729205608368 0.0025575526524335146 0.25999999046325684
0.03726232051849365 0.002152525121346116 0.25999999046325684
0.03726232051849365 0.0017474974738433957 0.25999999046325684
0.03740563616156578 0.0013476331951096654 0.26100000739097595
0.03699905052781105 0.0009410477359779179 0.26100000739097595
0.03699905052781105 0.0005344622768461704 0.26100000739097595
0.03714080899953842 0.00012836682435590774 0.2619999945163727
0.03714080899953842 -0.0002797764027491212 0.2619999945163727
0.03714080899953842 -0.0006879196153022349 0.2619999945163727
0.03769226744771004 -0.0011002463288605213 0.2630000114440918
0.03769226744771004 -0.0015099473530426621 0.2630000114440918
0.03810197114944458 -0.001919648377224803 0.2630000114440918
0.038511671125888824 -0.002329349284991622 0.2630000114440918
0.038658104836940765 -0.002749464940279722 0.2639999985694885
0.038658104836940765 -0.003160723950713873 0.2639999985694885
0.038658104836940765 -0.00357198272831738 0.2639999985694885
0.03880453482270241 -0.003998329397290945 0.26499998569488525
0.03880453482270241 -0.00441114604473114 0.26499998569488525
0.038536593317985535 -0.004842166323214769 0.26600000262260437
0.03812221810221672 -0.005256540607661009 0.26600000262260437
0.03812221810221672 -0.005670915357768536 0.26600000262260437
0.037566084414720535 -0.0060624126344919205 0.26499998569488525
