0.02947245697279137 -0.0010940953317908218 0.2638496950180101
0.029470902395755682 -0.0009404379037503069 0.2638343649887138
0.02946790701612687 -0.0008395520001065412 0.2638400607983005
0.02945614118968401 -0.0007260087001399872 0.2638213291790214
0.02943964289538348 -0.0005910915559083642 0.2638248297757652
0.02942772554632195 -0.00047811710572723395 0.26384679613863277
0.029406476425119937 -0.0003666899203486812 0.2638321598922988
0.0293924047123077 -0.0002886554902013 0.2638758572058329
0.029460319932887814 -0.0008023589523619189 0.2636814894289825
0.029360915691342762 -0.00019307555355757133 0.2637608846561966
0.029345046248466903 -0.0001184461636987745 0.2637600894505027
0.02932887790854021 -5.3320694181908446e-05 0.2637844794936399
0.029267527570524015 0.00010474122030097136 0.26371954789412705
0.029236341725291912 0.00017714805789572434 0.2636216061919431
0.029176526650306386 0.00029982461300864246 0.26355286142974205
0.029112087779627614 0.0004247528623803119 0.26346564136006434
0.028547740270399653 0.0010213922398865385 0.26305703987042284
0.02820459631240351 0.00132879512927603 0.26295864119824824
0.02779102789337606 0.004216944561597836 0.26088276415647477
0.027764307295951297 0.004291597730460279 0.2607558279900285
0.02775617259813326 0.00436896176352024 0.2607704083768583
0.027737684038429307 0.004467948118762161 0.26079276817417396
0.027723895369431692 0.004471676087263423 0.2606786778312079
0.02770623205558486 0.004561020896279799 0.26067681910966584
0.027587476240881537 0.0050165071872845775 0.2604418712250599
0.027551968541730063 0.005122830198775922 0.26043420186208854
0.027488462668644267 0.005261512984975609 0.2603796751439083
0.027370131312527156 0.005551063634264009 0.26035485450418744
0.02734713573126188 0.00558890259452967 0.26027287581654074
0.02731161723534824 0.005684157864288864 0.2602895282437252
0.027275872973460714 0.005740281362164085 0.2601979031771311
0.02725258512411688 0.005809130595897432 0.2602221081102495
0.027188338128558975 0.005933379431005693 0.260154919180834
0.027124137166917202 0.006059204661806688 0.26011034970228475
0.027058649067033372 0.0061917431316001244 0.260044532383907
0.027041630903898155 0.006234577380191635 0.2600715574735665
0.02697700507991967 0.006368275217572339 0.2600151774083413
0.02694335606915986 0.006446205352306347 0.26002930628215426
0.026879968283854812 0.006580538431395902 0.2599681580382184
0.02682263001301921 0.006721982616637055 0.2599099324204967
0.019545194501055685 0.02377566173494093 0.26833414107499576
0.019513280533386725 0.023844219999860236 0.2683985709048797
0.019480126991754474 0.023905256244726936 0.26843267082261874
0.019461018630128973 0.023942404650395984 0.2684742323994926
0.019341309994181217 0.024103172277542256 0.26848412164320884
0.019316227866234475 0.024133996645094868 0.26854488509128954
0.019261286570246706 0.02419752434322697 0.26859232792178284
0.019218390633474233 0.024249098972596594 0.26852766143344603
0.019191790385509246 0.02427283561351344 0.26857498610022984
0.019150960573165534 0.024325957945918065 0.2684776665378394
0.01909890872280188 0.024369513289499947 0.2683899309770947
0.019072874393800236 0.02439910992409551 0.2684453274348701
0.019021482105099904 0.024434832460884355 0.268371912108626
0.018965927305613917 0.024488896509435146 0.2684185805038028
0.01887600223989859 0.024548584518422914 0.26840716256006636
0.018809617070798677 0.02458919647009837 0.268450573873162
0.01877335973008372 0.02461321315842337 0.2685190902254159
0.018756027852226482 0.0246296814250813 0.2685970606659894
0.01866791143182169 0.0246773183946022 0.26865831735778645
0.018613526005547894 0.024700517724635614 0.2687129885722874
0.01856048296640018 0.024723834836246267 0.2686615680306323
0.01850522076736829 0.024743939177937827 0.26873913797908716
0.018538336383765893 0.02473032292831867 0.2685897303668417
0.01849389384478945 0.024749261017335412 0.2686588165949463
0.018397150604185116 0.024785829349081915 0.2687341391401147
0.018363352522325297 0.024799726347240217 0.26865500731589204
0.018323657423911698 0.02481159517672224 0.2687434679492194
0.018252535434304204 0.024837794735626806 0.26865624768203633
0.02567865870810044 0.008899044141813538 0.25950201869675316
0.025654388212460057 0.008995540963732524 0.25952605107909243
0.025633286656297244 0.009074817349904521 0.25952209017982225
0.02561565134282112 0.009159593729561955 0.25955728508386783
0.025401910468895516 0.00979554237642471 0.25948524295128617
0.02497307218879334 0.010989473286528733 0.25970986652377404
0.024942459381909872 0.011067406537483147 0.259735276375218
0.02491707668653171 0.011143442894316742 0.25975570046429936
0.02479553672206473 0.011431654092272075 0.2598837225319694
0.024771994138791272 0.011488395099672016 0.2599086713506199
0.024733773786153344 0.011578095977060953 0.25996134747272365
0.024707752234542964 0.011643628802132931 0.2599994333137919
0.024579222766492315 0.011910461007845851 0.26003829980883536
0.02107480066410154 0.02058597835538396 0.2640596576141844
0.02105301377525011 0.02062181328930244 0.2640893810457702
0.021011210305291184 0.020699055324489454 0.2641571176532993
0.020993542053072863 0.020729028493057623 0.2642125538781846
0.020935364567682715 0.020798578142745893 0.26426732537005687
0.020907211490856604 0.020822073110802978 0.2642973589519481
0.021298279928982904 0.020234888000636886 0.26367007075574117
0.021265856768747673 0.020294794851859303 0.26372811830829057
0.021228675213080733 0.02035548224278172 0.26374697774362715
0.021188372324091997 0.02040723968484149 0.26381038764688036
0.021155325311339925 0.02044890361110888 0.2638753801110294
0.02112251506463605 0.02049978491157528 0.26391900674136076
0.02090729636862219 0.020826497889522764 0.2641725177599118
0.020861579205636603 0.020867173601792174 0.2642243195710763
0.020803930889243503 0.0209100357797478 0.26429649165583163
0.020751295126467045 0.020942912581178558 0.2643385691486827
0.022636271443193245 0.016483577030493114 0.26202658142201246
0.022595735841727808 0.016540251229592344 0.26207308701382986
0.02139786036502293 0.020026933130060737 0.263444007044231
0.02137429836837157 0.020071630857731865 0.26346378369346285
0.02133098285288916 0.020156079917431523 0.26351778783158514
0.021296024854656592 0.020231466497886007 0.2635567368219052
0.02128339778303565 0.02026765841231346 0.26359574557595294
0.021243231356452875 0.020345744291804406 0.2636250090173039
0.0212027806208294 0.0203912311185808 0.2636940491004249
0.020765213809093762 0.02093551428526776 0.2642051835988973
0.020711284851076855 0.020966745725042504 0.26425424438116596
0.020661911642666723 0.02099778533543907 0.26433189610862734
0.020620297142543976 0.0210225763733293 0.264389348997326
0.023201378215297132 0.01537408133683341 0.26120102671003215
0.023168515067411077 0.015450433165336295 0.261244989201946
0.02314792082721155 0.015509887058068396 0.2612671855442035
0.023113308035775187 0.015585733335989668 0.26130417516970117
0.023093561721913538 0.015635375565061962 0.2613208621311266
0.02271400469834798 0.01636920285218383 0.2618071383314875
0.02267510848808415 0.016429106524708165 0.2618529931561542
0.022634428770435373 0.016492697371359194 0.2618640079686456
0.022448079777234467 0.016745201278305352 0.26214761133905917
0.022430519366873573 0.016755981705580767 0.2622065631793674
0.02156369668723002 0.019617136785039783 0.26309788032575304
0.021532135725926722 0.019693233557739456 0.2631309957693754
0.021507768356732578 0.019762028225698922 0.2631600965026807
0.02148839518457216 0.01983168623953327 0.26320934667840723
0.021464560133529296 0.01988824881085732 0.26324217877195905
0.02142624384545637 0.019951530112683368 0.2632778727939728
0.021398898279149384 0.02000926457289084 0.2633356975076158
0.02057790682199218 0.021038802559213247 0.2643117312466813
0.020521548032984768 0.021067366317648245 0.26438476473629857
0.023634171444808637 0.013892272585966463 0.2606100118302336
0.023593798593426942 0.014035696833067029 0.26066605998377085
0.02356427966771511 0.014130401404567861 0.2606881639418249
0.023542186511142083 0.014196736135302068 0.26070079660706497
0.02352759875862623 0.014261612880863894 0.2607420809474599
0.023502947615147513 0.014340461444956168 0.2607382611090098
0.02348088642495113 0.014424625026413231 0.26079788232455803
0.023456929344958074 0.014508521656519092 0.2608180834229213
0.02343834330136241 0.014581809269746468 0.260820404226855
0.023418992838535938 0.014670934274791225 0.26088120486307037
0.023389998489153588 0.014760101950663867 0.26085089826010377
0.023370387800841465 0.014841321741182955 0.2609056021048678
0.0233551018606915 0.01490155171058381 0.26093977907547217
0.023332531858895944 0.014987283200128168 0.26094844577723614
0.02330894354844131 0.015076680782926904 0.26095858957335194
0.023291715405264354 0.015128651074133956 0.26098357978372566
0.023251054708620336 0.015234416744251631 0.2610188411403784
0.023222043707210892 0.01530883789146356 0.261036893122122
0.02319956677547408 0.015364585450133408 0.2610791387626315
0.02318018695987712 0.015413325915680662 0.2611311687997798
0.023149993139225136 0.015491699257852536 0.261151695714581
0.02312803532047243 0.015552225663620184 0.2611766774058862
0.02308911699261319 0.01564613023094364 0.26121947557164643
0.02306912568817718 0.015699389507851574 0.26123568144620474
0.02304323452941982 0.01576115045444539 0.26126663736928946
0.02301136560118377 0.015835770209398994 0.2613159929260562
0.022987368719364434 0.01588651862793808 0.2613327492913759
0.0229419215251739 0.015970531595085713 0.26139844377890153
0.02292252155029314 0.016013448131503426 0.2614445156583568
0.02289948172014783 0.01606438865854635 0.2614779238958359
0.022863363426719685 0.016133486850316063 0.2614903965007756
0.02281827813674125 0.016213698675803547 0.2615393294117819
0.022797139249019185 0.016254129422879224 0.2615898965257667
0.02275436042690293 0.016330460355401862 0.2616311396854247
0.02272875784215833 0.01636619677873812 0.2616576744871299
0.022690118652725185 0.016426998580223864 0.26172784759719375
0.022369130615499992 0.01680989684304011 0.26213065941689456
0.02163742975453124 0.019393540658971146 0.26286832970215684
0.02158818761090855 0.01954070862630118 0.26292406961230536
0.021567057524931058 0.019609350872219697 0.26298091518593997
0.020427330778475413 0.021096908332212932 0.26436504526043886
0.023651332657726832 0.01378844936306818 0.2604662685609715
0.023640537970141044 0.013841823601446005 0.26049118541264876
0.02361116972723694 0.013943737181238184 0.2605144068652878
0.023526109657880535 0.014236465205977447 0.2606602969078997
0.023303397588365866 0.015063823709024128 0.2608460883867914
0.02328899281181387 0.015123918406898187 0.2608886680803075
0.022888411377645464 0.016070434880288698 0.26137494249984844
0.022738348245473508 0.016346136901960975 0.26154202802887044
0.02231324860388889 0.01683391514863342 0.2620358321066157
0.02228515908134314 0.01684956409807326 0.26208714439271363
0.02179082242896185 0.018892604621282196 0.26253073272871724
0.021726662843339562 0.019096930920146696 0.26264529289354394
0.021712047929875335 0.01915144468571338 0.2626509534384095
0.020307658871869704 0.021127563024401566 0.26440437490849433
0.02222695494739397 0.01687654729711861 0.2620174904146469
0.021855161576884077 0.018707625132565135 0.2623601397449851
0.0218266352225919 0.018793046611063437 0.2623789161083698
0.021795611187585464 0.018875198522313008 0.26241485720365026
0.021778284471179507 0.018938882366484826 0.2624420331542335
0.022164721282454287 0.01690321297152772 0.2619540457004739
0.021939275183458416 0.018339597325784104 0.2620866418972331
0.021918829731423745 0.018417287825629666 0.26211335515470663
0.02191521039199749 0.018481516574328817 0.2621550068020049
0.021905452645044305 0.018543210819072158 0.2621782491542941
0.021883278204776462 0.018619235161613446 0.26222097597537863
0.02185947682888966 0.018691303175773093 0.26225724420170654
0.02194888915518725 0.018292618777853282 0.261986395578189
0.01935608249600258 0.021889655492225903 0.2659786437275583
0.019340910170759888 0.02171734414759772 0.265907059775033
0.019334111183260956 0.02159478564808342 0.2658858183563939
0.01937328481934152 0.022047423065349243 0.2661089421333141
0.019317481102422932 0.021481817025175366 0.26590511715815923
0.01950089935482289 0.02266304440913401 0.2672045421730688
0.019269973364353335 0.021356751999955948 0.2659072776188436
0.01940777640837074 0.022390790741783267 0.26643685941277134
0.02927146681046764 -0.002326709248516871 0.26430643289791744
0.02930605528783669 -0.002207703484669934 0.26430577228874996
0.029350755053561304 -0.001964336024713324 0.26414135026352686
0.029337799517521405 -0.0020517568337795134 0.26422836975805625
0.029329286363086668 -0.0021279712669893345 0.26431752702849487
0.029409126937420642 -0.0016468595214526966 0.26391217717664256
0.029400387046723105 -0.001735914375317916 0.2640257477772115
0.029381963023968224 -0.0018591312101559551 0.2641304653024786
0.029376843893755753 -0.001923661040340482 0.2642367216972142
0.02944121710380488 -0.0014220352822795178 0.2637910806250746
0.029434997681545297 -0.001513949540661889 0.2638918574988741
0.02942511201879079 -0.0016026480329353401 0.26399944161359507
0.02941937933748881 -0.001675238117093946 0.2640750891703761
0.02940471062884026 -0.0017877041258172418 0.2641929985663904
0.029450700771407014 -0.001380758102720911 0.263874306392698
0.02944538062569325 -0.0014733628110106616 0.263982389837555
0.02944010796978209 -0.0015530584769220947 0.264071085493224
0.02946041416483048 -0.0012530047383013192 0.26386450741480727
0.029460078413167737 -0.001333394918387765 0.2639631104579474
0.029470162843464764 -0.0011558463858790575 0.2638721968243734
0.02947086571421405 -0.0012016320031572358 0.2639545606096385
0.029465551302966606 -0.0008628599023966952 0.2637093395620522
0.02946762111567729 -0.000916005516569804 0.26376851200808493
0.029475228465587755 -0.0010053751786775172 0.26388842367483206
0.029476333593392547 -0.0010961840469388387 0.2639286539014985
0.027780475836469646 0.0035378107814940224 0.260883841893436
0.029463032754167704 -0.0008086155836182481 0.263770111989124
0.029474325371393363 -0.0008911179656510843 0.2639130679863929
0.027810334961177897 0.003643416183211229 0.2608387832649636
0.027805140896515364 0.0035848815864787296 0.2609280683055788
0.027789798713560847 0.0035112048201504527 0.26100751300600367
0.027648617591562393 0.0018670984547858895 0.2628295892958331
0.02771741151863183 0.0018064505359494654 0.2628397666942817
0.02782896898285128 0.0017091803126842102 0.262857810051587
0.02788511753962596 0.001661193987350942 0.26285769801078623
0.027940155150882082 0.0016142031895999328 0.2628598467718096
0.02944846142823571 -0.0006584537989595019 0.2638336373060353
0.02783358879828229 0.0037636928424538995 0.26085083505741685
0.027833720265914463 0.0037012418523497998 0.2609382125685468
0.027819300495033276 0.0036192375303866885 0.26103017860568617
0.02826849979311127 0.0012709433285992922 0.2629979335182599
0.027826195159860984 0.003914731269290244 0.260860318971677
0.028782639374753255 0.0008152638225725806 0.26318087860285155
0.028842558502405715 0.0007501210749384746 0.2632027065613462
0.02941332228644167 -0.0004019455984298778 0.2638353147371129
0.019417601158706624 0.022427326642536587 0.26653401448539726
0.027815249087557652 0.004033104727305756 0.2608957968568815
0.028842594626620147 0.0007710572633331886 0.26328125629406723
0.02888084360478055 0.0007321233666565353 0.2633124641594101
0.028939530335284357 0.0006681733890760587 0.26331419789244404
0.028994330605353703 0.0006098909475007364 0.26335780056099
0.029038021100991074 0.0005480607517311801 0.2633956793014927
0.029330814417176825 -7.489353536764705e-05 0.26373203735354744
0.029356715245150246 -0.00016040556407253626 0.2637811474925929
0.02937905866012843 -0.00023796521720971194 0.2638626022175164
0.02774819946303005 0.004366084358988459 0.26071365798778673
0.027771266514200064 0.004264039075072645 0.26078050707215467
0.02779099136807681 0.0042016295518105505 0.2608461257116235
0.027805780448635502 0.004133777247584862 0.2609107171329387
0.02920799035354466 0.00024078806783083375 0.26364766609899404
0.02924345071088441 0.00016514220123959043 0.2636829180042618
0.029272347113787674 9.24843422462926e-05 0.26374252824101485
0.029303208549613647 1.6105593336024717e-05 0.26378107647824656
0.02765720392978509 0.00477519592865006 0.26053362764312626
0.02767968694567089 0.004683038257050875 0.2605891422876995
0.027697773463749697 0.004595137222782879 0.2606481414617479
0.027714550375440107 0.004537153643278269 0.260704732351845
0.02773674479332035 0.004457775902944864 0.2607524328702334
0.027755935481999762 0.004382660034927458 0.26080928138595705
0.02752832864862883 0.005170683069751436 0.2604135976296698
0.027566803020492657 0.005089017431139916 0.2604457658745684
0.02759503132222527 0.005011995789386543 0.2604798424014295
0.027617584865155566 0.0049399259024312985 0.2605342790691779
0.027648146309696104 0.004846664451103833 0.2605706939137317
0.02743924886612215 0.005377289604844578 0.2603494421216807
0.02746016541861861 0.005341521843818052 0.2604203221259331
0.0274935340426188 0.00526224054773156 0.2604418834320896
0.027528167245576444 0.0051917704234932475 0.2604786867260011
0.027095740092709188 0.0061101988451549 0.2600743038545201
0.027140226530380375 0.006018253914683807 0.26009975545415526
0.02716434332755179 0.005981077503092051 0.26014334436576547
0.02720654910996785 0.005899227083173272 0.26017630244049333
0.027230957079463502 0.005849966132813637 0.26019633845543555
0.02727502832135674 0.005765659314569489 0.2602389286155143
0.027302603311740652 0.0057050875341472865 0.2602724474269762
0.027330177743368822 0.005646505952348599 0.2603364989374528
0.027407598439896756 0.005473031205477451 0.2604127766409258
0.02693404099302948 0.006460829193184116 0.2599933687761937
0.02695957052683193 0.006406820817632227 0.26002821285135835
0.026757752248451654 0.006857025678014702 0.25988162911965645
0.02680228159187886 0.006774772819814799 0.25991443485378757
0.026834513608262486 0.006701491469487652 0.2599729378230635
0.026724189883300237 0.00692563431496061 0.25995250028080014
0.02674729932235588 0.006889159637124158 0.2599770485516815
0.025803510164269267 0.00828945137573443 0.259501933628786
0.026630366267935586 0.007081938150371728 0.2599909533175553
0.025780076140061624 0.008468643930157366 0.2594874080944133
0.025794274865889283 0.008396462271095341 0.25952235195481693
0.02576505162499293 0.008579267096768116 0.25953219803029154
0.02572275699989707 0.008742609874581643 0.2595112303522095
0.02574466974461162 0.008674912650841013 0.25957385747745776
0.025670229280764796 0.008930939505971163 0.2595077407156316
0.025695081989552254 0.00885382352059561 0.25956668435876173
0.025629589649398488 0.009088060452507811 0.2595147943403621
0.025646750748975395 0.009030599137905528 0.2595414963138003
0.02536187844171112 0.009915356049341174 0.25949421254892424
0.025310008567300164 0.010084962572792688 0.259505272794458
0.02533715093010125 0.009994249108866161 0.2595450823172387
0.02525468958236801 0.01024575394472299 0.2595395312929491
0.02519215969528194 0.010418378550672737 0.25954957748335594
0.025220620294574912 0.010350538963572088 0.25959831751628465
0.025168277067326723 0.010506446149606089 0.2596049060293343
0.025099101756889983 0.010664321240454383 0.2596314863738699
0.02511655217712168 0.010617450138023822 0.2596604979576029
0.025064878970902555 0.010759341394982013 0.2596716084507452
0.024967552943131504 0.011004100775826675 0.2597023323161737
0.024995219191625007 0.01092412693535551 0.2597231537602781
0.02490945981716863 0.011153120217152528 0.2597285265793391
0.024937603990426625 0.011085490197011036 0.25975418561453695
0.02468965293699472 0.011671181261993435 0.25995020358208537
0.024651574808966643 0.011759983619285303 0.26004140303002926
0.024684198198927847 0.011702166547458002 0.26005858321724473
0.024581329356084647 0.011907747036510877 0.2600739803531121
0.02460272299539455 0.01186504097666139 0.26009589427218677
0.02448278436289951 0.01206783695407146 0.26015697323240644
0.024519738195072395 0.012016977584661949 0.26015841369448733
0.023773589423774343 0.013218616034697376 0.2604500017225112
0.023719794500831202 0.013502899781448856 0.2604025596873683
0.023738280846955416 0.013411607745872975 0.26041913020780066
0.023758625829692327 0.013332529419596135 0.2604913227461318
0.02369884420549991 0.013599559311688221 0.26042723541713314
0.02372360654305172 0.013515156260917942 0.26046281503854246
0.0236733631483039 0.013715715007159684 0.2604810642108564
0.023696076163653945 0.013647061823647895 0.2605140846019414
0.023630081666316555 0.013882678849500701 0.2605042628480516
0.023659426848142245 0.013800915498760306 0.2605508776233844
0.0236074586507263 0.013968421683683507 0.2605618203501856
0.02363129837300663 0.013901125147686618 0.2605788968979757
0.023576131280263753 0.01407273259802069 0.26061431809880437
0.02354334045746087 0.014179748848941225 0.26065713456851913
0.023491967273949286 0.014350514179590719 0.2606926928356879
0.023524735364217324 0.014258557055477369 0.26070179890426864
0.023464555712338495 0.014454228715618746 0.2607483967305837
0.023492347719844223 0.014376644679936445 0.26075828320245464
0.02344163506262447 0.014545812695888153 0.2607777032481981
0.02339570755538257 0.014721768363306123 0.2608008345642446
0.023422798555409515 0.014640732516176714 0.2608225701916234
0.02335984210097034 0.014857541835458728 0.260839271368735
0.0233736047547469 0.014810269197664651 0.2608391314508269
0.023395613573462523 0.014753946394421798 0.2608930775779688
0.023326555724287143 0.01498898973274376 0.26087193112725604
0.023354430160757802 0.01489831878915085 0.26091421015609323
0.02329849199899345 0.015106310115424527 0.26093606379545464
0.02332205519257351 0.015028707600402487 0.2609758604142877
0.02324365020564704 0.015244292003036881 0.2609611520096893
0.023267408304566858 0.01518893692120803 0.26099527289700847
0.02329893017928699 0.015102977412772216 0.26102293522741615
0.023237770728615215 0.015276022382120088 0.26105972821012874
0.023265199858892704 0.015206622976014179 0.26108779975166746
0.023195747946716243 0.015378950297748516 0.2611211272670095
0.023029466206322322 0.015782390273375586 0.26120401614308875
0.02305852583415194 0.01571149743312384 0.26118949874554476
0.02299255527485694 0.01587169846117447 0.2612744718549256
0.023026954823144256 0.015798054636791917 0.2612930535289066
0.023054950243962192 0.015735521726832943 0.2613182910899079
0.022940292254712 0.015968939984846026 0.26134883990047847
0.022981026536571907 0.015891224113943885 0.2614030790910264
0.022865815953079387 0.016122187704316854 0.2614132470295258
0.022905113042419416 0.016048805023603133 0.26143678169206136
0.02293586359070876 0.01598408386452768 0.26146771597478835
0.022826398965995278 0.016197807776544972 0.2614968315370939
0.022850874885851195 0.016156847046800468 0.26152986842202597
0.02272584490343306 0.01636764033554626 0.2615839683731926
0.022769150731223747 0.016306167128116545 0.2615812895399268
0.022805288999790466 0.01623181765656358 0.26162694214691484
0.02268055760618004 0.0164407788493393 0.2616695559599541
0.02270729574235649 0.016400431333069652 0.26168019314965274
0.02275477720851267 0.016322623908363025 0.261689634295355
0.02265565576209728 0.016464994201428107 0.2617808674664776
0.022694075833077604 0.016405875691429827 0.2617898337601066
0.019475909016472333 0.022609747795441375 0.26699735525804286
0.02197125124672966 0.018219657642728388 0.26203808329648964
0.021925907188017343 0.01838375175498022 0.2620457848589135
0.021906449622411853 0.018474218116873335 0.26210342367748696
0.021922638698242843 0.018408923464496157 0.26213382577107736
0.02188587146726673 0.018589427890678526 0.26215588492461833
0.021913723894191234 0.018508983713045962 0.26217832365674487
0.021860107315370723 0.01867697980553401 0.26222570399638406
0.021881057282471264 0.018624699663040176 0.2622767616763088
0.021851491856225685 0.018719713863814012 0.26231747752484746
0.021873171363178043 0.018636925413255054 0.26231335714472476
0.021817762831743023 0.018818176266639505 0.2624024917227044
0.021793611829868206 0.01890459874396063 0.26246732513324356
0.021721337424432736 0.01911677597742483 0.2626032210714405
0.02174244618279099 0.019021330505069933 0.2626222284786158
0.021721631542667506 0.019137581541936184 0.2626995942403198
0.021695434325260776 0.01922227532918377 0.26276751077145766
0.02170941092725528 0.019174014158783552 0.26279009588665075
0.021661062116833007 0.019318333550479242 0.2628311022984825
0.02163166184813189 0.019430575743009628 0.2629344340908617
0.01949059995998095 0.022635635603169505 0.2671012576915554
0.021569804329817647 0.019599960241460955 0.2629649852105205
0.02152807519623142 0.019702696530139042 0.263061782105609
0.021556292779063846 0.019636083339562235 0.2630770299992427
0.019407562414715293 0.024028515083556475 0.2685316667771296
0.01934349826406787 0.024101473774610194 0.2685109682046777
0.021493127320236605 0.019801121456627126 0.2631311983998725
0.021518340923006703 0.019730076237474765 0.26316433638368164
0.02145278379260139 0.019899008598624937 0.2631972734920741
0.02149155316240186 0.01982073367300823 0.2632509093763772
0.021443830147376993 0.019924465085525304 0.2633363092756403
0.021364018450082425 0.020083820288034283 0.26340517875878267
0.021402212162449325 0.02001437636572269 0.2634000580860122
0.021357547661290274 0.020103548029844612 0.26351118220964853
0.021269933690785274 0.020267803269640446 0.2635317249789842
0.021313126990500728 0.020198170053285173 0.26358187470420513
0.019640233741449915 0.02303191802801038 0.26776241962036385
0.019612545115249097 0.02297735120023747 0.2676623252774371
0.021219268813690767 0.020374462912172264 0.2636419309524338
0.021279208773796125 0.02028336149946443 0.2636667119387985
0.021166267878732013 0.020434413942107064 0.26377192259602406
0.021202656528877407 0.020389350891611025 0.2637875543144383
0.02114662623116001 0.020465247643493632 0.26391321764278597
0.019534970316596525 0.022758445738479308 0.267406032203152
0.021086623002341338 0.020560948505295915 0.2639970229247293
0.021130531872542546 0.020493477802705325 0.2639854287231793
0.019533068514510542 0.0227784848877827 0.2672288255059197
0.025682367705305853 0.008894117737069138 0.2595405984009514
0.02571464930473953 0.008786046824531907 0.2595755551900114
0.02570655175587152 0.008803799056664527 0.25952720611704566
0.02565981627710192 0.008969143824363143 0.2595088387187849
0.02566587266303923 0.008966772254596625 0.25958291216305635
0.025734966411673717 0.008708693279951735 0.2595427331119739
0.02563686522597909 0.009070806846591829 0.25955111924460583
0.02575315152329488 0.008630133887798184 0.2595206958022518
0.025600457450552783 0.009193985653667443 0.25951049872053317
0.0257804551416974 0.008506264503356634 0.259570243365463
0.025770673809821374 0.008528146743722887 0.2594845159042662
0.019355048050706643 0.02408939065621496 0.2685416418624059
0.019444536749961737 0.023971116839850523 0.2685435977683944
0.019422791280433102 0.024002395258383488 0.26846692839452796
0.019493644692908468 0.023888677736567037 0.26847113089051666
0.019561119237243938 0.0237518519392649 0.2683849828698816
0.019588420770975907 0.02368085378940138 0.26830581915678103
0.01962449997883957 0.02357144932239048 0.268231503354572
0.019649362387770587 0.023467730844940176 0.2681870497398986
0.01966283959503278 0.023377058652497125 0.2681406850442566
0.025786922879603772 0.008441071771708877 0.25951536852781715
0.019677211388506383 0.023276284208746365 0.2681845271523159
0.01967195637988593 0.023290435375670465 0.26809880079488085
0.01967901422999913 0.023187039460540206 0.2681506918855049
0.019676289525386886 0.0232122914105702 0.26806242474550107
0.019666556683231393 0.02322159831246234 0.2679738475279969
0.01967611173124232 0.023121712416586393 0.2681175081526044
0.019673915020195356 0.023130987431836277 0.2680434417934885
0.019666530397713128 0.023136309017735345 0.2679457394666261
0.01965618384008208 0.02305392545321714 0.2679250617360332
0.019648624052444694 0.023060060135861205 0.26781962655129976
0.02579484383810711 0.008370370395310783 0.2594900441602674
0.019631607274606725 0.022985957705350526 0.26779063909255607
0.019627970887109384 0.02301452536726554 0.26770942378132306
0.01960522551191103 0.02292742700108481 0.2677209797934264
0.01959620816977195 0.022931932416062038 0.2676311048921657
0.019573324151200937 0.02286150958048775 0.267580234877189
0.01957967673971903 0.02288706233578581 0.26750644968683346
0.01954991353747483 0.022799718600372866 0.2674853774734642
0.019550022104078524 0.022805648825531672 0.2673824555416767
0.019537313776141825 0.022780991018172946 0.267304975671147
0.019521804287584807 0.02272727942476259 0.26725250547105195
0.01952080662670806 0.022741517591156432 0.2671865000243788
0.01950162698835554 0.022675544182382244 0.26713818765839054
0.019493754026714376 0.02268255560616549 0.26705945833531763
0.019480725047819187 0.022605577151706177 0.26705853901056664
0.019473038482901883 0.022626253803335952 0.2669384857936287
0.01946823181998814 0.022622932356729134 0.26688164607086307
0.025547859332896435 0.009350426426795046 0.2595642145973504
0.019462534823244382 0.02255581366436699 0.2669277691124334
0.01945490823678459 0.022550770669458823 0.2668339369687867
0.019444163155109235 0.02253369561012881 0.26673624865951356
0.019436541831888907 0.022455802123088772 0.26671387387216017
0.019428854835781325 0.022452490977038105 0.26662183949107
0.01941026955112839 0.02241866412912302 0.26647331162144783
0.019412534646508835 0.02234541681832172 0.2664762170135559
0.019401253822779106 0.0222666185418278 0.26642728626619255
0.019393212484610716 0.022260278316793548 0.2663307532939655
0.019387566289048197 0.022184529973475007 0.26629904443305624
0.01938112725147778 0.022095173679435372 0.2661944872524769
0.019364755479158547 0.02195247349554704 0.2660404974713571
0.02565536472619644 0.007833840663439569 0.25942380427757683
0.019359532755606413 0.021795267019546483 0.26598171988326286
0.01936048431977126 0.021699163756154796 0.2659773037887099
0.01934990106311394 0.02162111157435739 0.26593507632732294
0.02580960939832892 0.008250794686639966 0.2595575548759147
0.01933255300393778 0.021548895083942844 0.26590303369548607
0.019309191099879056 0.021432259432682243 0.2659217367966664
0.025800556162276823 0.008159633131057775 0.25951632458849355
0.025791228466234457 0.008184364095023093 0.25944653257170164
0.025529792637397603 0.009414957823638524 0.2596177336625066
0.02853049711427783 -0.003448595172339513 0.264361695555808
0.028543962997186152 -0.0034661341432578913 0.26445047263898047
0.02860550800555397 -0.0033747436963129126 0.26432612933899124
0.028618235642913357 -0.003393583754641513 0.264416116531688
0.028676760328086595 -0.003300452824130858 0.26429337265808284
0.02868955101129159 -0.003319638676314251 0.26438351970018154
0.028699920828429294 -0.003336600613467782 0.26447527288966577
0.028757924350225776 -0.003242987614514986 0.26435258377692034
0.02876922683842146 -0.0032613646013719792 0.264443590535541
0.028820209834900582 -0.003166830887361346 0.2643270465353291
0.0288327558832742 -0.0031857147552586977 0.26441724704975916
0.028841214221197276 -0.0032035648527214988 0.2645107580840821
0.028889859595426944 -0.0031104097455110988 0.26439650038339346
0.028898902894843405 -0.0031282688120170678 0.26448968060113937
0.028951181690960486 -0.003051922143252926 0.26447226075483826
0.029000867189393705 -0.0029755017882256264 0.2644577197238242
0.029048283933522462 -0.002898585918407608 0.26444433529083794
0.02909393300222423 -0.002821129987078098 0.2644320612438877
0.029134264748999026 -0.0027433959822583853 0.26442415813078013
0.02913839595394678 -0.0027594834000736266 0.2645181297958379
0.02916854153912357 -0.0026656500887589623 0.2644205162215663
0.029229031838070393 -0.0025100238664749045 0.26442360305990653
0.029255825508341257 -0.0024326788614938482 0.2644279527654014
0.029280026762700608 -0.0023297620172775626 0.26436659954084063
0.02928927707777286 -0.002250438764675065 0.26427643091676545
0.029300012744806467 -0.0022543646513820577 0.2643539677303892
0.02931030536462449 -0.0021663140869895158 0.2642632375640306
0.02932370817823347 -0.0021674883706299833 0.26435887413206444
0.02933669364174481 -0.002082393758421938 0.26428076945736084
0.029349708610647007 -0.001994001499647136 0.264192967816299
0.029358110781433376 -0.0020033720482903433 0.2642653196659242
0.029365862491800537 -0.0019088246741984557 0.26411831872701996
0.02937315542802706 -0.0019113836181455161 0.2641751512422475
0.029393440267549798 -0.0018084379640512524 0.26412040345974763
0.029393202095915675 -0.0018424596518749406 0.2642055437541558
0.029412677547521672 -0.001733655711208315 0.2641329434684803
0.02942857350931653 -0.0016585144006902143 0.2641259026480572
0.02943234157519 -0.0016086407072775613 0.2640799710142417
0.029445710134068565 -0.0006151725152095647 0.26387090087748727
0.029438024667943843 -0.0005404541084765067 0.2638771467725975
0.02941990590787734 -0.00043650863144826385 0.2638356359494423
0.029392886075028934 -0.0003171978078274981 0.26380921506755356
0.02940001806215994 -0.00032412281134547034 0.26387508978490276
0.029365073396502576 -0.00021767668221758048 0.2637476118811869
0.02937783218540466 -0.000250831836820662 0.26380782582333484
0.029352656155644093 -0.00013561373849069408 0.26379281265768834
0.029365895334424016 -0.0001755475116524799 0.26386634669202824
0.02931751966979919 -3.935043425729517e-05 0.26371051937837275
0.02578948145861219 0.008087080015977422 0.2595112760410912
0.025773801006000168 0.008088059426199945 0.2594405992764406
0.029188266933253028 0.00027930482956902314 0.26354192744401306
0.0291201025222641 0.0004062624519217369 0.2634389714665224
0.029135378974756525 0.0003762852231081448 0.263507809019151
0.02702789554484965 0.0024345767212439464 0.26130225823760694
0.027040890583003057 0.002417151673026182 0.2613934274384261
0.027045405841260337 0.002402711211779627 0.2614907447180934
0.027036003516075588 0.0023918491509348568 0.26160061715692745
0.027014526650814438 0.002385250494443632 0.2617300261631483
0.0271092468536368 0.002506719119952365 0.26126163522728985
0.027125091494820643 0.002488279849856564 0.2613505862945352
0.02713223468982882 0.0024718718314499255 0.26144652634246646
0.027125709401365727 0.0024601073686420813 0.26155328753871915
0.02710598134215212 0.002452250701467349 0.2616820311228722
0.027069803302032416 0.0024317969980777554 0.2617675760796538
0.027203598768537327 0.002560611293250483 0.26131244609041776
0.027214405440752765 0.0025441919615390735 0.26140481102901336
0.02721169196969152 0.0025305557612299917 0.2615083488501993
0.027192603367776295 0.002521155884010176 0.26162462540194215
0.02717844612836481 0.0025230811865171363 0.26173560681742447
0.027277162355028382 0.0026339933607380517 0.2612789069563529
0.027290472653535493 0.0026177616718464527 0.26136842573164265
0.02729219702337868 0.0026025854157887807 0.2614682611351862
0.027275519032909305 0.0025905932945888377 0.2615837809679555
0.02725126688019092 0.0025846892599933613 0.26169934735954065
0.027344483645530323 0.002708198852535718 0.26125044438738565
0.02735925559341951 0.0026908987306329623 0.2613390284798498
0.02736325497658668 0.0026756965401161822 0.26143628459244816
0.027352178794393667 0.0026622769426303807 0.26154934096109406
0.027328030450847435 0.0026555627550828684 0.2616840003821886
0.02742126709813132 0.0027652188422398446 0.26131495188137516
0.02742551244637509 0.002749793171281501 0.26141179019297645
0.027418338920322298 0.0027357373350127404 0.26152032384393664
0.0274046467342812 0.0027335519005404585 0.26165495947821504
0.027464706586963115 0.0028547138936913805 0.2612070907304646
0.027477237010235064 0.002839036110192692 0.26129683662561975
0.027481116528350804 0.002823872232463627 0.2613935916748493
0.027475443805797046 0.002809783408839343 0.26149782236163455
0.027518212602341878 0.0029291002656111603 0.2611911295716438
0.027529962792825977 0.002913020791144411 0.261281947652027
0.027533159076341095 0.002897729769541546 0.2613791394218948
0.027567781541757687 0.0030044593218990483 0.26117867711884996
0.027578448204936618 0.002987933745817572 0.26127035633913354
0.027614180112702464 0.0030801003814160417 0.26116794624612566
0.02762365843418758 0.003063824944837673 0.26126004721781443
0.027656816745210602 0.003156557090538018 0.26115956772008536
0.027664511322962243 0.0031406182829374824 0.26125285019049355
0.027695544013785864 0.003234438006002926 0.26115380635088625
0.027701688708123434 0.0032172177170650155 0.26124622541699494
0.02773380367006038 0.003319350676491059 0.2611588978135772
0.02773182662137198 0.00328960740659092 0.26123858659932614
0.027760535982574025 0.003424676273278145 0.2610562817454927
0.02775725574378599 0.003393228451113033 0.2611308434368265
0.027778236732251216 0.0035089274444208983 0.2609387534892224
0.02778489096970701 0.0034870787749878155 0.2610626047022479
0.027781451274844753 0.003470541373847896 0.2611337324427068
0.02779613846209319 0.00359465727335379 0.26086010207410626
0.027806469200436525 0.0035721354229837398 0.26098790094069424
0.027805178560142915 0.003563206473247346 0.2610619105610435
0.025489870432943734 0.009521036940720044 0.25955254502921254
0.02782542286663401 0.0036721295731073954 0.26088814963053386
0.027825778159862095 0.0036581103752745033 0.26098018030182785
0.0245754000189723 0.011919894939576325 0.2601058959576423
0.027831604059033222 0.0038359687040427186 0.26082896934129063
0.024634541435576786 0.011801416041224406 0.26008747364542806
0.024610868412997595 0.011836566542839487 0.2600410525345174
0.02781636689690913 0.003999473642702886 0.26086485588645886
0.0246705985028068 0.011726193421343201 0.2600352515671377
0.02465268666594186 0.011746116862824348 0.25998284267877253
0.027799288983403586 0.004117581283600586 0.2608456514850915
0.027813528557595512 0.004087758475791759 0.26093169065792116
0.02541690739326591 0.00975854683529114 0.25953536872804484
0.024722879668547172 0.011610274179660417 0.2599961787170174
0.027781841409460113 0.004206819770299009 0.26080049158744706
0.027797486648312785 0.004180785886876912 0.26087960902936225
0.027775433487481967 0.004289464366634419 0.26083661362687566
0.024756532914056772 0.011522964862658705 0.2599784124784911
0.02474502518788866 0.011543498143839651 0.25990520230022063
0.027738362646451423 0.004421792247791538 0.2607030499783267
0.02774814148568785 0.004417974876686826 0.2607866152664615
0.027759252237221307 0.004369598586984337 0.2608426041501347
0.024798552391327684 0.011427786600424247 0.25993703345810754
0.024784541089023157 0.011458868895969601 0.2598593836286721
0.02771220939384385 0.004520687704265245 0.2606736166185644
0.027723579799046803 0.004503193866557363 0.2607238325187133
0.02770279138840494 0.004605212346941153 0.26069876446447743
0.027712956064820708 0.004559535541626014 0.26073740709132354
0.024844840033974903 0.011310430329056438 0.2599702958844893
0.024826403567369947 0.011338764547686928 0.25989838971191886
0.02766334005925249 0.004734946854937409 0.2605470813073271
0.027687252275217976 0.004684485101044054 0.2606397239417976
0.02765840036984886 0.0047975273316144635 0.2605573120065927
0.024869332355645434 0.011230407486981307 0.25992324380881326
0.027626043288438807 0.004904974511480578 0.26051812671188346
0.027574187666768998 0.005052530958127444 0.2604246574476615
0.027598133824221303 0.005006184120362464 0.26051873939211667
0.024918400462970464 0.011136567858194557 0.25982333347394887
0.02491385705386434 0.01115160219082684 0.25977356552365966
0.027563593386737095 0.005107635820461163 0.260483070228607
0.024944023315017463 0.011065586760217275 0.2597974288299076
0.02493035755614376 0.011098680236610299 0.2597209980785399
0.0275079760125325 0.005219766971841529 0.26040504683675114
0.027461917176022525 0.0053209137228695785 0.26037065848936675
0.02747797071709113 0.005300464364070589 0.2604501040685005
0.024983749527739282 0.010960191834134296 0.2597540367974735
0.027423558927936076 0.005424702103290524 0.26036786969153763
0.02738057188834653 0.005514950258014966 0.26033022495623276
0.027390505955595692 0.00550838211824252 0.2603964796673696
0.025011886468070496 0.010880288556181653 0.2597068368730962
0.027336705661789994 0.005621733341335234 0.2602686001861781
0.027348335273605393 0.005600538079618014 0.26036254492317684
0.027262797882653327 0.005767124892837387 0.2601885666273737
0.027291032316960655 0.0057255011193603055 0.26023800998487373
0.02506126035474661 0.010775013866187774 0.2597226632738614
0.025048048962076446 0.010797712851247056 0.25967931555441737
0.027219215414161377 0.005852526432763285 0.26014917218083067
0.027231195846767708 0.005855352614264555 0.26024104527826775
0.025088899157519443 0.010699846511043793 0.2596808074952646
0.027184226156479186 0.005950559741743538 0.26019855080249277
0.02711375371450146 0.006077309634311708 0.2600942540635424
0.0271369307408079 0.006038636708053908 0.26014965886591773
0.02512110480272289 0.010605475512416848 0.2596157735108012
0.02706503812696772 0.006184642847042377 0.26007364016589674
0.027014658268695087 0.006284738928237649 0.26003701913765087
0.025171752366033327 0.010495853777011852 0.2596415662822211
0.025156114424091255 0.010518103783206346 0.259568916793605
0.02520131638411608 0.010401430242178218 0.25961267867580723
0.02576573041372122 0.007999048094736949 0.25950399047939043
0.025227907765972203 0.010323970511607798 0.25956506338991137
0.026845681494157513 0.00666853430979451 0.25995120879525274
0.02678194966872948 0.00681097002873822 0.25988013141420496
0.026795988364378753 0.006792507687152322 0.2599638511787034
0.02526992457414194 0.010214182585935016 0.2595823022706084
0.026752846172264793 0.006875755511938348 0.25993182867680237
0.026702034172001447 0.006964483957164155 0.259975556313796
0.02529379336654299 0.010139173810199636 0.2595277396523429
0.025321256310491168 0.010044009520994235 0.2594879024628118
0.025453619337540128 0.009636235252783317 0.25948413094382217
0.02545840420409094 0.009631756218301944 0.2595488212792843
0.025751644704570587 0.007955497090875504 0.2595093028291892
0.02572776764813395 0.007948502433145023 0.25942528399475806
0.02535137968870614 0.00995141658630093 0.25953888656552815
0.02568931522275493 0.007835727706942214 0.2595851160494666
0.025381542287755805 0.009855757445392575 0.2594795283851377
0.02569382593976223 0.007845179517310844 0.25954097322544234
0.019334034724524985 0.024111712729728927 0.2686047865387995
0.019382468925415664 0.024060900269992042 0.2685434437289553
0.019478098906530406 0.02391762174379231 0.26851978266511556
0.019513474290257623 0.02385278166475574 0.26845596902725744
0.019532969397031506 0.023806795447163864 0.2683776181746555
0.0196804486400673 0.023159510037794664 0.26810068770216944
0.02126481252805306 0.020315963518775737 0.2636350634088906
0.021331242006798215 0.020158218269546568 0.26359646682744486
0.02161252877375819 0.0195070432345011 0.26300589165876037
0.01929862128862833 0.02138754605528027 0.2659739019686821
0.019270938851877088 0.021336476484228 0.2659429648419887
0.02172154954492625 0.019145300532745442 0.2627641309171575
0.021729518705669866 0.01910306944348487 0.2626926932171882
0.019244026407816438 0.02127582231507336 0.26593869318904834
0.0217515433386221 0.019008083471185544 0.2627140418918464
0.02176498352483489 0.0189441311259707 0.26263775273641726
0.021775601448692186 0.018918983755617413 0.26254912605444586
0.01922392383270497 0.02121258279730991 0.26598362765318134
0.019194651425238414 0.021172162530532022 0.26591470668108474
0.02190906043201131 0.01854832861478087 0.26222413263106165
0.02190597674002236 0.018509678748147344 0.2621400830679877
0.021925317749536547 0.018415527602140706 0.26216582631091867
0.021926158165515824 0.018384594035120702 0.26209880746705827
0.021939102619458587 0.01834534025965706 0.26201436543472845
0.02195405877357818 0.018292161395815826 0.2620509764712407
0.02198735992846464 0.01812692970480866 0.26200691810915
0.021993371524556656 0.018079703238917215 0.2619285466689959
0.022021279174589032 0.018032635087439623 0.26203393061694885
0.02202915133865856 0.018011661676632186 0.2619538059267968
0.022013740292046703 0.017968926143043403 0.26188760497581265
0.02203820678893019 0.017898443598033793 0.2619881649896314
0.022027652342729867 0.01782189395629684 0.26200894216016396
0.022009572558383515 0.017802435627504453 0.2619687880204197
0.02195902756150962 0.017753259381140904 0.2618059110162584
0.021907797310356254 0.01765649913483865 0.26176777484573355
0.02261591466006083 0.01651160518985196 0.26195839584242653
0.022657397477728013 0.016459986448550505 0.26188816121717046
0.0226791098777195 0.016424243010720787 0.26181352197790114
0.022727359405483077 0.016364907446976107 0.26171516686748125
0.022772172096743183 0.016300231976785363 0.2616429261583373
0.022795512794755474 0.01625537696617842 0.26155076365490043
0.022848710937126832 0.016153450915694343 0.26157697317570766
0.0229451116972577 0.015960380477995178 0.2614288109803513
0.022967345573669726 0.015921853822145532 0.2613409136582717
0.023017500212366312 0.01581432349691351 0.2613671429257552
0.023038596755581797 0.01577078492178169 0.2613043612011862
0.023076934181591676 0.01568248096347342 0.26132658535952863
0.02308586175315902 0.015659300779401773 0.26127188129814094
0.023103547820784647 0.015604740947384546 0.26118415630488245
0.023131845814581112 0.015545048047228742 0.2612935435830188
0.023148097652496542 0.015509716134046114 0.26121129073033145
0.02320094064489221 0.015371166167370021 0.26115545155869807
0.02321971754726285 0.01532430034258639 0.26107159000073055
0.02325340877621142 0.015241750097892333 0.2611023054153117
0.02326544939311967 0.01519679654451853 0.26104246738490006
0.023275478944970486 0.015168579448262403 0.2609425932542729
0.02329597813320709 0.01511183567237238 0.26105688309275116
0.02330867473507382 0.015074459760637603 0.2609936965655239
0.023315707089625742 0.015050325899067872 0.2609111006872056
0.023345161323445263 0.01493526704008115 0.2609299702388365
0.023345657219287653 0.01491363839072068 0.2608616026499207
0.023363770782269176 0.014869267490246954 0.26094465351040547
0.023377406628977745 0.014809399350955826 0.2608717829334738
0.023379893186251808 0.014773289343127305 0.26080103893466433
0.02340728961174777 0.014698349717949996 0.260834901478106
0.023434364018342434 0.014614133335759161 0.2608675607413896
0.023434041333731774 0.014572185845503996 0.2607750108773382
0.02346917128329437 0.014464165610675895 0.26080284625970346
0.023476774707298594 0.014416753362945648 0.2607448408616048
0.02351050850021113 0.014298297404414203 0.2606937733072858
0.02353535498603804 0.014224075088013459 0.26071342812832715
0.02355214349800197 0.014146743812564977 0.2606422153141464
0.023582928161928845 0.014072518057499431 0.2606737402669909
0.023582678092039618 0.014044977383060802 0.26058750828906796
0.023615937747662196 0.013953787060982738 0.26062218069837517
0.023624065916587663 0.013915026103767244 0.26054333493523174
0.023648430260473436 0.013842114386916328 0.26059050624529284
0.023661430646369986 0.013778019907851132 0.26050473240359323
0.02368305908592162 0.013708093893383786 0.2605513345838348
0.023686472835510324 0.013653376156234959 0.2604543221472349
0.023712110674240384 0.013577070196374084 0.2604976961522948
0.02371293909845817 0.013548840107843962 0.26042992473933263
0.023734747425304754 0.013451812485960491 0.2604562821741813
0.023747863606271822 0.013383559289420945 0.2604680147382223
0.02377260912415721 0.013267585044121533 0.2605182784017559
0.0237619084982427 0.013277019377104486 0.2604343047650226
0.0237876322846722 0.01318280852986472 0.26054089315310536
0.02378437000474707 0.013158740975627092 0.26045845156128
0.023794435290645923 0.013086610079632128 0.26049288650374747
0.023781132566140763 0.013042557948876484 0.2604173023949901
0.023757768359896257 0.012944858863431613 0.2603774797422684
0.023733403700311833 0.012915692167882166 0.2603145675675004
0.02374808791645439 0.012887942935519156 0.2604280319090334
0.02370518523462466 0.01282902320274676 0.260342891486308
0.02366965686997413 0.012788226334472805 0.26028651911058814
0.02365990137549654 0.012728152797802511 0.2603348063327015
0.023628248687136148 0.012715931354289745 0.26024060310537867
0.02664741227554174 0.007062711906284208 0.2600152831112858
0.026663349405833352 0.00703081452813229 0.25998205441517697
0.026727038233307205 0.006922224820157516 0.2599793107721688
0.026780421397759477 0.0068234710061644225 0.2599230963062825
0.026818560603747037 0.006739408456607909 0.25996656639978033
0.0268645250304336 0.006620582166354694 0.25997922289313474
0.026908399726055604 0.006518009987701476 0.2599977944587773
0.02698752592669574 0.006350719938536216 0.2600538587961275
0.02699076538703358 0.006330651779730288 0.26000089969588164
0.027039182952458402 0.00622564421781651 0.26002180502293626
0.02707610371216859 0.006152841320203855 0.2600517557441566
0.02711098081399327 0.006088478456289407 0.2601411183605968
0.027208310659962466 0.005903189510105444 0.26021949011830103
0.02719984593759773 0.005892212474919957 0.2601336967055363
0.027245060781991 0.005830021313464967 0.26025696754792554
0.02728511859430168 0.005748318138947127 0.26027875659211286
0.027326568890205537 0.005650575259369333 0.2602860781330243
0.027359748468569475 0.005570131300464231 0.26031873786595755
0.027398411180400904 0.005479477320171866 0.2603625778006175
0.027444838245335442 0.005379103300703907 0.2603863873818279
0.027476777297298412 0.005296045440252827 0.2604142985136033
0.027512292763976313 0.005219603304917503 0.2604478699668343
0.027548393514039045 0.00514509444520496 0.2604759275748799
0.027582357358656533 0.005055237641451206 0.26049188315628435
0.027608721059245302 0.004972883071072381 0.2605239888369187
0.027634257954553737 0.004883709832181304 0.26054926416963
0.027662457306392437 0.004800669203744503 0.260594220290289
0.027677070463186633 0.0047387766510307225 0.2606216338228428
0.027694646795229108 0.004640026027004267 0.26066150901947327
0.02771127636851803 0.00454890756705478 0.26069600005234655
0.027732202180367323 0.004464995996469348 0.2607162003721542
0.02774850017824132 0.004401697086445134 0.26074878982681415
0.027766441132622964 0.00433651369251092 0.2608621614132506
0.027765725643934164 0.004325198943285475 0.26079872006139004
0.027783652173654534 0.004260357587990453 0.2608866482262503
0.027783605805257086 0.004238339925964627 0.2608341153497929
0.027795786873389985 0.004162913115786877 0.2608435730443088
0.027810123482004637 0.0040779044169295085 0.26089347595676887
0.027796868684003096 0.0035321150278341566 0.26112155903194306
0.027782755950091987 0.0034687453770938935 0.2611990864626151
0.027767010935572847 0.0033977800450432577 0.2612188655921392
0.02711550409561361 0.002474931336635178 0.2617999874866468
0.027840536785581856 0.0017018931629999687 0.2628980325762402
0.027974933080329816 0.0015802307446945896 0.2628717900967438
0.028044750988935996 0.001502094032467089 0.26298768090241936
0.028062245290736948 0.0014689739981233272 0.26292246484742093
0.028473068904482365 0.0010904718636942006 0.26306626748585904
0.02856565675287034 0.0010124221311116816 0.2631163271220411
0.02869030945239721 0.000905997797476434 0.26312887320951694
0.028875647026712886 0.00072380654915327 0.263248922590945
0.028960671243352644 0.0006540098954696873 0.26336874488736495
0.029019942138440565 0.0005746851493882722 0.26337411873650707
0.02906412644844949 0.000504697003506085 0.26346420535474213
0.029111216715993416 0.00042720762033191683 0.2635010018749299
0.02915841822405076 0.0003280693421668586 0.26350852791901574
0.02919024100359664 0.00027858126607598717 0.2636154913054
0.029196892592631443 0.00026028454810359143 0.2635549596576879
0.029221595627588658 0.0002102797522585346 0.2636769327455244
0.02925677025339536 0.00013608264388978745 0.26370092271236634
0.029287163478523545 5.2609620419042215e-05 0.2637290659196989
0.029318696470879636 -3.0252446504623674e-05 0.26374941308555105
0.02934583061032738 -9.778387746976313e-05 0.2638530234287037
0.02934503796247979 -0.00010457556448667461 0.26380505045926417
0.029366686352636694 -0.000198935841287087 0.2638100861683274
0.029389367438840346 -0.00028626628260940384 0.2638440757968496
0.029410925151699532 -0.0003757995104307941 0.26388345308385835
0.029423863790165594 -0.0004385955097288689 0.2638840486565226
0.021931229226301984 0.018370723608823532 0.2620234789557438
0.021804278717362062 0.018837887361863568 0.26236361133324626
0.021834092558728282 0.018764023591018072 0.2623186554135083
0.021858958758256844 0.01869458207441991 0.2622853855969541
0.021886126427439655 0.018615183047739143 0.2622588768698378
0.02191233283686087 0.018532794293787107 0.262236781509975
0.021920877171541238 0.01846567994218675 0.26217825257564226
0.021929756513537593 0.018385652626332506 0.2621488726743
0.021949126062064762 0.018316627789660447 0.26211007844776735
0.02176985525396166 0.018962050638019708 0.26249546014826436
0.021802591018585674 0.018863825395861154 0.2624737945114777
0.022970040420329907 0.015909062340619694 0.2612752924269374
0.02301280429893339 0.01582538966053404 0.2612451472814896
0.023048792873936557 0.015743828473344837 0.2612121219001364
0.021675558562669787 0.01927695145901963 0.26276035499843137
0.021698608567001773 0.01920825812233071 0.26272012750540924
0.021722716254899035 0.01912379633167934 0.26268488897671977
0.02173908891406041 0.01904846724127982 0.26267385568747453
0.02177380433637451 0.018918168241171655 0.26258754847268706
0.02288512096155322 0.016091724689583517 0.26144304242482735
0.022920833997256015 0.016012595014295833 0.26139622514628885
0.022958928487390198 0.015936777460636424 0.2613940941187132
0.02300131561004445 0.015852669785288577 0.26137213814502314
0.02303419179064119 0.01577931286523184 0.2613368431817968
0.023068561487737966 0.01570490738635672 0.26128884285226833
0.023102497480307002 0.015614867574972213 0.26125843149790534
0.023128132973013325 0.015558195888094756 0.26124013031979654
0.023162710037755073 0.015464710266684356 0.2611963009804978
0.02161575771730434 0.019471369521076913 0.2629187889096987
0.02164177385658078 0.01939365773828296 0.2629167446953905
0.021735476972215253 0.019099559864906038 0.262786327382523
0.022820746341345118 0.01620401120490163 0.26158495436847823
0.022866989787564285 0.016127101750727593 0.26154669915000517
0.02290183973117954 0.01605534797532769 0.2615171478429972
0.02151767631121006 0.019729426853387185 0.26313861685041473
0.02154741943673496 0.01965525259762428 0.2631026312148634
0.021449417685222915 0.019914343385181634 0.2633172732780839
0.02456109372393464 0.011945595450360554 0.2600668950683225
0.024594108123627396 0.011875489331915214 0.2600502288459113
0.02463086462744299 0.011791735054796946 0.26001789804493675
0.024682349466926237 0.011696265254142798 0.2600021640128265
0.02471137176508291 0.011626269505631656 0.25994909509348507
0.024741212568214013 0.011556823113437358 0.259934527167082
0.024788165832302252 0.011457820582856744 0.25989984030025753
0.024807171531896044 0.011391226916594882 0.25988927215961016
0.02489875321752174 0.011179988600434064 0.2597841322202745
0.024927143262505662 0.011115620527560868 0.2597643638733431
0.024961030010761737 0.011018309564671876 0.25973077193243066
0.022597465349660804 0.016534119057661053 0.26200623968426684
0.02265218859690062 0.016464009755236358 0.26196395463815053
0.024374991723179328 0.012200471621352462 0.26024719709819266
0.024447931682064 0.012112697883014938 0.2602655438623803
0.024502944823935096 0.012044720990041197 0.2602243072870727
0.024547008517034456 0.01197843390400348 0.2601792348645165
0.024588672137321216 0.011898046433897306 0.26015454780728975
0.02478686890531308 0.011454976991996265 0.2599996815846615
0.024822870457783877 0.011366300826048436 0.259955545532363
0.024849817155223244 0.011283393672980556 0.2599022255870585
0.024892243136344562 0.01118394176666394 0.25988601132617867
0.02500824521340932 0.010904542312900828 0.2597772053941089
0.025040799797201318 0.010818670670194876 0.2597330418406613
0.025105652963787407 0.010651275648516808 0.2596867433093549
0.025131690444500424 0.010577732240295408 0.25965943251835
0.02515000246462311 0.010542725746889187 0.25962319824398966
0.0251810247289452 0.010462259299742524 0.2595830546604434
0.02520567951109778 0.010378181742160179 0.2595471897510194
0.025234752300965512 0.010292972594460355 0.25952823304409106
0.025266171943397298 0.010205628932770118 0.25950257402166216
0.021307965958920674 0.020211187087801244 0.26363663932659426
0.022511077536120846 0.01665661061755866 0.2621263879061664
0.022572676802069782 0.016570033287816126 0.26209686645448776
0.022628546117565956 0.01649086235107137 0.262099033171115
0.02528936614040725 0.010160669943479066 0.25959047212975894
0.025309712722599093 0.010095159737198753 0.2595562943714034
0.02532587107396048 0.010031193575882748 0.25951759718303297
0.02534351297321007 0.00997128356192366 0.25949589260936085
0.021251863078285527 0.02031296302327427 0.26377634799183386
0.02536650756817883 0.009909449432316244 0.2595628751826013
0.025384929382165047 0.009854747420689047 0.2595254084280929
0.025401342508786524 0.009807293481958659 0.2595292116337778
0.02544171291853361 0.009680945537683146 0.259555702009279
0.02547111954513127 0.009585017882192392 0.2595284791397721
0.02548215837731719 0.00954774392939418 0.2596171854063308
0.025508261427112603 0.009466397223636777 0.25958248787394295
0.02552988531380383 0.009402180774125302 0.2595498824980595
0.025550186192334127 0.009356557655655205 0.2596256070224355
0.025572015380662814 0.009284178990329172 0.25959413278944177
0.02559748595154202 0.009212226149929007 0.2595640259284724
0.02562202621729125 0.009126638712905123 0.25952485361068744
0.025652952654218162 0.00901544814740044 0.25957887009281805
0.02566988576602802 0.008942025852389904 0.259544630110052
0.025688605842552694 0.008862096726003053 0.2594984571267184
0.025725394176244264 0.00874473392998307 0.25956605709650066
0.025738134798027276 0.008686034356930966 0.25951080699984824
0.025771194810925102 0.008554998353617692 0.2595655557741075
0.02577949970218842 0.008489156079529782 0.2595226307298555
0.025791143996171263 0.008461449345401339 0.25960250752061226
0.025798142485263482 0.00838774660566004 0.2595591849929268
0.025804299886063045 0.008315695304472131 0.25953473450596787
0.025803013718373947 0.008235448130478985 0.25949126051099625
0.025788674432243384 0.008158001423524606 0.25944221457890027
0.0267705527809461 0.006847474608487994 0.2599702642867109
0.027078071750465286 0.006159191742627807 0.26009669717226364
0.027286425147132955 0.005747261412177643 0.26025446446276546
0.02734260199816056 0.0056186032544691825 0.26030940982074674
0.02738316402482511 0.005519422825263468 0.26036736906035013
0.02743555680041821 0.005411110131952636 0.26042215868923557
0.019119481072983443 0.024357034762391018 0.2684475370780667
0.019174380049953 0.024297428533127847 0.2685293914961559
0.01931996674519282 0.024128905099573453 0.26850159030351606
0.019376315918963397 0.024063423034318233 0.26849005584014385
0.01949625221182823 0.02387772964912494 0.26842443459701876
0.019217927957632674 0.024237927993773705 0.2686310919983833
0.019295236772966566 0.024159251417855424 0.268594149876443
0.019364487382841074 0.024078899768429637 0.2685772541619996
0.02756031904024157 0.001956547872932753 0.26286909720678564
0.027658480946768368 0.0018638838486934122 0.2628755323228531
0.027747547998516246 0.0017833126577345736 0.2628546380920604
0.027904597475792773 0.0016510262567834071 0.26293057618270377
0.02797081395783246 0.0015862476532758193 0.26292890575344996
0.02802200097890895 0.0015175821016719473 0.26292607336995716
0.028086752284049943 0.001456944543871108 0.2629969663743123
0.028149996910633364 0.0013902184370457305 0.2629867680962105
0.028234590552890168 0.0013025768254066158 0.2629825947403629
0.02836408007252844 0.0011854389896064806 0.26305486075954143
0.02845969269591041 0.0010964919353186118 0.26303388712171843
0.02850540880255858 0.0010627810367418238 0.2631184077245918
0.028619374902005248 0.0009657774071813718 0.2631210436549821
0.028664685253513646 0.0009200626652613386 0.26308224459678003
0.028739789090568048 0.0008629080668762915 0.2631955462792176
0.028806744253548552 0.000786818622922287 0.26318259904904934
0.028801474528156335 0.0008086260694092802 0.26324724248933523
0.028860300705617337 0.0007457975009484469 0.26326520640401124
0.028977033746123964 0.0006265318664519235 0.2633275791318835
0.029017522186800374 0.0005805609116454855 0.26344961773883135
0.029058407764310228 0.0005109633828420394 0.26340355085662587
0.029092477637992106 0.0004601018721548697 0.2634700180315163
0.029128651161128474 0.0003903698103960483 0.263460822446338
0.029109037033740105 0.00042603637902502206 0.2635647782277502
0.02914910729014391 0.0003529602886240762 0.2635608324751676
0.029189083022565634 0.0002724023298720468 0.2635274169548357
0.029167421697770306 0.0003214416179628175 0.26362825024413866
0.029214341253035486 0.0002269149802811731 0.26359576833683146
0.029229890362956985 0.0001923544663465945 0.26370478707355693
0.029262433490150997 0.00011586618990160166 0.26365405504187167
0.02927828233803778 7.692596269721555e-05 0.2637609031407128
0.029303419900520305 4.94685151922349e-06 0.2637207418819367
0.029320645212647798 -2.399793123128663e-05 0.26380928264245784
0.029356790743678043 -0.00014337921342288972 0.2638334563998989
0.026717044038680197 0.006938555618900845 0.25997737196166715
0.02661875246146163 0.007107984567132399 0.2600326318788682
0.026515702439469345 0.007255969354398822 0.26002907106363704
0.026569544137658538 0.007191350882170856 0.2600648712226176
0.026372824729829325 0.007394068776989435 0.2600401044342985
0.028992430365993898 0.0006175812768338404 0.263409350149011
0.029043635398422845 0.000537722839206234 0.26344706175987065
0.02908336520601316 0.0004766813585877562 0.2635149915216305
0.027805192004720047 0.001731108166933301 0.2628539511503215
0.02766202240506533 0.001857558808476806 0.2628489545927132
0.02773821132165926 0.0017956141791809533 0.2628992884261619
0.027781885620910867 0.0017558215729935823 0.2629304932860028
0.024567803296596868 0.011935483418447928 0.260030423307393
0.027585063134063413 0.0019389157549640145 0.26287818769834936
0.024552237077101163 0.011964142329320812 0.2601294356310614
0.027400757306804604 0.002062996608906348 0.26287080083004327
0.024436596657314225 0.012127621975557681 0.26016329503267693
0.02449263248769829 0.012056724485364526 0.2601898535133845
0.027175457718773475 0.0021597869598749928 0.2628310065717593
0.024303441715766223 0.012263351811976658 0.2601617930516478
0.024422023705542112 0.012146380503164378 0.2602417948423499
0.024137313475770465 0.012365888192146205 0.2601245582894271
0.02421690473871059 0.0123327960248466 0.26020894229873565
0.02429270151508628 0.012273920868735239 0.2602301720369327
0.02293344448032616 0.01598929715576116 0.2614271392758163
0.022888334535257498 0.016086780677643908 0.26149432812546586
0.022915299695277048 0.016026031530708692 0.2614951005837255
0.022795772536930572 0.01625018260819868 0.26150252854964323
0.022835358761099586 0.01618258305273529 0.2615447704477679
0.022787671086535167 0.01627140519312256 0.26162170823998776
0.022718980601769127 0.016370789677459235 0.26176493300871073
0.022653697588154435 0.016463847613735108 0.26182750306008873
0.022702347603223608 0.01638345147939192 0.2618529490699223
0.02263189174879483 0.016494506506274053 0.26191006404589995
0.02268078372192235 0.016418141864361184 0.261918281407351
0.02262584121567006 0.01649829005813935 0.2619886010300804
0.02261437385257127 0.01651584695862507 0.26205218298765415
0.022542248229841157 0.016609329154569735 0.2620983939191224
0.02235157670625695 0.016816238199352865 0.26206412243416766
0.022424203430709926 0.016767503653591163 0.2621018259239878
0.022477879662682505 0.016704586639008912 0.2621576010438648
0.02231421279810865 0.016837804275363286 0.2621299372298705
0.022392119857757863 0.016794310816590895 0.2621860545044017
0.021847430496099832 0.01873741741340477 0.2623462616834389
0.021809108001478714 0.018838225425102918 0.26240401019496484
0.021786256465155942 0.018929417534672026 0.26248793835078904
0.02173823636495563 0.019043842603551638 0.262637977407333
0.021756403647500002 0.01897877919668824 0.26267062001954916
0.0216872088205244 0.01923500192911544 0.2626889359636246
0.02171552402835977 0.0191604293442115 0.2627150155243185
0.021741355963526637 0.01906710139978731 0.26273143081338346
0.021659971504793502 0.019315151823745855 0.26276124990711053
0.0216919748523029 0.019235422543581484 0.2628090713357035
0.02165326308122719 0.019340788505116207 0.26286359089118627
0.02159237975132555 0.01955384466976274 0.26298208400552725
0.021557213434904417 0.019637328637723495 0.2630430603565405
0.021492011274321987 0.019820677169085525 0.2631949202976139
0.021511341095301267 0.019756029665378358 0.26320550479502036
0.021450040101364438 0.01991175359947394 0.26326193511215723
0.0214773079726735 0.01985764265361903 0.2632801487645356
0.021391063408767855 0.020017554324491888 0.2633045625847076
0.021428270429593554 0.0199550516697937 0.26333951809867845
0.021384611006840245 0.0200498798493624 0.26341306761984973
0.021345160203768157 0.020120999658216437 0.2634516201700317
0.021300996769687917 0.020210902814000318 0.2635227213421061
0.02134270717952423 0.02013418227781555 0.26356747935746444
0.02125260027963759 0.020314478017399905 0.2635799462448279
0.021297263397147808 0.020239906197647352 0.26362948348973575
0.021248355832715716 0.020339370491890548 0.26367986566428214
0.02118716197665188 0.020409609267912545 0.2637418443478998
0.02123183694035778 0.020346200244776205 0.263798159094661
0.021161486349415715 0.020439272367895917 0.2638160389283312
0.02120574924074644 0.020378833386013893 0.26385131638317294
0.01786198066508873 0.024927129360529026 0.2690655574394776
0.017915955562566303 0.024920725938616255 0.26897037499398413
0.021157894618652 0.0204484510064857 0.26391829242638265
0.018075194976871604 0.024878705617672123 0.2689881764225635
0.017964237361125273 0.024912523171977115 0.26891572647481515
0.018137828182126246 0.02486167013707297 0.26895339976515803
0.017995179040202706 0.02490645761119477 0.2688486491018175
0.021108419788630803 0.020527643750694186 0.26397319126661745
0.018171518146282668 0.02485741825308882 0.26886479769691063
0.018239425503153956 0.02483829654431342 0.2687864442845008
0.01826476558662013 0.024833182785469442 0.2687161806912223
0.02103497039431383 0.020656117220547925 0.26412406837494806
0.018437960910045154 0.024771208006950946 0.26870595704846234
0.018300284061714 0.02482231328849922 0.26864027738851004
0.020926890280656547 0.02080006169429876 0.26413551112411127
0.020975145810024246 0.020748307696681616 0.26415763429106565
0.01855017730684986 0.024727250842389945 0.26871288422479406
0.01843684926500414 0.024770665950555187 0.2686389924240689
0.01860024944070165 0.024707248070850778 0.26864207210194585
0.020845986754131615 0.020875930989379135 0.2641777356627096
0.020907460906601175 0.020828501916532127 0.2642221914320431
0.020972942698979324 0.020756913995219704 0.26425721991315626
0.018699309408556127 0.024659778216247038 0.2686098473742888
0.018818647420683208 0.024596731898764126 0.26856243653045125
0.020839249668628983 0.020885559199456345 0.26426265071997057
0.018852187220913936 0.024572364905444972 0.26849594330946536
0.01927902395630719 0.02417170441996817 0.26864979864475247
0.019227820726625797 0.024234503266861416 0.2685756582751887
0.019160781528670495 0.024307383639156088 0.2685645974130293
0.019103986220016196 0.024372777781796213 0.26849034753206497
0.019023238987094016 0.02444380102025738 0.2684479931477122
0.019285976409582323 0.024170203897532074 0.26855331035931895
0.01919789277361971 0.02427564300867341 0.26847659254967005
0.01914027006992229 0.02433395859900539 0.26841742714134026
0.020653157680023255 0.021003645665899552 0.26437149692762035
0.02069977223809984 0.020975381564954307 0.26437675308335257
0.017437764733822317 0.024978284140169414 0.2690175338663108
0.017396225650903527 0.02498557563759508 0.26893773326508763
0.01735319066215981 0.024989564773179478 0.26885680143796686
0.017309167519530533 0.024992201696441146 0.2687753723445864
0.017263115663584714 0.024992996191913582 0.26869300800678847
0.017530398696957394 0.02497393754265495 0.26899975267220183
0.01748884713553602 0.02498205771518496 0.2689198884953668
0.01744555154974027 0.024987753047859624 0.2688389399151674
0.017402758486854537 0.024991276276124 0.2687580095875301
0.017358933302487375 0.024993159268479063 0.2686767451170959
0.01765903607195672 0.024958321772857867 0.26905963410160133
0.0176203164486086 0.024967177264100835 0.268980617765046
0.01758011757294055 0.024975118857489566 0.2689013864789938
0.017536958962663877 0.02498179368606717 0.2688205822091658
0.017785393983834948 0.024937605988087894 0.2690978592525773
0.017744389916346893 0.024947864649292696 0.26903645782246605
0.01770585385801098 0.0249576817054579 0.2689593028017856
0.017667622604081373 0.02496555527938102 0.2688811990076611
0.017626386478326934 0.024972532749828493 0.26880126460055803
0.017837510635494033 0.02493376788791182 0.2690078518478437
0.017791324091436 0.02494385900649165 0.2689371910675353
0.01791135696309824 0.024920116231913855 0.2690125583845624
0.017884565185461953 0.02492777304124246 0.26891371589965835
0.017995728701441487 0.02490171856033088 0.26897540222828564
0.01794693540812922 0.02491720096563493 0.2688801196388281
0.0180817264757808 0.024879939196302887 0.26892748542318323
0.018034652872667065 0.02489567310774922 0.2688809803071153
0.018146226237450526 0.02486248710768968 0.26890053213493126
0.018112451845394045 0.024874851024019717 0.26883780247516664
0.01818270668896705 0.024855556063745315 0.26882304636922577
0.0181539814198141 0.024864939397335556 0.26875192134857323
0.018212979993969293 0.024849366961579515 0.26870484348974044
0.018301671275191684 0.024821698667816326 0.2686827192732488
0.02761698157021211 0.0019036702845921303 0.2628813770011091
0.019168977684703235 0.021122074772225587 0.2646248550227479
0.019289375554692095 0.0211443534054673 0.26460779602210227
0.019397427827819513 0.021164647353081812 0.26461557193762525
0.019503925802957973 0.0211831692971721 0.2645926942765008
0.019604901313558135 0.021195690138274912 0.26460387444631667
0.01970753733931099 0.021196714498454658 0.26458409984887743
0.019791948858807695 0.021195656175625674 0.26455474999148343
0.019898859901151447 0.021186350467588707 0.26454238364105576
0.0198494349893171 0.02118457404180902 0.2644793715707707
0.019995634073020414 0.021178138637189255 0.26454016524060325
0.026585427516048865 0.0071535229491862355 0.26001211251549716
0.020079360905870015 0.021171617701467242 0.2645121305503377
0.020056463556673596 0.021171331397471974 0.26444188618736236
0.020166896522087 0.021157573379257447 0.26449393656761855
0.020108851232201717 0.021160919827383027 0.26441056869606683
0.020250153789485588 0.021139420818303604 0.26447546562676183
0.020207377400721333 0.021143899617156334 0.2643881153764753
0.02032475827760127 0.021122821915888525 0.26446752626963327
0.020293190727444777 0.02112658503905549 0.2643494011343693
0.020401617234463744 0.021105728600350704 0.2644295999382269
0.020367981803507823 0.021111670823977236 0.2643578458919105
0.020472424142286415 0.021084745211376835 0.2644018994383802
0.02057166520270239 0.021046281035608645 0.2643730096701225
0.0205308179679816 0.021058076492104658 0.2643089821852295
0.02061769223385557 0.021021652929431013 0.26434236982532305
0.020687293111209946 0.020981759401004416 0.26430226343105523
0.02653779086231847 0.007236323449497521 0.2600711311741534
0.020759834145568735 0.020939507372546236 0.2642540592930032
0.020845647606050916 0.02087732459042967 0.264306138273488
0.02080798525484083 0.020906589450541857 0.2642173138159104
0.020886276639813642 0.02084581829829301 0.2642691748947015
0.020875994230877368 0.020853426031291256 0.2641833314111685
0.020948113823854086 0.020786315723831224 0.2642084214478664
0.026473073328740528 0.00730362222123496 0.26003047398942286
0.026377947140107043 0.007379492647574274 0.25998183845053247
0.026418996681954538 0.007356053210586904 0.26006056494866253
0.026283185880762006 0.007435300076984346 0.25995015343909206
0.02631672475013672 0.007427649391675973 0.26004376563570847
0.0214989773102221 0.019799157685520128 0.26322016290189554
0.02148016023996424 0.019843688774336544 0.26317274398799245
0.02151179598492889 0.019745198324262202 0.2631135727020112
0.02154538039615054 0.019664802754755524 0.26306740892913033
0.021574873558517893 0.01959728738511975 0.2630204170656163
0.02160757274944889 0.019507256486346415 0.26295437127787386
0.026191272238873554 0.0074789938525651935 0.2599266363812341
0.026230618466120653 0.007471732973097414 0.26000868683724
0.021627459577022664 0.019431324636578387 0.26289492251691227
0.026102218827682898 0.007514631526249711 0.25994022502243425
0.026153901464951425 0.007502324019736307 0.26002017004659705
0.02602926014332427 0.0075373021310228576 0.25994955691698324
0.02607810683687107 0.007525350503534785 0.2600461041630855
0.025987014734751554 0.007549303411057812 0.2599952666055847
0.025991874618386226 0.007544684340895332 0.26006396350596517
0.02157796390711455 0.017015989123084455 0.2619923362100611
0.02161565117215164 0.01701548276440463 0.2619784379959704
0.021767207467961274 0.016985086040442916 0.262041230879109
0.02172175756060141 0.016991228962192472 0.2619790361668469
0.02182951297222001 0.01698151527316612 0.26203152141155817
0.02181086206357698 0.016981829476031385 0.2619657164217522
0.02191772099672663 0.016973130007335503 0.2620132759702209
0.02190199225597765 0.016971895091912367 0.26192126627726214
0.02203145612282693 0.01694608792673083 0.2620458396673007
0.021998074850959805 0.016958610430386184 0.26197709530832697
0.02199100693479478 0.016958334424672587 0.26190928436760247
0.022146391814277386 0.016901905047137036 0.26210329758565504
0.022111693229557163 0.01692160077396373 0.2620255829559951
0.022081785333627164 0.016933863469430196 0.2619524731005656
0.022266121726475536 0.016854353922670633 0.2621458597705967
0.022223953735307 0.016874202732410727 0.2620815931122682
0.02218486716676076 0.016894477537682213 0.2620178590536301
0.02215099266701888 0.016907608124363316 0.26190992447825845
0.02232888586550686 0.01683103141513852 0.2620933115727772
0.02226375059461019 0.016858084442848732 0.26202122671738504
0.022228339654425788 0.016874589095023956 0.26196871554169987
0.025890596641849475 0.007558915946970464 0.26000285634961573
0.022417784390947243 0.016777174249043507 0.262155399638738
0.022384185126479283 0.016793481919657682 0.2620577620281242
0.02565249244764321 0.007581025044996248 0.2597727452010681
0.025746895351990488 0.00756422339730543 0.2599764724726488
0.02577353170428886 0.007566302805305968 0.2600496903577493
0.022459895531340587 0.01672684227872691 0.2621116464660665
0.022537298716187995 0.016624703600953524 0.2621674059717869
0.025629817940285227 0.0075980175195251055 0.2599229755206625
0.025654140504065302 0.007567092393267469 0.2599869309978097
0.02568724563462271 0.007567743269809276 0.2600369889151706
0.025613724144358523 0.007582826676240301 0.2599919194552252
0.025600734999953436 0.007577423744854667 0.2600807131006062
0.02315919681940218 0.015476796771231583 0.2612433367073939
0.02314579749027523 0.01550915692185425 0.2611694947875201
0.023183032880520305 0.015412181361073397 0.26117547860942114
0.023225844000792428 0.015312772844669295 0.26112301224260026
0.023210432586376954 0.015339968029872258 0.2610546257095146
0.02325518838547843 0.01523142880863933 0.2610619597193948
0.023236028292650136 0.015271111735622298 0.2610101339174341
0.02328230042097028 0.01515058701294596 0.26102989080141226
0.027132168259936505 0.0021728103623344926 0.2628448366708906
0.027192309737162867 0.002153713112707269 0.2628094065611855
0.02733293045086637 0.0021007124823048083 0.2628715823076985
0.027466543586268554 0.0020182556523649876 0.2628795096555701
0.02776831379504994 0.0017664584001151286 0.26287537513607406
0.027679203036352577 0.001840631029027514 0.2628362733470533
0.019247034639859387 0.021141525757059056 0.264667509947912
0.019339039473531532 0.021157825720968155 0.2646647917945819
0.019342276379190077 0.021152126363668963 0.26459926026272007
0.01947280810847379 0.021181339233838144 0.2646291968635074
0.019552720185710123 0.02119277593576889 0.2646265594858859
0.01964307043471365 0.02119285558817608 0.2645676386240415
0.019760956177974628 0.021197887486852567 0.2645817693823905
0.019750881499943508 0.02119155517260803 0.26452791989252394
0.019818220871048804 0.02119662496668926 0.2645878865606581
0.019818385111937304 0.02119114710103163 0.26452338981025353
0.020022169841566493 0.02117598436801885 0.26446562068270657
0.02157689076139719 0.019588991309784167 0.2629781253332496
0.02163341760399556 0.017016694303861952 0.2619516993484414
0.02168967799060683 0.01699404850563818 0.26201219653119534
0.021687514733768017 0.0169908594155371 0.261917982332031
0.021750756510556572 0.016987451320341403 0.2620043603237637
0.021767117415861254 0.016982931513828497 0.26194918333647077
0.021866139834797245 0.016977520882304458 0.2619570950628678
0.02194066195473585 0.016969235844638567 0.2619486338164626
0.02203712154483027 0.016947239990187365 0.2619020186422617
0.022090748590328814 0.016930404127986607 0.2619015381892956
0.02369380923668649 0.012467387228166493 0.2601299517578395
0.023728049712179494 0.012454147228785281 0.2600420087941961
0.023746009275878353 0.012451781644305486 0.25998103715257614
0.02379675792374235 0.012447927313000621 0.2600733546984175
0.023833023666295458 0.01244433064395072 0.25999110283953997
0.023888456968909524 0.01244318374670153 0.2601000089118591
0.023889553991602797 0.012440988976979895 0.26000587155250016
0.02396540213230151 0.012418559101062708 0.2601290673625704
0.02397657499877388 0.012421320024558393 0.26005232705402115
0.024044876820512966 0.012396600752112168 0.2601475152823736
0.024068479524366755 0.012387669365085863 0.2600587494128257
0.0241241494642359 0.012371554754707647 0.2601496387632874
0.0241285244054446 0.01236379680184879 0.2600862179799678
0.02419244579084506 0.01234836963801197 0.2602272901607988
0.024177927394925105 0.012349326339455909 0.26016494176384863
0.02424767105540903 0.012308205113400835 0.2602399841757903
0.024261245634083016 0.01229606553665934 0.26016905358936704
0.02433571342882205 0.012237125838889239 0.2602027173350509
0.024400406247115893 0.012170405186029081 0.2602001123507683
0.024462836355238875 0.012095404036931946 0.26021022126929916
0.024461133360593575 0.012099249188546154 0.26016025922152
0.027044981781772424 0.0021932059522501816 0.2628353121741934
0.02721811570724554 0.0021422850526177334 0.2628177105512315
0.02727792224050948 0.002120894060380996 0.2628373394821771
0.02708988705020717 0.002181391832408553 0.26282888962491974
0.024225812161412126 0.012321981436064017 0.26017564286645406
0.02416580097213415 0.012350653659978807 0.26011486024938946
0.02413114447391689 0.01236822455509479 0.2601838918231521
0.02408268370376853 0.012386043459686032 0.2601159160789797
0.024002300016441554 0.012405374997432887 0.26016419767650967
0.02402300110274256 0.01240435922969472 0.26003456526334906
0.023971156392093285 0.012420605626645959 0.2600926461678168
0.023881040224468214 0.012439719670538037 0.2601439999345595
0.023923759925051028 0.012436096059892885 0.26003004941798313
0.023847719271663168 0.012446864105694623 0.2600901445527444
0.02376363544018206 0.012445769391986333 0.2601392400819231
0.02363986699408993 0.013867510265336487 0.26055156031959953
0.023621813525425056 0.013929784882239426 0.2605865061871485
0.023596108165004095 0.014014977038896918 0.2606124089454895
0.02356917292428651 0.014107271643900582 0.2606565996786212
0.02355457752471314 0.01416350758406888 0.2607105787472004
0.021625843155397267 0.01945860785230397 0.2629758197666851
0.02159755418088839 0.01954776948771071 0.26303696949761524
0.021567100813661578 0.019611473299711742 0.2630639983444478
0.021538816643582773 0.01967703145677033 0.26309273981737485
0.021513465774624232 0.019741539158046308 0.26314438488799297
0.021497114074574445 0.019800522517231807 0.2631825832785962
0.02147563362654122 0.019863057359129185 0.2632248087543326
0.02160205114321872 0.01950582390735909 0.26291487120721463
0.021571472515591602 0.019587202028652752 0.2629475645399776
0.021980266951207195 0.01817782213949143 0.2620280803648352
0.02196139442263448 0.018284002226241724 0.2620981260195396
0.02193607373030844 0.018354469192694723 0.26212080429282136
0.021918258387296656 0.018442335161084396 0.26213933733230027
0.021943803330261337 0.01832509228227422 0.2619692136459505
0.019182551767732283 0.021129489652783877 0.2659531291848154
0.01921749393659142 0.02122227910745839 0.2659155642312467
0.023772460041338105 0.012957805602752568 0.2604287527111445
0.02371700955498674 0.012832915090598956 0.26039387582858015
0.0237488525887466 0.012935002609347077 0.2603512404838904
0.02368306581366399 0.012786793489595894 0.26033377329330976
0.023714409006664945 0.012874809201626154 0.2603009857714713
0.023646427528768915 0.01273681510775094 0.2602791241951643
0.02575731977854063 0.008621582213273847 0.25956971501798426
0.025802929957306615 0.008356158563466918 0.25958245075966335
0.02579020362201331 0.008441925599728934 0.2595573218364705
0.0257730768133663 0.008532028155979275 0.25953055154168825
0.02580867952272243 0.008242937487925706 0.25952823448949636
0.02579938319420561 0.00834107657636998 0.25950992280755725
0.02578584526810418 0.008413543531335166 0.2594674142825892
0.025669915413520882 0.007773405923646292 0.25965136582930404
0.025790999969365715 0.008139106585514689 0.2594673893097562
0.02564968882934359 0.0077798325822335335 0.2596102590202339
0.025725570923298066 0.00789582502964659 0.25952268862534944
0.02576817896972607 0.008026377305438696 0.25947778832841184
0.025696784954609708 0.007870345536617649 0.2594590586320943
0.023643269167051825 0.01269555819612012 0.26029312384137215
0.021818225098104858 0.017532148346422544 0.2617538312051514
0.02153181588864833 0.01716806386246223 0.26179195604977873
0.021940430419062556 0.017703710457488368 0.2617930555365831
0.02155988003541448 0.01723502295258244 0.2617498665211932
0.021550388245278027 0.01718615516034804 0.26180098235633376
0.021548490709484208 0.01717610265284142 0.26183014315623265
0.0237374398059719 0.01289226972968185 0.2603585002004723
0.021962387203136976 0.017736816244748658 0.2619185085787263
0.021647266979215943 0.017305215378933876 0.26175253669645737
0.02169861788318349 0.017387177272577124 0.2616936729040877
0.021991953178192733 0.017795569053237058 0.26193890870651315
0.02175734242317983 0.017453552046588952 0.26171188473752377
0.0236892423433043 0.012807731983431998 0.2603187916793288
0.023686256756662055 0.012841733105224563 0.26026107990765907
0.02181247454348344 0.01883289886647846 0.2624361971297079
0.021844319934260503 0.018748166183633896 0.2623799106469237
0.021860781543203728 0.018679602615404918 0.2623212523317185
0.02188818403176289 0.018606700108996944 0.2622812506070032
0.02191537079443711 0.018513602123908072 0.262215352183595
0.02580717227458733 0.00827644159004717 0.25952920063860346
0.02580760876654549 0.00820395797411038 0.25954010710436953
0.02575897942712338 0.007981585243216332 0.2594903643722161
0.025724663711227534 0.007909971621507616 0.25947872599912025
0.02570691773264198 0.00785398242750838 0.25960879461831543
0.025666437213521808 0.007811639754939065 0.25953151683527625
0.025647310482745964 0.0077470002591259425 0.25964184580903604
0.025655742906244144 0.007774549678895076 0.25963361300244675
0.024088236971809875 0.01238164999981608 0.26017965518569164
0.021732307881112408 0.01908612580186233 0.2626803287475709
0.021776535862704526 0.01893281220272218 0.26252546178768926
0.021598318134225795 0.016994420859019366 0.2620295317033892
0.021598736018590983 0.017020529808375123 0.26192953300821675
0.02172239299393485 0.016990001611840576 0.26200747310999467
0.023728463075633026 0.012453356680698859 0.26009274262476667
0.023774027503966164 0.012450120208305425 0.2600258465335721
0.023838454293946584 0.012442390659553118 0.2601297757811825
0.023863463190705807 0.012446130353259158 0.2600503163413792
0.023916586753353765 0.01243127439840864 0.26015097660015635
0.023938672019904284 0.01243250769480486 0.2600912258731199
0.024014751715407276 0.01240681991177164 0.2601009813913024
0.02563371846765056 0.007571853176522991 0.25998086387563607
0.025651326418162743 0.0075947497447291425 0.2598835371709599
0.02572034021459861 0.007567055619864755 0.26002870886602975
0.025837320103523426 0.007564499856279121 0.26004937667335515
0.0259407650436773 0.007556405308194164 0.2600204899922051
0.025956619364491083 0.007548967169991797 0.2599573661305392
0.026042111792680105 0.00753778557225066 0.25999603458789533
0.026055445081294187 0.007525179479621746 0.2599072452797363
0.021936369549819073 0.018350068665854907 0.2620593137573354
0.021913914897129492 0.018427131532048675 0.26208286491286104
0.021897918068389907 0.01850758934162763 0.26210175738088476
0.023636789971282417 0.01270715187994269 0.2602688936037009
0.02164989698091818 0.01935936502485807 0.2628979248639099
0.02162181687300091 0.019432798574327767 0.2628590664407351
0.02170264304275074 0.019195624783497088 0.2628138870812156
0.02167621655694211 0.019279563524503485 0.262811702405936
0.02165718787845528 0.01932756207302676 0.2627948996045416
0.02172978327711904 0.01911668085115997 0.26273007128004655
0.02170995537098401 0.01918164163026276 0.2627503353866556
0.021680674137557195 0.01925728755121528 0.26271717451645826
0.025668604866919353 0.007571043872959527 0.2599409951325683
0.025686731006143285 0.007566734690110134 0.2599999076662094
0.025622625285093122 0.00758346838698397 0.2599582822927267
0.025642567337687175 0.007570551578347021 0.2600336856613051
0.021646660569557653 0.01700198208171176 0.26200695316806083
0.02163872957528711 0.01700529696619751 0.26191568277926625
0.021723074131128672 0.016986966044472866 0.262040232548068
0.021718060959931878 0.01698913526410987 0.26194304646315497
0.027157112628013822 0.0022227159647928356 0.26243089275072196
0.021531285496755884 0.017165711797521133 0.26179987293521123
0.021517229197180746 0.017176517227693592 0.26177127065521416
0.025699383663201476 0.007895454813672764 0.25942097964025584
0.025672810558767484 0.007820391829771088 0.2595157638877263
0.0256562108944168 0.007797616014556535 0.25957116229911825
0.025749981831645535 0.007972650084961518 0.25947048777737264
0.025726027682094886 0.007887322625592476 0.2595573445209043
0.025681072285115035 0.00781366042889364 0.2596235782129338
0.02183802555535218 0.01757655893093446 0.26172313650567247
0.021786480827604898 0.017480639519588316 0.2617566457830216
0.02177872413582037 0.017498893005899532 0.2616892740614314
0.021741602437747354 0.017419761751078455 0.2617342680815075
0.021738826674291282 0.01744556983083835 0.2616797841475789
0.021687921767252556 0.017346386174268497 0.26173181652220096
0.021627122197030342 0.01730582021374969 0.2617111495725474
0.027007794761848298 0.00220195824075081 0.26284895485703685
0.02184380605014127 0.01872393389098635 0.2622536800863762
0.021870567767498173 0.01865497877832212 0.26227005694265465
0.021864866951038432 0.01864502215975119 0.26217156533418834
0.02189827972304127 0.018582667384605997 0.2622594891255287
0.021900127267526676 0.01857443304455136 0.2622050649983126
0.02188970979674979 0.01854478812352974 0.26211508059377364
0.021918858068331562 0.01848749567826079 0.2621886457552218
0.02165449743465728 0.016991773590669057 0.2620436651273662
0.02167082282854403 0.017003213306922775 0.2619649130987796
0.021787123114048134 0.016985508358806526 0.2619988505913781
0.02201296656154053 0.018005456331950557 0.2618887172435484
0.022021670582291136 0.017934870044885826 0.2619215315255181
0.022015638518622333 0.017835643096312942 0.2619584445663685
0.021971084783476483 0.01776386279125458 0.261920118739694
0.023742955787403413 0.012936241914417751 0.2603322939813937
0.023694072712917978 0.012828124166150968 0.26030243663994157
0.023687027926952552 0.012780323800545352 0.260371510853934
0.021938239795509913 0.017710339975718668 0.26173404159283675
0.022005104597358157 0.018040210948853407 0.2618908798861739
0.022035005926331074 0.017967857751195304 0.26194717321094974
0.025760949830467787 0.007994398754676111 0.2594830400268714
0.025683820066398997 0.007842713364765495 0.25949060987378797
0.025692233901251214 0.007808694570571779 0.2596553802911107
0.02194792412902329 0.017722930402487198 0.2618621398837627
0.02195668237753588 0.017739465491896186 0.26175915270542854
0.021849832170922172 0.017582383443562194 0.2617539187453804
0.021910272627308953 0.017682669367612817 0.261697657268604
0.021766832294150718 0.017456195631498556 0.2617401747305917
0.0216699686950933 0.01734316714456677 0.261708036927002
0.025711129499030917 0.007846535722997084 0.2596485354048679
0.02571261717163294 0.007864624492752265 0.2595774334425956
0.025661851143434358 0.007670026496694303 0.2596965305160741
0.025663261330544203 0.007713112393695778 0.2598036834472142
0.02565539575749176 0.007594548202368748 0.2596533389558102
0.025637275981484138 0.007688336651423651 0.25964251342851
0.025633309911518964 0.0076540129222377115 0.25988327510237835
0.025656255198727603 0.007635019610175697 0.25975337611396093
0.025682439254046372 0.0077510983739599235 0.2597346667995593
0.025685429910419364 0.007775443461798239 0.2596792060560319
0.025655704036500238 0.007611005662007205 0.25982091013437697
0.021610364938016546 0.01946478566245572 0.2628718293000621
0.02160187746908905 0.019492359529949446 0.2628877047025026
0.023643080915951575 0.012572460229638378 0.26024317275119796
0.023666769742948044 0.012502668215831675 0.2601909214977744
0.023629211608599945 0.012658274451343871 0.2602477197355465
0.021549293716979646 0.01708207903139216 0.2619487428066897
0.02154483246403838 0.01703764874107771 0.26199362156140477
0.02157097227083 0.017032902085570022 0.26195334320912467
0.02186606150861256 0.017621879735533818 0.26170744614572616
