0.029585145117688783 -0.0007023311787069698 0.2636905243936663
0.02958007379725267 -0.0005492261680218016 0.26367100084091266
0.029575379433431113 -0.0004482888921824448 0.2636740024062445
0.029560739107259745 -0.0003355555524761715 0.2636525957678288
0.029541821450515128 -0.00020091137981692695 0.26365298657748554
0.029528610951731395 -8.758853711704885e-05 0.26367225278480094
0.029504694443983286 2.2976450914872517e-05 0.2636553665010585
0.029490835578829356 0.0001019602351654188 0.26369739428094396
0.029560972330026983 -0.0004157757980488258 0.26351487635595305
0.02945311890985672 0.00019364145185229092 0.2635811283044572
0.02943581204314733 0.0002679208832018667 0.26357887978425965
0.029419359373645287 0.0003334147369854986 0.2636020634203599
0.029352549858479328 0.000488433593094569 0.2635352114321028
0.02931623460749861 0.0005574460540761343 0.26343658908739603
0.029251485770598964 0.0006770184559897371 0.2633668520705344
0.029181361644211135 0.0007982313316310787 0.2632787792496582
0.028590406567137256 0.0013727469253663662 0.26287613081151945
0.02823792863917031 0.0016710086701869123 0.2627827185378466
0.027689633820397467 0.004490886991004733 0.2606451099392746
0.027656618113906645 0.004561397714129652 0.26051728945050506
0.027647580025726183 0.004638987617245553 0.26053002029872946
0.027628086010246064 0.004738223565791391 0.26055032536648787
0.02760983681046648 0.004738447905383571 0.26043680203021224
0.027590416418180067 0.004827371861137962 0.26043315225536423
0.027454029403967177 0.005273766565101615 0.26019045581137035
0.02741623356737779 0.0053791730124101616 0.26018122790790843
0.027348041104446084 0.005515081810294047 0.26012539189124306
0.02722334665572645 0.005801635800386583 0.26009717739637617
0.0271964884342682 0.00583670233263558 0.2600151404342425
0.027159831096391276 0.005931740814471098 0.26003051443340275
0.02711951552806013 0.005984577509818531 0.25993883242494475
0.027095871875780043 0.006053659924135066 0.25996200606166947
0.02702672531022439 0.0061747685254135015 0.25989395269387466
0.026958467506501792 0.006298098584176225 0.25984844709601473
0.026887976021582 0.0064275089510215325 0.25978158182770045
0.026871200564980973 0.006470784144165084 0.25980805044901367
0.026801912621680656 0.006601637860078921 0.25975054560969785
0.026767355648960378 0.0066793226344077595 0.2597638075241107
0.02669910851311601 0.006810697462853961 0.2597014739208156
0.026636882618287522 0.006949371315078782 0.2596416252940817
0.019366429653938252 0.024102986909674176 0.26786660652697447
0.019335725535802914 0.024172770921828568 0.2679303041625442
0.019302755949126147 0.024234149892471652 0.26796396442423587
0.019284561432145346 0.024272119545368218 0.2680051926089007
0.019162283181088143 0.02443092890301516 0.26801528229879484
0.019138981807368127 0.024463018527144584 0.26807609967629503
0.01908471204410909 0.0245268769575937 0.26812387027663026
0.019038378291306418 0.024575807869254576 0.26805952194537563
0.01901317665143578 0.02460040325119681 0.26810717244311644
0.018967617677118857 0.024649986777253257 0.2680100848187608
0.018911399087198272 0.024690080637396975 0.26792327500234525
0.018886962687560106 0.024720773059820997 0.2679788029428659
0.018832104798533138 0.024753458831127978 0.26790648884005347
0.01877737246836139 0.024807825886270757 0.2679537729975384
0.018685953266913233 0.02486554001031774 0.2679442254956627
0.018620531138125295 0.024906175288150867 0.26798905386458566
0.018586493720256482 0.024931481604366222 0.26805824151626156
0.018571872803516958 0.02494985317592202 0.26813634210238146
0.018485294332128074 0.024997628332434504 0.26819964983818184
0.01843262695853887 0.025021397442364878 0.2682557399654087
0.018377204821948392 0.025042282515570283 0.2682058047644683
0.018324604008884502 0.025063595751689392 0.2682848875851765
0.01835218324365817 0.025046320461601542 0.2681347355586777
0.01831008692866009 0.025066420376593533 0.26820495372641867
0.018215643194035177 0.025103379487575926 0.2682829562161576
0.01817855834109844 0.0251144049270942 0.2682048509291018
0.018142087297010268 0.02512807740245924 0.2682944320652886
0.018067166684270337 0.025150497687241886 0.2682093652567382
0.025436765432204817 0.009093025588066964 0.259218392575039
0.025411606792076352 0.009189717324373186 0.25924066363152404
0.025388861997041892 0.009268456896930193 0.2592353284827544
0.025370986346024596 0.009353872329812753 0.25926881557020887
0.02514255094355287 0.00998356796284364 0.2591875346490809
0.024700036845106018 0.011175528719700298 0.2593954766234137
0.024668948493133863 0.011253592859705234 0.2594198876970679
0.024642929156743015 0.011329712874435856 0.2594391669525302
0.024520952182346654 0.011619229810059547 0.25956378183568707
0.024497313356739273 0.011676227519232817 0.2595880450954208
0.024459452469901354 0.011766693694300182 0.2596396613817704
0.024433676423528766 0.011832808406782006 0.25967689904854546
0.024301683454910978 0.012098290206952095 0.25971332877011893
0.020790436263746753 0.02082066191310783 0.2636259070888231
0.020769133930330905 0.02085693311908289 0.26365545203099855
0.02072851166902442 0.02093531274604849 0.2637225979620971
0.02071242795976926 0.02096653281002662 0.2637778279802195
0.02065509309091097 0.021036560696791655 0.26383287793742405
0.02062767746863266 0.02106039350671663 0.26386332471272417
0.02100536299714439 0.020462671438788032 0.2632377902779694
0.020974068671488308 0.020523617781109768 0.2632953734268875
0.020936493376011785 0.020584141110536976 0.2633139779845253
0.020897688751148596 0.020636954156325226 0.26337745203263785
0.020866386594072344 0.020679854813004335 0.2634425036799565
0.02083432100027248 0.020731362482282346 0.2634859485829927
0.020622860860272808 0.021061256692061374 0.26373850097982465
0.0205784101355618 0.021102566030898 0.2637909001381913
0.020522783672646795 0.02114642738806767 0.2638640519151405
0.020471194076432213 0.02117954069586408 0.2639072253492081
0.022350149271867008 0.01669063676916981 0.2616481623959116
0.022310366231515995 0.01674787747256726 0.26169462400883003
0.021100089128643917 0.020250174775031667 0.26301387417536937
0.02107646071799854 0.020294988181047836 0.26303330680904585
0.02103366066015094 0.020380151929980463 0.2630865948510064
0.020998802069209226 0.02045597899211916 0.26312477020018576
0.020987002553441263 0.02049303623955064 0.26316322162851347
0.020946515218699977 0.020571191323929396 0.2631918512270315
0.02090789956478868 0.020617895240878484 0.2632611290872367
0.020480093955967907 0.02116859217173093 0.2637736548009441
0.02042751315861687 0.021200237007967908 0.2638238997986001
0.020380590756842617 0.02123258735250665 0.2639025299793196
0.020340759497399576 0.021258255865304866 0.26396085488670834
0.022904009867299395 0.015568370354713253 0.2608323048860423
0.022871419252896288 0.015645342713636774 0.26087537920222453
0.0228505681608501 0.015705026192065125 0.26089670243047874
0.022815970097083166 0.015781263004510753 0.26093289439107364
0.02279594043988288 0.015830998481039155 0.260948954207602
0.02242152152449807 0.016571464269710404 0.26142911194846397
0.022383289735684993 0.01663194348178939 0.2614747696458485
0.02234186152422433 0.016695082081945787 0.26148559469852567
0.02216181892519125 0.01695218590609719 0.2617691389246
0.02214634416891798 0.016964326335763363 0.2618284098870167
0.021260221419318555 0.019833716383926524 0.26267305385120815
0.021228518098383987 0.019910147839325893 0.26270524977901344
0.021203985875126317 0.01997929597282781 0.2627333573110155
0.021185204266839085 0.020049971300853207 0.26278137176403377
0.021161580827527716 0.020107010264337897 0.2628135256169863
0.021123472025865262 0.020170585800962794 0.2628489176313216
0.02109728336924801 0.02022944578326726 0.2629061400233346
0.020295104423343844 0.021271498105202697 0.2638845331932295
0.020241071868463124 0.021301116882375737 0.26395889247679155
0.02334182075891637 0.01407831640708766 0.26026624252362357
0.02330091623080399 0.014222532968174956 0.26031981752141226
0.023270473748052092 0.01431728425191648 0.26034041745522857
0.023247625046504735 0.01438354498517394 0.2603520553401644
0.023233408122187025 0.014449300474230618 0.26039205891652784
0.023207130619227304 0.014527552768966943 0.26038701537544057
0.023185787377983096 0.014612972963095891 0.26044509076083017
0.023161034020353286 0.014696968018904915 0.26046387299939994
0.023141158860085605 0.014769946539457327 0.26046488044285326
0.023122474846126735 0.014860407640104888 0.2605238899437155
0.023090639595765086 0.014948139785457655 0.26049227310633083
0.023071610913947483 0.015030521603387593 0.2605454227953499
0.023056510708742328 0.015091417712186033 0.26057848368214964
0.023032663129632928 0.015176942512655982 0.2605856395521315
0.023007785353578666 0.015266155171648992 0.26059420871393324
0.022990547582525705 0.015318499411455225 0.26061839901174516
0.022949270664464973 0.01542448075753364 0.2606522693943651
0.02291956561682176 0.015498853689980063 0.2606693660742718
0.02289767779383389 0.01555537096900713 0.260710892177824
0.022879395221205096 0.015605219795736234 0.2607622650988214
0.022848528671805483 0.015683592032038007 0.2607817702393033
0.022826402312120794 0.01574440237653785 0.2608058991163786
0.02278738287893048 0.015838775593910105 0.2608475592493155
0.02276702100222056 0.015892107944543828 0.26086304755305506
0.022741171954060023 0.015954251909012288 0.26089326328057133
0.02270981572573561 0.016029664842361558 0.2609417337234094
0.022685521046531865 0.01608043155357206 0.26095799833822997
0.02264105067514033 0.016165454611119134 0.26102305875287385
0.022622628986327213 0.016209312521944148 0.26106864308394656
0.022599929343518163 0.016260763342588972 0.26110149762200924
0.0225630096852703 0.016329529623746997 0.2611134472877179
0.022518326518574706 0.016410282137641036 0.2611618569583826
0.022498388326950856 0.01645175266313515 0.2612120684603519
0.022455786692461857 0.016528448574163794 0.26125281493345504
0.02243055103708961 0.01656446188327164 0.26127932687915956
0.02239349727163793 0.016626536911567326 0.26134923983023406
0.022081056549634052 0.017014943945235488 0.26175349535985704
0.02132928749058149 0.01960502388855677 0.262447100533105
0.02127943868629115 0.019752814030973426 0.2625006104145783
0.02125921421502618 0.019822659256896358 0.26255630846551203
0.02014561831036673 0.02132838831398726 0.26394205897850403
0.02335539707263353 0.013970760524033355 0.26012488018059593
0.023344557227028315 0.014024621314240437 0.260148706576159
0.023314171099840127 0.014126612088574948 0.26017021640008087
0.023229243655206754 0.014421807783673154 0.26031112646765425
0.022998148436479772 0.01524999718652256 0.260482411449452
0.022984255383167004 0.015311013573826582 0.26052383468146034
0.022584780447973143 0.016263670256816125 0.26099889967849454
0.022436052288738066 0.016541287207131383 0.26116399627430514
0.022021109818422063 0.017035240841824287 0.26166029491776654
0.02199472819331569 0.017051840122072334 0.2617122115369938
0.021479052693796203 0.019097497464075727 0.2621178206289814
0.02141548123286772 0.019303823290139775 0.26222907728295947
0.02140005997063152 0.019358205169440902 0.26223378726965985
0.020026990958315966 0.021357998974839334 0.2639851711195935
0.02193337635922057 0.017075776511635686 0.2616441638139766
0.021540272972974523 0.018908912566563924 0.2619500507951382
0.02151087055521859 0.01899430894234589 0.2619675462383564
0.02147969736397772 0.01907688232629748 0.2620023752206937
0.02146222234627796 0.019140994035560414 0.2620284269364105
0.021868244365359182 0.017099500313865822 0.26158248461502437
0.021620765156345926 0.018534803360113112 0.2616838103996967
0.021599889658527105 0.01861284458511185 0.26170913250844624
0.021596657502805275 0.018678159825598322 0.2617490920383431
0.02158663055684306 0.01874030675280175 0.2617709739988091
0.021564677307385156 0.018817108452112603 0.26181240516487053
0.02154092477228035 0.018889742657686434 0.26184755879422444
0.021627396895608338 0.018485164954705983 0.26158460966561164
0.019122525525416496 0.022147475743004134 0.2655736526449876
0.019107887062915323 0.021972948252029202 0.2655075350867325
0.01910260907799324 0.021849731485691717 0.2654899913907562
0.019141734675404365 0.022309178764782885 0.2656987419846788
0.019088890738505233 0.021737078911799858 0.26551305907068334
0.019299780382470866 0.022957989028985944 0.2667709739331128
0.019043892437165005 0.021611293689219355 0.2655205519978053
0.019182307352939874 0.022662323141221765 0.26601538639143046
0.029425441996163072 -0.0019248264541004891 0.26418886546022147
0.029457706285319775 -0.0018052861994508871 0.2641835443547431
0.029491384915987802 -0.0015659440217424027 0.2640107975347837
0.029483464192731616 -0.001651065862085777 0.26410065392375887
0.029479850780831724 -0.0017248469710625213 0.26419216033726417
0.02953481298388273 -0.0012541362246153464 0.2637707791786738
0.029532159626956513 -0.0013400582367804365 0.26388703665810015
0.029520140173624004 -0.0014605491731685774 0.263995779750248
0.029520354877685794 -0.0015221037017107409 0.2641039080065833
0.029557918640560964 -0.0010323174127773547 0.2636423165948441
0.029557344219946987 -0.001121416848677933 0.26374577601183036
0.029553308369822263 -0.0012071740114479406 0.2638560888014216
0.02955188253725619 -0.001277668226633303 0.2639338915611857
0.029543919174896054 -0.0013869707822699825 0.26405536557483134
0.029569818687093772 -0.0009885197419165132 0.2637239280328885
0.029570437792639372 -0.001078084700593621 0.26383466963250446
0.029570110371615197 -0.0011553000573802817 0.26392568502060876
0.029576711706967056 -0.0008609440474109529 0.26371020868347045
0.02958171213259984 -0.0009384823276523104 0.2638109462868801
0.02958489751962431 -0.0007634465653677591 0.2637148067989941
0.029589649895901092 -0.0008068444546274948 0.2637983211572058
0.029568425821408992 -0.00047535415350033326 0.26354417186973766
0.029573789194202345 -0.0005267447614438051 0.26360467276599125
0.02958771860894501 -0.0006125070844842764 0.2637266334623307
0.02959210464314583 -0.000702097123151232 0.26376929879574845
0.02769206834020397 0.0038119802827893206 0.26066548034313547
0.02956722140219695 -0.0004194525652313902 0.26360346469310925
0.029585591062160774 -0.0004976281024496269 0.2637481081318594
0.02771814974433298 0.003916776607210122 0.26061636986618264
0.027717520536524178 0.0038607285203824853 0.2607073825678264
0.027706661317663528 0.003789084029724783 0.26078938411186153
0.027667232423159945 0.00219534463595057 0.26266059226778915
0.027737510474154833 0.0021362564208199197 0.2626697537240615
0.027851513500488367 0.002041558737299102 0.26268611788070273
0.02790851970427582 0.001994604448976971 0.2626851442596737
0.02796448426555705 0.0019486896596087257 0.2626864446049625
0.029552254687506965 -0.00026782584971008524 0.26366331189514575
0.02773955620729693 0.004037746127869593 0.26062415445446835
0.027744248589044805 0.003977825071105395 0.2607131624395585
0.027734952688937182 0.0038982314359908834 0.2608078663470304
0.028304390947215083 0.0016154575805476445 0.2628210748951977
0.027729658589566303 0.004188836522647191 0.26062971742752383
0.028833792597496608 0.0011744844995066036 0.2629963713871091
0.028895739230087755 0.0011110769753046577 0.2630176420190977
0.02951232719955083 -1.2046325148937878e-05 0.2636592301650228
0.01919517594877653 0.022701785628136628 0.2661110295682268
0.027717836991402223 0.004307958105721321 0.26066229150713865
0.028898407481865375 0.0011342422419770176 0.2630955177961561
0.02893856678024808 0.0010969071853357548 0.2631262763364173
0.028998484081858712 0.0010340965210489635 0.26312749092258414
0.029056026132841497 0.0009780745506149352 0.26317052063902957
0.029102315408855467 0.0009181441467287701 0.26320836612906673
0.02941968144291097 0.000310393208070245 0.263550205720085
0.02944908196392874 0.00022679539557063794 0.26360062378043214
0.029476024951283535 0.00015200408109078512 0.26368326720068297
0.027637479306502358 0.004634350132427123 0.260473727082391
0.027665048054594528 0.0045346835178162945 0.26054243413414446
0.027688475295009878 0.004474535057335928 0.2606089409113057
0.027707035364296393 0.004408829003482208 0.2606747659985828
0.029287702917304436 0.0006212842093626699 0.2634619584091111
0.029325931461140382 0.0005473233152318308 0.2634978860513317
0.029358485111109774 0.00047692562131226857 0.2635583175949533
0.029392260144647124 0.00040224371651662245 0.26359773799963976
0.027531829194971092 0.005036461114411279 0.26028608859859537
0.027558188771517368 0.004946342740873157 0.2603432222110765
0.027580209302188064 0.004860499043649648 0.26040388993211466
0.02760025868628952 0.004804463610600663 0.26046137159475746
0.02762578500100655 0.004726889860943896 0.2605103560608783
0.027648582179619935 0.004653782550637023 0.2605684769669876
0.027390909098234273 0.005425986665405681 0.26016024149907285
0.02743214453495407 0.005345975576736459 0.26019313852399145
0.027463128572603305 0.005270476336484208 0.26022821321760786
0.02748913441116584 0.005200404858319023 0.2602837088571519
0.027522848970827296 0.005108783608812596 0.2603214794304294
0.027295501157577055 0.005629046905460626 0.26009389949903994
0.027319814572079014 0.0055956965271067366 0.26016487428356877
0.02735549429643514 0.0055176742473645 0.2601873099701797
0.02739285773352521 0.005448915553881362 0.2602246756662032
0.026927734600010654 0.006347525953293391 0.2598121355642272
0.026974913150880766 0.006257157773973543 0.2598383743485784
0.027001397619993893 0.0062216786247624506 0.2598820034852539
0.02704639500690362 0.00614157237257092 0.2599155486418509
0.027072491734910165 0.006093349022302165 0.259935976597603
0.02711977130380632 0.0060110959730114155 0.2599791380844561
0.0271497678005997 0.00595200961535357 0.26001322391610004
0.027180903969261844 0.005895783140895298 0.2600777519686899
0.027264500321819846 0.005725972304225382 0.26015573702936473
0.026756383979017154 0.006692745969040636 0.2597278691289603
0.026784263039746833 0.006640220366118736 0.2597631762148003
0.026568400717614262 0.007082365747265336 0.25961213733234206
0.026615721300190368 0.007001894652885461 0.25964545064400524
0.026651576624320734 0.006930902122056251 0.25970466308271517
0.026536297315046555 0.007152354224536301 0.2596823319439079
0.026561027290048566 0.007117015267106195 0.25970696225702294
0.025573108655659385 0.008486017983530634 0.25923037286105505
0.02644106729296278 0.007307981681963854 0.2597200643330262
0.025545722837987745 0.00866427378271555 0.2592117985980176
0.025562631576321732 0.008593384655184527 0.25924815372510907
0.025530333507158182 0.008775841850391023 0.25925404897282994
0.025484157866415537 0.008937734554935784 0.25923021822971953
0.02550975625328607 0.008872255353213543 0.25929379838410327
0.025427957103345323 0.009124914708473377 0.25922355090252086
0.025456529995811775 0.009049969816398183 0.25928359870321277
0.025384634660174092 0.009281418023613852 0.25922781744300644
0.025403904633235327 0.009225058991997766 0.2592554150714101
0.02510062004985916 0.010102850749006003 0.2591947284088343
0.025045994557182497 0.010271745217473881 0.259203089017113
0.025076375658731397 0.010182705948759889 0.2592443132308175
0.024988986177070578 0.010432429262296797 0.25923500112196945
0.0249236139329154 0.010604119809143537 0.25924268181969634
0.024955220972657313 0.010538219796923399 0.25929213876590357
0.02490021094538942 0.010693286673339833 0.2592964321722929
0.024829118349922887 0.010850588356623548 0.25932129792999203
0.024848564786458867 0.010804884588106741 0.25935089676526313
0.02479466560139103 0.010946084496676008 0.25936007041061526
0.02469395339173454 0.011189833935491415 0.2593877602644118
0.02472392066473645 0.011110996034421632 0.25940969920020485
0.02463408648878949 0.011338472934660422 0.2594120531946143
0.024664482799166148 0.011272118395270734 0.259438462276724
0.024413169527180274 0.011858616214449386 0.25962766782506325
0.02437695431055533 0.011949285659276703 0.2597177824834688
0.024411311619642967 0.011892577079054133 0.25973527449425665
0.024305216557090517 0.01209663324168585 0.2597489612869412
0.02432824935924587 0.012054960505367454 0.2597712006275924
0.02420691603550975 0.012257230196549427 0.2598312615964516
0.024244859920786507 0.012207104192705357 0.2598326692216602
0.023487766334746512 0.013402981671905168 0.2601196934163193
0.02342677598795406 0.013684785118708869 0.2600665061615707
0.023447623408728562 0.013594349413654212 0.26008487273986725
0.023472241349195778 0.013517740245527989 0.2601583850175232
0.023404956197969697 0.013781717423885006 0.2600892854565177
0.023432676071366478 0.013698821616520494 0.26012620227572325
0.023379363408338707 0.01389888496051044 0.2601408193907749
0.023404637125044304 0.013831620292848327 0.26017482219401517
0.023333837059980662 0.014065638627082147 0.2601610420115266
0.023366511058500145 0.013985778025596468 0.260208728662186
0.023311822803699037 0.01415256823172874 0.26021703412576047
0.023337581133963392 0.014086224932156827 0.2602350296703178
0.02328056335949713 0.014257754799870922 0.26026779649007353
0.023247416728459955 0.014365342775720885 0.2603088707448251
0.023194210677486376 0.014536103019381033 0.2603416495157741
0.023229051257697635 0.014445046094392943 0.26035202020920584
0.023166998486656896 0.014640855287019442 0.26039547777689087
0.023196623946884244 0.014564096213841334 0.26040642297634803
0.023143485523404686 0.014732811628581588 0.26042310069139324
0.02309514173897493 0.014908502591325581 0.2604431095573554
0.02312458979873348 0.01482861903349919 0.26046601364575583
0.023058206601722652 0.015044651345348261 0.26047912992540234
0.023072851493794396 0.014997648635142531 0.2604797662189817
0.023097994255619182 0.014943291526392384 0.2605343553860038
0.023023707627506978 0.015176358513460724 0.26050939930012107
0.023054914603287447 0.015087445316008391 0.2605530603637984
0.02299590996458656 0.01529493758930938 0.2605712938613283
0.023022464994703486 0.015218937201135966 0.260612280647894
0.022939458932928602 0.015432572126364135 0.26059466173103196
0.022965565944839724 0.015378648155355104 0.2606293531792533
0.022999763242512235 0.015294092311626714 0.2606581407516288
0.022936784212345712 0.015466990432074935 0.26069247215277624
0.0229665929320415 0.015398923482617401 0.26072136811826696
0.022895209071360244 0.015570856658548755 0.2607525822921051
0.02272459553008941 0.01597344647116138 0.2608306621180243
0.02275441834241221 0.015902701524559228 0.2608169959555995
0.02268873637538222 0.016064050779168008 0.2608999972245311
0.022725223721944254 0.015991596293719903 0.2609192596615347
0.02275535807180667 0.015930321277950812 0.2609451118626183
0.02263753921016122 0.01616241990096651 0.2609736199761092
0.022681808864750477 0.016087026393073797 0.26102836433426757
0.022562698256228492 0.016316080538449497 0.2610366049060748
0.02260426474988257 0.01624411623317722 0.2610606158363354
0.022637413168125304 0.016180866147703667 0.2610921112892706
0.02252510266834191 0.016393333964735027 0.26111953224775775
0.02255161084486154 0.01635377813886131 0.26115271267899437
0.02242476927269582 0.01656375015037487 0.26120577944591555
0.022469102480563427 0.016503012881332216 0.2612031191960381
0.022508384937886122 0.01643065645476247 0.26124937300648376
0.022381433368360522 0.016638475174335962 0.26129100612418865
0.022409325670053347 0.016598933961618805 0.26130170714297835
0.022458609422829897 0.01652229238899854 0.26131144373676435
0.022360388441721224 0.01666540445796462 0.26140249003040833
0.022400244908797738 0.016607264971464013 0.2614115870981566
0.019267833785342144 0.022898364872659806 0.26656648471893685
0.021653122364258485 0.018414120894732634 0.2616373917876345
0.02160499203724012 0.018577527440972866 0.2616422956296941
0.02158605346926438 0.01866923703543962 0.26169811385096414
0.02160464429077189 0.01860513719722356 0.26172966313299
0.02156532428871848 0.018785508200394686 0.26174811637263945
0.021595548930825565 0.018706249698365016 0.2617716765289531
0.02154061047444675 0.018874539181663322 0.26181642847887615
0.021564506912507886 0.018824121047313753 0.26186806154073283
0.021534730234509993 0.018919711780610544 0.2619072451374948
0.021557807513260016 0.018837242027241408 0.26190458335524774
0.021502437437158215 0.019019937448747734 0.26199074302001657
0.021479164413657294 0.019107726396824957 0.2620540435221681
0.021408159378940465 0.019322361540239433 0.2621867104523215
0.02143179992180587 0.019227891337629522 0.26220752402846487
0.021411775609979502 0.019345909232093946 0.26228238267807896
0.02138661015750138 0.019432021672388406 0.2623488908326775
0.021402364497446858 0.019384682974010053 0.2623722451001403
0.021352893946974382 0.01952922198084815 0.262411082713844
0.02132537024104366 0.019643819758293386 0.2625123247007688
0.019286027231506825 0.02292746511440672 0.2666689732185206
0.021261522660567203 0.019812868930831392 0.26254055049626707
0.021221610409031737 0.019917558494793538 0.2626360115452596
0.021251658968815226 0.01985192458838744 0.26265199033697895
0.01923173078313641 0.024358859512967707 0.2680622573260746
0.019165537678009232 0.024430036341066448 0.26804205958175936
0.02118749874121756 0.020017279958320366 0.26270397819834046
0.021215320826837053 0.019947672857999477 0.2627380671707024
0.02114787773867932 0.02011627178580652 0.26276883345910496
0.021190171670125955 0.020040267059846347 0.2628230675912958
0.021143812370048438 0.020145518526172707 0.2629073515104766
0.021063696820058164 0.02030531466792119 0.26297483250803916
0.021102980242007612 0.02023644979532209 0.2629701547541074
0.0210609465337099 0.020327938372031906 0.2630804184466737
0.02097107787046612 0.020491113372504886 0.26309979729048416
0.021017492521432726 0.020423725436248208 0.26315013601437254
0.0194534862015109 0.023345065699759592 0.26731250439055354
0.019423000290090555 0.023287178005559097 0.26721512523331226
0.020922680829086333 0.02059994608907742 0.2632088923494425
0.020985256645928003 0.020510679242398955 0.26323383349477864
0.020873602986953003 0.020662619096234326 0.2633391402365095
0.020911419398040344 0.02061868072249193 0.2633545837259258
0.020858844274030446 0.02069711256298152 0.2634801834314699
0.019339777418252282 0.02305969451805461 0.2669682471115278
0.020800307559818203 0.020794072106354027 0.2635635780820071
0.020845013474680037 0.020727097298846725 0.2635521558915114
0.019330657990131166 0.023074634019953626 0.26679076177350314
0.0254420534643511 0.009089268899548184 0.2592569197564488
0.025477712395461653 0.008982835895757213 0.25929357841485423
0.025467418626161684 0.00899905371051058 0.25924510815904483
0.025416868448507185 0.009162941708599949 0.2592239927115864
0.025425822597830015 0.009162792863281125 0.25929780992065704
0.02549821753384818 0.008904954900516108 0.25926215017309623
0.025393633756036527 0.009265340853758916 0.25926429566230386
0.025517031760815847 0.00882613806228602 0.25924161117908434
0.025353346174951743 0.00938663756186535 0.25922172112751063
0.025548581230169592 0.008704242340509467 0.2592934777096803
0.02553508428978306 0.008723491518964937 0.25920762314527634
0.01917849048512354 0.024419042272547726 0.2680725821610289
0.01927022448432516 0.02430249791818908 0.26807432438879936
0.019244945038484708 0.02433118150444889 0.26799772413229006
0.01931806091696026 0.024218920392253054 0.2680023124656813
0.019384754921126717 0.024080926580447946 0.26791742894483217
0.019410328826669272 0.024008201041111697 0.26783926261075186
0.01944559084907941 0.023897386844104265 0.26776666310237096
0.01947069042751675 0.023792905745031276 0.2677241719633092
0.019484093120926048 0.023701204627920663 0.26767985447770776
0.025554167275774618 0.00863763765943327 0.259240225627531
0.019502062711460964 0.02360199585145297 0.267725885770192
0.019493235195353464 0.02361359963563114 0.26764007023458164
0.01950425812591688 0.023511869142961377 0.2676945001497292
0.01949764909867283 0.023534540362774144 0.26760573918110503
0.019484330160165736 0.023541140938235484 0.26751738586548734
0.019501322146692902 0.02344558066540092 0.26766328436736336
0.019496092883145924 0.023452698525594597 0.2675891313642615
0.019484843794074138 0.0234550979460642 0.26749168241672233
0.019475278077934907 0.023371985685678453 0.26747372355405485
0.019463540118638992 0.023374974047142148 0.2673685349001642
0.025562450353452976 0.00856639636163421 0.25921658629775884
0.01944683199314635 0.02329978147124072 0.26734230650387625
0.019439521076620468 0.023325951278731882 0.2672605327117701
0.01941890160184408 0.02323882365270209 0.2672753864299021
0.019406338880302285 0.023240601301889777 0.26718584243462135
0.019382854503000268 0.023168356788707517 0.26713788383958564
0.01938586743308604 0.023191904638517644 0.26706322478774586
0.019356982310219904 0.02310347520732972 0.2670457691331667
0.019353006473056756 0.023106468569886487 0.26694279663247145
0.019337789921404006 0.023079386821254537 0.26686658853023265
0.019321293205521957 0.023023930805963735 0.26681627858953333
0.019317478389048414 0.02303626042919356 0.26674999233706503
0.019297708903727274 0.022968602263097975 0.26670431987369025
0.01928667183564493 0.022973222925221977 0.2666257941931159
0.019275085632796993 0.022896028080790574 0.26662752560779224
0.01926237998565106 0.02291313095332896 0.2665073364219993
0.0192554478161193 0.022908103975070346 0.2664508424876774
0.025299889789844494 0.009543577269102762 0.25927308274823574
0.019252814188564674 0.022842236613803062 0.2664990012285828
0.01924167010522466 0.022834383378808904 0.26640571562462034
0.01922749079135348 0.022814338948909774 0.26630903476773465
0.019220496781718527 0.022735714736898886 0.26628914939333825
0.019209328727365225 0.022729642556664677 0.2661976136948968
0.019185673839296077 0.022691265108378673 0.26605092417845644
0.0191894440594783 0.022618182931444634 0.2660557740603483
0.019177786482180936 0.02253783134455358 0.2660095315823044
0.019166148524828983 0.022528597140187512 0.2659136005460419
0.01916072679042343 0.022451886093053347 0.2658842549681193
0.019151961204146372 0.022359482880136505 0.26578255431305814
0.019132380695776097 0.02221217789571801 0.2656333495029566
0.02543076358790786 0.008025778239078562 0.2591707939485647
0.019127889069264947 0.022053290559205154 0.2655792145106953
0.019130499796660358 0.021957133015363228 0.2655774381479085
0.01911978358313793 0.021877730806901443 0.2655378432118797
0.025582084725373558 0.008449079122558684 0.2592867662482789
0.01910259067522847 0.021804330015908698 0.2655085236842698
0.019082193606758203 0.021687874657356814 0.26553136156425855
0.025573185281814566 0.008356630894028829 0.2592484719687318
0.025560702184554356 0.008379189817425437 0.25917843755320646
0.025282675812560555 0.009609274099227945 0.2593254526107291
0.02870865915610201 -0.003057800810550973 0.2643042324655556
0.028725872182892746 -0.003072556063350991 0.2643928682947868
0.028780821585022064 -0.0029836590796291397 0.2642637205205482
0.028797368524779175 -0.0029996934201156475 0.2643536301090794
0.028849328966518744 -0.0029090655447628635 0.2642261496470342
0.02886595164789546 -0.0029254397918152346 0.26431622604903443
0.02888017532234904 -0.0029395890372674242 0.26440793959295344
0.028931608014665454 -0.0028484871613510664 0.2642805208075817
0.028946761646396257 -0.002864055198479616 0.2643714916472246
0.02899139989539811 -0.0027719838973497123 0.2642504598529129
0.02900777448003912 -0.0027880591982305967 0.26434059083692746
0.029020173190587223 -0.0028030802786396395 0.2644341596464746
0.02906259045971219 -0.002712363558374208 0.26431554126449175
0.029075560995848345 -0.002727392536782469 0.2644087570115537
0.029125665057394737 -0.0026506475617210515 0.26438719015690665
0.02917328790199879 -0.0025737933900845766 0.26436859817008723
0.02921867928442553 -0.0024964517262420745 0.26435123639784286
0.02926233718781958 -0.0024185703714565483 0.2643350378470431
0.029300846055271956 -0.002340381893660001 0.26432340541103916
0.029308905841689502 -0.0023537058383918193 0.26441755453763977
0.02933346977117928 -0.0022621686980487097 0.2643162657336889
0.02939105899266839 -0.002105456917226832 0.264312656686734
0.029416522520568252 -0.002027550789535855 0.26431380320977893
0.029436373758645603 -0.0019260078044006216 0.2642487129169802
0.029440625411658497 -0.0018491352533349036 0.264156081055079
0.029454417750164993 -0.0018506547515782226 0.2642332178629181
0.029459522848800452 -0.0017650571504325614 0.2641397417074236
0.029476625852918156 -0.0017632625038754139 0.2642347766167669
0.029484964769977338 -0.0016802107416478836 0.26415388828167974
0.029492896188235106 -0.0015941392441185843 0.2640632213146107
0.02950426082707781 -0.0016012900830708924 0.26413542175980514
0.02950453235972025 -0.0015108498791483944 0.26398565839050364
0.029514060223209165 -0.0015116555233987054 0.26404221138029804
0.029530253003346697 -0.0014099656577315765 0.26398387128094936
0.02953394828011199 -0.0014415440042517948 0.26406986869172827
0.029548531983509405 -0.0013345228821304718 0.2639935654335075
0.029562710354432434 -0.0012593397020276087 0.26398382199840553
0.02956375268277763 -0.0012107367130435233 0.2639364093248526
0.029550119433270884 -0.00022355574503748766 0.26369943683696756
0.02954125895573514 -0.00014883960947235553 0.26370389877870304
0.029519575426845603 -4.646237551702819e-05 0.2636602544589976
0.029489288673083695 7.154206688029738e-05 0.26363160361047483
0.029499087798323585 6.662784696518509e-05 0.2636973160665783
0.029457229188609754 0.0001687503823706025 0.2635683921799041
0.029472931072974256 0.0001375604713358556 0.2636289595810127
0.02944500454600956 0.0002518329732492798 0.2636117449884197
0.029461829455140948 0.00021425682120538794 0.26368578681126525
0.029404891739239946 0.00034506373789174114 0.2635282442850858
0.02556330792573064 0.008283776188476576 0.25924587945727007
0.025544896204569054 0.0082824577713363 0.2591758700921815
0.02926318411247077 0.0006564092401299592 0.2633560420372739
0.029188692057087923 0.0007791346505216745 0.2632523407092736
0.02920718149541818 0.0007514120116260919 0.2633213349761579
0.026977343075480362 0.0027077962923746646 0.26114351824474796
0.02699417582620209 0.0026932146707326615 0.2612345586825403
0.02700271703530879 0.002681639062051109 0.2613319887622419
0.026997769849931783 0.002673748060121556 0.2614424043333603
0.026981431944348613 0.002670458483186946 0.26157268764167235
0.02705567747946585 0.0027801995143972055 0.2610977548893968
0.027075290922222925 0.002764592139333606 0.26118649650537723
0.027086441967333254 0.002751057987541973 0.2612825028698968
0.027084266290916283 0.0027422280086575146 0.26138972335723487
0.027069673856392796 0.002737693551523681 0.26151930859386757
0.02703721974408197 0.002719041833754895 0.2616067384984677
0.027150876126504332 0.0028372040550054814 0.2611433190633943
0.027165549521574895 0.002823622396912822 0.2612356114820458
0.027167093404784078 0.00281289823912346 0.2613395152748753
0.02715268817450215 0.0028064773549801416 0.26145666573576787
0.027142789713906452 0.0028113127221743375 0.2615680194447404
0.027221679749019997 0.002910908476661001 0.2611049015170503
0.027238741055169848 0.0028974781241295 0.26119424792359985
0.02724460513985716 0.0028851888563137165 0.2612943228275836
0.027232628462904366 0.002876198893351765 0.26141069523786675
0.02721297047825716 0.0028731589158653803 0.2615272410982672
0.02728642705872906 0.0029854685826566883 0.2610717759154809
0.027304932944723574 0.0029709699852928525 0.26116016125905117
0.027312970904761136 0.0029586220745150935 0.2612575715942208
0.02730652298060402 0.0029482357487808997 0.26137130399247127
0.027287720864542557 0.0029449324956341235 0.2615069393545648
0.0273645424410961 0.0030456744176137205 0.26113162104122045
0.027372814273638312 0.003033095652756022 0.26122861065077246
0.027370102995086753 0.003022014517139968 0.26133769060677764
0.027361660176053633 0.003023424474460565 0.2614727673883765
0.027402075176270576 0.003132822141813144 0.2610196971864925
0.027418355543176117 0.0031199378574750724 0.26110928555052776
0.027426253685394676 0.003107611795052198 0.26120619902190634
0.0274248764140537 0.0030964019080242863 0.2613109231946482
0.027453498942436018 0.0032076715678032524 0.26099959384591653
0.027469048821523265 0.003194402393843275 0.2610902948408548
0.02747628363498759 0.0031819494501221703 0.2611876747842047
0.027501106140177006 0.003283522519557102 0.26098312209612234
0.02751561522032267 0.0032698126065942128 0.26107473801548076
0.027545606963813585 0.003359647501405884 0.2609684860879851
0.027558940312386766 0.0033461782816280585 0.26106056279152295
0.02758642456595745 0.0034365872269121675 0.2609563241599208
0.027598015000739922 0.00342345612085044 0.26104964139988823
0.0276234102846869 0.003514954813234777 0.2609468896634299
0.02763344336418824 0.003500490505131183 0.26103944073315255
0.0276602136610089 0.00360065130015853 0.260948118288772
0.027661879829613288 0.0035731622422844594 0.26102861952465933
0.02768095556342417 0.0037034702467965293 0.26084164672920596
0.0276811543806167 0.0036741079799073686 0.2609171251304533
0.027692500262918373 0.0037846392930382324 0.26072121926869213
0.027704343411530347 0.003766454859046955 0.26084527503192534
0.027703966424261758 0.0037518937412428107 0.26091691513472326
0.027705717697269167 0.0038683985740446377 0.2606395749003961
0.02772139908763071 0.003849719933083833 0.2607674487075975
0.02772313544931445 0.0038428837188782313 0.26084167179715484
0.025238254762714133 0.009712717030922682 0.25925895110989683
0.027734581634651194 0.003947152525640443 0.2606642910333228
0.027738754718864833 0.003935772481966681 0.260756591567309
0.024300292832917927 0.012109578068417087 0.2597807342754876
0.027735352982115265 0.004109321671702694 0.2606003821318416
0.02436092524976888 0.01199170274765633 0.25976331426164284
0.0243348134475516 0.01202508432692672 0.2597168951572743
0.02771840043426866 0.004273483721763193 0.26063227747070833
0.024396366612554402 0.011915680720770773 0.2597118335727186
0.02437606963927966 0.01193377653586481 0.25965963162493916
0.027698347763237638 0.004390669963264018 0.2606104794389751
0.027716462085316463 0.004363573652210642 0.26069669176908467
0.025160172774152285 0.00994829230034855 0.25923804474729756
0.02444929955704987 0.01179965147263425 0.25967398392986796
0.027677474114116116 0.0044782565343957454 0.2605635728826132
0.027696653550207007 0.004454774814797679 0.26064271114311943
0.027670891832947873 0.004561769391141087 0.2605976062314473
0.024483899050922152 0.01171248917813525 0.2596573494343403
0.02446918600116302 0.011730716177764874 0.2595841027535194
0.02762618123187005 0.0046895472362658034 0.26046196719559656
0.027639248177100114 0.004688290953587457 0.26054515993624255
0.02765343043371663 0.004641738464781169 0.2606019947731227
0.024526095779903327 0.01161693913650755 0.2596170209455486
0.024508509241011212 0.011645537590807572 0.2595391443523935
0.027597032860169533 0.004787077545626538 0.2604308410364501
0.027610663566262662 0.004771229976524809 0.2604810407924749
0.027586984024145417 0.004872102348298787 0.26045397827969796
0.027599500342053454 0.0048277360929188376 0.26049344878729014
0.024575859257117624 0.01150142915872242 0.2596516976043785
0.024554125619521146 0.011527365472028386 0.2595798075108405
0.027539245374405375 0.004996728771313673 0.2603004058013449
0.027567671283083187 0.004949367217955933 0.260393409518364
0.027533513074997153 0.00505947681430535 0.2603090780354402
0.024600037504450976 0.011420549480705365 0.25960596668551894
0.027497627450444817 0.005165164483188852 0.2602682160347981
0.02743940279475416 0.005309040362749672 0.26017278001146155
0.02746783977545928 0.005265833048122482 0.26026710565055877
0.024646992345064553 0.011324794473285523 0.2595068614303759
0.024640246441437523 0.011338319268159328 0.25945691050137676
0.027430022684600847 0.0053655897311488225 0.26023000780250033
0.02467294385692835 0.011253574845922504 0.2594819579946639
0.024655711274590784 0.011284224311250934 0.259405229647353
0.027369310489037266 0.005474433439812042 0.2601511318651411
0.027320040898076922 0.005573715099682558 0.26011577229048344
0.027339534553279907 0.005555831421207316 0.26019506708193296
0.024712966364428792 0.011147715361963401 0.25943999253923583
0.02727963375090831 0.005676676381696182 0.26011160127576266
0.02723351504204381 0.005765027904960795 0.26007317193632645
0.027246121517360843 0.00576053148667015 0.2601391444450149
0.024740777872369557 0.011067016391306134 0.2593939680863773
0.02718527773054462 0.0058692052453737445 0.2600103648624908
0.02720092522658727 0.005850910201002804 0.2601043358570532
0.027105581008365222 0.0060109047812410416 0.25992927165926843
0.02713648990795132 0.00597122169092951 0.2599787111138539
0.02479272183379693 0.010963139242315277 0.25941077221648756
0.02477741772096123 0.010984351840666037 0.25936736001311667
0.027058892219379033 0.006094351849967185 0.25988925265498264
0.027074352747043347 0.006100011816631489 0.2599804728334615
0.024820151671718724 0.010887316982549262 0.2593699735668096
0.02702397349227054 0.006193109679795122 0.25993721722153756
0.02694712776557799 0.006315547804832391 0.2598322727127415
0.026973157766601825 0.006278893122090372 0.259887782488275
0.024851615531138516 0.010791722903954266 0.2593063787101937
0.026895617554929484 0.006421357580506612 0.25981060362483455
0.026841964805951673 0.006519447918214504 0.25977321213548904
0.024905299349083587 0.01068380829523539 0.2593332087775789
0.024886448846160474 0.010703692890843077 0.25926063593419335
0.024935519775339036 0.010589145221147164 0.25930582343220765
0.025540974471670266 0.00819516010220511 0.2592419785876668
0.02496172458785556 0.010510848817564289 0.2592593766036081
0.026662523451372114 0.006897544432928805 0.259683438609728
0.026593395139675312 0.007036727932996402 0.2596109754913098
0.02661100289371729 0.007020915877007858 0.2596945630973469
0.025006458749353654 0.010402369208156922 0.2592780047795221
0.026565079448672306 0.007102428613476508 0.2596619502058991
0.02651431181206792 0.00719144164399009 0.25970514777611325
0.025029628741562678 0.010326275346147376 0.25922465695271085
0.025057341647379012 0.010230521926339053 0.25918643739821023
0.02519720327398731 0.009825247887868394 0.2591888307732721
0.025204565164557328 0.009822702332436534 0.25925338399871256
0.025527936292526896 0.00815153248445643 0.2592490464766162
0.02550097262095185 0.008141716853886604 0.25916625265189663
0.0250911679838221 0.010139976480351262 0.2592387589938827
0.025470871082188987 0.008032874471270633 0.2593305397381528
0.025120834231204408 0.010043220194514133 0.2591809491148198
0.025473494297997848 0.008041142888548708 0.25928600857811257
0.01915950796677719 0.024442775390164942 0.26813585528427564
0.019206498134107602 0.02439111171841018 0.26807410168199136
0.019303855524420935 0.024248956482097017 0.26805071145667986
0.01933797080992332 0.02418296825737724 0.26798739056365534
0.019355300491075315 0.024135123486145917 0.2679096460621329
0.019504286085714032 0.02348295493544285 0.2676452628384518
0.020969031583650013 0.020542101652789403 0.2632018780182633
0.021036914758431027 0.020384537728510753 0.2631651136367562
0.02130755570635091 0.019721938384726294 0.2625823222604256
0.019074498074233916 0.021644484735866106 0.2655851231275933
0.019046620240370255 0.021592064860418102 0.2655567240565331
0.02141403688374393 0.019355463021059633 0.26234663362326544
0.021420046523646083 0.019311361502608485 0.26227614066121574
0.019020723156082435 0.021530840181699862 0.265555196103248
0.02144468368113539 0.019217433756209587 0.2622992442156451
0.02145638579730753 0.019151583166788815 0.2622242953220574
0.021464053104252125 0.019124112965655013 0.26213605462989165
0.019003577545677424 0.021468557284080578 0.265602623151522
0.01897244273322602 0.0214256687810951 0.2655360500941693
0.021591907988062053 0.018746795053851337 0.26181652124976046
0.02158632016060079 0.01870571459996032 0.26173376363444695
0.021608429848840913 0.018612698367188166 0.2617613384350229
0.021607272673459393 0.01857988600944983 0.26169522393264405
0.02161769450431475 0.018538478532344943 0.2616114642712226
0.02163506235971744 0.018486642552953226 0.26164892671827594
0.021669779738974316 0.018320845946072938 0.2616082105467405
0.02167366122683124 0.018271518988754197 0.2615310072674469
0.02170650586919396 0.018227984231765137 0.26163648702238584
0.021711678518133805 0.01820487881343243 0.2615567298644211
0.021694541280300947 0.018160002774898605 0.26149239598264035
0.021724207785819162 0.01809286756519532 0.2615938429001314
0.021715922838542134 0.0180167645197058 0.26161713712507745
0.02169668102630591 0.017995847437768837 0.2615782772686044
0.021640834706811198 0.017941146318593452 0.2614189317491824
0.021590023341013526 0.0178424336680308 0.2613855331096193
0.022326646488895794 0.016716338838929964 0.26158007221745194
0.02236636396856904 0.0166634909487789 0.2615097313081957
0.022385857015158196 0.01662602880304301 0.261435322663056
0.022431396857885515 0.016564787923137952 0.2613368435731291
0.02247461240677005 0.016498893282641765 0.26126473167058534
0.022495229634200774 0.016451854188657834 0.26117300958616596
0.022551331172484028 0.01635168856749897 0.26119994222138987
0.022645602987786503 0.016156232634773334 0.2610535484380453
0.022665158461484602 0.016115620078821325 0.2609659539664875
0.022718326819718568 0.016009799292688847 0.2609931811588694
0.022737810585985882 0.01596487357059106 0.26093085717515513
0.022778651938220623 0.015877941858563085 0.26095401148126696
0.022785901930726653 0.01585337489046844 0.2608996657501807
0.022801225835722815 0.01579666153859634 0.26081286701542555
0.02283485539210159 0.01574063039073997 0.2609226812167279
0.02284859131696299 0.015703264359882757 0.26084086983484134
0.02290186966063695 0.015564149134056113 0.2607868803892195
0.02291828591975603 0.015515255190927295 0.2607036840716216
0.0229547034337565 0.015434232695717018 0.26073534158959
0.022965280198000794 0.015387814185014479 0.26067635140208173
0.02297198415110645 0.015356944650025477 0.2605769845704812
0.022997955125235798 0.015303860773860391 0.2606919186846251
0.023008913732893328 0.015264931874027655 0.2606293475301206
0.02301321219273969 0.015238582243017933 0.2605472427398305
0.023045558730825994 0.015124655680268667 0.26056813753999647
0.023043828084233893 0.015101098302336037 0.2605004306244906
0.023065974591868505 0.015059446478009579 0.26058391104812323
0.023077926306392854 0.014997778788573191 0.2605122555947403
0.023078368602291923 0.014959716236398015 0.2604424997670535
0.023108473622036937 0.01488627679326636 0.2604773353720959
0.023138387182365584 0.014803525762837777 0.260511239588227
0.02313529262036378 0.014758956686239402 0.26041997516746396
0.02317352151099399 0.01465242235466456 0.2604494078213892
0.023179782736259223 0.014603519158629367 0.2603924900387925
0.023213770975087648 0.01448427957160338 0.2603434553724103
0.023240766534645792 0.014411106034080677 0.26036417939881823
0.023256264574865092 0.01433208900554597 0.2602945420155324
0.023289650899406544 0.014259357181892526 0.26032689037038476
0.023286598265784553 0.014229368234123926 0.26024153318123416
0.023322901855512935 0.01413981567941775 0.26027740022485973
0.023328718413949453 0.01409897389055234 0.26019940503763506
0.023356269068666318 0.014027886352313041 0.2602475962767948
0.023367168522343558 0.013961615301159816 0.260163194772729
0.023391906978799813 0.01389344642239345 0.26021084152329915
0.023392616427285056 0.013836054151594574 0.2601153285857702
0.023421357523131035 0.013761488856866962 0.2601597714573218
0.023420107836231666 0.013731356762633519 0.26009283055966004
0.023444761042882574 0.013635527498414813 0.2601210023260429
0.023459617782470386 0.013567883157289446 0.26013410600882825
0.023488488776383484 0.013453852591126556 0.2601865683552401
0.02347437815746733 0.013460694450729704 0.26010284762249736
0.023505985343645917 0.013370038923446445 0.2602109264944144
0.02350000339488404 0.013343575153917648 0.2601293765655896
0.023512761917916424 0.013272648042495632 0.26016538359761604
0.02349739406695779 0.013226226385462047 0.2600916315188986
0.02347437574193007 0.013127027578179188 0.26005548467330203
0.023448161644632714 0.013095645735001646 0.25999440869175716
0.02346773893150112 0.013071411998750901 0.26010793956318073
0.023422712977752332 0.01300932725209908 0.2600262131028254
0.023385819376697436 0.012966307954332797 0.2599724293123222
0.023379080331287907 0.012907470613796457 0.26002271258912063
0.023344054807100143 0.01289200110901549 0.2599301955016328
0.026459402497924736 0.007289766279253712 0.25974423400540936
0.026474650239594423 0.00725722540406556 0.2597113071331626
0.02654024247752753 0.007149762463556447 0.25970909495323086
0.026593288028766107 0.007050419778629704 0.25965360311017843
0.02663467035702496 0.006968329464395457 0.2596978687121374
0.026683343814713014 0.006850756797227795 0.25971201668201893
0.026729848130105746 0.006749560198397887 0.2597317027388895
0.0268142506550661 0.006585384656758266 0.2597892590713617
0.026815825862560174 0.0065638756017782325 0.2597367922182521
0.026867005276423644 0.006460393117701834 0.2597586993971205
0.02690643416907953 0.0063891485993121866 0.25978919580876775
0.026945953013758937 0.0063279971233860775 0.25987888095585054
0.027049745896863316 0.006146795930538258 0.25995850752194144
0.02703818766047375 0.006133226252940469 0.2598734491448028
0.02708930169367033 0.006075397927080244 0.25999653880171425
0.027131719326582728 0.0059950817237894565 0.2600190077003759
0.027175275411769145 0.005898347295534502 0.26002741723861666
0.027211216655030894 0.005819476158606611 0.2600609782858664
0.02725326181956046 0.005730818103926074 0.2601057760846956
0.02730247638697228 0.005632013629424115 0.26013053319423723
0.027337044809092548 0.00555037237069646 0.26015947229521635
0.027375278735434563 0.005475568721158203 0.2601937414036413
0.02741384782304335 0.005402550495331489 0.2602224263801646
0.02745010734172534 0.00531380951917515 0.2602395335411146
0.027479254032508702 0.005232890695692755 0.26027286084407475
0.027507441000328793 0.005144947425308276 0.26029958757300287
0.027538930557088576 0.005063742395187153 0.260345697800698
0.027555766803887338 0.00500292919642613 0.2603742290090529
0.027576746350291136 0.004905687477235109 0.26041611637208106
0.027596426894105023 0.004815903028643242 0.2604524506091894
0.027619711007637607 0.00473299091517758 0.26047414221350196
0.02763845703976664 0.00467095002691513 0.2605078165919378
0.027661997464267105 0.004609359211829857 0.2606221681953872
0.02765905019415069 0.004596228630331395 0.26055914247025547
0.027681587931148003 0.004534253727175156 0.2606480710134225
0.027679933931219702 0.0045107494457121665 0.2605962125933044
0.02769390527910845 0.004435853896939984 0.2606072800371053
0.027711773295486863 0.004352574139020384 0.2606589282104665
0.027717727057628018 0.003813361993666052 0.26090244094343706
0.027707825853200047 0.0037519861523328717 0.26098219278762574
0.027694210272596217 0.0036813425985803613 0.2610045378559416
0.02708330727131862 0.0027638964965039626 0.2616361261159772
0.027864761413112397 0.002035630580546913 0.2627260442863592
0.028000337888519498 0.0019157014792780926 0.26269795859987916
0.02807605113973523 0.0018421678461710506 0.2628131578767537
0.02809164363175876 0.0018075206499947782 0.2627482535849878
0.028514844688790866 0.0014407099963279987 0.2628863474511931
0.028610764966492053 0.00136579448287652 0.26293489849412754
0.028737813335602373 0.001262026185545382 0.2629455140946945
0.028931081603906644 0.0010866895301592464 0.26306324240541323
0.02902197992884253 0.0010218763311973876 0.2631815420958784
0.029082914149398998 0.0009438139385011645 0.26318679720879073
0.02913186666048765 0.0008772281075882181 0.263276997937057
0.029181809055634923 0.0008016775774803689 0.26331406485313275
0.029231145494494397 0.0007036576212876649 0.2633224925389745
0.029268008675697454 0.0006578196456714439 0.26342946408127893
0.029272666916570426 0.0006379263024998574 0.26336925071408
0.029303005954997987 0.0005918721801176145 0.2634915074695535
0.02934048688409787 0.0005190328893728463 0.2635161570411037
0.029373527773561947 0.0004369555719078188 0.2635453999459042
0.029407394919302575 0.0003552869735753174 0.2635667942298553
0.029439788087855058 0.00029123608960075173 0.2636711015919791
0.029437274444915795 0.0002830657906882675 0.26362340369983644
0.029460894337561546 0.00018929136694534213 0.26363021039676504
0.02948652929277437 0.00010338712107595629 0.26366570183394133
0.02951129175939984 1.5414834972612642e-05 0.26370667989788266
0.029525437446989444 -4.7096234807476845e-05 0.26370851463970824
0.021609696591334826 0.018563966047874615 0.26162016949609573
0.021487090141171568 0.019038286371578547 0.26195188673562336
0.02151654855188984 0.01896371758246907 0.2619078702133993
0.021541430595213056 0.018893813016029437 0.2618755968759371
0.02156906251738816 0.018814190744902298 0.26185026367405756
0.021595961308913184 0.01873168906219831 0.26182945946858127
0.02160351763102006 0.018663096912894316 0.26177252971317977
0.021612779345209374 0.018582436509681673 0.2617450613203647
0.021631948727255847 0.01851269214891202 0.2617074733112022
0.02145542119640635 0.019165521620988668 0.26208147791296577
0.02148916150848846 0.019067321916281063 0.2620612878749285
0.022665562381684098 0.016101012653472916 0.2609006585595038
0.02270871715082679 0.016017295424078398 0.2608712020168902
0.022744951538235074 0.01593548471100408 0.2608390748166479
0.021365435295276635 0.01948610584628182 0.2623410004876892
0.021388220105999806 0.01941671799021034 0.26230182771359656
0.021412554461179643 0.019331731915059307 0.2622680351879672
0.021429920989937894 0.019256424853050867 0.26225846861122626
0.021463755759258803 0.0191243615010757 0.2621745257452394
0.022583715288430332 0.016286831186047585 0.26106645794514105
0.0226190959045855 0.01620705229766463 0.2610204979084914
0.022658516951117855 0.016131900900719108 0.26101898743590435
0.022701619586395973 0.016047975723549424 0.2609977374601602
0.02273450062431706 0.01597424401300466 0.26096323691515905
0.022768403516790613 0.01589912878018233 0.2609160163827609
0.022802849577311 0.015808881965973052 0.26088681619201315
0.02282883455974237 0.015752180707505645 0.2608691091404165
0.022863468982505412 0.015658118853837905 0.26082657714958046
0.02130810017113912 0.019683858637424972 0.26249618536238783
0.021335493482972447 0.01960659973355571 0.26249528661896987
0.021429679090958068 0.019310631426051127 0.26236953153676146
0.02252273743830092 0.016401945750834524 0.2612076021684289
0.022568926799542 0.016324819062736237 0.26116972078657547
0.02260397086283806 0.01625288883428046 0.2611408355228236
0.021213676783648782 0.01994627836323631 0.2627124213073644
0.021243416585689207 0.019871653838141885 0.2626773761346723
0.021148852992543984 0.020134959955380075 0.26288840032825306
0.02428400538996423 0.012133894808165461 0.25974162326591166
0.024317681411905972 0.01206394584552537 0.2597256342205445
0.02435475158894579 0.011979976884226789 0.259694231741141
0.0244074000047766 0.011885036813711444 0.25967915664177
0.024435680883897894 0.01181408824869266 0.2596269598813544
0.024466254648265563 0.011744801511003196 0.25961317248447363
0.024513711657439256 0.011645708811663056 0.2595794418156726
0.024533560355522312 0.011579192746573758 0.25956999401860464
0.024625023656645102 0.011366719783996814 0.25946726650076496
0.024653850617954755 0.011302334115581387 0.25944820022151716
0.024688263244466973 0.01120472868230249 0.2594160271857424
0.02230963155935792 0.0167398732748488 0.261627956525934
0.022364007851893825 0.016669580169714253 0.26158552927784273
0.024100178378708186 0.012390427718633764 0.25992190952434346
0.02417543050063779 0.01230453652038764 0.25993982294693474
0.02423009626041347 0.012236409721119876 0.2598983723398262
0.02427364251804023 0.0121696658027061 0.2598534715280129
0.024315846081921645 0.012089367835939134 0.2598294184797906
0.024516322574871217 0.011645691133414753 0.25967929787656846
0.024552276727101283 0.011556452827857748 0.2596362701057833
0.024578720160828408 0.011472555771679705 0.2595842627420993
0.024622375424738975 0.011373459536762612 0.25956917294560744
0.02473939328217686 0.011093197988915485 0.2594637236528694
0.02477184918060408 0.011006699949449637 0.2594207252432959
0.024838044111110874 0.010839243768350583 0.2593765977112223
0.024864404413312183 0.010765430624772284 0.2593503447703783
0.02488196808981519 0.010729739311952818 0.2593144093455593
0.02491294525209759 0.010648730543494888 0.2592753359255674
0.024937794706865194 0.010564120439514527 0.25924088566283743
0.024967732051120017 0.010478940939907873 0.2592231828109276
0.024999796113487353 0.010391479112132571 0.25919875292786004
0.021014201490794 0.020438204371631317 0.2632046774926025
0.022225626757604987 0.016864171183598484 0.26174793925370304
0.022287678857363474 0.016777906874501685 0.2617184498387951
0.022345087968895467 0.016699845668007276 0.26172063026392506
0.02502721678649752 0.010349468988908109 0.2592868926756377
0.02504747348666103 0.010283386468371644 0.2592537798944495
0.025063342039488668 0.010218643029945828 0.2592162737521264
0.025081271188207365 0.010158464714910553 0.259195569865396
0.020961602893863916 0.02054289998070227 0.26334358970388083
0.02510800681061017 0.010098988920269003 0.259263295137241
0.02512600775618082 0.010043580096099278 0.259226671931992
0.02514345626887123 0.009996556231138019 0.25923114819482973
0.025187217948441556 0.009871760316043006 0.25925954199656126
0.02521737401308927 0.009775638630260038 0.25923386744326027
0.025232535389810063 0.009741114015480631 0.25932307612406147
0.025258824801682685 0.009659292506180509 0.2592896593327845
0.025280393653563153 0.00959457078363823 0.2592580312019559
0.025304466606792957 0.009551497764242566 0.25933414300211144
0.025326439679294013 0.009478654409172125 0.2593038636080134
0.02535209541245557 0.009406341005915586 0.2592747957672714
0.025376731595149322 0.009320125493540757 0.2592370883617888
0.025411831476446756 0.009211093883768062 0.2592929244890119
0.025428826165700736 0.009137040715646177 0.2592601030184742
0.025447269650224136 0.00905617614976844 0.2592154733112822
0.025488867692248125 0.00894146846336486 0.2592848196369219
0.025500582658790495 0.008881455160234813 0.25923076688947705
0.025538220385012755 0.008752648572882882 0.2592878027687073
0.025546115349400697 0.00868576851960883 0.25924643292810595
0.025561358709000868 0.008660564732259745 0.2593265326377895
0.025568082859427896 0.008585793889159917 0.25928503539784303
0.025574663444058426 0.0085131966980919 0.25926237544076086
0.02557322941639919 0.008431732092505737 0.25922123284724324
0.02555848602224253 0.008352673116924357 0.2591749573493122
0.02658479139160458 0.0070755778666205344 0.25970043534977466
0.026910013543110223 0.006396812522025578 0.2598338319529806
0.027132107458624478 0.005993356215021936 0.2599947218346714
0.027192802906231255 0.0058673467213412114 0.26005098392352505
0.02723745283496378 0.0057706038549507795 0.26011004753894706
0.027293974190442938 0.00566485589594542 0.2601657364197133
0.01893441284883988 0.024679621499191184 0.2679803571475668
0.018993554713493035 0.024623369245615583 0.2680616274977138
0.019141143624506758 0.024456762180402283 0.2680328500939606
0.01919824274820201 0.024391999911948018 0.268020945777185
0.0193190727187217 0.024206693505573692 0.2679558723634061
0.019042119792132547 0.02456758487971488 0.2681631620448285
0.019119430072889083 0.02448928720801541 0.26812542649135707
0.019189495028670758 0.024409742498799247 0.26810807596090364
0.027578836402997374 0.002284284922673608 0.26270102092862574
0.02767892063041885 0.002193619266180589 0.26270618601856965
0.02776863356744477 0.002114096841655496 0.26268407271199107
0.02793098733996913 0.0019868707595067 0.2627574593617861
0.02799831184793319 0.0019232700232433742 0.26275500227526727
0.02805065001416165 0.0018554815986908764 0.26275208040043524
0.028119231766706745 0.0017980628395535363 0.26282204533677467
0.02818329520918792 0.0017322191323157921 0.26281124058991734
0.02826931874078443 0.001646026894074378 0.26280620041347263
0.02840370786324739 0.0015333412864075426 0.26287657585939234
0.02850011677707168 0.0014455629971344645 0.2628543601224587
0.028549693935632142 0.0014151025572491747 0.2629379327636224
0.028665503776485034 0.0013202751194429216 0.26293880563286987
0.02871014576818851 0.001274293162545716 0.26289955025468215
0.028790640508854177 0.0012217507730495414 0.2630113733280223
0.028858483319692776 0.001146537255538744 0.2629979380051319
0.028855297452809646 0.0011700814128783176 0.26306210678264375
0.028915958971978777 0.0011088569261289867 0.2630794962252564
0.029037262215343713 0.000993533557726705 0.2631405478046749
0.02908329773512863 0.000951796232310832 0.2632621405293144
0.02912369350145193 0.0008816583351680794 0.2632164627278397
0.02916126526527228 0.0008333330497147132 0.26328293500965166
0.029198378622462495 0.0007640277141930816 0.263274274052065
0.029182114579031044 0.0008022868414399892 0.26337788555081687
0.029223387323000075 0.0007298590614760067 0.26337440895841113
0.029263571012629087 0.0006491114569912 0.26334170824958436
0.029244886477957588 0.000700609899736461 0.2634419091256231
0.029292309639518052 0.0006060528335402701 0.2634102577563006
0.029312709212688092 0.0005749004178155382 0.2635195036867009
0.029344721491795105 0.0004975928689829437 0.26346968393680315
0.02936542018774669 0.00046200669973830153 0.2635768717721409
0.029390355761687324 0.0003893743003508459 0.26353777486802465
0.029411532859133813 0.00036328046333338257 0.2636263447292272
0.029450851492631942 0.0002453053359399088 0.2636523961183713
0.02652987168218249 0.007165849273967234 0.259707095194566
0.026430576358802454 0.007334993530418305 0.2597614249319522
0.02632466577683105 0.007480942753472575 0.2597577839682948
0.02638106975577844 0.007418348607296286 0.25979323380360286
0.026179715813137563 0.007616713484651557 0.25977055276934935
0.02905597027440214 0.0009871966478298732 0.26322187135783887
0.02911010405537594 0.0009093783762950129 0.2632597572572317
0.02915358084024546 0.0008510222246626646 0.26332775211912635
0.027827191994206257 0.002062937233302816 0.26268258364234276
0.02768155374915951 0.0021866033695964447 0.26267967625280647
0.027760794116792123 0.002127497239215934 0.26272869474308197
0.02780638995057769 0.0020894012701183975 0.2627592619850237
0.02428949404633399 0.012122868756471577 0.2597052122547297
0.027604244176307906 0.002267366294996768 0.26270962348016197
0.02427721688514507 0.012154055881570468 0.25980392251327056
0.027417460710244666 0.00238785734072006 0.2627060031478698
0.024159876341243648 0.012316332404593637 0.2598377202547991
0.02421823541425462 0.012247238613490778 0.2598640278188889
0.027188990772980613 0.0024794131745305256 0.26267237464118504
0.024024201582609095 0.012449551916497404 0.2598376537899304
0.024147988599603466 0.012337057562407877 0.2599161780321847
0.023854837503746847 0.012547985755339839 0.25980410804412135
0.02393824138608929 0.01251874792406562 0.25988620227858755
0.024015908501066018 0.012461872403878544 0.25990608019484257
0.022633331307639462 0.016184875759299697 0.261051530993192
0.02258899896572667 0.016283410395071782 0.2611176963520575
0.02261712602234315 0.016223201863154943 0.26111910232876967
0.022493726867956976 0.01644529172750716 0.2611249642950619
0.02253619391812345 0.016379646003344517 0.26116748882385793
0.022489827377911147 0.01646975595247538 0.2612437335077144
0.02242483405793264 0.016571935779981135 0.261386716527717
0.022360253404238348 0.016665553465333896 0.2614491803641154
0.02241137149449793 0.016586802107002772 0.26147492965943026
0.022341069517363775 0.01669815821314556 0.2615316466457372
0.02239168776943359 0.0166229490214842 0.2615400655914576
0.022337982957810382 0.016704070955503462 0.26161022459892974
0.022328645194016963 0.016723225447046856 0.2616736936632136
0.022256588954447924 0.016816677733491738 0.26172007302389677
0.022060830717979294 0.01701906886729531 0.2616875452017688
0.022135773230006983 0.016972741137731846 0.26172371993831883
0.022192750244086797 0.01691241421944856 0.26177908089384705
0.02202563019114065 0.017041829046904666 0.2617541458153877
0.022106458837799912 0.01700135940024981 0.26180836091456555
0.02153144611051462 0.018938153319760533 0.2619356627774981
0.021493467346253417 0.019039863156331827 0.26199204080522015
0.021472138530272 0.01913298695778345 0.26207423063495616
0.021427772912682094 0.019250764250566696 0.2622227935717221
0.021448422156919132 0.0191869949411254 0.2622564970001207
0.021375117980097776 0.019442352342418676 0.2622703743833484
0.02140583362559079 0.019369074246038565 0.2622973898347208
0.021434052618950965 0.019276731228746537 0.26231537069596667
0.021349169617423974 0.019524030218236368 0.2623414418898226
0.02138450713726815 0.019446284666179574 0.26239017329885883
0.021345928050782354 0.01955245078203807 0.26244321459342684
0.02128561529334254 0.01976767250215601 0.2625580288337435
0.021251244298306476 0.01985221685636561 0.26261798919541274
0.021188470035700124 0.020038621943874402 0.26276712665785956
0.021209421684153792 0.01997466005024009 0.26277874035192267
0.021147388876824498 0.020130804510890953 0.262833173562584
0.02117636491595808 0.02007773328508421 0.26285180425091
0.021088096489904944 0.02023670217386947 0.2628751168925552
0.021127808308755557 0.020175899928579683 0.2629103147704925
0.021085221154234828 0.02027198818313838 0.2629828505720368
0.02104593989055303 0.020343458935868218 0.26302092426410617
0.021002848524551865 0.02043454608666695 0.26309117117247616
0.021047708603946922 0.02035989445829271 0.2631363794301039
0.02095473218627517 0.020538825761526477 0.26314734322871425
0.0210026857242052 0.02046651094459401 0.2631971499998604
0.02095387304999032 0.020566477708720592 0.2632466214876696
0.020893789576023745 0.02063734573747377 0.26330896913844126
0.02094180385252579 0.02057638089066503 0.26336523479408985
0.02087043562553862 0.020668647169395565 0.2633832576736024
0.020917169895731162 0.020610043273328837 0.2634184438108637
0.017691065798054295 0.025244444304553307 0.2686309934543048
0.017741439948486953 0.02523629876905609 0.2685339878538498
0.020870617959523993 0.02068067249443123 0.26348527867199045
0.017902019098977286 0.02519766868782043 0.2685467095892477
0.01778772458946569 0.025227408779500218 0.2684777421589464
0.017963576864017318 0.025180775403654435 0.2685099971878912
0.017816164885242423 0.0252199890089885 0.2684097006342597
0.02082179893044148 0.020760497859826813 0.2635398473959896
0.017993897801512893 0.025174603709537672 0.26842029785879057
0.018059083113084805 0.025154477207993735 0.2683399106384699
0.01808178592944344 0.02514781726490365 0.2682688791652526
0.020751792335106913 0.020891882970882326 0.26368985131928036
0.01825560675043927 0.02508869529137197 0.2682536171033323
0.018114549722890956 0.025135426724378455 0.2681919764491469
0.020641512203544765 0.021034131793167606 0.26370150568074274
0.020691562421578196 0.02098390444937562 0.2637231550805129
0.018368823734657747 0.02504697516731645 0.26825736990671983
0.018251922558080638 0.025086223684310613 0.26818678815462593
0.01841649811321035 0.025025863012327867 0.2681852372737348
0.02056086783817038 0.021109709906757007 0.26374473619403643
0.020624903787400336 0.02106467928053104 0.2637880552857619
0.02069304004738208 0.020995306597208784 0.26382247288277805
0.018515127041769847 0.024979279356181217 0.26815049544259106
0.0186337259387211 0.024917058990858828 0.2681002250220528
0.020557230145800322 0.021121633571919318 0.2638295492302002
0.018665133070058265 0.024891411485380113 0.26803317418638406
0.019105142352614693 0.024503029247241567 0.2681812989846545
0.01904992965816834 0.024562758663657376 0.26810750050576365
0.0189811376344199 0.02463407868738919 0.2680970478944393
0.018920284383431164 0.024696298413348253 0.2680232865675418
0.01883662490018223 0.024764623747825322 0.26798216419612275
0.01910839384279102 0.024498902438486184 0.2680846916626694
0.019015423295784695 0.024600512312537796 0.2680085755258483
0.018954460289217337 0.024656072878847274 0.2679501104516446
0.02037326132279285 0.02123941666112495 0.26394226460075104
0.020420573854285386 0.021212155347478712 0.2639464775263434
0.01726441543295301 0.025286584847129683 0.2685981929660416
0.017219696756251776 0.02529085049781607 0.2685199060483714
0.017173502808664826 0.02529175654430791 0.2684406395208449
0.017126328190032417 0.02529127922472781 0.2683609525380754
0.017077125741854805 0.025288897430404685 0.2682804619488794
0.017356360274869677 0.025283396538816803 0.26857693042538855
0.017311610894614443 0.02528848835664371 0.2684985574545505
0.017265123447597223 0.025291094475030074 0.2684192369488993
0.01721918013361093 0.025291539264651997 0.2683399754111766
0.017172224001882962 0.025290316691370635 0.2682604660808581
0.017487486515092437 0.02527180681096688 0.26863214635998556
0.01744558515927257 0.02527770854990269 0.2685544890598908
0.01740221503393164 0.02528266422407012 0.2684767003157086
0.017355851347821503 0.025286255856844353 0.26839749136555585
0.017615596911154902 0.02525446138417806 0.2686659618947326
0.01757206619142947 0.025262226881738906 0.2686059495394396
0.017530401736866586 0.025269146021463667 0.26853011749917
0.01748904221175684 0.025274101194688616 0.26845337989078266
0.017444627029719988 0.02527805461915214 0.26837495620405705
0.017664265360681844 0.02524899395182187 0.2685741267244325
0.017615202873935847 0.025256234879920222 0.26850507301523036
0.017738484912420843 0.025236809970138798 0.26857631944648813
0.01770775817186228 0.025241162373081397 0.2684784256933509
0.017821695204714202 0.025218877651621594 0.26853641802158806
0.01776897563861051 0.0252307577676661 0.2684427229182335
0.017906179225661588 0.025197287846867766 0.2684857987699613
0.01785705509728473 0.025210841383434917 0.26844075071164875
0.01796991162621601 0.025180234830446808 0.2684568393129479
0.017933512536180564 0.025190196291434406 0.2683951589940481
0.01800350042972769 0.025171752641624065 0.26837820883952046
0.017971878611951896 0.02517858640980261 0.2683080282378342
0.018029302591454258 0.025162739247415692 0.26825913026934467
0.018117585023228074 0.02513604784372151 0.2682343322853755
0.027636927418192264 0.0022328048048381676 0.26271254075593664
0.018897976476972746 0.021338360637831105 0.2642500806972553
0.019017180254588012 0.021362301450093643 0.26422771351123514
0.01912504595383593 0.02138474539498338 0.26423069061780724
0.019230209744593753 0.021404516167588178 0.26420315950515144
0.019331284644569974 0.021419161472649405 0.26421002980605157
0.01943304306831741 0.021421463773589833 0.26418623568058297
0.019516264062924664 0.021421084312784576 0.26415364793954316
0.01962277615169124 0.021413350449132888 0.264137373539413
0.019570999467210005 0.02140889058829636 0.2640764163151861
0.01971953149410658 0.02140681729567629 0.2641316014150203
0.026395623166210518 0.0073793225643072995 0.2597409663987178
0.019802223227813175 0.021401003543384027 0.26410050597386114
0.019776642087061733 0.02139830290628314 0.2640312459356204
0.019889243226389196 0.021388019720545513 0.26407930011871866
0.01982797112474753 0.021387944502118422 0.2639982052341538
0.019972056400426503 0.02137084528875832 0.2640580991565081
0.019925863825155515 0.021372062302485947 0.2639723978719936
0.0200466015902877 0.021355368670852262 0.2640477128401856
0.020010433620852322 0.02135519390326215 0.2639308536670616
0.020122251498249002 0.021338583132301626 0.26400729966880543
0.020085765336709374 0.021341871657761656 0.2639367784591135
0.020192323630363426 0.021318092735582626 0.2639774453819568
0.020291090638775877 0.021280608010394678 0.2639457772113933
0.020247586006641987 0.021289837347885046 0.26388309296686263
0.02033636184865501 0.02125594628678826 0.2639140573714687
0.020405110547383275 0.021216181012110424 0.2638723843831794
0.026348730862738912 0.007462904136945657 0.25979947800688596
0.020476529141206564 0.021173880402313765 0.26382257356741484
0.020565457012280398 0.021114758807020274 0.26387296542505295
0.020523844762579714 0.021140797563862487 0.26378490253379355
0.02060522223075423 0.021082945546004796 0.2638353316633053
0.020591492082003116 0.021087916020955888 0.26374977766518687
0.020665791225300944 0.02102285411444295 0.26377388419181585
0.026281222658024413 0.00752784329033154 0.2597595275481433
0.02618286285001045 0.007600575784089263 0.2597125588189797
0.02622735855767454 0.007580131943467156 0.2597902409596563
0.02608590382011362 0.007653746675436133 0.2596830646121782
0.026123169469974675 0.007649372342992078 0.2597754700701129
0.021196813505890564 0.02001795968363757 0.2627926660471844
0.021175335988162056 0.020060775237054695 0.26274479958692465
0.021206535155393873 0.019961221026546187 0.26268719749204883
0.02123983844596844 0.019880157388751322 0.26264200864758075
0.021268776999943454 0.019811869570721993 0.2625957945696105
0.021300612242110047 0.01972059312909832 0.2625310491106137
0.025992335663643583 0.007695094872760482 0.25966195437123163
0.02603494974569762 0.007690884624893248 0.2597425734578277
0.02131963300226076 0.019643365875420062 0.26247300215657987
0.025903210293148814 0.007729501184957147 0.2596780192090833
0.025958164239483147 0.007720408589908517 0.25975619315037807
0.02583024746961056 0.007751115318366478 0.2596895632906095
0.02588300193515295 0.007742801002566951 0.25978442134307805
0.025789576364144494 0.007763655083587029 0.2597365387774977
0.02579717046709638 0.00776108519021672 0.2598050949125144
0.021281359952231214 0.01720277106222208 0.2616405421654496
0.021318485676162166 0.017202545158608813 0.26162520018741015
0.021472903477418665 0.017176677349236117 0.26168283886273647
0.021424978817192554 0.017180227008498822 0.2616223224297506
0.02153484463165488 0.01717395019020514 0.2616708032482733
0.021513665858458073 0.017172052566334767 0.26160579470737655
0.02162242664409706 0.017166632812647256 0.2616493623648435
0.021603185701235147 0.017162492022954157 0.2615581080943763
0.021737827987800332 0.01714257660938992 0.2616781924941585
0.021701586549693612 0.017152532079264 0.26161048462103026
0.021691913879868744 0.01715019530733097 0.26154303586822214
0.02185571582949834 0.01710212090567617 0.2617323177675232
0.02181767554545895 0.01711896603418199 0.2616555020429884
0.021784740767189312 0.017128599688653903 0.26158330509026967
0.021977882837270812 0.01705796009368888 0.2617714706192271
0.02193289605396297 0.017075207678320447 0.2617083752291262
0.021891000276226015 0.017092951524314955 0.26164567947538536
0.021852742288929392 0.017102388130716427 0.261538828909324
0.02203900542774114 0.017034278841024875 0.26171717681841655
0.02197063374873092 0.017058091261064074 0.2616469701352504
0.021932915050415537 0.017072453168705592 0.26159544541102714
0.025693357351151965 0.007771747735668241 0.2597476231909254
0.02213124314240965 0.01698381898527101 0.26177721411557453
0.022093596942021763 0.016996729492353233 0.2616805495610407
0.025446173515209433 0.007783006829398604 0.2595264740460997
0.025548670026737275 0.007773719958868273 0.25972674192685036
0.025578067291217296 0.007778364611805495 0.25979877598782297
0.022172585669202712 0.016933023694021207 0.26173326380994183
0.02225401409730784 0.016833922890715898 0.2617887717092046
0.0254289931576061 0.007803867329216499 0.25967694564228977
0.02545635000236789 0.007775220484509291 0.2597407360407286
0.025491343610054146 0.0077778929975696656 0.25978942354934276
0.025415863878361207 0.0077903625543310605 0.2597468618863379
0.025406415870315856 0.007787262000974642 0.25983621143985025
0.022861543734600046 0.015671476932920685 0.2608733600635953
0.02284469119543897 0.015701472108184476 0.26079922753440116
0.022883970046900473 0.015605390743991747 0.26080644439540424
0.02292661044067943 0.015505310839673195 0.26075512798116895
0.022908056557090363 0.015530263455952601 0.2606866668385801
0.02295512119889384 0.015422798514415985 0.2606952597212421
0.022933223273050803 0.01546063681280818 0.26064313965199276
0.022982510472926737 0.015341574712506023 0.26066441502038035
0.027146027008404315 0.0024920464990299757 0.26268751967157533
0.027205109409021395 0.002473029248474439 0.262650309336739
0.02734900847295939 0.0024243564559511908 0.2627083876809454
0.02748437425884625 0.002344571174010485 0.2627133730993711
0.027790501307400416 0.0020982163864302172 0.26270444235585305
0.0276985515647086 0.002169631948449182 0.2626668083496827
0.01897723654100425 0.02136041841127539 0.26428909311297666
0.019068740812024434 0.021378283256537383 0.2642823268519096
0.019069554669142726 0.02137077621625891 0.2642169026676744
0.019200564220886306 0.021403169613611113 0.26424088785810385
0.01928008268210909 0.021415959174778596 0.2642348104038754
0.019368074202122977 0.021415980257963523 0.26417242183311795
0.019486300162311076 0.02142352859980168 0.2641817862163382
0.019474277585440368 0.021415483177711626 0.26412856879692703
0.01954377189808544 0.02142346927722569 0.26418569197720043
0.01954155164598806 0.021416157955569143 0.2641214153884899
0.019743207334116455 0.021403014528392997 0.26405616486843436
0.02126931847520929 0.019802408215203897 0.2625537033097541
0.021335180836753377 0.017203312337004752 0.2615977638565669
0.021394154786309554 0.017183414828943627 0.26165662075800333
0.021388418919457454 0.01717750162640063 0.26156268833991925
0.021455000017574704 0.017177694371598672 0.26164658837044835
0.02146930279277212 0.017171897135910396 0.2615909607650708
0.021568641828099814 0.01716849287257166 0.2615951412974875
0.021642926237229278 0.017161309033443407 0.2615840057725486
0.02173791673181634 0.017139727794966534 0.2615342835372418
0.021791796232641575 0.017123850502089432 0.26153217449439775
0.023410018961251437 0.012641619206072945 0.25982401771654606
0.023441086525826046 0.012626493183122676 0.25973520509097336
0.02345672185504573 0.01262271237511947 0.25967366709481626
0.023511059079423663 0.012622404264257795 0.259764000817836
0.02354418595942669 0.012617114767835435 0.25968052543554354
0.023603792017788776 0.012620069774196935 0.2597871701013451
0.023601297437089937 0.012615211047113845 0.2596931592895293
0.023682256178118036 0.01259766920839404 0.25981387057129485
0.023690405002785693 0.012598440422879335 0.2597367049540502
0.023762787317643752 0.012577676210986495 0.25982979968054026
0.023783113146612536 0.012566641914270255 0.2597404613244288
0.023842545513299163 0.012554128101512126 0.2598295168979784
0.023844617006662905 0.012544644265738565 0.2597662137584492
0.023914216440311067 0.012534396906198383 0.2599050525554704
0.023897287490939133 0.012533314188258345 0.2598433171515678
0.023970645363366093 0.012495608643101792 0.2599166888860262
0.023981701654419565 0.012481696636015375 0.25984564663742044
0.024058522027461508 0.012425087384172038 0.2598779980066563
0.02412432521170155 0.012359491694468582 0.2598747210208152
0.02418851607674133 0.012285942206060123 0.2598844619961415
0.024184813583470396 0.012288329630693371 0.2598345171931366
0.027058165307129404 0.002510593689066795 0.2626808487427931
0.027231429560560516 0.002462307785502344 0.2626579122805568
0.027292345527266317 0.0024425624248061266 0.26267577443695717
0.027103006180074 0.002499409238401825 0.26267300591952036
0.02394606164574855 0.012507149648420436 0.2598528935223676
0.02388321457078612 0.012532994683971354 0.2597937306530487
0.023850919163699497 0.012551902301221014 0.25986354953366886
0.023799540973998647 0.012566902379103696 0.2597970518593745
0.023720726538740286 0.012586156935987568 0.25984788398537867
0.023736425792743536 0.012581816115323167 0.25971761956199413
0.02368656077795661 0.012598779100344596 0.25977720939618976
0.02359814556264009 0.012617729191604964 0.2598314968113222
0.023636497809323934 0.012611624550453261 0.2597161076344869
0.023562641328901863 0.012622735380171383 0.2597788079276492
0.02348055063467252 0.012621532077630317 0.2598311656403947
0.023345727257891268 0.014052003298830001 0.2602083240421209
0.023327852812658725 0.014114915140993283 0.2602422043258158
0.023301548123153496 0.014200336219863085 0.26026671400950907
0.023274585075738152 0.014293355226508538 0.26030934123879723
0.023261014929367885 0.014350836748231604 0.26036226545147817
0.02132061993077872 0.019672911851458013 0.2625531109137296
0.02129301845701533 0.01976325905463887 0.2626128176505646
0.021262422890690903 0.019827150876059647 0.26263923522571503
0.0212340252767347 0.019892983776432113 0.26266722706827916
0.02120946201426436 0.019958472711126343 0.2627180106184645
0.021193475950838443 0.020018218480540858 0.2627551646305387
0.02117245363552798 0.02008153650115257 0.26279644292295495
0.021293598883842316 0.019717935656263844 0.2624918503013977
0.021262760107142526 0.019799651056069036 0.26252343935624833
0.021662540569895906 0.018372185710091516 0.2616282109057764
0.02164436593436869 0.018479964462383366 0.26169596192110367
0.021618601601874825 0.01855058365508268 0.26171764517947604
0.0215998443260018 0.018638608475744084 0.2617344107379025
0.02162103428714491 0.018517038666037235 0.26156674359051063
0.018962649631325264 0.021383898780976386 0.26557608791685283
0.01899434262355825 0.021476191416167266 0.26553462000717754
0.023490785645288566 0.013141693067221084 0.2601057640866133
0.02343641950348687 0.013014883326418957 0.2600765680995035
0.02346464348789349 0.013116268495747372 0.2600298983336538
0.023401066544082128 0.012966464379425491 0.26001914451346625
0.023429439160090746 0.01305405763242853 0.2599827219986003
0.023363305422346818 0.012914298007893834 0.2599673806856856
0.025523250494491476 0.008819064153777935 0.25929064867667423
0.02557436527751215 0.008554973298519949 0.25930896535011255
0.025559047529902946 0.008639746451163697 0.25928197857373925
0.025539187473753156 0.008728726850447302 0.25925340387141277
0.02558017400598095 0.0084403734452081 0.25925773444445505
0.025568310492555178 0.008537767632661074 0.2592370789512495
0.02555176461730982 0.00860873800438619 0.2591931340988824
0.02545523258111459 0.007972129338330495 0.25939920455234655
0.025562140682306885 0.008334548769632655 0.25920053745085725
0.025433316175722216 0.007977016830155325 0.25935875742638753
0.025503539719828494 0.008091808020672357 0.25926509553161253
0.025541889192122615 0.008221770432362645 0.2592149510551231
0.025472810482089464 0.008064011441601791 0.2592033729527621
0.023361475982921463 0.012873407117245798 0.259982634744601
0.02150236453035762 0.01771614783175782 0.2613785656587774
0.02122462628395789 0.017348215917950726 0.26143796956259735
0.02162270248830142 0.017890925033214617 0.26140819591913517
0.021249765021053715 0.017414440341327143 0.26139296940542334
0.021243185148983747 0.017366887789165904 0.26144575618280635
0.02124260603781484 0.017357638624337094 0.26147523708137177
0.0234543353180088 0.013073562062654516 0.2600387840697578
0.021648849119905278 0.017927984236712692 0.2615317253827942
0.021335837123586433 0.01748623781769361 0.26139026754439587
0.021383308042488048 0.01756739614513038 0.26132718465332155
0.02167805582624324 0.017987816272070304 0.2615493123225463
0.021441416694892457 0.017635306856718894 0.26134123359873684
0.02340626046316 0.012987074568790712 0.2600033564768898
0.02340040316462351 0.013019356778937497 0.25994488264033117
0.02149817419017127 0.019035518064904885 0.2620242070981497
0.021529432082982282 0.01894979984810634 0.26196909579217803
0.02154492095631971 0.018879897745669394 0.26191176747214656
0.021572143101798946 0.018806387685447012 0.26187276701520557
0.02159853512554301 0.01871195114392059 0.26180846959840504
0.025578067293241476 0.008473859013815076 0.2592578269457928
0.025580304787886286 0.008401735470120663 0.25927071896513304
0.02553403656903518 0.00817719734563055 0.2592291176902147
0.025500667558269255 0.00810467642982569 0.2592208257187167
0.02548902325929136 0.008052110159834563 0.259352995128417
0.02544640487571764 0.008006860790597913 0.25927856665224525
0.025432784187434613 0.007945061349484245 0.2593913136461243
0.025440366404818025 0.007972511690456242 0.2593819946247124
0.023807632220237643 0.01256442901391135 0.25986062252241104
0.021422678738819957 0.01929412490861775 0.26226415242235945
0.021463810156358575 0.019137275402340555 0.26211199662006485
0.021303541356764603 0.017182641302245616 0.2616774984552555
0.02129960301014124 0.01720589085369547 0.26157687271956503
0.021426734308585122 0.017179822814463824 0.2616507358909469
0.02344347218256175 0.01262715748762512 0.2597858862979585
0.023486474793470387 0.012622832875499854 0.25971737533471173
0.02355499935022268 0.012619228475609765 0.2598188802071235
0.023576847826577752 0.012621148735330249 0.2597384302880211
0.02363408922238912 0.01261012582746659 0.2598373101045045
0.02365382499669144 0.012610050742223336 0.25977673021530945
0.023730699915767744 0.012586021565901433 0.2597842133899236
0.02543562209873844 0.0077794389076901605 0.25973534220007516
0.025449022182486646 0.007799862705648895 0.2596368024292592
0.025524101138804076 0.007777563694134931 0.25977987791319607
0.025641818842184676 0.007777698865436155 0.25979601819322845
0.025744207516186085 0.0077706420731090756 0.25976334436856285
0.02575775312192595 0.007761692415920573 0.25969987998877886
0.02584487139751168 0.007753154789614639 0.2597354713921797
0.025855006409767112 0.007738262850250535 0.25964661339834366
0.021616608284842197 0.01854443716283201 0.2616563362452151
0.021593615388649366 0.01862172485513653 0.261678595918234
0.021576829912107177 0.01870238862212446 0.26169585533515827
0.023353847018307807 0.012884186829316763 0.25995836347338186
0.021343536060952826 0.019571935563338878 0.262477124195051
0.021312583906396593 0.01964371502501723 0.26243736707355686
0.02139610928052357 0.019406838376976796 0.2623956727479228
0.021368024223400766 0.019490192723056077 0.26239219039870115
0.02134745060529139 0.01953734317193346 0.2623748166596518
0.02142149387079979 0.019326035990412514 0.2623130869004548
0.021401228957938077 0.01939118187493493 0.26233229704716154
0.021369254498328907 0.019465313389169635 0.2622982163806484
0.025468953220792855 0.00777811924317642 0.25969417756369684
0.02548941784883058 0.007775818155488112 0.2597524331779733
0.025423446626170413 0.007790204325573301 0.259712897527087
0.02544652574835641 0.007779803436753987 0.2597877932748361
0.02135082378178604 0.01719042210634749 0.2616528451639616
0.021339315231108005 0.017190989602547554 0.2615618979033688
0.02142873669003409 0.017177735533151894 0.26168351535288975
0.021419936817404138 0.01717704167388333 0.26158657695337223
0.027154025270505873 0.0025305654322790388 0.2622716895628954
0.021224446663736414 0.01734608146547783 0.2614459634633483
0.021209093927348675 0.017355812652672553 0.2614176434213077
0.025473459217775378 0.008088067054468134 0.2591645381058893
0.025451997775716825 0.008015273017089796 0.25926233927984416
0.025437984896412618 0.007993792164652243 0.25931895626309276
0.025524450532827432 0.008167538836858548 0.2592098642770596
0.025505495232418855 0.008084307068922573 0.25929993003022184
0.02546454019069278 0.008011768733119344 0.25936989347279094
0.02152011638714849 0.017760013201039718 0.26134589726949603
0.021471739336862312 0.01766417866681324 0.2613840504758515
0.021461042552561746 0.01768036102387259 0.2613165522164248
0.021427198565538135 0.017601891588486757 0.26136514614662776
0.02142183149532231 0.01762608123853742 0.2613101160068158
0.02137487057944474 0.017527524097728897 0.2613668367056443
0.021314102514355435 0.017485300266302267 0.26134969908547806
0.02702137244774668 0.002519062530968243 0.26269568666769155
0.021524509478026543 0.018921971864752266 0.26184370442962507
0.021553191688816784 0.018854003430139408 0.2618609329287022
0.021543885389329113 0.018841141040931854 0.2617630545233529
0.021581847494590436 0.018781929188758012 0.26185130393993045
0.021581750151385342 0.018772180458938605 0.2617970991782282
0.0215684348219685 0.01873979891213176 0.2617084500071721
0.02160148591343497 0.018685160434870875 0.26178238336334836
0.021360264395428732 0.01718140716501658 0.26168949217402854
0.021373318048730838 0.01719088736394357 0.2616098743646906
0.02149115734419192 0.01717624822115406 0.2616397167999737
0.02169311540711838 0.018196530046923995 0.26149252161723097
0.021704421971363325 0.01812707600675347 0.2615269201478533
0.02170170976397906 0.018028849933373045 0.26156678527220234
0.021657085627957453 0.01795521748205805 0.2615322416027727
0.023457997472939168 0.01311686086344965 0.2600111698076645
0.023410066879413084 0.013007075419624644 0.2599862644301655
0.023406604357235898 0.012961145808313396 0.26005686352891993
0.021618110507917697 0.0178958283192869 0.2613491513054786
0.021684682214311687 0.01823118546581546 0.26149402298345625
0.02171810607017371 0.018161015698682163 0.26155109366541973
0.025535478475262222 0.008189830053146599 0.2592213684833362
0.02546160134102632 0.008037062095640085 0.2592361631038576
0.02547701316825933 0.008007913097248855 0.25940136047936374
0.021632488874864426 0.017912238946572328 0.2614763732814735
0.021636950203121896 0.01792598456719452 0.2613727025070774
0.021532988894839993 0.017766924299049865 0.2613760203946663
0.02158929234877966 0.017866633644285437 0.26131467190937807
0.02145193902388615 0.017638926162275907 0.2613690463857211
0.021356077887169304 0.01752330638476317 0.26134387609340554
0.025494906399770353 0.008045876744121196 0.2593927324620801
0.025493304619173856 0.008061954041973693 0.2593211513151719
0.025450887538969857 0.007869952008964908 0.2594475067393825
0.0254556103882323 0.007916094863463606 0.25955328322766585
0.025444209147995167 0.007793168832085575 0.2594067158256603
0.02542390208618552 0.00788626996656298 0.25939400388246964
0.025429883487135298 0.007858761314698459 0.25963559760882693
0.025448156989074874 0.007836485846103507 0.25950547896325404
0.025471383961855703 0.007952435119370247 0.2594825399928248
0.025471768144116957 0.007975238267252433 0.25942634933300784
0.025450669594504243 0.007814401786146605 0.2595736243850355
0.02130102580080451 0.01967584236970003 0.26244967378387096
0.021292633573226197 0.019703700991502416 0.2624650962158304
0.023361705092932627 0.012748951035475875 0.2599361709154531
0.023384685111114776 0.012678133664014027 0.2598849937929902
0.023346389609722237 0.012834597216681447 0.2599388692517797
0.021249775429468133 0.017267065414300654 0.26159628276178637
0.02124789625112082 0.0172238602631555 0.2616425195404725
0.021272548070423697 0.017218436782458914 0.26160139728904835
0.02154665773353844 0.017805364056205922 0.26132786856273427
