0.023886429837443365 0.013673905167744888 0.2597860727278841
0.023783650241117976 0.013753644421440253 0.25986929554746674
0.02371953878996538 0.013817833297305626 0.2599138925220979
0.023650523376970975 0.01387594464201633 0.25998628957718406
0.023573500274619266 0.013964045255364821 0.26005551968141427
0.02350991520520994 0.014050349397352446 0.26009906626249674
0.02344979742395098 0.01411398850915721 0.2601726711422619
0.023413648048442676 0.014195952398197847 0.26018578541478066
0.023681179403158233 0.01373179506117092 0.2600469780027731
0.023359428726768276 0.01418436736013326 0.26032816456335994
0.023321465725158357 0.014233963449868853 0.26037199441382397
0.023293093544674057 0.014295740753152625 0.26039381642962334
0.023225471865923476 0.014367959306426176 0.26054605090182315
0.023188488930394102 0.014354614502677332 0.26066547478047636
0.023142776248071262 0.014402850081706664 0.26080308619820947
0.023096735501629787 0.014441382610815318 0.26095723635217516
0.023067081474743106 0.014736508356126915 0.2618252474514381
0.02310404898102086 0.014988523330334791 0.2622215408619998
0.02123866447960698 0.015395101406942363 0.2652508553723648
0.021193375967488486 0.01536095521521258 0.2653893575909766
0.02114975798085009 0.015419721729914848 0.2654194893448482
0.021100359010839367 0.015500827016718066 0.2654597604277044
0.021094202679834254 0.015428886120241236 0.2655492436021153
0.021047659172894563 0.015487078225610684 0.26560163943433895
0.020804178915353543 0.015637864595699852 0.2660429466380907
0.020758814385170903 0.01570925715925134 0.2661169017587441
0.020706918137259174 0.015778311011746343 0.26625393248160684
0.02059885506376213 0.015978881236724862 0.26646969139683035
0.020580730238240745 0.015953124948605596 0.26655737944175145
0.020545677953959316 0.016035062209560413 0.2666090520257193
0.020523640152902683 0.016018491489616288 0.2667188809775721
0.020498023360794204 0.016085244397174098 0.2667463809592931
0.020454724158450604 0.016137310054848086 0.2668860024048786
0.020413089896864488 0.01620609766201303 0.2670104011346258
0.02036536634788747 0.016264478810361388 0.2671535833995561
0.020352747576507013 0.01631541808405232 0.2671636184981948
0.020304763599973415 0.016380722428077338 0.26730023182568324
0.020279534052393394 0.016449998356949214 0.2673446086496776
0.020229636094108747 0.016511830090907148 0.26748421354083407
0.020170907368133758 0.016577374437539927 0.2676218334259155
0.015233708468640108 0.0354311140323008 0.2735308858774671
0.01521953084425523 0.03552937699077738 0.2735345363511663
0.01520758189453391 0.035602540894161774 0.2735567095499004
0.015202046330520323 0.0356611825988431 0.2735549757093243
0.015184755554600912 0.03581131364192838 0.2736870207151755
0.015190157996477584 0.03588214490001991 0.2736720141199947
0.015194244536132585 0.03597505834848222 0.273697617398857
0.015183776089756438 0.03597762416882737 0.2737901678537258
0.015193374767382885 0.03603553798007941 0.2737821378316773
0.015176390231589367 0.0360153220808217 0.2738973029130218
0.015175201295714882 0.036000832252815404 0.2740072693761635
0.01518147003388438 0.03606758396376519 0.2739959810367364
0.015186735933775099 0.03605825930560626 0.2740918580316236
0.015197467096098798 0.03614535145187524 0.2741139260268529
0.0152227623375259 0.036209244004033955 0.2741979345849873
0.015250021939149209 0.03629064938047538 0.2742218289819397
0.015269130308067324 0.03636751980155725 0.27420417409026654
0.015280440990891823 0.036438805455184506 0.27416620816553094
0.015321229635837211 0.03654573614972813 0.2741924432509688
0.015352571348430814 0.036619902137093985 0.274193867529634
0.015369965161801898 0.03661938731399872 0.27426935603215963
0.015406789292729754 0.03670811945122933 0.2742536785545602
0.015373269690922862 0.03658204785752486 0.27433483932375013
0.015401858021241565 0.03665971475998482 0.27431880008960846
0.015458069590607623 0.036773560770581526 0.27433459023338974
0.015464161439038396 0.036740243270283926 0.2744149028479447
0.015496295796214036 0.03682537503745602 0.274379380757535
0.0155207638742225 0.036808943903428315 0.27449111016410777
0.01951908828946346 0.01803522951760081 0.2695361090829519
0.019475810753253414 0.0181184274565189 0.2695771384239089
0.019438235913669253 0.01817067799264896 0.26962816511010684
0.01939920458521993 0.018252102323248545 0.2696523178301581
0.0191256917009858 0.018661378701230316 0.27011382564166775
0.018676215859703953 0.019692777430317387 0.27074153350974106
0.018650114256531534 0.019768695953609014 0.27077633983435373
0.018620809658454175 0.01983786754601992 0.2708109733951708
0.018534558041944392 0.020145868313413196 0.2709201681447446
0.018517262198871787 0.02020616832283853 0.27094163908733543
0.018492265508519082 0.02031116397083539 0.27096679651115335
0.018472553113435992 0.020386810559854487 0.27098443790140136
0.018394834210461123 0.020622836132558484 0.27115021352008506
0.015705264581886594 0.029947976607983887 0.27423645143127007
0.015701140000822695 0.029998672960579037 0.27424387848078996
0.01568889019059985 0.03010839236926209 0.27425454167017027
0.015688742855461332 0.030171950952613658 0.27423892060187505
0.01569210608467715 0.030274841092755578 0.274263900546847
0.0157009115173983 0.030321159438075687 0.2742687688670312
0.015726338913886372 0.02937836004537149 0.274227609291906
0.01571750866318265 0.029467311630705442 0.2742319970748423
0.015706912294217692 0.029531269613790295 0.27426689978482954
0.015709958247505464 0.029622448699839835 0.27426793319460285
0.015714548913428678 0.02970584995928248 0.2742592634823969
0.01571024859727139 0.029779599247290442 0.2742698110745043
0.01568275410103445 0.030236400713263084 0.2743587198308901
0.015695745297522285 0.030315210493209538 0.27436566588002537
0.01571855748973254 0.030414452159625585 0.2743656716728017
0.015740651630546335 0.030484747822092192 0.2743795386039714
0.01703168639034118 0.02548577490374418 0.2729209106434808
0.017029585911255748 0.025568101432257698 0.27293626644338
0.015763576225333864 0.029057738167660135 0.27423662523716785
0.015753666411343792 0.0291073889355635 0.27425613849505254
0.015736077578142927 0.029212339070682977 0.27428064209856373
0.0157165162209555 0.029298025026587265 0.27430705217743084
0.015706525503274123 0.029351656424356387 0.2743032000048581
0.015687837064272292 0.02943428874915413 0.27434047917526494
0.01569584075607501 0.02952580071206426 0.27433470439718777
0.01571910649997184 0.030381412209990744 0.27446259116576316
0.01574409518055422 0.030456161882968638 0.2744714651689447
0.015769321911141828 0.03054892128443311 0.2744576714238474
0.015790524248801233 0.030620710336105222 0.2744510389629332
0.017251612932875204 0.02402741075841816 0.2726828491469804
0.01723047390388386 0.024116305622572942 0.27270505575591
0.01720886721877888 0.024175053779280253 0.27272815058092115
0.017188508022744024 0.02425949614349643 0.2727559701039648
0.017172124356803355 0.02430830698031876 0.272777920051551
0.017023681956445727 0.025233472309705476 0.2729805639055829
0.017018148123702295 0.025316557218648325 0.2729970048514547
0.0170072510650968 0.02537816495395087 0.2730406592024936
0.017011408095723435 0.025800758484826145 0.27305833598836393
0.01702435657023855 0.025855512218576293 0.2730312385577087
0.01587143865092747 0.028507908568113707 0.27420068717923596
0.01584819172092639 0.02858853262306446 0.27422971798543966
0.015824001773467728 0.02865912163227234 0.2742543221704697
0.015798000793283296 0.02874225309617022 0.27426246141119914
0.015781996226068382 0.028808082430394344 0.2742784530678945
0.015772557573023194 0.028885797048973844 0.2743033141657737
0.01576139803776902 0.028971234443943103 0.2743041276236596
0.015801590378295555 0.030593347340633376 0.2745359715883301
0.015833053554651897 0.030684302841200967 0.2745280181330997
0.017844911319097687 0.02256986133375609 0.27217697125521834
0.017786226537168926 0.022709504892532137 0.27222593706126996
0.017747776598294573 0.02279246520554523 0.2722703002945307
0.017721543962619372 0.02284916354812408 0.27230414013900944
0.0176942221229188 0.022921960734200525 0.2723130999478646
0.01765956674875836 0.02297551981660287 0.272365728797691
0.017627172328229412 0.023075489396771398 0.27237476087715823
0.017591568033189946 0.02314851342948933 0.27241245033749306
0.017556878330812112 0.023200621787369508 0.2724549149696942
0.017519332098841423 0.02330320149847173 0.2724639762960315
0.017477810419126057 0.02334605498861826 0.27254239546075465
0.017444966927181598 0.02343985677922883 0.2725522073522715
0.017420383802674706 0.023505254149801535 0.2725643822613735
0.017381137344616576 0.023570713415449696 0.2726103083440578
0.017340386146549702 0.02363976759142644 0.2726574474301359
0.017321606710233937 0.02369471061550528 0.27267328496708804
0.01728562500588067 0.02379792136869513 0.27271950065574274
0.017259781546224772 0.02386598215418642 0.27275699551500854
0.017244459400380253 0.023937360025784463 0.27276524949543246
0.017232695036689717 0.024010210919124156 0.2727616883036997
0.01720539927722333 0.024082799381557177 0.2727999147138993
0.017184424099969398 0.024144683326619024 0.2728222775353393
0.017155950798737763 0.02424551498770408 0.2728567250931599
0.01713728685067973 0.024296204496614418 0.2728808303608272
0.017119118134257358 0.02436460612363696 0.2729016666504259
0.01709905099915852 0.02445585131828451 0.27291873509917297
0.01708507619110337 0.02450710562055375 0.2729434277972581
0.01707076855376631 0.024620853508925192 0.27296063538874776
0.01706216421816909 0.024686141322661864 0.2729585682684199
0.017049377420674496 0.024748760119403107 0.2729711088228135
0.017031634654465878 0.02481273058338776 0.273013859624968
0.0170175500895291 0.024912385076001284 0.2730409087882175
0.017012425248595572 0.024980078877707798 0.2730354483746855
0.0169982837439809 0.025071138112312 0.2730648706577456
0.01699665194386948 0.02512111627483536 0.2730765411547014
0.016993284197738722 0.025221627984203007 0.2730761337654706
0.01702460950829528 0.0258591934331565 0.2731426979076149
0.015937707116490278 0.028186336130372136 0.27421871325359504
0.015883040153472614 0.02833160054465589 0.27427439008896837
0.01585993185992023 0.028420172874056723 0.2742776469177298
0.01588053102769282 0.03072653296433213 0.27460612693960684
0.017883766234348737 0.02240158247107636 0.2722206566788291
0.017859300039317755 0.022454648735069596 0.2722337548094781
0.01781608611986395 0.022542542676552493 0.2722806090463843
0.01770209596338662 0.022850675609054863 0.27235978705175035
0.017339359366203812 0.02355585293310307 0.2727336698339329
0.017315236240001277 0.023626685422147048 0.27273939118674695
0.017041024811751744 0.0246848255749548 0.27305239157098554
0.016988863171847876 0.025024565743595628 0.27314351732768694
0.01703836200371747 0.02582989874602601 0.27325060799600154
0.017054915418424042 0.025886486235133302 0.27323679850151056
0.016116321944012437 0.027594314009708062 0.2741409669036259
0.01604183204464853 0.027820263490875352 0.27418983209627745
0.01601708900587738 0.027862099857940692 0.2742190705730356
0.01595321324586012 0.030821180501115625 0.2746567928605312
0.017071467346522054 0.025877485306511447 0.2733296020998257
0.016171026126082743 0.027340412205657222 0.274140487671093
0.01613760628812341 0.027415210562087386 0.27418233804750863
0.01611028430028481 0.027501129515581896 0.27421191222561925
0.01608406232660381 0.0275644889439908 0.2742317205654784
0.017091956160175538 0.025874298731107512 0.27342004198733233
0.01632023983854598 0.026899406464942058 0.2741166162913825
0.016286958303463096 0.026971912724900265 0.2741449466653545
0.01625202121129126 0.027040076595751625 0.27414747209624224
0.01622106041923419 0.02709640876141854 0.2741650708708149
0.016192104950722448 0.02717985163550528 0.2741822713157919
0.016166193378252623 0.027257134036018565 0.2742030489331491
0.01633218367574771 0.02679788120958325 0.27416019041417583
0.016339997891850228 0.032759055967563885 0.2744125774689936
0.0164569545057581 0.032614507261772646 0.2743908407876171
0.016540798790763343 0.0325308059221564 0.27435234102763834
0.016238332416921148 0.03293533128208814 0.27438509390487054
0.01663044607137274 0.03248510667702731 0.2742950186308466
0.015868290591521644 0.034008937975465434 0.27383187399281894
0.01674882292197703 0.032433050620662596 0.2742606674804039
0.01602462259454172 0.03335119779647319 0.27429562923513007
0.024908877135306456 0.013355472939580948 0.2589976908133534
0.024804236368520756 0.013410349788083059 0.2590350808176994
0.024589651104292492 0.013419234000308172 0.259240348026842
0.024667839491648098 0.013434319389883265 0.2591452604708526
0.02473556701095528 0.013455623429473623 0.2590515094520547
0.024307894476143198 0.013420530528137298 0.2595184315254706
0.024387282112250545 0.013451495875067776 0.25940162320161153
0.024495429676583504 0.013460283250264937 0.25928031994746736
0.024554968241613875 0.013498980225933765 0.2591781513160376
0.024120186841670575 0.013454062242198028 0.2596912943618842
0.024198061558081407 0.013473371853260613 0.2595808155953063
0.024277330844557153 0.013500830003660619 0.2594690036066905
0.024338959985850936 0.013513660735223976 0.25938496814946577
0.024438798020193282 0.013536413979849338 0.25925737090593104
0.024095877420214885 0.013532496014758921 0.2596468256172391
0.02417443447307404 0.013556142144860062 0.2595303970254871
0.024242028139509778 0.013573755525363745 0.2594336138426244
0.024002664549324315 0.013596326555922439 0.2597080490997856
0.024068280848730975 0.013618432302456018 0.2596013200450613
0.023931871125652628 0.013654488990963443 0.25974268046584303
0.023971764212866578 0.01368503854396827 0.25966295671590767
0.023720888824806934 0.013713754797755717 0.2599963709595061
0.023761847028180322 0.013723220435784556 0.25992882137717477
0.023830155901858344 0.013751712748787642 0.2597986457190179
0.023894543455810685 0.013726311282065445 0.25972740702598957
0.021697685306179677 0.015003204231105488 0.2649393241812399
0.023694093095738035 0.013789001978128407 0.2599801867743359
0.02375791979380236 0.013836109352154652 0.259835005400439
0.021600044019331605 0.015021142358462941 0.26500427609337174
0.021653595270838773 0.015051505422134598 0.2649168950678197
0.021723495140016 0.015070309017755384 0.2648348247200642
0.023140908493480536 0.015441615227068495 0.26286098304957856
0.023131686522403664 0.015384985384930827 0.2627887170815928
0.02311620316901821 0.015294859979206543 0.26267094694993387
0.023106648929732715 0.015243636554565398 0.26261859967035106
0.023097527313693564 0.015195033152503978 0.2625657187065843
0.023612809582002826 0.013927200906561521 0.26001320794292154
0.021504462754537188 0.015090314845371156 0.2650393738180158
0.02155645575528946 0.015114864049827259 0.2649486597764713
0.02163272682789158 0.015137177397181373 0.2648533957821504
0.02310011144598419 0.014955901597844407 0.26213268879119017
0.021410742082630985 0.015188278967140895 0.2651070250072394
0.023045773054536076 0.014606008036311097 0.2615161873228931
0.023047497123121118 0.014558549072801907 0.26143837335518716
0.023468549115088937 0.014092770266910887 0.2601503565287664
0.016004901947142974 0.03343646149560438 0.27423895734106785
0.021344494670236 0.015286789201545414 0.265143049810757
0.023043099780929173 0.01462570799371149 0.2613927802797934
0.02304453747616563 0.014609042715218928 0.2613321752880421
0.023043938837289314 0.014548734564172494 0.2612697308619587
0.023047525126539712 0.014522619866560033 0.26118251695023575
0.02306096762245946 0.01449499771315696 0.261103631289658
0.023299628226108596 0.014245657211279406 0.26041966700741104
0.02334328620255316 0.014219363694462805 0.2603313629997659
0.023388212469626052 0.014221802849008203 0.26022588655096346
0.0211506607350367 0.015381629561943139 0.26546239189458715
0.02120954442708462 0.01535924311435613 0.26535540737853347
0.02124441633837071 0.015360540089050023 0.2652695464912802
0.02128641946166568 0.015359967180876566 0.26518451641889557
0.023170292337654184 0.01442170232104123 0.2606919526682283
0.02319866336190264 0.014387552146274851 0.2606128876225601
0.023232848286939764 0.014374883958024304 0.26052157248248653
0.023265498444524347 0.014344502311769564 0.2604423069106374
0.02092417543679091 0.015532297044273391 0.26582854364993835
0.02097554617908055 0.015508003688038757 0.26573446241971954
0.021027755363545803 0.015490443870356113 0.26564226442429417
0.02106076581815471 0.015489226820168789 0.26556640324993397
0.021102911872914746 0.015467057764954245 0.2654839350720768
0.02114555313486685 0.015455013316473809 0.2653986175244098
0.020741964026544435 0.015732543093928048 0.266166369999671
0.020771736131506974 0.015691477715774893 0.2660850582152653
0.020806212649967574 0.01565867590989395 0.2660100529407454
0.02084405742493171 0.015645342054941253 0.2659260525656273
0.020887884003070928 0.015603722895617567 0.26584058433921637
0.020662644511174187 0.01584508680162347 0.266355525294441
0.020679579673094455 0.015865146843288214 0.2662777332323836
0.02071024630909793 0.015820157097666515 0.26620773781021095
0.02073597785074382 0.015790457641991912 0.2661304344487241
0.02039578722993985 0.016222377117223546 0.26707475718139156
0.020427137355528317 0.016168132680625003 0.2669901675364954
0.02043933457212934 0.016166966392839793 0.2669292284982689
0.0204665730241659 0.016124810620604613 0.2668452760617473
0.02048372317105638 0.016099988274172167 0.26679514068821497
0.020512386634040203 0.01606236572483477 0.2667022601984922
0.02053635069465864 0.016039058431116082 0.2666356619608415
0.020562699865952234 0.016038268439718367 0.26654848487620464
0.020630083309890267 0.01595836549013277 0.2663724714385629
0.020272328297568462 0.01643724451491435 0.2673817239876221
0.020293602301114794 0.016419542059030318 0.267318345670125
0.020125624187644187 0.01666320484630998 0.26773943191270466
0.020151397609070074 0.016619751582081177 0.2676541549763392
0.020183401920662 0.016604572569258236 0.267561542999742
0.020113410933824405 0.016766680132962036 0.2677394514935008
0.020123573525121924 0.016753021906142612 0.26769279058396966
0.019831902913428977 0.017627476947979476 0.26918528706710837
0.020083460108585933 0.016923531792464974 0.2678354353503659
0.019728397781165134 0.01773170474710478 0.26929155733427895
0.019770112863088222 0.017708109259361976 0.26922570922118283
0.019671437139438717 0.01783387459120203 0.2693195960156184
0.01959158948576371 0.01793208941225463 0.2694331193305286
0.019627996740471946 0.017927303356314345 0.269345730287891
0.019504814331701082 0.018061343029950716 0.26955145345007936
0.019544862208106972 0.018047265833668724 0.2694606961608944
0.019431280521800702 0.018174837427598983 0.2696414541478767
0.019460032182061892 0.018152864200979224 0.26958668352852533
0.019076723251557647 0.018754155007324816 0.27018476914798106
0.0190036658364937 0.018882369129606003 0.270283778938668
0.019048733960896475 0.018846019849303522 0.27019893771941506
0.018941824102583858 0.019023073152733938 0.2703641883779309
0.01887450164744799 0.019156726870694682 0.27047102721922833
0.01890448789691272 0.019139452169554053 0.2703898470760678
0.018840336385555524 0.01925672556838244 0.2704858773115033
0.01878972001447907 0.019396054218832573 0.2705777565406188
0.018811504232081014 0.01938176782887413 0.27052613836237277
0.01875671740311825 0.019493735102808718 0.27061209431062494
0.018669656044733883 0.01969832891123853 0.2707566112976142
0.018704898930997256 0.019654762336604195 0.2706898680467007
0.018616700881683382 0.019827652728439726 0.2708387017697216
0.018643979293860764 0.019794488493432863 0.27077404636047003
0.01846162521234714 0.020375931037780126 0.2710416437234585
0.018441797175291045 0.020507285059574512 0.271039171537184
0.018458224261656712 0.020472084827359432 0.2709826617797474
0.018399414733554602 0.020645337154092752 0.27112268848714965
0.018414662207613675 0.020626899675844412 0.2710758986471129
0.018375838650817877 0.0208374938184938 0.2711915920432926
0.01838253924190876 0.0207935716842879 0.271147091657835
0.01817012047876481 0.022006821635933496 0.2719011469313374
0.018015207775021292 0.0221619478838041 0.2720958256167151
0.018064223648990536 0.02211256800576393 0.2720317191845594
0.018110508286706583 0.022108463678841894 0.27193312938076597
0.017969451294361335 0.022244325244429514 0.27213469959559583
0.018011569789143887 0.02220968540281376 0.2720570524992555
0.01791762576329999 0.02236035154549304 0.27216454889528024
0.017950483472995802 0.022333971421099955 0.2720971400913261
0.017841462545816502 0.02249197763249372 0.27224917823784844
0.01787978702425969 0.02246471354417731 0.27216253398621965
0.017808182990965673 0.022591658154925753 0.27226070061506036
0.017837372927302166 0.022554456975126716 0.27220455095399076
0.017768375854038235 0.022702234277302183 0.2722890995166206
0.01772667586045571 0.022808222941100284 0.2723263618270895
0.017655456419518274 0.022954043368434457 0.2724083897900332
0.017693473716754973 0.02289318007366971 0.2723415831634068
0.017613546357090705 0.02306490255316354 0.27243215553068056
0.017645781579454886 0.02301503361992062 0.272374160698701
0.01757317675661664 0.02314836204026946 0.2724664580520101
0.01749298434981175 0.02328628559598582 0.2725567412800725
0.017529467945042208 0.023242974178499035 0.27248916734505063
0.017433918850001322 0.023407286050662945 0.27261213361889375
0.017455150880133462 0.02337389403134421 0.27258283675144523
0.017482878070700716 0.023369646193587237 0.27250681050809744
0.017375122911312758 0.023520656870488127 0.2726681986454782
0.017419922614441665 0.023485758438558033 0.272581245747031
0.017325679607061467 0.023645632504061806 0.272692715877735
0.017364677351758576 0.023618410415588695 0.27261590911300904
0.017277523565303165 0.023766393421777693 0.2727687016559741
0.01730091091310453 0.023748126572644232 0.2727061539023329
0.017338116295134712 0.023704259510288955 0.27262973852045
0.01727275084535738 0.023856301218239825 0.27271719959990137
0.017302024843298413 0.02382408402108989 0.27265040340650426
0.017242831869742684 0.023976693342027636 0.2727444118329595
0.01710756309354189 0.024338889519602974 0.2729630445936223
0.017131456147065627 0.024275343209793812 0.272924677940094
0.017084019857258735 0.02445555157583028 0.27297479437073147
0.017109819733830092 0.0244113493449626 0.2729089722653625
0.01713377100146673 0.024380931067701908 0.27284706824217236
0.01706700560401459 0.024585901732636986 0.2729957059753333
0.017095166627912387 0.024561651474150237 0.27289947806983617
0.017027965072253678 0.024751160741878428 0.27306162378813337
0.0170505803679104 0.024708560737929652 0.2729898118986864
0.017074644562502492 0.024679714222724206 0.27292140029441403
0.017016956302575412 0.024870034007222347 0.2730590904352924
0.017030121306833998 0.024859128082646342 0.27300362845487314
0.016988893741172267 0.02507161029473541 0.27313069028696824
0.016997459158046496 0.02501599023703792 0.2730807446273422
0.01702573168516288 0.02498959299715285 0.27299459459056374
0.01698410641457395 0.025192848361211106 0.27312873344224353
0.016992476175282 0.025165704720411505 0.27308812347216427
0.01701028283421248 0.025107295300058216 0.273019794249194
0.01699990236917355 0.02529509399241424 0.27307494631257345
0.017011921141254324 0.025251004208667827 0.2730205116307345
0.015896972592207122 0.0338431613559924 0.2739663616096201
0.016370427943988554 0.02678218258053107 0.27407781359952144
0.016295810919502992 0.026902141300597426 0.2741731261408631
0.01625706886111736 0.027003337876605388 0.27418509688922144
0.01629218988193909 0.026979773192900167 0.2741245908178047
0.016202089262157875 0.027115838202873638 0.27421284315361494
0.01623770357837189 0.02707305119812485 0.274144641886726
0.016171413491495 0.027226443600084207 0.2742182538192029
0.016196885739672855 0.027222974338510272 0.27414671271285895
0.016160523912511188 0.027319151394080823 0.27417813538949964
0.016199024239725465 0.02725895833207216 0.27413085509560864
0.016130320527074523 0.027450037631742266 0.27418219174241776
0.01609859985928103 0.02755583247897518 0.2741897240816124
0.016027470692668088 0.027804630590094845 0.2742315644408376
0.016077606993827483 0.027753448465895045 0.27416240201701925
0.01602513358280785 0.027884072237660998 0.27417321799065003
0.015996444750274553 0.027991854443595976 0.2741788690057523
0.01602093440996236 0.027973689808491756 0.2741329900781283
0.015965712016284148 0.028106617452238025 0.27419723919379924
0.0159253864398132 0.02825658907725427 0.2741924953059145
0.015881554657887535 0.03392491805887102 0.2738973699656642
0.01586220954715383 0.02840241278058646 0.2742830213219566
0.0158364985557737 0.028547328337967165 0.27428505372234
0.01586178349284955 0.028507447048683812 0.2742281660951953
0.015191250128886467 0.035773673872325426 0.2735832677014887
0.015187528873111252 0.03582819643117907 0.2736661474923396
0.015805325501521736 0.028667785268164922 0.2743007320754395
0.015837941943561768 0.028639060593631763 0.27423078684199514
0.015778083859165994 0.02878781037426255 0.27432140276551165
0.015807992300584484 0.02876361956890329 0.27422639157581274
0.015784657784620987 0.028903611438340512 0.2742401251753498
0.015746037527953095 0.029077755947073694 0.27430860261070655
0.01576337164252385 0.029017871475631632 0.2742594008032991
0.0157505752390101 0.029166085158839186 0.2742465933692404
0.01570858826572164 0.02931250484162222 0.2743555721174799
0.01572907025449722 0.029289107868406966 0.2742646737639186
0.015588224142841417 0.03455741883909118 0.2735361704406595
0.01563274113995806 0.03446690700620249 0.2735960780468115
0.01568849006876283 0.029472767092723617 0.27435477271091124
0.01570780001410066 0.029412190554993597 0.274262772859891
0.015703542578597407 0.029620523960000936 0.2743195252624916
0.015708532724284543 0.029590147514463552 0.27426803222410256
0.01571470246307207 0.029745444439382096 0.27424488524300006
0.01580425157529334 0.034191607937016005 0.273716153787809
0.015705566410160406 0.029884677745427884 0.27426257667383036
0.01571658846778025 0.029819068632567697 0.27421579346471053
0.015770830696739322 0.034080170882083885 0.2738513285841458
0.019524308422705205 0.018057805754134598 0.26950465302705007
0.01957652622689422 0.018005802412022626 0.2694123906065592
0.019564837667270834 0.017985696213554503 0.26945905390323954
0.01948725144845331 0.018088726432827884 0.2695740565600181
0.019493352069910583 0.018136653909775008 0.2695175329483918
0.01960893700034656 0.017929273577011295 0.26938858884872463
0.019441784426618203 0.018187163827396435 0.2696039328545673
0.01964503056672387 0.017860459323921413 0.2693577704704764
0.019381887254955106 0.018245734646104086 0.2697094333741046
0.019713185386099473 0.01781147276285519 0.26925053563271006
0.019695457738264196 0.017768331966866002 0.26932635322119447
0.015190759636130119 0.03583783492421762 0.27363272692648166
0.015203552517923838 0.035733257747613795 0.2735283204860243
0.015189507928320186 0.035706865460724116 0.2736085426431604
0.015213292409961537 0.03561418775452212 0.27351465609989567
0.01524395000201078 0.03544620319532493 0.27347545285613983
0.015261361717911218 0.035338106672036476 0.2734835137681474
0.015298398539564838 0.03520733969390914 0.27346556505306047
0.015343557249616321 0.035105394817706706 0.27343523818506243
0.015388215799471024 0.03501442249630228 0.2734184329102027
0.019745056529524782 0.01773232589923765 0.26925534976776166
0.015449875902481487 0.034980264946503664 0.2733329024425988
0.015433945063315739 0.03493074396610252 0.27340269327196487
0.015503718336179004 0.03490369154123815 0.2733141886364767
0.015478239134020008 0.034857841891906785 0.273389586202177
0.015468482784677034 0.034805337136567194 0.27346152599932866
0.015545223449837522 0.034843490364325685 0.27330867944973625
0.015531691269631102 0.0347980157665492 0.2733663476216852
0.01552174229415041 0.03473583369116372 0.2734416005551007
0.01558158594787299 0.034677470187645804 0.27342332187718715
0.01557028731568489 0.0346104273206259 0.2735044942726947
0.019783102258681844 0.01767002795577402 0.26923600452201224
0.015628541455378776 0.034553836533725055 0.2734994991003782
0.01560238837510683 0.034515231930343546 0.2735719626249268
0.015678422283289015 0.034481755466490766 0.27353542237213
0.01567116997732098 0.03442524212333352 0.27360565594816966
0.015728651108011714 0.034357911481617306 0.2736209306593167
0.015698034822291314 0.03431863235451167 0.2736814066563942
0.015775446980192856 0.03426507971288492 0.27367149268222735
0.01575893311043848 0.03419652096136881 0.2737466930352603
0.01577527935517688 0.034133146974260176 0.2737965846922868
0.01581602654189111 0.03407143263777859 0.27381682348789216
0.01579929182329884 0.03403400366504024 0.27387048409628745
0.015851395631953633 0.033969539058655435 0.2738840466014888
0.015842987718365748 0.0339218148182813 0.27394698429901426
0.015903618302994804 0.033881532664624514 0.27391874315519327
0.015880979218271824 0.03381281909203941 0.2740170554071536
0.01587983049701123 0.033773102480455494 0.2740581183016419
0.019323290575873814 0.018396384318023665 0.2697726534535983
0.015934214736449865 0.033768468267166216 0.2739974092564521
0.015931798626461338 0.03370303374074318 0.2740652366326678
0.015939206731870006 0.03362915158487055 0.27413184419393427
0.01599385175611476 0.033571104992050904 0.274115393498286
0.01599054809146507 0.03350796497709145 0.2741827938336773
0.016008694374948538 0.03339195949962198 0.27428160495700227
0.016056030047831744 0.033350242708242814 0.2742442180088822
0.016110751414859882 0.03327459992749918 0.274248010779892
0.01610917501450637 0.03320668880800787 0.27431735824640197
0.016159805148364653 0.03314255579887865 0.27430742398318997
0.01621121523001908 0.033019846276453504 0.27434288648606864
0.01629938362309302 0.032835468000129486 0.2743936330700185
0.020234323834219917 0.01736743957157333 0.2691073745977496
0.01640052289621398 0.03270461296170585 0.274364585451325
0.016463120402683662 0.03264495543831117 0.2743224099052566
0.01651764543945379 0.032574149960712784 0.2743214551239803
0.019859833810600767 0.017641271215636772 0.269124831740106
0.016574520319608568 0.03251666116843549 0.27431966803979657
0.016671496436006787 0.032471170588414214 0.2742646616794585
0.019922059116809762 0.01756287067079737 0.2691162472927706
0.019904039197187303 0.01753235331761238 0.2691819247299267
0.019300249481584063 0.018478967164791416 0.26977469756555694
0.026207322854376804 0.01304308564321252 0.2588328546225595
0.026219818045375168 0.013089382647407749 0.25875493945327627
0.026098622320890497 0.013030529235879662 0.25885214609100315
0.02611267317905642 0.013077215645875995 0.25877316768948444
0.025992743309605052 0.013021740522348974 0.2588716760880252
0.026006996760643872 0.013068310659545196 0.2587923902181931
0.026021753611094295 0.013118299815279677 0.25871430559823694
0.025901894589682836 0.013063359144754899 0.2588132791210016
0.02591681281875266 0.013111615477578498 0.2587345615068115
0.025802266556686028 0.013064398337407829 0.2588333951474437
0.02581650635156288 0.013111283018609032 0.25875434331944136
0.025833476455640873 0.013162768590901569 0.25867563033186414
0.025721847696778266 0.013117306036887905 0.2587734630716674
0.025738352131547744 0.013168314402630554 0.25869466566842825
0.025646964285488037 0.01317925754262686 0.2587145112392084
0.02555778979036646 0.013193323764156523 0.25873375212878424
0.025470099992295797 0.01320942169229411 0.2587536241625007
0.025383490097251223 0.013227338949355377 0.2587739123112518
0.02530114816619813 0.013250662724602014 0.2587940987522137
0.025320195031091793 0.013305280621684401 0.2587181998197047
0.025223781765261306 0.0132794640723434 0.2588145317689843
0.02507616611412567 0.013347714793667143 0.25885247362553626
0.025005555705958575 0.013384948781660383 0.25887109809590786
0.024911895328909067 0.013392246461319424 0.25894930470267785
0.024841436306360487 0.013371749185152049 0.25904482179701815
0.024845538394117066 0.013419265627860416 0.25898262866919514
0.02476844538286016 0.01340304850969673 0.2590820493697249
0.024770949778189198 0.013463734841759278 0.25900696099109793
0.024695366723816045 0.013453512121331057 0.259094669333795
0.02461639427216198 0.013438423141494849 0.25919072860491055
0.024625204639999718 0.013480090453379362 0.2591309004648854
0.024538839100981064 0.013429362016981777 0.25927434449721376
0.02454205906163765 0.013464613548797494 0.2592292154460601
0.02445207018325647 0.013478158583163341 0.2593048800739367
0.02448518039303341 0.013517913670456072 0.2592291856306605
0.024389729925789222 0.013522730576992742 0.2593205880262218
0.024327238604684488 0.01355519250576473 0.2593520448103387
0.024285755168403297 0.013550673320154333 0.2594056171919892
0.023590613623892073 0.013979693902160473 0.2600085994988686
0.023547409806212283 0.014030900225644766 0.26004312862386636
0.023486690149460948 0.014070083014412121 0.2601305010019295
0.02342416155816741 0.014132462258196116 0.2602191701184009
0.023431498061382505 0.014171551643939045 0.26016572393104553
0.023371091720795455 0.014158993946793125 0.26032382485532884
0.02339101377198407 0.014176477026789203 0.26025913155126834
0.02333122863807195 0.014243683702968135 0.26033687110516535
0.02335691603201389 0.014266322408082899 0.26025937992422743
0.023283213014844824 0.014256853308881129 0.2604585035087681
0.019977807466055136 0.017521483700566054 0.26909192998100484
0.019980142609166297 0.017479076437041857 0.26915056624970457
0.02314641929782517 0.014378379337204983 0.2607949401162052
0.023099868173914292 0.01440862525402739 0.2609631148333248
0.023116869208416203 0.014432961573578401 0.2608924797055442
0.023036392482330543 0.014960474767766935 0.2645336001203499
0.023049449697862164 0.015008705007141132 0.26445430523001967
0.02306752547131606 0.015066467502990871 0.26437661142146807
0.023095014094804595 0.015140826918379008 0.26429919440898497
0.023130948681084673 0.015236308211303812 0.26421646885603833
0.022923536617297808 0.014940774862593459 0.2645522617806152
0.02293489637850902 0.014985688866649055 0.26447253073418475
0.022952173525398942 0.015040257126189921 0.2643934829869299
0.022977761761163385 0.015110729772661535 0.26431629630874154
0.023013161270477388 0.015204291012013565 0.2642325168170313
0.02306381736526458 0.015267042740968378 0.26418210526305724
0.02282431410659019 0.01496900564958159 0.26449105467289946
0.02283846258088082 0.015019560145286243 0.26441255802240227
0.02286209119469581 0.01508511648673333 0.26433472843930417
0.022896530605942714 0.01516879353616854 0.2642586689412066
0.022919167209778463 0.015253359195600363 0.2641889750231678
0.022717238987473323 0.014958187820302477 0.2645094746630138
0.02272907063127039 0.0150058317142312 0.26443172947360405
0.02274999939861644 0.015066073119058498 0.2643534137035334
0.02278429075299368 0.015146714125041927 0.264275388519977
0.02282013049681761 0.01523406183727899 0.2642042231819982
0.022614837510890714 0.014953969245337762 0.26452804534471885
0.022626187270589702 0.014999733701224455 0.2644496779814087
0.022645142096191374 0.015057220330076782 0.2643719486099355
0.022675950694481996 0.015132999946307096 0.2642919936855387
0.02271456989474597 0.015233184497796481 0.264206946666109
0.022528158597047408 0.01500083351329079 0.264468056171661
0.02254702972290141 0.015057796139819113 0.26439038524603237
0.02257483329101135 0.015128435582344307 0.26431122963877623
0.02260272900146255 0.01522695008959643 0.2642227099951975
0.022423577373596494 0.014959846246850428 0.2645624658798018
0.02243564389799615 0.015008293539935103 0.26448523642375243
0.022454600857844436 0.015065501437004913 0.26440794202818496
0.022480796970139622 0.015132494932876356 0.2643309982434356
0.02233276352350274 0.01497015888295683 0.26457971345260756
0.02234580252696797 0.015019442138014372 0.2645019594471827
0.022365400910249574 0.01507716216303212 0.26442466408002097
0.022244633510558866 0.014985113350319518 0.26459705114058574
0.0222588725805897 0.015035183755675002 0.2645190629671732
0.022158863633861242 0.015002740689434663 0.2646150053620113
0.022173864269354134 0.015053741051783254 0.2645374730372998
0.02207561234009688 0.015024037304188192 0.26463369725294267
0.022091848491346034 0.015076794421156975 0.26455644477465384
0.02199461629094106 0.015049604767561564 0.2646533027760876
0.022012742023584442 0.015101646429332066 0.2645768913721203
0.021910611920748103 0.015087065170602182 0.26466879050970327
0.02194150101854104 0.015126223816361167 0.2645998605633817
0.02180847535356663 0.015065871804745834 0.2647758284384389
0.021840835481180678 0.015100984317548805 0.2647104135709739
0.02172518854761201 0.015025644886472872 0.2648883876246483
0.021749828649462094 0.015096754165206255 0.26478740692323066
0.02177198543409959 0.01513824661896579 0.2647314433120572
0.021645490960595027 0.015013389005052502 0.2649741443071536
0.021668345683907384 0.01508535346922149 0.26486810051563703
0.02168421336567399 0.015132425059587062 0.26481250107449056
0.019251320250162053 0.018511805561338662 0.26989141812683315
0.021575835755954818 0.015066246537533828 0.26497480212664476
0.021596058294028834 0.015122269015043821 0.2649032560605932
0.018399593638864842 0.020677197919193008 0.2711090431934504
0.02145526378529255 0.015118088152657166 0.26508951316112744
0.01843243289423479 0.020570731037690526 0.27103514647802995
0.01842091020974214 0.020568549782253684 0.27109689888014377
0.021362253010476496 0.015245030991197006 0.2651485757695323
0.018449463321641674 0.020475406052446132 0.27101757343530797
0.01844307868893962 0.02045776643417782 0.2710733636614466
0.021294066569866443 0.015307664704505175 0.26522627716124536
0.021313818104401677 0.015344548087841497 0.26514415288032184
0.019145289141216756 0.018668640925375166 0.27005325030232175
0.018483155482237335 0.02035881472297875 0.2709630887704251
0.02124217780083341 0.01533542232517282 0.26530900812185343
0.021257535474733018 0.015369101520929185 0.26523277191112915
0.02119639374946393 0.015411630993437536 0.26532550212141287
0.018514170344993194 0.0202815105357686 0.27091690178169414
0.01850013170727449 0.020247045508562544 0.2709841985286491
0.021119625203855973 0.015410820925352953 0.2655010871372742
0.02112509282054079 0.0154630104952381 0.26543521066679304
0.021155828002000224 0.01546931895255313 0.26536728407931104
0.0185413745691763 0.020179651308079555 0.2708792004644601
0.018521636526759488 0.020149277539889904 0.2709558800940075
0.021069652384744328 0.015458802990584192 0.26558190214433447
0.021078981892552803 0.015479019684133233 0.26553229163450043
0.02102350749704114 0.015529673689013368 0.2656086139702367
0.021051041566054723 0.015525817799615371 0.26555467000893884
0.01858922355644627 0.020115274359626692 0.27077630482691845
0.01857527215935564 0.02008913124852954 0.27085002812826464
0.020948017704906004 0.015515654504888232 0.26579702836421953
0.02097514557094217 0.015541113112932797 0.26569545682016915
0.020911334846179377 0.015561423034432892 0.2658216249773795
0.018618600234911367 0.0200255158178258 0.27075904673211704
0.020859073684577678 0.015610135521621216 0.26591661565629077
0.020787962400325256 0.01565234936427251 0.2660789720252469
0.020812506677399072 0.015681206018845206 0.26597828572007176
0.0186326105462736 0.019880604810069827 0.2707594223737625
0.018619933546103053 0.019856455677345855 0.2708039154704783
0.020766265239044426 0.015729770933659154 0.2660691755265847
0.018657714769246433 0.01981045657346804 0.270730875915303
0.018636533947136533 0.01978196891413153 0.27080744886705665
0.020723334584676838 0.015763626384020984 0.26620616130868047
0.02068594713203732 0.01581764642885583 0.26630217512665055
0.020697334022847864 0.015854651637888545 0.26622809108166023
0.018693152420772154 0.01970216054152911 0.27069106042559543
0.02064496125753994 0.015892143145010668 0.2663730380779993
0.020612151999471987 0.015936251478032154 0.2664646227308788
0.020617230785499024 0.01597466270565609 0.2664095746026186
0.018719743471748804 0.019610869425198393 0.27067201043380845
0.020566096917664343 0.015973616057679163 0.2665812730743311
0.020583002538247012 0.016022145142390615 0.26649899775281916
0.02051432033675893 0.01603303120144442 0.2667449662628303
0.02052714523479026 0.01603166599494224 0.2666756263349267
0.018755174272060002 0.019540091170389268 0.2705853726069921
0.01874457900767016 0.019528477795161953 0.27063355641639286
0.02048495715883794 0.016073327629025164 0.266835844085794
0.02048539655018159 0.016134305428404883 0.2667660322027223
0.018779635743874666 0.01945551089207022 0.2705650316675796
0.020451642184537266 0.01617955888577527 0.266865476140677
0.020406768671111006 0.016209694997482454 0.26703573445226264
0.0204220875499252 0.01621630414521097 0.26696627861724376
0.018810670695848228 0.019341616472077522 0.27054962384650016
0.020368903759832212 0.016278057569952875 0.2671263510455504
0.020335130327893195 0.016331679243671876 0.2672257619438594
0.018849259427151877 0.019274743448149376 0.2704532585203338
0.01883719497669986 0.019243372867194686 0.27052317198030984
0.018886665896739957 0.019187184580997482 0.270413780302086
0.020052915892093674 0.01747469790858497 0.2690687648195183
0.01891272342377131 0.01909766706312406 0.27039698904904275
0.02019441803675153 0.01656551718392052 0.26755551234783503
0.020138186360036753 0.016625282710660105 0.2677060704895855
0.020150258426744762 0.016667267407444564 0.2676309805938518
0.01895675012258785 0.019028264455640265 0.27031119331683107
0.020122896035884973 0.01671127950640111 0.2677154265790249
0.020106746488463473 0.01681462746165524 0.2677531770076699
0.018982344399514413 0.01893644071734782 0.2703018955173791
0.019020463374783338 0.018841655206002117 0.2702709099164752
0.01919323432984101 0.018546208879836143 0.2700126935061846
0.01920053357135383 0.018586865138763106 0.26996247811130025
0.02009287864141224 0.017458748836463422 0.26905227470231524
0.020104936532327977 0.01740572056994602 0.2691209828809905
0.01906593772058588 0.01881079633244663 0.27017572555853375
0.020227611830028306 0.017467395316071027 0.2689764491111486
0.019100024292668643 0.01870095874027411 0.27015681375932304
0.020212647550005375 0.01744019289799617 0.26900953038945385
0.015199097574334113 0.0359036879504957 0.2736099027569123
0.015189677241413312 0.035811162440879216 0.27360349919557014
0.01521143952786519 0.035671526897210565 0.2735021976993682
0.015220669065640374 0.035574444657717114 0.2734979919405309
0.015227323570188148 0.03548474833197289 0.27352131433786087
0.015514875922558399 0.0348520376042359 0.2733358155654855
0.015692920996670353 0.02941503546610806 0.2743079646104774
0.015744017669615352 0.02926850829045917 0.2742260802272878
0.015897381220926814 0.02835913351280621 0.27418803635396444
0.016715325888771292 0.032485863440637905 0.27421274529125683
0.01676591098373357 0.03244575996975213 0.27422556652327823
0.016027901556005794 0.02793375323538347 0.27413140042269507
0.016041402517886008 0.027855827576732398 0.27415777528102864
0.016825531778380236 0.03241838613438543 0.2742147272943838
0.01609084228462957 0.027806174763118086 0.27408668735754993
0.016114146964025588 0.0277099085832683 0.27410342924619435
0.01611225980210302 0.027628858358082736 0.27414845278356414
0.016887820538015297 0.03242111340226683 0.27416437723347986
0.016927893479067608 0.03236132419600228 0.2742097664657896
0.016220570136793643 0.02713000606317678 0.2741332042372037
0.016238313784680686 0.02704989959187655 0.27417605008432466
0.016289711960015708 0.027004912013908394 0.2741036928255266
0.016301503261137953 0.02693961291806414 0.2741360364585903
0.01630777809139624 0.026852286423118668 0.27417029407651317
0.016336514502674964 0.026840653552855878 0.274111719840741
0.01641635624973578 0.026699556312192355 0.2740479351873873
0.016433777471919955 0.026614666486792962 0.2740779148398407
0.016457250950094218 0.02664937639174346 0.27396681019267966
0.016455648687988822 0.026577841480560013 0.27400926028264594
0.016487365631242406 0.026512899872650528 0.27404423191647603
0.01652834441093473 0.026531964433040095 0.27392745864405454
0.01658949890520232 0.026506089050963147 0.27388280971088413
0.016610884763961727 0.026474068317702867 0.2739117091535535
0.016661058112529697 0.026352200223762806 0.27403059069616154
0.016758487547556218 0.02629003866706907 0.27403980467792005
0.017019806388649195 0.025462844803790408 0.2729928990152914
0.01701496947294535 0.025366488466083484 0.2729961055134056
0.01701363544912115 0.02528446341138764 0.2730203984852821
0.017005519416800393 0.025161146297236398 0.2730361932051821
0.017006655640646948 0.02505438497782425 0.2730329461337704
0.017008045525218365 0.024954108706235545 0.2730644647755106
0.017039691780070906 0.024890976619585226 0.27297002561367084
0.017078844829465832 0.024634845422776275 0.2729328075354778
0.017077365357583748 0.024541706613970052 0.27296486313026347
0.017114981463911532 0.024476564151623234 0.2728694287483869
0.017120719025246464 0.024398528522587115 0.27288206748213995
0.01715379435813831 0.02434668440006331 0.2728047404505545
0.017155965515096655 0.024291203866540267 0.27282769155679043
0.01716851126715115 0.024190683861285006 0.27285459098706055
0.017200568677169525 0.024220653167849118 0.27273457532755324
0.01720206470516602 0.024135789909081398 0.27276734707318195
0.017248339234712876 0.023994012707612478 0.2727138271585813
0.017255438754804585 0.023900243578238084 0.2727410059313802
0.01728915010741597 0.02385961238210492 0.2726628667663863
0.017302864539411503 0.023786533141333888 0.2726776223491726
0.017302084950502006 0.023696064353008806 0.27272945312169306
0.01733853098378728 0.023734394015297366 0.27261153465983673
0.01734632169471271 0.023663132668062678 0.2726318281295641
0.017347138164833686 0.023588367442895344 0.2726749960676926
0.01740413010029353 0.023522191231646214 0.2725923233318165
0.01740983109612646 0.02346152980308168 0.2726301368390729
0.017436025811400788 0.02348622567857167 0.27254126460479555
0.01745688830019376 0.023394657320421397 0.2725573966767948
0.017470451570709145 0.023323049970684795 0.27258907086434003
0.017504132745350523 0.023291657722584666 0.2725156318513156
0.017544067341568336 0.023254133609232078 0.2724388906046355
0.017560932952242914 0.023165019001561107 0.2724847088463758
0.017610151622278056 0.02310689322362805 0.2723959608353578
0.01762899455501292 0.023035483489328365 0.27241065618268995
0.017676596030854343 0.022916649263180724 0.27237337074057666
0.017709956753671253 0.02287678866262935 0.27231163900808175
0.017740294786274636 0.022774874811632026 0.2723167786532677
0.017770718843421473 0.022740871402584503 0.2722435043343021
0.017778728321965535 0.02266456705248583 0.27229154597987654
0.017818977452628275 0.02262183017402354 0.27220682513120187
0.01782915679737266 0.02254068661061026 0.2722399496894209
0.01786534309359237 0.02252103467836168 0.2721597049031429
0.017887915139624885 0.022418232990482054 0.272183296848951
0.01792406711967462 0.022401053635209542 0.2721063091603839
0.017946117482299233 0.022299816290662064 0.27214731987699725
0.01798315804734049 0.022275000710465884 0.2720674863870264
0.017993071077190732 0.022210760553719983 0.27210162613952205
0.018044634595724505 0.022163506235123365 0.2720261747655758
0.018081720875302732 0.022126419097259015 0.27197908614516597
0.018146605220644645 0.022083600669819764 0.2718763953174297
0.018138036935027947 0.022034788075372985 0.2719456701094176
0.018194581438160464 0.022043681074042767 0.27181292179439953
0.018202965885668485 0.021973296790634783 0.2718615248744368
0.01824763427889763 0.02195107517602235 0.2717982723970913
0.01827753155081272 0.02187793446153538 0.27183811081092063
0.018354825950757908 0.021802583063713646 0.2718331526173594
0.018384533363462588 0.021751555967409894 0.27187692452128454
0.01840590899417425 0.021808648958901444 0.2717762106908826
0.01846635460313205 0.021732308636474573 0.2718317043853843
0.01851281547004631 0.021683648546223525 0.2718714294072514
0.01856577631233432 0.021686315477316004 0.2718146518415876
0.018585804934301776 0.02162630738425128 0.2718922623271472
0.02008661147098964 0.016922297373020756 0.26780021179541125
0.02009200980122773 0.01687385731680416 0.26780022098080525
0.02011682950707852 0.016782266029874232 0.2677174530077722
0.02013622590869743 0.01666326722217501 0.2676824500426061
0.020169209394340887 0.01662884276244478 0.2675922402507477
0.020215771670675807 0.016549328251613732 0.2675033470587148
0.02025379680794199 0.016484311520721245 0.26741897966311706
0.02031336026308131 0.01639318573066434 0.2672591722437072
0.020317871664424517 0.016343084295357274 0.2672853902687675
0.02035444698850417 0.016276407590373826 0.2671958115654891
0.020379208851931018 0.01623961111479255 0.26712102306634394
0.020407084510880077 0.016250139850138873 0.2670094132053539
0.02046788469133475 0.01615660655570056 0.2668157586526364
0.02047100430676589 0.0160936700464184 0.2668756077988206
0.020493928803571787 0.016124930691044953 0.26673558971840317
0.02052129786706457 0.016075933172882084 0.266660723323556
0.020556537676285812 0.016006868667159335 0.26658782851993257
0.020589463384586202 0.015969038957946213 0.26650957518815843
0.020626483914852462 0.015930804777678165 0.26641575345774327
0.020661802224604967 0.01586968649630796 0.2663273538820737
0.020696802716030433 0.01582751802258181 0.2662518917861344
0.02072545799755181 0.01579170445809039 0.2661736098958952
0.020751728039687316 0.01575292404236034 0.26609979913826465
0.02078829976830578 0.015697587028013188 0.2660285061371426
0.02082745468710533 0.01566105640626808 0.2659534028701783
0.020870919474080103 0.015616103021156097 0.2658803765224662
0.020910736169846927 0.01558740356875854 0.26579491908059993
0.020944396967180385 0.015564385675890607 0.26573894710966106
0.021001867530838082 0.01552731876008731 0.2656554376936307
0.02105431320671685 0.015491337145497275 0.2655797837294708
0.02109706800610933 0.015447806758059485 0.26551525290971456
0.021131048582706907 0.015426893672405989 0.2654540776486807
0.021174876005292626 0.015460699939511657 0.26533424375266657
0.021175217669226323 0.01541001107540238 0.26537404152799465
0.02121573970853523 0.015426228818367499 0.2652722963898144
0.021224021405767592 0.015376637371405433 0.2652990654872808
0.021266286243474933 0.015334150503727245 0.26525073765194274
0.021318235864257816 0.015313462123729221 0.26516830255181195
0.021718236156493202 0.015159384752749971 0.26476045016912464
0.021780150048231903 0.0151823668576557 0.2646838742116451
0.021841302614126812 0.015161192739284901 0.26464530974359884
0.02300539184998261 0.015296127584934122 0.26415489930754155
0.02311739420724456 0.01531397277272481 0.2626330253116271
0.02309589094405167 0.015169222724226689 0.26252285358688865
0.023110364009774682 0.015175881464509156 0.2623674291468978
0.02311154264977905 0.015103715180315669 0.262388565829075
0.02307739372923686 0.014814055747400051 0.26189092100558253
0.023067022087515054 0.014765359418929508 0.26176971319130704
0.023047292873686356 0.014660652108563377 0.26164453741139093
0.02304618086987956 0.01456187933190381 0.2613758401403991
0.023044375303448696 0.014569908372526669 0.2612133890787327
0.02305400020976482 0.014502918343384658 0.2611409043922539
0.023078835323156015 0.014506836997448064 0.2610211794830112
0.02310004021196676 0.014467905955907051 0.2609339395357677
0.02313198964885093 0.014395803260045303 0.2608571706838012
0.02315437449022932 0.014428592870889406 0.26074172942039386
0.023154273150477737 0.014372827478313005 0.26077227945510806
0.023184074894405167 0.014418740808181507 0.2606498377306051
0.023210327154664485 0.0143776787603902 0.2605795333156479
0.02324677178444961 0.014336065720810615 0.26050454213085417
0.023281023466249093 0.014288888694930835 0.2604347165666027
0.02331844466681443 0.014310714430593674 0.2603157411493477
0.02331771671025036 0.014273519423500969 0.2603467921175546
0.02336503798985748 0.01421297829633239 0.2602876876218079
0.023410443069969755 0.014176371276350491 0.2602109110805467
0.023458793983439162 0.014142706633672203 0.260129914873228
0.023491034308035907 0.014101093661232966 0.2600933085541741
0.016297831263654177 0.026876736521413286 0.2741799177094687
0.016122453426140368 0.027439914165566598 0.2742259828083496
0.01614406834854268 0.02735303314103424 0.2742072681294645
0.016167813895971196 0.027278945102724925 0.27418503202466143
0.016197296843549387 0.02720281824764978 0.2741521617031163
0.016230010487572288 0.027128425689599153 0.27411530451383925
0.016261182746783155 0.027044745839821055 0.2741206851268867
0.016304223882328717 0.026973765855778598 0.2740993381103194
0.016331076305312792 0.026898318599469742 0.27408413092795914
0.016081376461978474 0.027618864392055423 0.2742093965654109
0.016119845447550196 0.027532829487106808 0.2741613615721289
0.017075907834039204 0.024487227271197634 0.2730036820307658
0.017096284329845834 0.02439964415954428 0.27296302992784693
0.017119906073719653 0.024314067722261884 0.2729290186473885
0.0159739183500325 0.028026986192930467 0.2742200278648331
0.015997661886665963 0.027949216525874468 0.27420401375373993
0.016031704953366956 0.02786528343285452 0.2741765722868378
0.016068325574704674 0.0278067988428638 0.27414047862913404
0.016118791518668435 0.027655992348511252 0.274121971466713
0.017037577621776063 0.024746251148296344 0.27301610523166964
0.017058113164420977 0.024652563739024455 0.2729930890453611
0.017080117019017002 0.02459108521218556 0.27293886493614133
0.017102054513715347 0.0245091300563378 0.27289244368285936
0.017122246832933872 0.024428042340897946 0.2728655203091971
0.01714049160252599 0.02433684162012295 0.27284625791285866
0.01717157649629942 0.02424898138173215 0.27280755419741715
0.01718808959299069 0.02419251022972342 0.2727803123485725
0.01721936153229136 0.024092987893943596 0.2727491111259477
0.015908121156179948 0.028276035011244524 0.2742310389309689
0.015940302724535144 0.02821847785483228 0.27418233923996416
0.016050706089855434 0.0279168103882418 0.27408699593906305
0.01702770320380328 0.024937615803794028 0.27300293642398277
0.017040036224263484 0.024846883039814513 0.2729692846135269
0.01705840511047822 0.024769937571786707 0.2729380055219608
0.01583574115758537 0.0286209668517185 0.2742489563451438
0.01585870346699619 0.02854020697660252 0.2742238164442335
0.015784948689868336 0.028882083312258874 0.2742458255053011
0.018388339946609815 0.020670829492388396 0.2711561500215188
0.018408532534540438 0.020604613604365024 0.27111754565692187
0.0184331289132585 0.02051792509867416 0.2710816120885623
0.01845665846405267 0.020429937627612735 0.27102064245287677
0.018475303019879315 0.020339969245358053 0.2710098684316913
0.018497652960159996 0.020276911821022606 0.27097179296970253
0.018524570691113854 0.02017546808586572 0.27092495395650146
0.018553503253552157 0.02012133214984381 0.2708911926493317
0.018613501537995188 0.01988665148683237 0.270817786719923
0.018632917007399302 0.019823522305215488 0.2707865172943409
0.01866848187988533 0.01972920752243415 0.2707466924868217
0.01702426820043758 0.025517054377309903 0.2729795686411622
0.017025340402301598 0.025423990510467287 0.2729473826151341
0.018378198279700705 0.021022462164257294 0.27124756254728377
0.01838492798252899 0.020953983906156937 0.2711546835412201
0.018384497214678913 0.020862780584009852 0.2711225972923212
0.01839055462059895 0.020774385974820064 0.27109986381481144
0.018410223111628456 0.020692993025564516 0.27105748703258215
0.018539536840285684 0.02024416541236558 0.2708539980419439
0.018566526221247822 0.02014665405683226 0.2708244908537123
0.018595247511700504 0.020049816401346038 0.2708089894649137
0.01862804561703964 0.019962891304008926 0.2707513538896231
0.018714861698368473 0.019675758482914363 0.2706356950007607
0.018742527341854838 0.019581285062008166 0.27060935977126116
0.018800261432931342 0.019424378892667696 0.27052924854077187
0.018826591106227118 0.019351578885358683 0.2705002766606131
0.018831938042381372 0.019298242551088793 0.2704996825054134
0.0188576316046165 0.019210370472953917 0.27047385469009866
0.018890939871329684 0.019125998887729423 0.2704467404747264
0.018923793728101816 0.019050973769264526 0.2704048234329113
0.018955520719924648 0.018969048221060936 0.2703653760357676
0.0157308790167897 0.029337140623711816 0.27423492773734703
0.017021209950134963 0.025708217750821827 0.27299827274586
0.01702969861837773 0.02561162573684979 0.2729457413738214
0.017041341007899124 0.025543881742457225 0.2728774089635758
0.018978947061469468 0.018994700640340922 0.2702700947741945
0.019003304713035473 0.01892413464110909 0.2702527501997515
0.0190291773185612 0.01885303311962036 0.2702415512522425
0.019053324315251575 0.018795576588775564 0.2702194785425287
0.015721617443442956 0.029517418114599958 0.27421398412404346
0.019085567858227515 0.018796818934181864 0.2701311740318044
0.019103766709949146 0.018731062365113002 0.270122212646849
0.019123642881103887 0.01869923190881137 0.2700886345100356
0.01918100689089781 0.018627296467345733 0.2699894882764133
0.01921973064567443 0.018540087364584623 0.26994822094536786
0.01924711616011473 0.018575796926911553 0.26986246043080964
0.019277683971437164 0.018493242418999453 0.26983502073995214
0.019300431011013607 0.018424007003798884 0.26981648739507025
0.019324954724348253 0.018441947397088293 0.2697310208637676
0.019353109312887914 0.018368647363879692 0.2697077778804008
0.0193784611782302 0.018295054815291187 0.26968182014521624
0.019412455313108173 0.018207534617765253 0.26965639342071424
0.019470058718645954 0.018167594858974234 0.26954997805510317
0.019502182095691177 0.018093764282248653 0.26953081886181096
0.01953586083663657 0.018007049511905876 0.2695160763412437
0.019594889391768688 0.017970590593304053 0.2693940782255474
0.019617775112709807 0.017892396798003307 0.2693988227648795
0.019687075803751102 0.01784049087319345 0.26928150262129424
0.019719474022746045 0.017768566020121807 0.26927661318200335
0.019738986138082143 0.017803444034778293 0.269201205252389
0.01977752092505355 0.01772718365366721 0.2691936330290806
0.019817870210015014 0.017665433139348152 0.26917398769669765
0.01986684441178706 0.01758864879996866 0.26916790952371017
0.019922909943355535 0.01751497350286027 0.2691740510028402
0.02013328703859021 0.01671434563119953 0.2676656947427277
0.02037899492036897 0.016273944556681408 0.2670912724024631
0.020518087015414882 0.01605778884385664 0.2666766420250076
0.020568781205894088 0.015997902217331605 0.2665479119060954
0.020611778484782628 0.015963777288667685 0.26643915514882544
0.02065173065085601 0.01591723121845623 0.2663220405311473
0.015175309283784279 0.03602536432073859 0.2739498623723923
0.015184345834658705 0.03602518737119148 0.27383503530486375
0.015185526230669762 0.035847351646266803 0.2736981353362523
0.015186058681076326 0.03577782996915446 0.2736455746379307
0.015212972330369817 0.03557405745317771 0.27354105041866017
0.015204094007907096 0.0360436207831807 0.2737123570852168
0.01519484650716708 0.035939995908930836 0.2736603210778106
0.015195088993409905 0.035852726157180506 0.2735976997449452
0.023151417739392263 0.015557852039165626 0.262922116239123
0.023141346054758115 0.015467810456306796 0.26282184228176186
0.023126632402715064 0.015369465238091184 0.26275132312197047
0.023107881786095075 0.015280649577532363 0.26255209707795035
0.023101866365978024 0.015214379219664426 0.26248763208986503
0.023109377429936274 0.015151205844979004 0.2624302230300476
0.023110501267820154 0.015138707576236615 0.262317360311372
0.0231069362063544 0.015066557014696336 0.26225958620119993
0.023102248485069695 0.014977612800170265 0.2621763906167528
0.02309331795934104 0.014906419832774354 0.2620015678696529
0.023079330244826772 0.014800430672589071 0.26192369690288186
0.0230782630507936 0.01482103262112866 0.26182397458735873
0.0230589555542672 0.014719296848836605 0.26171589139109763
0.02305119007062273 0.014646802555619703 0.2616976566107385
0.023047512804026293 0.014661741586854599 0.26155100120253205
0.023047096629185276 0.014580668923606072 0.2614888137586848
0.023044345920398425 0.014640793826493415 0.26145626320179366
0.023044869884379447 0.014592434767398688 0.2613828344794486
0.023045560820433603 0.014518325758358624 0.261220820193392
0.023061047818730397 0.014560150229810498 0.26109175846176114
0.023071527589377944 0.014470432176338976 0.2610698849757921
0.02308825103507968 0.014473172802522527 0.26098112490463404
0.02310677193460945 0.014411100943561156 0.2609357409470533
0.023110168362346056 0.014512721171856258 0.2608896387119678
0.023128673604906873 0.014450763363822783 0.2608369121017844
0.023148640687861367 0.014363860562238373 0.26080150787075107
0.023144285376532694 0.014471956130990504 0.2607649319732319
0.023168522592246214 0.014374684751616906 0.2607186433101576
0.023193244899850446 0.014424331307190452 0.26061742416213535
0.02321388878797852 0.014330753887670244 0.26060009363880543
0.02324103566896675 0.014376198893074926 0.2604982023151495
0.02326543000793911 0.014295696200430696 0.26047949272127024
0.023282699745602653 0.014333614314746862 0.2603944165738037
0.02333827125054081 0.014265868826140365 0.260302410502741
0.020113118277400067 0.016794567036481245 0.26773177955343835
0.020079785154305908 0.0169726830096264 0.2678244330159499
0.020057065055283527 0.017099083353446898 0.2679510751648676
0.020064619796407796 0.017064202315772214 0.26786691837133747
0.020072059709020644 0.0172462934061742 0.2680841600491908
0.023050076636589794 0.014563949173052898 0.26115080748285957
0.023069931196524805 0.014522580836224902 0.2610596156621855
0.023089419378385004 0.014518065617987325 0.2609620513445684
0.02311870719964896 0.015314758902271797 0.26269661462009375
0.02313970868885746 0.015444068787441034 0.26283571945699225
0.02313076850644382 0.015411723575531583 0.26273060407607707
0.02312877452450765 0.01539232274759475 0.26266669577371027
0.018385680121165485 0.020636651443166454 0.2711735352790663
0.02314598208791732 0.015543725250640489 0.2628942471462242
0.01839014544567234 0.02072905305581664 0.2711254823555681
0.023198609453703205 0.015686897859079063 0.26305596055526415
0.018370962512001134 0.020895860167849403 0.27123972841865585
0.018379947695220302 0.02084994286773778 0.27115798070105473
0.023295666843352002 0.015808313980910177 0.2632497383864886
0.018378837862315797 0.02102891913843817 0.2713753321505487
0.01837878120514218 0.02096772005888138 0.2712009792573943
0.018428744635016727 0.021131146448343588 0.27153829723898215
0.018402263661682197 0.021138081386105956 0.2714208187882367
0.018388040625471835 0.02108733717362095 0.2713378436881149
0.017068040016753595 0.024655378504076522 0.2729537058941352
0.017044717379345382 0.024777907073312608 0.27297595651222273
0.017065273660208116 0.024731845069984396 0.2729326678697577
0.017005448498248196 0.02491723123791817 0.27309588104488525
0.01702628020995353 0.024890976167883022 0.273013431920664
0.017011795641449848 0.025016320056957198 0.2730261605320172
0.017013833994857272 0.025202836072189663 0.2730083668821037
0.017007769874185126 0.025327844757159976 0.27304261184994505
0.017028377123837164 0.025278634800451893 0.2729611773165912
0.017013511868356677 0.02541247628954467 0.2730104200508472
0.017029171222506554 0.02535347422111736 0.27294286970555637
0.017024995920431104 0.025472103132603424 0.27296010366947066
0.017029511082855435 0.025531550132369463 0.27292963929639186
0.01702622624538651 0.025648180150454947 0.2729792691797712
0.01702526746500826 0.025823586336647414 0.2732019197310517
0.0170086467762931 0.025791595008826343 0.27311376329140663
0.01701761834836655 0.025771746537933918 0.27301641802086024
0.01704649185724015 0.025897589990347497 0.2731856185343641
0.01702473050824846 0.025879368587474846 0.2730841061530138
0.01615525457214586 0.027351301380951556 0.2741682839684694
0.016123571222154846 0.027466379255527515 0.27419509828398214
0.01609004199828074 0.027587782049046355 0.27419070718249783
0.0160676706569817 0.02777935391125748 0.27416405217175915
0.016101450955029753 0.027756677702960253 0.27410101632290274
0.01598451938931345 0.027947724105966062 0.27424454948052696
0.01601633421766288 0.02791072531510083 0.27417627158460456
0.01606126549165142 0.02785702546353254 0.27410739225273106
0.015960149803890947 0.02805635338236842 0.27424554296666837
0.015995309006928936 0.02803002889083428 0.27415757301164295
0.015960493225369805 0.02814567301191366 0.27418899382662576
0.01587826551606919 0.02837812861777668 0.2742374017022866
0.015856153335290415 0.028484038928303326 0.2742521805955258
0.015800894864826963 0.028724240961612732 0.2742655571435161
0.015830863567299593 0.028685902897517546 0.27421762966691277
0.01577949178791334 0.028841611512224682 0.27428326429031136
0.01579753279930824 0.02881150326456529 0.2742306213066314
0.01575789086673989 0.028957527944373673 0.274334116291868
0.015776207347719604 0.028930134994002904 0.2742604483545106
0.015754350774747964 0.02905496322712249 0.27427620472890923
0.0157408893229997 0.029139725693352297 0.27430331203116304
0.015722378668587784 0.02926016997853992 0.27431876818976886
0.015748007550537076 0.02922946919621154 0.2742291595893197
0.01569622422544189 0.029380642759085876 0.274352635382615
0.01571882813675295 0.02935332599966424 0.27425908033546015
0.01569495057857873 0.029466820329796972 0.27429612569203
0.01570095588133016 0.029576394465934644 0.27431796547061227
0.015716959083019236 0.0295603380929991 0.2742248311712169
0.01570919798261524 0.029656184358758567 0.27429327511076185
0.015720978387657774 0.029627320750419656 0.2742165633967236
0.015799186521925836 0.037308063157202476 0.27445357377832147
0.015752073067321435 0.0372155517665612 0.2744887299484317
0.01571816398638401 0.029734540246837665 0.27422745040886515
0.01566469116926349 0.03713794174651129 0.27437133796412405
0.01571527483183687 0.037152678446604775 0.27449754548034655
0.015625586850108352 0.03707790016221443 0.27435435555326704
0.01568833813996752 0.03708949420884565 0.2745253972169156
0.015708718308740308 0.029839576887967748 0.27425217317962336
0.015592805222732261 0.036999591970391585 0.2743967419980341
0.015545906246991238 0.036905685234181154 0.2744066574944298
0.01552208224472516 0.03684313301402502 0.27444019671877334
0.015695873787167133 0.030050406225842832 0.2742450910643517
0.01543425879084057 0.03672851839221035 0.27432577405705794
0.015493889215061639 0.036769085531335746 0.27446957601055777
0.015681369030792897 0.030187006768637295 0.27436197631898535
0.015682838648429624 0.030152378072058186 0.2742964385398255
0.015381527320262049 0.03666151204109269 0.27424032068544196
0.015427309296061585 0.03668182562720107 0.27437328490548374
0.015349284297763749 0.03657970022773664 0.27425406480766124
0.01569577396821903 0.030294163540878882 0.27441090857971895
0.015687331962823674 0.030272244839519527 0.2743245766222778
0.015690836701107283 0.03022796240805739 0.27423148272788433
0.015303837197669076 0.0364886701602867 0.27420159781505615
0.015251935968681497 0.036369573513646836 0.27414171093344797
0.01570465646917182 0.03036194993459236 0.27435919046196366
0.01523531034322742 0.03629503098927936 0.2741592328522694
0.01520528901958251 0.035992863003440054 0.2736356078758208
0.015192342321514122 0.03599878110257926 0.2737445097555645
0.015192037490479822 0.03606122188164744 0.27382215768913254
0.015181478302661509 0.0360708805584285 0.27393534054700175
0.015188719027186257 0.03611598819181637 0.27404150637586655
0.01518944395252863 0.03592164512468159 0.2736991493976408
0.015175063922034361 0.03596585546822818 0.2738494837438376
0.015171648118206857 0.03598226630327675 0.2739491865340555
0.015776693683499463 0.030583643229823085 0.2744371959829328
0.015761723129411053 0.030551624314553064 0.27439536208309984
0.016072277865417896 0.03747886355296488 0.27473840807105515
0.01608838589123707 0.037444400995534866 0.27482025952760686
0.016107653517940818 0.03740783215882322 0.27490217022802327
0.016128487827405977 0.03737053154265152 0.2749843303356324
0.016151928782604984 0.03733233427144175 0.2750673771832035
0.016004679880647722 0.037425785869685854 0.27469930069460624
0.0160202389545681 0.03739176838803028 0.2747815897118598
0.016038563441190232 0.03735629238676742 0.27486444671955657
0.01605796227975183 0.037319352743948084 0.27494600973293154
0.016079171350967574 0.0372816451241669 0.27502759660263887
0.01592743953882856 0.03740562720628342 0.27458095894379325
0.015940524284547588 0.037371467711800485 0.2746614768223428
0.015955281073586226 0.037337232094322645 0.2747425124618674
0.015972871427822354 0.03730237324955671 0.27482565083675803
0.015852639079492022 0.03736827908909926 0.27447671577986466
0.01586861523170917 0.037348198796726184 0.27454670330531405
0.015881151835437046 0.03731582763869218 0.27462625983423855
0.015894639371200697 0.03728153149459583 0.27470541591725905
0.015910716281546347 0.03724666718205748 0.27478705307341345
0.015805820524962925 0.03728165085853813 0.27451041714365987
0.01582460646057414 0.03725712850528552 0.2745896239376495
0.015760991028296267 0.03724658865632227 0.2744611956290103
0.015763667150721524 0.03719295659538588 0.27454873249729184
0.015706468382526834 0.03717514538453218 0.2744336133065156
0.01572060686405061 0.037137626929622955 0.2745340709148956
0.01565168628682342 0.037093530835395405 0.27441116413148414
0.0156703108481062 0.037089565637782776 0.2744764604470381
0.015612431684317998 0.037037949428409725 0.2743874774732219
0.015621515611585594 0.037015197215828466 0.2744555098573344
0.015580720920759863 0.03696470178939598 0.2744192912666683
0.015587041252741247 0.03693225903738892 0.2744891445260471
0.015548152651578866 0.03686596453394218 0.274483454814949
0.015498426703917517 0.03679783831201684 0.27443865183719796
0.023146237727357653 0.01551222449340453 0.26285848629693265
0.0168235127698684 0.03144051982411762 0.2751087154083136
0.01671783838230112 0.031392091584450374 0.27506663663082437
0.016625603329051178 0.03136494987080772 0.2750127513338264
0.016531970414588343 0.03131597339044172 0.2749804643364413
0.016450531632561542 0.031289579443389684 0.2749243492249207
0.016371746561066033 0.031234133311070625 0.27488379214514014
0.0163066247928229 0.031178268981590762 0.2748587687402427
0.01623244747159225 0.031120207117148663 0.27480589115791754
0.016262433449874304 0.031095428789426935 0.2748759152550681
0.01616625243898291 0.03107405125699661 0.2747518037284033
0.02007162613646393 0.01699865890429647 0.2678779495911763
0.016105423832576522 0.03101619513763254 0.27472367546690724
0.016113975366195507 0.03097631877979294 0.2747852821910388
0.016047977862835783 0.030959256905069746 0.27468307070938813
0.01607844820410751 0.03092678255777845 0.27477443608286634
0.01599638281789449 0.03090148320855267 0.2746430380348803
0.01601435525321004 0.030860605381787795 0.2747295593625855
0.01595141656933922 0.030855542165614286 0.2746009447614914
0.015957860712445926 0.03078811261874219 0.27470280715950063
0.015901475425529228 0.030787412799566483 0.2745785358584193
0.015913626832049027 0.030754538201685416 0.27464985836211736
0.015859823605692734 0.030726650387580948 0.2745503526418891
0.015808665876974864 0.0306431425247448 0.27449963555170287
0.015823186748512824 0.03062205947982491 0.2745721048397267
0.015787355743964473 0.030588386073011495 0.2744850945570778
0.015757648258018533 0.030508389369299935 0.2744574849342263
0.02005892836034152 0.017107929701157154 0.26790046703186077
0.01572635566295341 0.03042014134967931 0.2744329057758369
0.015710686497266674 0.03038491876649374 0.2743212961190843
0.01570824400864701 0.030355395287772258 0.27441766555123753
0.015697158990674143 0.03032393938466528 0.2743108952654072
0.01568926852845882 0.03027257930840914 0.27438041211496955
0.015683696515983992 0.030221233437892236 0.274292850175419
0.020057025601729915 0.017145453988465287 0.26799511795827824
0.020070889979834645 0.01719491640790788 0.26811566660855135
0.02006573872571171 0.01721938976185028 0.2680273102102103
0.02009986959435056 0.01724435551422071 0.2682147325568357
0.020091577813652714 0.017291558100779286 0.2681272694543582
0.015813115256629935 0.028726450396098238 0.274234020128384
0.015791658755952325 0.028727057477542353 0.27429824553948257
0.01582656209370761 0.0286150896194335 0.2742770940392033
0.015849587894468314 0.028521994791233768 0.27425416764258836
0.01586697533275148 0.028437532774289426 0.27424001661140124
0.01589464055258506 0.028325264755503204 0.27422707932152357
0.020135786758921446 0.017291254703794945 0.26830087626761295
0.020121548971152023 0.017328210584583364 0.26821862864409374
0.015923191878931865 0.028231122020704574 0.27422292551020605
0.020179450025748082 0.017358218878329057 0.26835559850677576
0.020159209504686713 0.017385678170341423 0.2682658762398107
0.020219338329665413 0.01740800613186519 0.26839865849743905
0.02020296871075138 0.017448451021222805 0.2682989265662362
0.020248075850683424 0.017464365508081336 0.26839467647555804
0.02025589917330878 0.017507711129542858 0.2683415335444833
0.017454484803170925 0.026208340590527943 0.2737598328938661
0.017425335893516542 0.026182823465579902 0.2737492044367644
0.017341362155119038 0.026146633944874043 0.27360965176695623
0.0173632550736271 0.02612542159240973 0.27368066125943524
0.01729659891896112 0.02611212928491015 0.2735814616777502
0.01730215835046284 0.026073962126249017 0.27363794718492773
0.01723489177255604 0.026058186525862892 0.2735431697565539
0.01723614355891946 0.025999585091751293 0.27361582653084915
0.017172916711201955 0.026018372750493804 0.2734467264962344
0.01718087515081245 0.025991345039276414 0.27351885884241367
0.01717803951961179 0.025946665775372663 0.2735702794401612
0.017124463850443698 0.025985455733794058 0.27332411922607514
0.017127540215228304 0.025956889439799485 0.2734066175892537
0.01713257930735258 0.025925228122184146 0.27347984378277357
0.017072903765311873 0.02593818023776273 0.27320786740460035
0.017083020439618124 0.025922180789311272 0.2732849646720634
0.017090645960897228 0.025905535426111653 0.27336023512515883
0.017093806605224634 0.025851657531435257 0.2734605194678682
0.017035721492958147 0.025861980781504354 0.27320040341849594
0.017057044315438984 0.025854171426304293 0.27329866351931426
0.01706582544176356 0.025841659343012635 0.2733623039262283
0.02031372991827972 0.017514950262411066 0.2684454424064317
0.01701346169933167 0.025837356130102337 0.27308397061284806
0.017015559039397443 0.02579242361015273 0.27317833492557086
0.020446733669697015 0.01746487557264398 0.2687453358671035
0.020412995138535277 0.017558706297718885 0.26854345344724734
0.02040085566403633 0.017600172533023595 0.26847858540898073
0.017010521456267684 0.025760013912524235 0.27306878733748297
0.017028042744836804 0.025707468186589102 0.27294047273919875
0.020470409199275674 0.017589201609220895 0.26865957729710477
0.02048077479651369 0.01760584869846088 0.26858709500675915
0.02046200123992574 0.01762762179487079 0.2685344105285349
0.020500740060843545 0.017635158657365035 0.26861255574180887
0.020524689184678663 0.01769944262402462 0.26855445038837195
0.0172196346796746 0.024134393575216642 0.27272349314693217
0.01719905872679151 0.024107178215916653 0.27279775824560676
0.017236735355938847 0.024039360317547276 0.27272842034776695
0.017264819562261637 0.023926948492084973 0.2726961337615207
0.01724982076952906 0.023901356856109807 0.2727652272639987
0.017289795309552217 0.023824630431028393 0.27268552328891493
0.017271277161609536 0.023819462532583505 0.2727507776268736
0.017319602628790877 0.023743794443073465 0.27265592699402597
0.02332062534210387 0.015843404603094524 0.26326924683273056
0.023284649091342136 0.01578272566625258 0.26325309843018246
0.02322368087018816 0.015737389216155584 0.2631093049751785
0.023180861612498972 0.01563977650735049 0.26299375104036604
0.023125028336086983 0.015365574725994063 0.26271774336339637
0.02313674088975749 0.01541823811824633 0.2628275643054022
0.016758196406419918 0.031449616079328044 0.2750459324288763
0.01667917687490925 0.03141940087192906 0.2750061716255436
0.016672619557628447 0.031368907045475375 0.27504794143497746
0.016560569738147776 0.031353231471818066 0.2749705641867398
0.016493709958962873 0.03132520377439203 0.27493495643330945
0.01641986199942309 0.031246880889609613 0.27492811199095557
0.01633128292661753 0.031211217465951763 0.2748573736359148
0.01633638282532979 0.03117399890256027 0.27489774855971894
0.01629062590316844 0.031191204136579123 0.2748218105652981
0.016286313473060796 0.031142827295888992 0.2748646001555206
0.016139060987511875 0.03100974324158058 0.274789096933149
0.015865863812910486 0.028402275945826144 0.2742648602256782
0.017408180608660537 0.026157523938751925 0.27375908873460386
0.017389069680307255 0.02616345579866615 0.2736757967310536
0.017381346018604905 0.026096590665221672 0.27374183129987417
0.017347449140985977 0.02612899680501657 0.2736455341623709
0.01733168513879161 0.026081036139813732 0.2736735319949326
0.01726320093769566 0.026042677729333177 0.27361241034291256
0.017212709697065717 0.026001265482348282 0.27357460238979003
0.017150512817128087 0.025916131664739286 0.2735455330618768
0.017122082373792116 0.025883896864165007 0.27350930924894024
0.018689107201426157 0.021376667634486396 0.2718192916073737
0.018661969786342252 0.02129333992296055 0.2718567312360377
0.01864289223114608 0.021241928361545037 0.2718889582625923
0.018619227715433284 0.02128336614409722 0.27179495979838575
0.018584881897261086 0.021208822673960098 0.27183179923695266
0.018557977457170555 0.021261517797595234 0.271724869007137
0.01854719788568624 0.021193946655701124 0.2717895668009302
0.018521107269983173 0.021235797727844008 0.2716517226319105
0.018501716023948355 0.021179146171242363 0.2717010796102607
0.018479312139142733 0.021203175138144806 0.27158593772042366
0.01845705926489786 0.021126165944355582 0.27163166113411663
0.01843773518630404 0.021157413907518935 0.27153032090674056
0.01843196210053299 0.02110672483100791 0.27156903538340155
0.0184121873406544 0.02117007717778918 0.27142824923305625
0.018414691500956353 0.021133003296045477 0.271480386342428
0.018399673230738923 0.02113276197199203 0.27137102048705075
0.01838911327492597 0.021070475559201385 0.2714080566412099
0.0183774228492357 0.02102893622830279 0.27131700497381345
0.018373707808006165 0.020961503731710518 0.27125310936307223
0.018378705425460797 0.02089905324095502 0.2711776120715699
0.018371342066026187 0.020867059381280764 0.2712155075261916
0.02337023001264723 0.015884526389902093 0.26333214797270466
0.023274213747722858 0.015771238674981314 0.2632281052804193
0.023246692302224637 0.01574786339494852 0.26317228541638255
0.023344175721024495 0.015854658690002216 0.2633071199865546
0.01839883449434122 0.021104807293222103 0.2714344652256514
0.018416674367441214 0.02110374132592066 0.2715227747293387
0.018438946051855868 0.021176545715965167 0.27150089642356406
0.018454602319438636 0.021159353926159363 0.27158303036933984
0.018506913708007132 0.021237483585775055 0.27160107567660763
0.018476582006312428 0.021137714083447542 0.2716808263103208
0.018511082036745476 0.02120915531816195 0.271675248785546
0.018571089501711886 0.021293309486218492 0.27169624068510356
0.018528152947114705 0.021193926565029886 0.2717519390769604
0.018584383290113877 0.021273526110745844 0.27175534757340647
0.01865309060814265 0.021341806645928107 0.2717652840247118
0.017850062382091192 0.02251216445659658 0.27220355560806153
0.017826255788476988 0.02258043309054039 0.27221762362213314
0.01779177266176097 0.022658921090729714 0.2722528368270162
0.01775569912857132 0.022754856807751425 0.2722791362681273
0.017735663623325276 0.022831484440728855 0.2722751324082598
0.01591608249761041 0.02830431262166537 0.2741795210826876
0.01588514733327634 0.028410834384183445 0.274193140283018
0.01586857641533115 0.028479501717085104 0.2742200910505512
0.015849381689319403 0.028549558567426164 0.2742455378325411
0.01583150161595113 0.02863381299253283 0.27425279167471395
0.015809020839019867 0.028701732473213587 0.2742621239098502
0.015788452866800112 0.028776653919828976 0.274273020801877
0.01589486954387922 0.02829907320793358 0.27425719155157846
0.0158673387281337 0.028382085246725183 0.27428845432017024
0.01639035238672667 0.02674702342130529 0.27406053931215224
0.016342247333369503 0.026865841887708117 0.2740707790769525
0.016316870063345194 0.02693330887411205 0.2741011967496394
0.016273896552353135 0.027004960458128793 0.2741386215577342
0.016312278927750522 0.02680693905736596 0.27419014653710094
0.016969827605360466 0.032368227845333 0.2741693000145249
0.016877859657553184 0.03238182450421438 0.2742202803170284
0.018341614219181332 0.0218399671618892 0.2717952018564669
0.018461237370333686 0.021765377190472626 0.27179127359062405
0.01836476365794391 0.021782137696569615 0.2718518171382006
0.018509613475754663 0.021710343964371923 0.2718302965434751
0.01842405100484462 0.02172597159824735 0.2718776148647811
0.018563200937178732 0.021657978505317546 0.2718651242504935
0.019653587351670866 0.017888028587912164 0.2693170260706845
0.019797796155704567 0.01772302098151407 0.2691599639426272
0.019747162643955714 0.017760816547055525 0.269224439904143
0.019696695826201073 0.01780180848974902 0.2692944485310396
0.019862179247559144 0.017616554881653423 0.26914232136731425
0.01980162539161132 0.01766493958179144 0.26920592302941804
0.019758315052138615 0.017683139538770543 0.26927687854901117
0.020291360313282884 0.017485277315166275 0.2689111363590164
0.019936801522336595 0.01752057839827359 0.26914626972711664
0.02029702018512235 0.01746860451066959 0.2689539168433639
0.02015337209873619 0.01744395325975151 0.2690290065044747
0.02002977579263982 0.017471341191665823 0.2690986429410923
0.02018380433047343 0.01739639803978138 0.2690773696404887
0.018594634520487176 0.021644951583111777 0.2718377321487445
0.01690546156658626 0.026244438881488752 0.2740396557309967
0.017363183417135674 0.026176077627220795 0.2739965431232745
0.016706126958872476 0.026321894573857627 0.2740265188939617
0.017292896918066805 0.02617423965250798 0.27404235877996097
0.017338563358817897 0.026185326744563517 0.2739886685911098
0.017350180355037208 0.026200625199672603 0.2739644609792878
0.018402447845365426 0.02176692939618259 0.27183290513889535
0.01668317154334793 0.02641995395200565 0.2739418196226824
0.017182140220207674 0.02618119537822919 0.2740263851686263
0.017082675646905948 0.026166817872441184 0.2740785359057757
0.016624814463831655 0.02645640470729943 0.27393899149452794
0.016997482837246905 0.026194200469716822 0.27406518556312737
0.01848933076626276 0.02170956549282166 0.2718472972633927
0.01846194187009175 0.021690307065236836 0.27190538857025925
0.016128533665663847 0.0274843915159088 0.27416814207448637
0.01615449414489421 0.027382397149102358 0.274151256362838
0.01618077356552151 0.027294523219387384 0.2741518130745516
0.0162041300240473 0.027212660739998104 0.27413134797955085
0.016237916361026464 0.02710097021532605 0.2741198298533135
0.019841153563953277 0.017637435515265226 0.26915805826246153
0.019890302062734653 0.017602512987872104 0.26911637063542404
0.0200678406906136 0.01745773694609709 0.2690738416236924
0.02013930748785895 0.017421849669114003 0.2690670496326558
0.020205377358538907 0.017487386240850777 0.2689588494235372
0.020253979788863886 0.017425238768793205 0.26901523138504374
0.020324417571869605 0.017472481338619228 0.26891764431099463
0.02029889899445438 0.017479359369072772 0.2689317634577031
0.018461162469377547 0.021199078895509788 0.27153311337581165
0.01604909880544671 0.027836128517563563 0.274157096439637
0.0160995123553041 0.02762000740559549 0.27417106383927076
0.017458313586922236 0.026213374330775557 0.27371268428652606
0.017428522959704627 0.026158528356538882 0.27379506164105993
0.01736705387403407 0.026144330759467663 0.27365971890004936
0.01866834908275711 0.021328189566391986 0.2718204059785716
0.01862876951381378 0.021260771398391456 0.2718416174671031
0.018598999769920556 0.021302438847663474 0.2717303096429412
0.018568422871230304 0.0212387668672587 0.27177462854385054
0.018551327132015964 0.021278631424605246 0.27166835600380224
0.0185269641745137 0.02122848054012713 0.2716991904729532
0.018489095157459706 0.02118899506692007 0.2716396087026457
0.020491939184721034 0.017612788239068033 0.26860452296740056
0.02045192738385919 0.017550862732116645 0.2686743160012982
0.020437042345768465 0.01760781689189103 0.268522199766052
0.020354965042767275 0.01757266247237632 0.26844380673242885
0.020280534243098385 0.017505180392982295 0.2684049860842978
0.020266117615055753 0.01745016434969246 0.26843749305457554
0.02021518025448429 0.017435507874964923 0.26835926386535214
0.02020294010512945 0.01736055812624565 0.26840879108322996
0.01631210992534129 0.02688761013804096 0.27414230033473486
0.016280343390263772 0.026958364431122442 0.2741736415370054
0.01624099296780407 0.02702518894091681 0.27420638771453754
0.01858877103669087 0.02163744775066022 0.2718636707292049
0.015954804949693938 0.02818192871156576 0.2741752676777648
0.015922021951570435 0.02820922780574593 0.274251890064774
0.016014460018767808 0.028005744978710015 0.2741299253398152
0.0159779315486124 0.02806415335042374 0.274184724766654
0.01595804470070941 0.028088286418187197 0.27422911388379767
0.016036703840660804 0.027889816515517418 0.27413764732850965
0.016010639450656772 0.027950117200076785 0.27416425856138904
0.01597796453874197 0.02798318828587834 0.2742385417540728
0.02046190459437792 0.017570083006731158 0.26861354621592715
0.020458549107671944 0.01760131033652973 0.2685603352472966
0.020489664811094 0.017608347787106654 0.26863178116453446
0.02049268941387278 0.017645329799843595 0.2685619715669709
0.017414892868120323 0.026182119814408378 0.2737062228791427
0.017407460659530513 0.0261234877519146 0.2737763029513687
0.017372544801073447 0.026165187154419636 0.27363486492833744
0.017363003245207523 0.026100547992486886 0.27370701553440785
0.023218824497661796 0.015572816849389437 0.26357071194732246
0.017366098073457233 0.026180457712938546 0.273990154834957
0.017365816261415253 0.026172551954692383 0.274022863348658
0.020160586197669698 0.017383375569289455 0.2691144987701768
0.020241552958061307 0.017416716264033655 0.269026992103084
0.020275650752733965 0.01744897419749908 0.26898624855479725
0.020077999350245877 0.01744231352920761 0.26908849742957064
0.0201628900398239 0.017463032604519063 0.2690003897611118
0.020253019032947978 0.017484785504997297 0.2689434899823844
0.016857631256455147 0.02624078821168771 0.27407136466889687
0.01696343188026469 0.026229354282840622 0.2740306736702287
0.016948849606427372 0.026196097003828703 0.27409078702633605
0.01703425475328643 0.026196576450432815 0.27404210470078616
0.017012545085405 0.02617469989356276 0.27409399272907786
0.01712229071814078 0.02617404919126856 0.2740383910386184
0.017191572804638757 0.026160889707267945 0.2740666067819426
0.023393501657268004 0.015914479248036767 0.2633465304845234
0.01615564483532601 0.027280161380748014 0.2742291546688569
0.01618369626511116 0.02724029948400078 0.2741711603159014
0.016182557872882336 0.027167941891448902 0.2742389490565834
0.016210005093941493 0.027179240484629566 0.2741300724463853
0.016207504835718915 0.02713560447774671 0.27416358141551467
0.016223955935693715 0.027059627686006255 0.2742187305453938
0.016249442909116535 0.027065597504968147 0.27412461012015416
0.01742035011991436 0.026198604303640863 0.2736714108450511
0.01739114937434339 0.02614349975794661 0.2737234692075101
0.017321246954659697 0.0261090497698189 0.27362903497091995
0.016463806602614397 0.026535349909150074 0.27406088299846076
0.016508256324143177 0.02651345766099869 0.2740002207142396
0.016583097156137906 0.02648375101119621 0.27393121846410384
0.01665898634966195 0.02643331285243186 0.27394862934997327
0.018365989823802217 0.02177203690814214 0.27186889779071854
0.018470237127543396 0.02170806082612564 0.2718657317375805
0.018515569784142552 0.0217313249863115 0.27179857907496396
0.016696174890605042 0.026285398260178283 0.2740723486913103
0.01644678275217029 0.026560412083858398 0.2740797627975844
0.016479621406389044 0.026545188898707273 0.27399038779815543
0.02005698692465768 0.017459294267174436 0.2690839156058067
0.020215551861700726 0.017407644123746235 0.2690492142510148
0.020251945541041382 0.01749953327118478 0.2689127985404569
0.016696219822821906 0.02637836306385459 0.27398279970718176
0.01666627389376371 0.026312400113796847 0.27405835502170367
0.01684879082654863 0.026260865003659484 0.2740460736305002
0.016730766220859655 0.026255280270268577 0.27410006133562714
0.01699216156745477 0.026211627727102463 0.27404140858502224
0.017134784213491724 0.026162920989889538 0.2740632550650015
0.02021204168620935 0.01750909445748372 0.2689251320308839
0.020190297357880655 0.017469329777312442 0.26898284563583486
0.020371460079252692 0.017459750142337888 0.26883547541639113
0.02035480896662131 0.017559295876897335 0.2687793191969746
0.020421113694509767 0.01738807714936269 0.2688341884160422
0.020370866666837698 0.017442783427840503 0.26889521505616987
0.020425819603007586 0.017592732392879923 0.26871176066295455
0.02040574160102394 0.017481344530893006 0.26878212114432254
0.020307053026320084 0.017525344457391456 0.26883536111324685
0.020281943255867626 0.017499557767110513 0.2688841675414322
0.020430297746355595 0.01751476510688124 0.26872365852184404
0.015910771216603174 0.0282415622824113 0.2742639363829451
0.015900643194002015 0.028272274499709565 0.2742701465815585
0.01867047573140103 0.02153813711975877 0.2718156632261216
0.01869301817532928 0.021451053389476865 0.2718072643367941
0.018624256580748583 0.021597184859264013 0.2718598703293096
0.01742644015140953 0.026228278119504872 0.273836684914307
0.017464691342906968 0.026235528034667555 0.27378676156126286
0.017443673826806654 0.026193832288521138 0.27379892275652806
0.016804943390992994 0.026244775883984967 0.27408851881424706
