0.029858404717028764 -0.0016615274646068394 0.26335856836561
0.02985450318137088 -0.001509409460038259 0.2633322449462733
0.02985061216472815 -0.0014084044835683538 0.2633307500155721
0.029836819310234027 -0.0012966243186214557 0.2633043617399682
0.029818966383259635 -0.0011619499258955566 0.26329877920986544
0.0298066902185128 -0.0010477790469730032 0.26331299458482277
0.029783613508493744 -0.0009378894686828749 0.26329123433349344
0.02977046384851111 -0.0008570025122834739 0.2633297210497312
0.029836140494695386 -0.0013829037445485795 0.26317035659651783
0.02973323732722046 -0.0007702976297989528 0.26320954526445833
0.029716513087204112 -0.0006960565556881639 0.26320401533581966
0.02970062506717096 -0.0006294650763706306 0.2632242825976412
0.02963490678790362 -0.0004770524857788314 0.2631506955376426
0.02959893830001154 -0.00041221771559571397 0.26304915439054416
0.029534994868582562 -0.000295360268066074 0.2629742624868834
0.029465652200124103 -0.00017763856143199539 0.2628809888559997
0.028878439525830923 0.00038305270226853146 0.26245410665063224
0.0285281398285523 0.0006796566197210656 0.26234807434782653
0.027997809369643915 0.003405720481068949 0.26008775647164023
0.027965093099998888 0.0034707239727026725 0.2599569739495819
0.027956693800607123 0.0035488739321405233 0.2599662470401993
0.027938025181985914 0.0036490688237870825 0.25998213893331223
0.02791954877710366 0.0036443775995893923 0.25986874913492575
0.027900823898535203 0.003733202567544421 0.2598611697952193
0.027767475865198888 0.004169407950124622 0.2595990355175801
0.027730495037414295 0.00427459644723157 0.25958517921746976
0.0276632652186197 0.004408420723424075 0.2595234516817471
0.027540780825631817 0.004694417863123699 0.2594826943258706
0.027514034516856297 0.004726005461935461 0.2593992200935099
0.02747816002563495 0.0048219243181016275 0.25941040165026147
0.027438077645938863 0.004870941246174834 0.2593165219628943
0.02741502720139945 0.0049411745386093425 0.2593366311980945
0.02734670172402034 0.0050596767592650345 0.25926336009505535
0.02727932812154627 0.005181396262179939 0.2592125137490724
0.027209725732869863 0.005308255428239858 0.25914006158501135
0.027193346114812667 0.005352800067842782 0.2591646019475788
0.027124977556167898 0.005481508793065887 0.2591014345126121
0.02709106204339983 0.00555998082990991 0.2591112764802626
0.027023728607534284 0.005688986557998922 0.2590432601165348
0.026962478879873013 0.005825346555970756 0.258977390706225
0.019844366622543935 0.023386051442012987 0.26644133419159466
0.019814343440841944 0.023458848540934163 0.26650190754340175
0.019781927743775365 0.02352192821187212 0.2665328520517684
0.01976411706252631 0.023561842070683344 0.266572376243199
0.019643117427294767 0.023721914003068747 0.26657557770165236
0.01962019323935602 0.02375686791726445 0.2666349423113938
0.019566526190192102 0.02382322351807729 0.26667990806141323
0.019520450259352538 0.023869605247597514 0.2666135190392485
0.019495540056990484 0.023896500783397487 0.2666600672655554
0.019450177822626695 0.023942068733711953 0.2665609411711217
0.019394102170405988 0.02397870000601204 0.2664725236229897
0.019370021263237808 0.024012031402133975 0.26652666826762345
0.019315277078908268 0.024041897558692512 0.2664530600882239
0.019261071539239016 0.024098753528222654 0.2664979639232266
0.019170091846661123 0.024156712278673786 0.2664860046554995
0.019105083454657112 0.024199826379361446 0.26652908535524944
0.0190713869377954 0.024228462767205382 0.2665971323143485
0.01905706953689111 0.02425041393696281 0.2666743601951794
0.018970999261886536 0.024301653231166363 0.26673561873899293
0.01891863478104452 0.024328318750753142 0.26679068085311247
0.018863278433347265 0.024347398487930452 0.26673995647831233
0.018811007615430028 0.02437263515359461 0.2668180977887724
0.01883814584859085 0.02434846363352291 0.26666881974343976
0.01879635167049294 0.024372009209563516 0.2667381418173127
0.018702360695054234 0.024413161420226374 0.26681457594184904
0.018665206188696735 0.024420989474942516 0.26673611864953856
0.018629025494436114 0.024438932534817687 0.2668250616513157
0.018554112394183333 0.024458135303882182 0.26673920473330226
0.02577847449817236 0.007957509585091688 0.25846098458865546
0.025754125326901297 0.00805529572122174 0.2584789634217423
0.025731992319620048 0.008133898147914247 0.25847016010948226
0.025714859526994874 0.008220861455214513 0.25849983452102254
0.025491240164135138 0.008848110207896498 0.2583909341339111
0.025058574442086583 0.01005164916478327 0.25854625119710817
0.025028152978159832 0.010130969537811375 0.2585672085121851
0.025002774629952453 0.010208078551929295 0.2585831173645643
0.02488334009339007 0.010503827158168064 0.25869490046160476
0.02486020124372377 0.01056203668305127 0.25871663714831167
0.02482316042949363 0.010655013235397285 0.25876423079699523
0.024797982667503108 0.010722925871306115 0.25879852595387
0.024668164318805686 0.010990812567937849 0.2588233003097484
0.021233828616322392 0.01990667802865271 0.26234886061796625
0.02121287318141933 0.019944399134658394 0.26237679413385184
0.021173007040962557 0.020026015898039606 0.2624404455665166
0.021157282111016706 0.020059794462328022 0.26249425512117747
0.021100613500837574 0.020132662166172113 0.26254622295985547
0.021073448575626656 0.020158046624396173 0.26257562230370785
0.02144513618334709 0.01953003734116703 0.2619767366548191
0.02141444065537436 0.01959373795972702 0.26203159671549664
0.021377382197584907 0.019655328424423663 0.26204754636015454
0.021339124303179063 0.01971122664099778 0.2621086666873745
0.02130829353767776 0.019757233103902767 0.26217179257326584
0.021276723635795327 0.01981088059529525 0.2622129506813665
0.021068386507629027 0.020153382624991424 0.2624508924689565
0.02102436945678104 0.02019734026481575 0.2625014713710373
0.020969239161774123 0.020244861648216813 0.26257268705183945
0.02091800009342773 0.020280277341985908 0.2626144268351384
0.022756874519816745 0.015680275584571662 0.26055466442353414
0.022717638803511884 0.01573984629609273 0.26059859344349723
0.021537728205204772 0.01930702050503852 0.26176236197956204
0.021514493779195273 0.01935284279293115 0.2617798161991177
0.02147247546466462 0.01944063630013062 0.2618293246412019
0.02143829405650343 0.019518365596845916 0.26186413857186575
0.021426865342977216 0.01955719316758692 0.2619009187942344
0.021387054458103752 0.019636867455879992 0.26192610205515476
0.021348949020710047 0.01968692004237978 0.26199329253607073
0.02092654308915578 0.020263314362616438 0.26248146276497314
0.020874315556936154 0.02029758625637332 0.2625303342073149
0.020827809208390075 0.02033378321549538 0.2626075216518589
0.020788299934612585 0.02036234339122244 0.2626647102018319
0.02330020401472472 0.014518369648456965 0.25978874367294413
0.023268309459761716 0.01459744336897216 0.2598283968315521
0.023247973515306462 0.014658182593784496 0.25984707199238993
0.02321405185044744 0.01473623072057671 0.25987988580285765
0.023194448107842252 0.014786790949580329 0.2598937450603763
0.022826860277638347 0.015550890421351115 0.26034102768783424
0.02278919971065613 0.015613648101202682 0.26038400658282035
0.022748293385373392 0.015677535081511852 0.2603920742713888
0.02257086059072125 0.01594845235637491 0.2606641707167215
0.022555602090172835 0.015963346152752085 0.26072286703764963
0.021693877067624337 0.018874517638530507 0.2614401861911679
0.02166284350519326 0.0189525589638624 0.26146899444073773
0.021638915016228458 0.019023084955067722 0.26149403120730963
0.02162078927032457 0.01909597815175801 0.26153887736335113
0.021597682089723635 0.019154580534259037 0.2615684949167591
0.021560148197339164 0.019219972728539578 0.2616010800690473
0.021534540962793634 0.019281532304313155 0.2616556642569547
0.020742596605445463 0.020372533871774724 0.26258795016399217
0.020688950131120907 0.02040586840217601 0.26266100464281084
0.0237250883448814 0.013001115629995695 0.2592889644304275
0.02368543242879074 0.01314789902353384 0.25933612289732827
0.023655780886760295 0.013243714360776187 0.2593525276223902
0.023633479753934025 0.013310608251869254 0.2593612371062495
0.02361986348667059 0.013378193103075094 0.2593982921538584
0.023594194630454493 0.013456349941300048 0.2593898077823888
0.023573644126401776 0.013544441838925716 0.2594440515678013
0.023549592900457928 0.013629385554404511 0.2594591105960319
0.023530296763357522 0.01370249269952695 0.2594568956863129
0.02351244709633473 0.013795640755497095 0.2595118434192611
0.023481241801262424 0.01388212740835922 0.2594763987393196
0.023462971823640228 0.013966945987217446 0.2595258533720465
0.023448419888881817 0.014029373982270275 0.25955619082626513
0.023425262979540177 0.014115320333086932 0.25955956533823715
0.023401107889371463 0.01420502198442581 0.25956418899112366
0.023384332984670558 0.014258528484809076 0.2595860496335893
0.02334396289069585 0.01436624042120765 0.25961522885170313
0.023314880742745858 0.014441536255053978 0.2596290413632777
0.0232935239548619 0.014500021460800195 0.2596680421994239
0.023275739549139928 0.014552255266819695 0.25971717141091594
0.02324553239203053 0.014631662940050237 0.2597332135707297
0.023223935795373744 0.014693663128562247 0.25975464345960747
0.02318574719319005 0.014790108106300194 0.25979211857044626
0.023165838491522945 0.014844238691207493 0.25980524703477126
0.02314054217164173 0.01490787219275701 0.25983270444690354
0.02310988055947839 0.014985618801271014 0.2598778158401887
0.023086020494619386 0.015037252369671333 0.25989184081859046
0.023042354618757324 0.015125443479108729 0.25995311896560397
0.023024372083548007 0.01517143556691436 0.2599967327534093
0.02300214595514477 0.015224479406086523 0.2600272979581702
0.02296579475049136 0.015294002452947474 0.2600362306495571
0.02292184868757637 0.015377186796334383 0.2600810654426264
0.02290234020403551 0.015421012332076517 0.26012941078766444
0.02286042807077627 0.015499785994454958 0.26016676745107487
0.02283553127419373 0.015537145641003901 0.2601916890547485
0.022799110346342476 0.015602569416515399 0.2602588259076109
0.02249056487435827 0.01601109304324232 0.26064587874628264
0.021760677860352923 0.01863543552324173 0.26122454139563617
0.021712106054856007 0.01878585729933378 0.261271490366744
0.021692546477314865 0.01885827529942664 0.26132405189154084
0.020593681069392144 0.020433123074085055 0.2626431309712112
0.023737528934903124 0.012887259739359436 0.259152516769446
0.023727162983611463 0.01294221395869136 0.25917393556799856
0.023697626807025855 0.013045301472080793 0.25919092633478175
0.023615318369839648 0.013347153825010963 0.2593186733292611
0.02339111759735219 0.014183973472879991 0.2594532397539605
0.023377790635768777 0.014246884790001154 0.2594919238446573
0.022986813031178437 0.015222930327059613 0.25992469786559325
0.022840616090126584 0.015508809324075029 0.2600774976558173
0.02243059194027516 0.01602769251530703 0.2605519660117647
0.022404447272701567 0.016046799756599398 0.2606031346670888
0.02190576413678299 0.018112555271411312 0.26091797303859754
0.021844049181924365 0.018324136562058727 0.26102002372205807
0.02182906742143562 0.01837879566979173 0.2610223295612742
0.02047537868773138 0.02046557191094337 0.2626850775572456
0.02234314889162751 0.016068167525845747 0.26053418963235003
0.021965153802483487 0.017916196068066912 0.26075867823588905
0.0219364621350443 0.018002519396596837 0.26077239701393484
0.021906012513617557 0.018086809501668768 0.2608035609087802
0.021889097064538864 0.018152156273585067 0.26082675673561584
0.02227808167689385 0.01608963700317444 0.2604716225634556
0.022042150469737648 0.01752995924924948 0.2605092523528665
0.022021943182069837 0.017609215851812167 0.26053110378017313
0.022019307752592712 0.01767627128947389 0.26056811613340086
0.022009816178828436 0.017739409972654642 0.2605872215544558
0.021988553964603925 0.017818155074864263 0.2606252230652714
0.02196544691768999 0.017892471459779204 0.2606571421460239
0.022048189366716375 0.01747589641773726 0.26041235302948307
0.019580390412702934 0.021332271469107898 0.26423827835132824
0.019564240447199597 0.02115509229662136 0.26418003420440134
0.01955795409188093 0.021031261965926713 0.2641680116906519
0.01960112889770773 0.021499231864633945 0.26435599981566466
0.01954339322004515 0.020919862822651156 0.26419610305923463
0.019766461553066824 0.022193916151674684 0.26539796594280624
0.019497418217200305 0.020794899770819816 0.2642092730284985
0.019645129439511546 0.021865806374371806 0.26465651246802957
0.029690060439515487 -0.0028592775960386272 0.2639111970211135
0.029723256927767384 -0.0027403546716932513 0.26390049644949937
0.029758475217011676 -0.0025092279975184855 0.2637171919907766
0.029750064253928534 -0.002590193428763644 0.2638107681140308
0.029746053355920395 -0.0026597905761186463 0.2639054796881769
0.029803878848267445 -0.0022087868696841146 0.2634634351195901
0.029800782149443844 -0.0022894167028104126 0.2635834129278149
0.029788031471348644 -0.0024048402495636654 0.2636974410741779
0.029787978732818157 -0.002461512894570147 0.2638082062962768
0.02982847568739085 -0.0019931069901730682 0.2633251698774674
0.02982740688100187 -0.0020774981226038707 0.2634325006038226
0.029822917014561936 -0.0021582172624816627 0.2635465345994412
0.02982109186693705 -0.0022251592633840524 0.26362740594264344
0.029812511248115018 -0.0023288707214376516 0.26375364661061157
0.02984088626343527 -0.0019458109183857048 0.26340472698334566
0.029841021994296894 -0.0020303519746598057 0.26351935140649013
0.029840268864042042 -0.002103427956871247 0.26361372011432616
0.029848758798724062 -0.0018190327487457474 0.2633853205155867
0.029853350449558336 -0.0018920404132136723 0.26348940726580766
0.02985772359463576 -0.00172149563869215 0.2633855524566482
0.029862301986249597 -0.0017611637886147805 0.26347091103039416
0.02984318248231022 -0.0014411744274368161 0.26320226741014224
0.029848262188990164 -0.0014898579272511383 0.26326499086848026
0.02986176050577553 -0.0015702063039387793 0.26339063142685065
0.029865525168489282 -0.0016578373624117756 0.26343724224003345
0.02799492354821005 0.002728399089036725 0.26013837862716704
0.02984253947910454 -0.0013826772707940416 0.2632590102185994
0.029860583680159335 -0.0014544708640885804 0.26340696517853707
0.028021732364103456 0.002830690385876213 0.2600846001353577
0.028020844613643514 0.0027787622425838976 0.2601780227002623
0.028009585800616552 0.002710933605168891 0.26026315567845304
0.027961356376117626 0.00120256397138035 0.26220363882094033
0.028031183988549747 0.0011433840256256194 0.26221530897357415
0.02814446847495423 0.001048603347492176 0.26223568972656885
0.02820110000851915 0.0010011989518225032 0.2622367159221036
0.028256702742052466 0.0009549426753719318 0.2622399691993058
0.029828891718524903 -0.0012284186778781876 0.26331206091268305
0.028044109178347616 0.0029517120112340527 0.26008694657521847
0.02804850820080679 0.0028957830365843166 0.2601785302598792
0.02803877556720842 0.002820567217323543 0.26027670483385923
0.028594238800291574 0.0006253421478589884 0.26238875894173314
0.02803541632952171 0.0031029743542043773 0.2600857825827701
0.029120494920247143 0.00018841202142885782 0.2625826630067422
0.029181981769612463 0.00012552351512184616 0.2626066367909576
0.029790977242522436 -0.0009727649691482723 0.26329664326947394
0.019658502673889917 0.021909389527091434 0.2647502790468372
0.028024601726091822 0.0032235202154335682 0.2601130316578585
0.029184990364822874 0.00015211548000155074 0.26268339746812164
0.02922491569101203 0.0001158695188838977 0.26271572334214466
0.029284337430137565 5.269933995400458e-05 0.2627196378297563
0.02934152217371997 -1.8060084867539184e-06 0.2627650270068006
0.029387413166311778 -6.035710496042504e-05 0.2628054301923269
0.029700660446245402 -0.0006547774074039396 0.26317350267792883
0.02972950176501921 -0.000736276369375102 0.2632275495393455
0.02975602034912809 -0.000807521629518515 0.26331340102625145
0.027946442949704962 0.0035418122118479243 0.2599102335671567
0.027973362644629362 0.0034450908889521415 0.25998327084957107
0.027996448602213217 0.0033877821286179225 0.2600523546309629
0.028014622282405994 0.0033249299248775937 0.2601210133640798
0.029570963005489927 -0.0003470864117497944 0.2630716991472686
0.029608678853733267 -0.00041967478036963906 0.26311082553775383
0.02964079769124961 -0.00048756592021002734 0.26317428198193227
0.029674061546782 -0.0005606833129399398 0.26321693723829653
0.027843592426772396 0.003935988569891252 0.2597050259717998
0.027869354989151923 0.0038482993869930083 0.2597660775547628
0.027890819554952873 0.00376507267084106 0.2598304763329618
0.02791054199794977 0.0037114973250699295 0.2598903662041233
0.02793555391311456 0.0036359832483436076 0.2599427187171095
0.027957890532204332 0.003565360114370403 0.260004003937966
0.02770549866442212 0.00432062855294885 0.25956216829005524
0.027746167397142165 0.004241837097126541 0.2595985318771768
0.02777662510635273 0.004167731743401759 0.2596368868572834
0.027802188944131192 0.0040999986867137125 0.25969540869021546
0.02783525521802259 0.004009886262317201 0.2597371712763462
0.02761156333332142 0.004521284170114082 0.25948699599415426
0.027635756100976745 0.004490938110633991 0.25955934678245135
0.02767086385552878 0.004413711380816278 0.25958518002986586
0.027707758616785358 0.004346390887570162 0.2596255124905015
0.027248913139278522 0.005229399353633063 0.25917408542924714
0.027295429531493443 0.0051399171820251995 0.25920424937328035
0.027321721168023793 0.005106208123065961 0.25924937306874796
0.02736615228515068 0.005027320477027936 0.2592863821099869
0.027391908629311876 0.004979849062009997 0.25930889671839213
0.02743862434644427 0.004899227313999604 0.2593556044396014
0.027468222163472118 0.004841481797785046 0.2593922412514756
0.027499043764162696 0.004787941272722479 0.25945916051706397
0.02758145402281371 0.004621114249127116 0.2595445012082222
0.027080124064902407 0.00557187577972361 0.2590747935733702
0.027107658797557076 0.005520755626871668 0.2591123613756752
0.026894989902459643 0.00595743638196281 0.25894211542596973
0.026941740787958388 0.005878155394312959 0.2589789052479639
0.02697715402693715 0.005809589333582128 0.25904116482088957
0.026863582236636437 0.00603073854174551 0.2590091724971758
0.026888082122334518 0.0059963365492859385 0.25903531297183857
0.025910043764120892 0.0073505709586940676 0.25849979522952005
0.026769660706560505 0.006188648338897353 0.2590400858915488
0.02588402901308339 0.007528034323759099 0.25847333577018605
0.025900450887096024 0.007458703749060888 0.2585127877988529
0.02586960671276968 0.007641494265200216 0.2585105943039986
0.025824662910116425 0.00780252692140374 0.25847964466524315
0.025849871925491857 0.00773974509394409 0.25854603884408917
0.02576992872839813 0.007989666232763603 0.2584647303635378
0.025798030254530747 0.00791724721753077 0.2585280128718771
0.025727852289819064 0.00814654485984006 0.2584620855983075
0.025746732356381412 0.00809132021477541 0.25849213693877815
0.025450267210991237 0.0089679258910551 0.25839287121416477
0.02539699423340889 0.009137455666442935 0.2583937827054985
0.025426754534795842 0.009050103138690795 0.25843888590778696
0.02534132123749126 0.009299852399970542 0.25841859235211295
0.025277322571680725 0.009472230827639976 0.25841871784585757
0.025308508155075283 0.009408351052416233 0.25847101162948144
0.025254733231258555 0.009563889173582318 0.25846847725922234
0.02518493552669195 0.009722705270002184 0.25848642191177384
0.025204080244645814 0.009678212762019538 0.25851799699542977
0.025151316485534994 0.009820106844646988 0.2585209545518175
0.02505258855676063 0.010065644244288578 0.2585379147274415
0.025081976604055038 0.009987626167092851 0.25856329762142344
0.024993946602375503 0.010215691432625367 0.2585556547121686
0.025023871296456338 0.01015033976701932 0.25858494588296604
0.024777580699334393 0.010746676069094267 0.2587482270781384
0.024742264962814942 0.010841558836544106 0.25883426893420364
0.024776208666597896 0.010785414096157032 0.25885421514437906
0.02467175627939172 0.0109907176340674 0.2588589653263152
0.024694504194205585 0.010949895313015372 0.2588830024991013
0.024574893728549277 0.011155603201080036 0.25893418574531984
0.024612443345064256 0.01110528861001124 0.25893776405849245
0.023865399450861417 0.012318776004015763 0.25917243467089723
0.02380652902358052 0.012598405843412996 0.25910683501533066
0.02382669870707275 0.012508715376201266 0.2591291815331619
0.02385085949930904 0.01243526560740883 0.2592059959210254
0.023785521519160257 0.01269642831681965 0.25912530528239075
0.023812660485884114 0.012615042155217618 0.2591658358509143
0.023760959093710565 0.012815977268163962 0.2591716054377738
0.02378576953398832 0.012750095817582876 0.25920853189742743
0.02371679204083522 0.012983824648759187 0.2591844474145543
0.023748930717961955 0.012905911174121674 0.25923559346427905
0.023695578251056452 0.01307333688874263 0.2592365438109399
0.02372084819283987 0.013007658378582374 0.25925743706213267
0.023665253182947377 0.013180927985058441 0.2592826169141319
0.023633040362405263 0.013290501180861312 0.259318907616168
0.023581250895649244 0.013462972070085231 0.2593441273703981
0.023615392197293212 0.01337219289940345 0.2593584903294379
0.023554975716970485 0.01357023369634295 0.2593932759321059
0.023584016146642416 0.013493804932687127 0.25940758390647367
0.023532245594867014 0.013663514754683834 0.25941680972278996
0.023485331346792464 0.013840303213456683 0.25942904429561975
0.02351419389221426 0.013761287722711898 0.25945543887828604
0.02344954547516252 0.013978212806153714 0.2594590187870054
0.02346381997800927 0.013931169832008431 0.25946172612001867
0.02348864303391477 0.013879101496203068 0.2595186430349209
0.023416148979082865 0.014111409547503569 0.2594834420247795
0.023446741051014856 0.014024285008133533 0.25953097264937525
0.023389413853546825 0.014232848067845293 0.25954003321525815
0.02341545070101327 0.014158540987157353 0.25958432413570065
0.023334098881810622 0.01437183358870925 0.25955733411095744
0.023359849336317785 0.01431930319712077 0.2595943522058872
0.023393435962331555 0.01423584460804821 0.2596268248507292
0.023331893864295645 0.014410598381404157 0.259653516652227
0.023361222493321617 0.014343651618570678 0.2596853695746295
0.023291261919594172 0.014517369535689589 0.2597090043074517
0.023123991280576434 0.014924388525867556 0.2597693373154748
0.023153226777875537 0.014852868950520756 0.2597587899158004
0.023088989056360285 0.015018277014524128 0.25983462263233625
0.02312494195882042 0.014946464455762025 0.2598570361463118
0.023154643688857775 0.01488616436591484 0.25988554490456617
0.02303871932259776 0.015120235885799605 0.2599038706347311
0.023082502821090513 0.015047007031236428 0.25996184880492557
0.022965221720128794 0.015277143963058949 0.25996006510974484
0.023006267075039208 0.015205992243696101 0.25998719205339843
0.02303897858839272 0.015143946640230527 0.26002142149225904
0.022928405174126365 0.015358315076778333 0.26003952740481634
0.022954667192110895 0.0153200675240698 0.26007439456591636
0.022829595343076856 0.015533201975737751 0.2601182562791911
0.02287344204404339 0.015472054675000547 0.26011823332471895
0.02291224532459728 0.015401521066035304 0.26016760228586455
0.022787023354137 0.015611995592508365 0.26020013795121794
0.02281462410561893 0.015572749444686094 0.2602125451345706
0.022863320658337318 0.015496227316936693 0.2602256076733001
0.022766417251212895 0.015644035206674498 0.2603103449757053
0.022805831652660303 0.015586042894951597 0.2603219592444971
0.01973363160671964 0.022125491814334965 0.2651963927092596
0.022073459675570173 0.017407073043811817 0.26046820788864455
0.022026631317882378 0.017570914594628513 0.2604658999583469
0.022008530511033367 0.017665169624999363 0.2605176043386371
0.022026678309576664 0.017602393702952135 0.26055194973307594
0.021988821357198773 0.017783716043711196 0.26056240646766826
0.022018466722144362 0.017705348018643242 0.2605894272945283
0.021964949609357128 0.01787589827952795 0.2606267213738315
0.021988551511488274 0.017827643036132317 0.26068051154766114
0.021959609963926277 0.017925120122062415 0.260715442875195
0.02198202981338404 0.01784243217994872 0.26071642301768133
0.02192827860227864 0.018029223027647253 0.26079444184054335
0.02190582765357543 0.018119929586924134 0.26085380312090756
0.021836788291130036 0.01834082547091012 0.2609768845938074
0.021859724091372025 0.018247191447078273 0.2610018509321115
0.021840783844713725 0.01836858528284878 0.2610714053539223
0.021816433777186568 0.0184577751547279 0.26113404901254467
0.02183186098121869 0.018411400468187573 0.2611594648191231
0.021783612069769902 0.01855791732593803 0.2611919004945273
0.02175719902504273 0.01867713058397002 0.2612879770009045
0.019752261525447644 0.022158986034205755 0.2652974510165057
0.021694745662048584 0.018847774097002806 0.261308742373777
0.02165585454526716 0.018956930444304847 0.2613995062288029
0.021685416097659952 0.01889183645716469 0.26141834594372465
0.019712088575567898 0.023651458585371255 0.2666256040389453
0.01964641892019749 0.023722190138511425 0.2666023626824033
0.021622668982318717 0.019059851782774064 0.261463014957333
0.021650009382456644 0.018991613809810307 0.26150012771074854
0.02158396221333348 0.019161949487524175 0.2615234571224124
0.02162576419557542 0.01908810306111243 0.2615809561283766
0.021580408077934737 0.019197373893899868 0.26166053968568903
0.021501693600517967 0.01936065370656146 0.26172096093296343
0.021540422418034798 0.019291337494885017 0.2617192933621039
0.021499335600284452 0.019387983241105116 0.2618254373555502
0.021410797738125233 0.019552571841409246 0.2618376699601054
0.021456780473548688 0.01948712682167974 0.2618908862953379
0.01992431424375122 0.022603510975708334 0.2659214386473177
0.019893175261043866 0.02254158470779121 0.2658267888861041
0.02136348240535145 0.01966654260870258 0.2619418836309316
0.02142540162507628 0.019577979927327724 0.26197067642857924
0.021315164540658377 0.019735349471288192 0.2620692887019165
0.021352663937453942 0.019691842907560916 0.2620866131687947
0.02130096395739962 0.01977621312087058 0.26220867775198103
0.019807659401607235 0.022303992708084596 0.2655904402665603
0.021243363548949127 0.019877258064473786 0.26228776302253476
0.021287515965838787 0.019809486037771995 0.26227926440032084
0.019798299320353183 0.022311077223316222 0.26541248073064605
0.025783810602500342 0.007955432125239642 0.2584996320963522
0.025818701963299023 0.007850458059544386 0.2585409411676685
0.02580843858774109 0.007864580533287141 0.25849181313333425
0.025759141642009306 0.008027762392227305 0.25846349440182437
0.02576824360207062 0.008030833075026026 0.2585372297700691
0.025838527820509574 0.007771092261745695 0.2585129831629894
0.025736797893645677 0.008132038603792293 0.25849922943100767
0.02585667745375205 0.007691290524479352 0.25849594811258036
0.02569738345426222 0.008251634322672348 0.25845135524596347
0.025887368132835816 0.007571580376389117 0.25855314632637777
0.025873850027985264 0.007587090043344598 0.2584665413867254
0.019659346201777533 0.02371246471264639 0.2666333235299805
0.01975016030311043 0.023595385619856718 0.266640108331425
0.01972495330503038 0.023620826596567022 0.26656234740452833
0.01979718948567174 0.023508301795943827 0.2665718155221379
0.019862619846540523 0.02336613322238219 0.2664930591956109
0.019887460495640687 0.02328979352596677 0.26641817129669865
0.019921699404296743 0.023175575120745744 0.2663505270941178
0.019945887109803495 0.023069106659611704 0.2663126957911258
0.019958475551415507 0.022975416982671013 0.26627248954568394
0.02589232030891864 0.0075026254466280555 0.25850290824009164
0.019975754165214656 0.0228782187228029 0.26632286925572474
0.019966845031272926 0.022886055320503678 0.2662366364657381
0.01997717428634785 0.02278676777961035 0.2662955304765793
0.019970565012535288 0.022805511444820067 0.2662058579305344
0.01995711996187679 0.022808272670781282 0.2661173205014777
0.019973651782854495 0.022719179124852402 0.26626730685141986
0.019968328941351764 0.022723025613426994 0.2661929190238942
0.019956902099536235 0.022721167988828027 0.26609547892374563
0.01994664402882886 0.022637416719077205 0.2660812603337842
0.019934717331670977 0.02263580629035 0.2659760627895438
0.02589999269835472 0.007430337294843666 0.25848245567663547
0.01991736290837045 0.02255965490990822 0.2659532416381985
0.01991009352808438 0.022582210667121683 0.26587039445763816
0.019888816714225165 0.022495999164246123 0.26588915326527457
0.01987608735986883 0.02249388329704764 0.2657996401615206
0.019851936245418863 0.02241976227740276 0.26575499029458216
0.01985498405104505 0.022439933568355153 0.26567935047106184
0.01982536624250523 0.022351047176466413 0.2656659039378911
0.019821205930874827 0.022349478603490645 0.2655629071671361
0.019805621896150788 0.022319148650748046 0.26548800809352135
0.019788586037687756 0.02226163831976469 0.265440248877064
0.019784734663819113 0.022271030642567403 0.26537348518265086
0.01976433916051454 0.022201563538432695 0.26533090844266183
0.019753180143554035 0.02220276679755455 0.2652522733461211
0.01974098820474051 0.02212582080144401 0.26525746489796315
0.019728174980660824 0.02213764938812646 0.2651366539385026
0.019721089092340244 0.02213016434241488 0.2650804520312627
0.02564527209916734 0.008411129291064502 0.2584957560863584
0.019718032778631798 0.0220665325334822 0.2651315045673258
0.01970663839158468 0.022054617540504688 0.26503868070893716
0.019692105732294442 0.022030396718605155 0.2649430137146264
0.019684450829547537 0.021951022485855825 0.26492666609585863
0.019673050076523726 0.02194096492347122 0.2648355110127893
0.01964879624386379 0.021896276082253974 0.2646907185559003
0.01965199900294633 0.02182345502050115 0.2646988164444803
0.019639613742980296 0.021741217379350697 0.2646562227933856
0.01962770924258026 0.021727808839559135 0.26456081854698693
0.019621622539670022 0.021649911519845657 0.26453493220832835
0.01961192184516334 0.021553139175911822 0.26443746825357783
0.019590876948416925 0.021399489922122417 0.26429501387761517
0.025763948335844205 0.0068892832312289765 0.25846103770345424
0.01958502122789718 0.02123838808075228 0.26424802595316255
0.01958686890158841 0.02114222917870037 0.264250535187723
0.019575445915151996 0.021061228782495726 0.2642145385476635
0.025918841869098482 0.007316112433843162 0.2585577647630174
0.019557614624283366 0.020986733411875215 0.2641885502479487
0.019536344749335105 0.020871578434256546 0.26421659277367915
0.02590913519571214 0.007222122891156964 0.2585236462452096
0.025896689031759533 0.007241636090804168 0.2584526964027687
0.02562868342415833 0.008479230756617415 0.25854517271565436
0.028964587413140296 -0.003980226704225499 0.2640781702613561
0.02898186259497928 -0.003991152718402471 0.26416734708741885
0.029037251026617316 -0.0039085429219198825 0.26403427191593376
0.029053852618333646 -0.0039206846111632145 0.2641247793848786
0.029106269229960173 -0.0038362475186505757 0.2639932976609257
0.029122944213826184 -0.0038487219334020968 0.264083986809062
0.029137241152610554 -0.0038588815017055835 0.2641762162453244
0.029189133900354755 -0.003773963934220014 0.26404477587875497
0.029204348059042925 -0.0037855813693048195 0.26413632507087303
0.029249467161664804 -0.0036993564182529193 0.26401123343488286
0.029265896528257708 -0.0037115277805799766 0.26410196419291143
0.029278365430713205 -0.0037224610178478255 0.26419608897070357
0.02932125781062108 -0.003637463943728643 0.2640734724557596
0.02933429774327835 -0.003648425373563858 0.26416724392110086
0.029384962594135755 -0.003573120417306321 0.26414219249697674
0.029433153189047396 -0.0034975539558389974 0.26412011224644905
0.02947911873366482 -0.0034214278525315565 0.26409924296751425
0.029523357471325798 -0.0033446969224720682 0.2640795145752238
0.02956245900379923 -0.0032674145370120006 0.2640643426420632
0.029570603702504993 -0.003276591886554285 0.26415897871255634
0.02959568486138239 -0.003189860208004245 0.26405366770693356
0.029654502453492947 -0.00303392965433262 0.26404297756240724
0.029680582693556234 -0.002956255538500044 0.2640406062109243
0.029701103541500802 -0.002857876920937498 0.2639710193004733
0.0297057747970816 -0.002785246769735116 0.26387504447039983
0.02971971067462103 -0.002783435949701536 0.2639521491839264
0.029725302543405885 -0.0027021341503531836 0.2638549403806922
0.029742611345088495 -0.0026962410931569585 0.26394977204608516
0.029751442276758088 -0.0026169471505408143 0.26386524666048866
0.029759869794844976 -0.0025350692580418796 0.2637708183985178
0.029771323598593576 -0.0025390846952892915 0.26384324684902866
0.02977200647289495 -0.002455416017709842 0.26368959901443667
0.029781642027015626 -0.0024537756893818446 0.2637461156962198
0.029798519349736152 -0.00235492022073694 0.2636832718071233
0.029802139039741115 -0.0023826618243226157 0.26377058562604533
0.029817413113469703 -0.0022792685406414588 0.26368956140891636
0.02983216504467163 -0.002204710010683032 0.26367645120539973
0.02983349528079679 -0.0021582789013287317 0.2636269165593832
0.02982717920176436 -0.0011825664834397486 0.2633461791842033
0.029818918089856247 -0.0011076573939671612 0.2633473194668132
0.029797955510304043 -0.0010071578793105938 0.2632991892485265
0.029768543724752138 -0.0008903101216032821 0.2632653550145406
0.029778436608985628 -0.0008923679820331007 0.2633312048084052
0.02973712514303862 -0.0007957637427191 0.2631979249985018
0.0297527026810263 -0.0008243468046584367 0.26325979679078565
0.029725644700030772 -0.0007107361549616139 0.2632375499092083
0.029742322042005807 -0.0007451071667144847 0.26331316562262624
0.02968610062026658 -0.0006210034946584331 0.26315004164885236
0.02589867757732591 0.007149306181032056 0.2585243217777973
0.025880114473199645 0.007145014964574043 0.2584544716702348
0.029546508205216676 -0.0003165236033795864 0.2629643627839609
0.029472778091473795 -0.00019795279031282792 0.2628554160505718
0.029491187514528217 -0.00022271870530707604 0.26292554703871046
0.027272468836852023 0.0016523625207022182 0.26066637409849575
0.02728936998940019 0.0016417201931470898 0.26075794602872965
0.027298016536956005 0.0016344318114855352 0.2608557810128004
0.02729323049738981 0.0016315107893507285 0.2609664467362876
0.027277130633829087 0.001634163081384541 0.26109677420323263
0.027351279870818587 0.001722026216910295 0.26061729680786405
0.02737094887342658 0.0017102345167233019 0.2607066133116195
0.027382186824034874 0.001700905306102018 0.260803108987146
0.02738015832449944 0.0016968817160249953 0.2609106200605874
0.02736579263120152 0.0016982453566595397 0.26104030275542484
0.02733336911437027 0.0016837694340945696 0.26112853147763126
0.027447017676738295 0.0017802439116206188 0.26066011463756483
0.027461769974225638 0.0017706735663925843 0.2607528963098449
0.02746343924453361 0.0017645802000645183 0.26085717225972505
0.027449220704397426 0.0017635035041335336 0.26097451638076347
0.027439585953945925 0.0017733771244313654 0.26108556002986577
0.027518323311039615 0.0018515950458093578 0.26061833037298043
0.027535458677301516 0.0018420254611553775 0.26070815823710186
0.027541427902233743 0.0018341634229764058 0.2608086717024156
0.027529615972737197 0.0018304662195832888 0.2609253490657242
0.027510170329733536 0.0018327819220963523 0.2610419471784449
0.027583590293406887 0.0019240852315148198 0.2605818047246076
0.027602159811779315 0.0019133941262060652 0.2606707177121556
0.027610296988040323 0.0019053373703504847 0.26076856825199857
0.027603997261273817 0.0019000834265605984 0.26088266128165993
0.027585443984802165 0.00190298031807853 0.26101834019104425
0.027662299564523072 0.0019862739071417495 0.2606387750139182
0.027670667931567076 0.001977965911638104 0.26073621515217615
0.02766808983036215 0.001971780645019404 0.26084568512646605
0.0276599315981812 0.001979278346805851 0.2609805785429682
0.02770029292637135 0.002068043070392478 0.2605230136658924
0.027716652181064397 0.0020590360117750967 0.2606130601970914
0.027724648711863847 0.002050980046983124 0.2607104136270588
0.02772339474787957 0.0020444613323360927 0.2608155356739077
0.027752265428209938 0.002141509136499502 0.26049950662900145
0.02776789342993204 0.0021321730140234684 0.2605906830655368
0.02777522659537906 0.0021240163868244447 0.26068850926763654
0.027800436742005805 0.002216168054041909 0.26047958926826814
0.027815022349061136 0.0022064407378637094 0.260571701108912
0.027845507661484567 0.002291207346552243 0.26046149878190444
0.02785892040869892 0.0022817504004464502 0.26055406217522226
0.0278869069194835 0.0023672002333292815 0.26044584972134377
0.02789858198976037 0.0023581502656269625 0.2605396402444184
0.027924491213287973 0.0024447716832668143 0.260432868091484
0.027934596902020988 0.002434368152003441 0.2605259552602694
0.027961972612967293 0.0025301413385081847 0.26043021242922226
0.027963584440978982 0.002506255995414974 0.2605118565704436
0.027983310485044054 0.0026279426941523075 0.2603192270907788
0.027983430059415722 0.0026019738512209215 0.2603959393857437
0.027995252262776417 0.0027035675889251296 0.26019528058362673
0.02800720229523015 0.0026908378077264393 0.2603200039398797
0.02800685520942589 0.002679488407153443 0.26039222265793854
0.02800896560808544 0.0027834956916513386 0.2601099602275855
0.028024757573298573 0.002770411794478708 0.2602385134604093
0.028026589994952455 0.0027668776590540844 0.26031296457133246
0.025584946270133187 0.008579957319979663 0.25847419849363684
0.028038500505908722 0.002863040378278035 0.2601310915228613
0.02804277024442936 0.0028557535375623388 0.2602238006372209
0.024666999202488736 0.01100510493028459 0.25889013759487073
0.028040423262814508 0.0030221878647497123 0.26006001300883896
0.024726663491398546 0.010886090145460214 0.2588778904841057
0.024700722302197272 0.010917576434262399 0.2588300725207416
0.02802483220074167 0.003187738661396256 0.2600845839818178
0.024761399204401922 0.010807568272044984 0.25882979219164626
0.024741140241425215 0.010823480278264547 0.2587768691203334
0.028005661555117575 0.003303992898353902 0.26005761515285275
0.028023735641448735 0.003280623255622454 0.2601449197449535
0.025508684979281448 0.008814981904674486 0.2584429376458131
0.024813337539864717 0.010689548335854452 0.2587970663231178
0.027985385426363505 0.0033895650313034527 0.2600068841922347
0.0280045388302393 0.003369482404873182 0.2600869587914259
0.02797953170804768 0.0034745619518307645 0.26003717032739176
0.024847213906063613 0.010601457812138742 0.2587842777170702
0.02483249715737522 0.010616518121730667 0.2587103157134261
0.02793555737006148 0.003596518567613195 0.25989604270760897
0.027948782204266224 0.0035988680993241954 0.25997918679255183
0.027962711295255963 0.0035547839483463096 0.2600380173743674
0.02488857309789697 0.010503871230067548 0.25874818010426026
0.024871055497648863 0.010529108876514448 0.2586691350754263
0.027907117234667274 0.0036927937655653782 0.2598606467818826
0.027920723857681424 0.0036790916328309133 0.25991148051545276
0.027897786981145006 0.0037788429857000825 0.2598799860239419
0.027910032337253685 0.0037361820037779504 0.2599213748590935
0.02493749284524392 0.01038962859774098 0.258787890412476
0.024915819367411957 0.010412506809120167 0.25871495155655727
0.02785072354015438 0.0038968760893707544 0.25972108841835895
0.02787896256646352 0.0038534824817380037 0.25981606416584063
0.027845504502766696 0.003959992103110508 0.25972696330204725
0.024960939083256365 0.010306600260654945 0.2587457715798261
0.02781037206940586 0.004064036019508336 0.2596814886927939
0.02775309255940517 0.004203974267023623 0.25957982867894164
0.027781378137572674 0.004164789479428442 0.25967593975316755
0.025006935743171206 0.010206150644503939 0.2586509569607434
0.025000195853673576 0.010217488541904312 0.2586004639060517
0.02774427507636226 0.004263091716485483 0.25963449326310634
0.025032273594380167 0.010133686800688197 0.258629211109747
0.025015128458299275 0.010161021718893458 0.2585512211267013
0.027684264943559755 0.004368791849121778 0.25955094325998423
0.027635709526831115 0.004466788429285523 0.25951127360051357
0.02765522166474021 0.004452302570869466 0.2595912544037114
0.025071373910829687 0.010025745726689635 0.2585919415417646
0.027596108392062592 0.004569780546818262 0.2595025825504529
0.02755061122723144 0.004656696210753539 0.25946032836184363
0.027563315193633614 0.0046550449153021775 0.25952641463395043
0.025098454122176633 0.009942855833939408 0.2585495153478125
0.02750307120952697 0.004758351581426544 0.2593930185012733
0.027518763747761143 0.004744139745539438 0.25948768564744606
0.027424332165619483 0.0048969264683514984 0.2593058198930375
0.027455026636735335 0.004859241505313234 0.2593569282133359
0.025149610003572995 0.009839419924564795 0.2585708485250348
0.025134386124845066 0.009858797528605185 0.2585265591179703
0.02737822299334482 0.004978876390668021 0.2592621972903589
0.02739391218362893 0.00498847384449972 0.2593530483899019
0.025176357638270523 0.00976163775445783 0.2585334260858901
0.027344182336836043 0.005079949816511528 0.2593057681796395
0.02726809384710631 0.00519819699824044 0.25919559624199745
0.027293945773964164 0.005163846885941141 0.2592526419216126
0.0252069369168288 0.009663055591976246 0.2584741051531317
0.02721737712578477 0.005303343206769284 0.25916931604393106
0.027164425179355498 0.005400094078382516 0.25912767693357275
0.025259820988223634 0.009556019446050387 0.2585056314288085
0.02524098137693522 0.009572798705806953 0.2584322755722699
0.02528923745531389 0.009459991501247492 0.25848244448893154
0.025875637158267066 0.007060785328689694 0.25852441391991116
0.025314729143967932 0.009379495701161854 0.25843949187692555
0.026987794135016358 0.005775232319386233 0.25902143083052753
0.02691962073379772 0.005911594156913542 0.25894294828257924
0.02693727207475492 0.005899384220706923 0.2590271283848614
0.025358642807339765 0.009271600901852283 0.2584628645586545
0.026891927922899874 0.005979725858404524 0.25899098950213634
0.026841952286478628 0.006070978434278961 0.2590302591565856
0.025381103214234185 0.009193021948187162 0.2584129246631495
0.02540798172304803 0.009095441788276743 0.25837896711530245
0.02554464301582109 0.00868957426582866 0.25839919814047363
0.025552115107804703 0.00868985040802532 0.25846378829287225
0.025862269170404815 0.007017621606468116 0.2585334421082395
0.025835061441345335 0.007004340195260826 0.2584512134806468
0.025441197692994286 0.009007051866822288 0.25843521806485714
0.025804433598534703 0.006903173727937412 0.2586202409776231
0.025469981940283427 0.008907580932211995 0.2583817311741665
0.025807031967165318 0.00690942749749337 0.25857538107295536
0.01964067969913261 0.023739145711389242 0.2666955068958037
0.019687135420172752 0.023684407071600872 0.2666360403884506
0.019783319645276833 0.023540578080724555 0.2666188505215338
0.019816784618961598 0.02347156245045345 0.26655847857180087
0.019833578658893684 0.023420162582880464 0.2664829162707755
0.01997687432944091 0.022755687982060152 0.26624763161218684
0.021409360625782064 0.01960807496526971 0.2619373785602853
0.02147592288223864 0.01944849205719943 0.2619075641867844
0.021740143559137965 0.01875843174780606 0.26135445081260256
0.019528415538331838 0.02083069117081502 0.26427224860447085
0.019500067228338157 0.02077728148267792 0.26424626201689966
0.02184325042890206 0.018380975579058736 0.26113516246115176
0.02184876903001559 0.018333728730698638 0.2610666964275162
0.01947368441150758 0.02071625815438761 0.2642475091257402
0.021872710326768248 0.01824073074288048 0.2610939246090854
0.021883740446999027 0.018171513068052255 0.2610219674951975
0.021891012108770435 0.018140076037738866 0.260935026967478
0.019456143424619644 0.02065629031027873 0.2642976950565567
0.01942453631443479 0.020610726379511758 0.2642331528920529
0.02201523678621584 0.017747880034576533 0.26063242527627806
0.022009157359917618 0.017703196925825657 0.2605515914296033
0.022030587512196435 0.017611329015734364 0.26058324996982196
0.022029037543579662 0.017575612127078786 0.26051866654499767
0.022038962634578153 0.017530429909474465 0.26043681952684167
0.022055996316144487 0.01748017863439804 0.2604765273238781
0.022089320872173336 0.017312459964289324 0.26044318756439444
0.022092656555100725 0.017259710869564546 0.2603682544794111
0.022125369620041795 0.017220661063241254 0.26047551580659045
0.022130198332844974 0.017193982445402455 0.26039685987367445
0.022112577164595578 0.01714642114874698 0.2603346199380224
0.0221419176652201 0.017083640678882014 0.26043891021861776
0.022133079101830086 0.017008720304870373 0.26046558890215255
0.022113594154798903 0.01698624582505992 0.2604277326649327
0.022056995454443565 0.016924942720422956 0.2602710784760964
0.02200533868080433 0.01682524787137714 0.26024220000295595
0.02273343779026195 0.01570310331266446 0.2604855350944625
0.022772594346822803 0.01564685687365802 0.26041755477836015
0.022791640420135446 0.015605960430456627 0.2603448583841933
0.02283649596017774 0.015540028733337766 0.26024913249614545
0.022879043855472684 0.015470642065984655 0.2601799589405075
0.02289910342756193 0.015419397685095374 0.26009039156812863
0.022954466541624346 0.015320087855944332 0.26012167070710834
0.02304689561303155 0.01511755389249737 0.2599839819384695
0.02306595256571976 0.015072921939748568 0.25989825324404314
0.023118338532972328 0.014967999285211276 0.2599300837341409
0.023137340824312274 0.014920185740990268 0.2598697928184664
0.02317754112903298 0.014834049570024226 0.2598967326783708
0.02318448696486333 0.014807027185889676 0.2598435245688357
0.023199186947641497 0.01474638019835898 0.25975931589879636
0.02323259497986346 0.014695033793065044 0.25987146332608063
0.023245869910911127 0.014653949285722933 0.25979137688801435
0.02329793867946823 0.014512144779664655 0.2597435562480927
0.02331380001676441 0.014459461059448652 0.25966259587443147
0.023349640492876928 0.014379642421414656 0.2596977743308279
0.02335973103140097 0.014330557316906436 0.2596408953202201
0.023365990025281315 0.014295236116404375 0.2595429929392955
0.023391773359125387 0.014247123319852244 0.2596601365200152
0.023402297633321818 0.014205357452198464 0.2595993454709062
0.023406221818192283 0.014175340266952672 0.25951849037976765
0.023437709838030455 0.014062203998273081 0.25954439100168936
0.023435656285200685 0.01403566617812003 0.2594778049774627
0.023457641950576657 0.013997601992031204 0.2595630227670103
0.023468961354494503 0.013932707757481037 0.25949416885777427
0.023468961978210235 0.013891570965584639 0.2594261792015604
0.023498556481818013 0.013819519650846239 0.25946420494022104
0.023527884113395153 0.013738126309031281 0.2595017157911081
0.023524253115707758 0.013689559022548715 0.25941253503119027
0.02356169893696485 0.013584141085459876 0.259446625528551
0.023567458648985885 0.013532700670329842 0.25939193486290607
0.023600404935664968 0.013411126222290631 0.2593482098840266
0.023626863643860647 0.013338736247803979 0.2593721314319373
0.02364159632581193 0.01325657214512066 0.25930606136675827
0.023674472583317032 0.013185090657145059 0.2593415653027267
0.023671010601135425 0.01315135155319668 0.2592576356128421
0.023706678306353472 0.01306320018101005 0.2592973999924563
0.02371201440305201 0.013018876803496015 0.2592212941610256
0.02373910020962785 0.012949790766911863 0.25927256160519063
0.02374930525714565 0.012879738062351527 0.2591911813877607
0.023773600906975504 0.012813565856719729 0.2592417794183664
0.023773663934194982 0.012751968777578932 0.2591489198837515
0.023801905097348922 0.01267923194886984 0.25919659580065973
0.023800282115587598 0.012646156470435987 0.2591310674307992
0.0238242346939821 0.01255148473244209 0.2591634435472044
0.02383858323973271 0.012484375422295947 0.25917952601674604
0.023866658849961232 0.012372570294341861 0.25923697317136185
0.023852433419339368 0.012375785398019494 0.25915305427043983
0.023883542203774245 0.01228978891607628 0.2592650155585011
0.023877186542383577 0.012259764478190441 0.25918473701592637
0.02388945733506544 0.01219041355693214 0.25922384991364056
0.023873574242024877 0.012140874238766638 0.2591522671397969
0.02384970018855149 0.012040349439929838 0.25912061851439894
0.02382311561728362 0.012006486160932873 0.2590610465964671
0.02384273047355981 0.011987182362554557 0.2591755124153015
0.02379705044186285 0.01192187717980578 0.2590967111817432
0.023759709565804487 0.011876798695643473 0.25904496098231533
0.023752607784617918 0.011820317166643063 0.2590978292798646
0.023717274157325812 0.011801018542053947 0.2590061526619549
0.026787900331123222 0.006171382822398422 0.25906501322064435
0.02680282399517733 0.006137285763316389 0.2590335448887351
0.026867560924383027 0.006029311074174199 0.25903601784277136
0.026919707961249192 0.005927173178662414 0.2589849230187037
0.026960530151749148 0.005846810278083667 0.25903273633560764
0.027008302110282108 0.005729600586734037 0.2590520322116345
0.027054045523456985 0.005629014361168465 0.2590761339787397
0.027137265116827458 0.005466899689826813 0.2591408136410381
0.027138564304870882 0.005443061124895398 0.2590893556355148
0.027188969100968276 0.005340253073834474 0.2591157704527096
0.027227895726073297 0.005270126587303061 0.25914934788329463
0.02726711170683784 0.005212720746236084 0.2592416048286378
0.02736963119280195 0.0050344270749923875 0.25932905965521774
0.02735779416090099 0.0050171715854815 0.2592447104450405
0.02740869874382951 0.004964482158175177 0.2593701710802494
0.027450526134661146 0.004884911573967938 0.2593961285648182
0.027493333849219367 0.004788303750412212 0.2594087709736917
0.027528718909696704 0.004710722924321366 0.25944575591681823
0.027570153124023042 0.004623817458962525 0.2594943926855629
0.0276186358456327 0.004525825347953549 0.2595234492542752
0.027652616907241138 0.0044452821471384334 0.2595559426806013
0.027690328128286337 0.00437177790625028 0.2595934497636489
0.02772837730626335 0.004299805637975939 0.25962529809727447
0.02776396941216976 0.0042116290339785515 0.25964628516483135
0.027792543502256094 0.00413204641914574 0.25968313924862274
0.027820089079240787 0.004045159964786095 0.2597137141932243
0.027851029548686176 0.003965842614187468 0.25976334732172235
0.02786744268246274 0.003906229411947337 0.25979453400731606
0.027887738305895603 0.003810787433611576 0.2598406811734351
0.027906782631069924 0.0037225578770866503 0.2598809503531395
0.027929455065940405 0.0036405120701036146 0.25990627900200886
0.027947778627544162 0.003579886485201577 0.2599426552971122
0.02797106313356002 0.003523268904403941 0.26005960037235787
0.027967884807013992 0.0035073655808699152 0.2599972279173722
0.027990112211474568 0.003449238928458263 0.26008879406160873
0.02798816777317138 0.0034234600761963983 0.26003803824779653
0.028001569574493502 0.0033490232867188414 0.2600524113544057
0.028018883771282106 0.003267988916061998 0.26010769215814267
0.02802107154032877 0.002740138514866913 0.26037499873068604
0.02801084725372641 0.002682460052534905 0.2604574247177682
0.02799671942926885 0.002612993790117046 0.26048292061472805
0.02737986876790636 0.001729520437746867 0.26115581262287535
0.02815774987647772 0.0010443555099998634 0.262275818623267
0.028292317944931266 0.0009222155515968521 0.2622528830327146
0.028367680943613298 0.0008532888833611247 0.26237112049647116
0.028382868043229162 0.0008156593368830426 0.2623077999600149
0.028803437537216346 0.0004520044495477148 0.2624614083251664
0.028898861192363207 0.000378564849728928 0.26251309187009975
0.02902510733014223 0.0002743624947053201 0.2625281125393058
0.029217222596369878 0.00010291197721506838 0.2626532203565461
0.029307845301236583 4.271384447157654e-05 0.26277414092211215
0.02936817165102903 -3.552039820189031e-05 0.2627827703713431
0.029416779111278116 -9.8407309212814e-05 0.26287576899408377
0.029466198171944347 -0.00017262636385494996 0.26291608487272833
0.02951477593274465 -0.0002705637116519364 0.26292879309692063
0.029551492230944252 -0.0003118799343118073 0.26303764073443114
0.029555871443398208 -0.00033447439164775944 0.2629783667359497
0.029586093020602767 -0.0003752730538470764 0.2631025048813121
0.029623047328339418 -0.00044723778897150864 0.2631303156658782
0.02965549807880523 -0.0005281908683313797 0.2631631345878039
0.029688762413220878 -0.0006090921383126234 0.26318809310280983
0.029720859628588964 -0.0006686856839502849 0.2632950988829525
0.029718185085251488 -0.0006789539486996894 0.2632478170613191
0.02974107740394227 -0.00077251717972427 0.26325875948085087
0.029766104880933827 -0.0008569556008668905 0.2632980037279499
0.029790254662461806 -0.000943208380398701 0.2633428228162403
0.029803909928602212 -0.0010056863901402296 0.26334741983759985
0.022031183872098785 0.017556343177405998 0.26044439279558107
0.021912998140472303 0.01804594334531565 0.26075483159232327
0.02194177767181549 0.017969253717571163 0.2607141352033915
0.021966041570837862 0.01789778356354678 0.26068496993144064
0.02199299255009924 0.017816893129638665 0.2606631666583149
0.0220191968429916 0.017733333994663637 0.26064601750101085
0.022026096097172678 0.017662213960778956 0.26059219075048673
0.022034664962442416 0.017580337856900274 0.26056833135481905
0.022053206907094853 0.017508836396456878 0.26053385909143273
0.021882597126978223 0.01817907801281527 0.26087867238805834
0.02191551998486674 0.018079809751362638 0.26086282543262124
0.023066109065140946 0.015055415362794042 0.2598336736383516
0.02310854169809234 0.014970126486116115 0.25980790785336794
0.023144063834400125 0.01488667833090705 0.25977940059421645
0.021795670774660134 0.018511621041443712 0.26112378994777863
0.021817827638302048 0.01844037622056335 0.2610877125685602
0.021841421693497405 0.01835377667647974 0.2610577031013214
0.021858173584003257 0.018277981824415514 0.2610514754320115
0.021890794538187118 0.01814204176124447 0.2609734491680154
0.02298606743932289 0.015249087787591993 0.259991157732816
0.02302072390371318 0.015167059506973998 0.25994874223264436
0.023059547100683038 0.015091603322990059 0.259950518908086
0.023101942555793356 0.015006472982659563 0.25993296087456264
0.02313417045575266 0.01493101649289438 0.2599017279429595
0.023167383526189706 0.014853602680227822 0.25985784769044684
0.02320105669294411 0.01476187183822426 0.25983264371921133
0.02322655722150641 0.014704232019229203 0.2598174395747349
0.023260361654672223 0.01460809420788741 0.2597790869043097
0.021740213084408724 0.01871654668308247 0.2612700970022598
0.021766993540081322 0.01863910840142776 0.26127259884724785
0.021858584380099952 0.018337085973561904 0.26116001075022754
0.022926286139205852 0.015370863121266827 0.26012712948453204
0.022971788272271827 0.015291758223388519 0.26009264828359424
0.02300620470840725 0.015218334440697931 0.260066941092788
0.021648302516568012 0.018989090553247386 0.26147457232804444
0.02167738113287298 0.01891274295066054 0.2614428403669794
0.021585326824089125 0.01918594107782752 0.2616420698385612
0.024650825238806216 0.011027783087470334 0.2588500083064962
0.02468391540605995 0.010956924376791964 0.25883709841292113
0.024720257725762085 0.010871345827293563 0.2588094100062422
0.024772124145231923 0.010775411005657697 0.25879849598640203
0.024799738230459476 0.010701982602481596 0.25874946802801035
0.02482973592542796 0.010631908342852674 0.25873873323252883
0.024876340588673523 0.010531034899304624 0.25870937607751465
0.024895644230425423 0.010464007512649757 0.2587028708908662
0.024985218802405833 0.010246443064840552 0.25860956845089805
0.025013497781330513 0.01018104344778004 0.258593344381146
0.02504707339065077 0.010081829272447681 0.25856549874285384
0.022716706120553806 0.01572888408856871 0.2605323505547567
0.02277043968568853 0.015656337776080154 0.26049300961269595
0.024469394826018964 0.011293556916560253 0.25901898142946755
0.024544002375294527 0.011207951968188974 0.2590405818207937
0.02459804448088604 0.011137610968318135 0.2590021194565867
0.024640971397187874 0.011068586345893073 0.25896016720449094
0.024682490786776746 0.010986961705275114 0.2589396486340692
0.024879153222964783 0.010535448061516697 0.2588091290884348
0.02491431443159122 0.010444096215894275 0.2587700638224138
0.024939989258790568 0.010357755713152521 0.2587218055802722
0.02498282997341847 0.010257740097433092 0.2587110772261379
0.025097417408776364 0.00997213136952488 0.25861803615079615
0.025129102179625572 0.009883546201550785 0.25857888384931554
0.025193883236041475 0.009713766403672287 0.25854215762623173
0.02521960665334778 0.009638648280933538 0.25851917859147633
0.02523681521134551 0.009601251413332533 0.2584848413358307
0.025267072582686165 0.009518336662411104 0.2584493677842862
0.025291183359299557 0.009432079271076798 0.25841868360935333
0.025320411228724086 0.009345959081306318 0.25840474706520516
0.025351734117245634 0.00925724203909087 0.2583841884252887
0.021453714196777697 0.01950404866023766 0.26194473323235934
0.022633928360779557 0.015859073692208566 0.2606468107722597
0.022695237515165192 0.015771088092416063 0.26062109421110413
0.022752032664360385 0.015692746091545407 0.2606266578634544
0.025379000365942997 0.009218985552563156 0.2584740680771602
0.025398667561283162 0.00915133300766569 0.25844390146819685
0.025413948445202048 0.00908485732688892 0.2584092934784847
0.025431359888122673 0.009023674699589987 0.25839126398397627
0.021402225077048698 0.019615249361845433 0.26207892585477754
0.02545776189414743 0.008967065836996168 0.25846152952925766
0.025475250602791804 0.008909937538910437 0.258427383758981
0.025492336231770163 0.008863022248830208 0.2584339235020261
0.02553516834198418 0.008739271004390467 0.25846778133471254
0.025564512390478116 0.008641862726485108 0.2584463686372296
0.02557958102648492 0.008611229544650854 0.2585370027890687
0.025605155824456178 0.008527792469424958 0.25850722429537826
0.025626148876867635 0.008461555042698158 0.2584784779834226
0.02565003479849117 0.008421727249091765 0.25855639465560926
0.02567137064761274 0.008347433425496131 0.25852935724970927
0.02569639567033382 0.00827369363604212 0.25850350041330006
0.025720273916682083 0.008185688979599313 0.25846963429017217
0.025754624507978136 0.008078978380827252 0.258530218542972
0.02577096744419953 0.008003402382987884 0.25850070385025364
0.025788681456329864 0.00792048399595879 0.25845969402500735
0.02582951248962314 0.007808653587057422 0.2585340173030914
0.02584064381714362 0.007746198671902229 0.25848267517983387
0.025877378428561464 0.0076197666213887825 0.25854533562849913
0.025884661302008994 0.007551047896953091 0.25850697637451414
0.025899867105064586 0.007529319239829747 0.25858809482748907
0.02590591663073175 0.007452721485144504 0.2585499621470643
0.025911877856569836 0.007379136077563167 0.2585305512872792
0.025909717330525637 0.007295932337419745 0.25849308502040685
0.025894256497458315 0.007215009132510721 0.25845040588559687
0.026911504995515985 0.00595446106682833 0.25903060084059376
0.027231625774234866 0.005279743996464557 0.2591935918114851
0.027450851512777735 0.004882102056972366 0.2593719431964453
0.027510663603725803 0.004758245744596242 0.2594336674231396
0.02755466749877377 0.004663878959003233 0.25949691199600916
0.0276104644862884 0.004560271144454704 0.2595571669779506
0.019417148009209188 0.02397061272493812 0.26652997693706876
0.019476008030397743 0.023917569359309873 0.2666135762508729
0.019622218111594706 0.02374867264182713 0.26659201121482123
0.01967877982333228 0.023682990498640356 0.2665829116031973
0.01979801077792272 0.023494009047691847 0.26652596526121775
0.019524336293180494 0.023865981191554194 0.2667174163518167
0.019600949359099815 0.023785464683017395 0.26668308113835454
0.0196703487182124 0.02370466900990159 0.26666917833789816
0.027873747432308967 0.0012939206942031395 0.2622402083404861
0.027973122775632867 0.0012027797085330967 0.2622492445936005
0.02806216000713923 0.0011216371879196267 0.2622305499913266
0.02822365206917807 0.000996517777113892 0.26230926638566787
0.028290467103796173 0.0009323355451511669 0.2623095357353646
0.02834226228371149 0.0008640687848933779 0.2623095525116759
0.02841052980357613 0.000809280781337013 0.2623818939479198
0.02847404928606569 0.0007425117567852358 0.2623739294200204
0.028559379089667422 0.0006554968385101151 0.2623725945361785
0.02869301617008678 0.0005449918850095289 0.26244770093929315
0.02878868375060122 0.0004555439738138699 0.26242926101192743
0.02883818772243071 0.00042844491681503605 0.26251402608305274
0.02895324660992323 0.00033282958712604904 0.26251893375433893
0.028997444602082808 0.00028478855684573024 0.26248169359592544
0.029077747875362586 0.00023664292588379483 0.26259561413059695
0.02914496728551392 0.00016036627475340227 0.2625854331929568
0.029142097228501078 0.00018677238647492827 0.26264849339543417
0.029202308397914493 0.00012590190595992626 0.2626684946473886
0.029322820347097822 1.2450652420816866e-05 0.26273442593491153
0.029368770631766412 -2.4190495431984958e-05 0.26285768201680165
0.029408518787210482 -9.661511346732574e-05 0.26281511016059095
0.02944584209831683 -0.00014222723454757215 0.2628836086259651
0.02948238938935721 -0.0002121437152687746 0.26287798508249377
0.029466637564015578 -0.0001691749896379975 0.2629798143082399
0.029507329929649228 -0.00024201277799716804 0.26297950227286887
0.02954680847269009 -0.00032445599638730597 0.26295036807851146
0.029528733892497584 -0.0002683942736176559 0.2630482037049006
0.02957534473307529 -0.00036464377118247817 0.263020721565989
0.02959571854457182 -0.00039105673713660683 0.263131213882168
0.029627018494815065 -0.00047076140515945204 0.2630848379227693
0.029647652242778638 -0.0005016977134675495 0.26319347142024246
0.02967193432882699 -0.0005761975281913502 0.26315761093916284
0.029693083773221374 -0.0005984850644999067 0.263247220898582
0.02973152211290269 -0.0007154914930656308 0.26327844188858623
0.02685731347006625 0.006045374981347365 0.25903331997947654
0.026759467084061756 0.006217560069189295 0.25908021818168875
0.026654705247006773 0.006364042333989012 0.25907024886395824
0.02671068472551855 0.006302642718025269 0.2591083606986695
0.02651085813011835 0.006501399625375054 0.25907719200200857
0.029341642204861587 9.596426987348969e-06 0.26281591985657127
0.029395236259558654 -6.688497652437454e-05 0.26285714804132404
0.02943838825900855 -0.0001224969127251832 0.2629276050494601
0.02812030945946881 0.0010699964221724545 0.26223124620021016
0.02797564678915641 0.0011945681751147292 0.2622230697225473
0.028054516883544538 0.0011370756732900964 0.2622745430490878
0.028099872168547486 0.0011000176713628956 0.2623067026793014
0.024656153002395112 0.011015101323146051 0.2588141161250528
0.027899038149030875 0.001277200192877918 0.2622495144289836
0.02464432216587359 0.011050754988852626 0.25891135772123913
0.027713205108774685 0.0013988966483932004 0.26224083595191944
0.024528335400411803 0.011215308050791163 0.2589380807552052
0.024586200090272098 0.01114699228925293 0.25896734601947574
0.027485397788751614 0.0014906824332520257 0.2622035391150328
0.024393717075603224 0.011349470523530697 0.2589322997142817
0.02451677039287284 0.011239604506277931 0.2590155559528584
0.024225068134288343 0.011447659309706197 0.2588946802278054
0.024308404371223755 0.011421445777653954 0.25897785741248236
0.02438565994854713 0.011364895042932723 0.25900012234623304
0.02303484646092565 0.015146175609627352 0.2599807096239892
0.022991427548053115 0.01524791259109539 0.2600424888300924
0.02301908103511547 0.01518760407747086 0.2600465315071374
0.02289745172217304 0.015410712054730661 0.2600426893051374
0.022939484943566783 0.015346690596836644 0.2600880281210505
0.02289398575247809 0.015440477111676773 0.26016025570611606
0.022830090686519755 0.015549444996578152 0.2602986479508637
0.022766377818834973 0.015646266627879008 0.2603569823738371
0.02281692436988047 0.015568336100054491 0.2603861326879074
0.02274761883046864 0.01568266740563125 0.26043794447876584
0.022797658485187302 0.015607506798732858 0.26044962457835047
0.022744737979123235 0.015692101772832544 0.26051618561571466
0.02273568014852544 0.01571414061832367 0.2605787528235338
0.02266445810885027 0.015810139614268266 0.26062103864198555
0.02247023891622036 0.01601243501879288 0.2605798440801792
0.022544886236814707 0.015967169516938492 0.2606179237607182
0.022601496903269062 0.01590891788225206 0.26067582481511237
0.022435353989829793 0.016038421831573405 0.26064542206484054
0.022515969995676455 0.015999765685818224 0.26070125307232456
0.021956529055643756 0.01794483582351483 0.26074301527480764
0.021919468791130603 0.018049257722943517 0.26079486470213253
0.021899042316405822 0.01814612024779173 0.2608728553381751
0.021855908728089547 0.01827075375145732 0.26101609195438424
0.021876121847636733 0.01820838762724742 0.26105257117517106
0.021804864777722043 0.018464686605896643 0.26105516925725775
0.02183505534593952 0.018392442971694446 0.26108537441920016
0.02186258051461032 0.01830077113221435 0.2611074083642847
0.021779706025983236 0.01854965597001135 0.26112256679261986
0.02181452695174073 0.018473880697079552 0.2611746577951204
0.02177689482902203 0.018582610339556226 0.2612229760855142
0.021718515916610358 0.018803210993265682 0.26132817865900276
0.02168493498704931 0.018890615938381778 0.26138436633415535
0.02162393649413066 0.019083979323685545 0.26152514713002445
0.021644405813948164 0.01902043362335334 0.2615395667075324
0.021583718253205614 0.019179339530527893 0.26158708584931917
0.021612311893526186 0.019126922115306942 0.2616080163704491
0.021525348954404167 0.019287471522217003 0.2616243637573986
0.021564650468911567 0.019227983931331415 0.26166217182119533
0.021522970249121844 0.019327547115025368 0.26173042130933266
0.021484331706983235 0.019400955331086524 0.2617653353333935
0.021442103168865516 0.019495424525401248 0.2618315220759782
0.02148646364604202 0.01942250695149472 0.26187993957674266
0.02139492554515135 0.01960248533677383 0.2618830680456453
0.02144240713209235 0.019532082497351975 0.26193597010706937
0.021394485584847123 0.01963454166358126 0.26198101568138277
0.021335089854094207 0.01970859591639447 0.2620402410619944
0.021382734872557742 0.019649818858206238 0.2620990893155483
0.02131213410993646 0.019743363420723133 0.2621130986460398
0.02135847517948276 0.019686015364235032 0.26215078522973145
0.018179618596502575 0.024573783118440544 0.26715685070656975
0.018229730567618913 0.024560919399298574 0.2670602209679761
0.021312617725628702 0.019759923122496 0.26221448142659476
0.018390025040901526 0.024521614756912228 0.26707438487357904
0.01827582971658968 0.024549161728630864 0.26700435054874877
0.01845137310590642 0.024502610940121718 0.26703835971892914
0.01830407286868122 0.024538489290877347 0.2669366602545233
0.021264541071604786 0.019842488845974206 0.26226551738298237
0.018481462894011372 0.024492204770783736 0.2669489744013905
0.018546324526201658 0.02446799505277363 0.2668694560744243
0.01856883034332241 0.02445799415098507 0.2667987544969374
0.02119587773526631 0.019980985047850904 0.26240962947861823
0.018742147625872622 0.024396865442505702 0.26678585423844925
0.018601339673929396 0.024441926505856987 0.2667224263002895
0.02108674820343623 0.020124487452442014 0.26241511255796673
0.021136443885948833 0.02007487741589477 0.26243889680303356
0.01885503896572945 0.024354452013325787 0.26679127495892957
0.018738308886110215 0.024391446486203925 0.26671920823714657
0.01890239915647343 0.024329765377452173 0.26672007616299925
0.02100679079950839 0.020202558767051695 0.26245506409851566
0.02107055661152303 0.020158994567210972 0.26250024136614386
0.021138212362279273 0.020090683733643193 0.26253760471057236
0.01900058666780152 0.024280893693184192 0.2666872818266589
0.019118588593729287 0.024215549717864205 0.26663963838254834
0.021003418912545594 0.02021828025167436 0.26253926696663527
0.019149656538397675 0.02418668874006506 0.2665737457139534
0.019586883630453654 0.023801797467365736 0.26673830897131107
0.01953199521942101 0.023858616176598617 0.2666620124647369
0.01946374757063366 0.023929945961690978 0.2666485044821461
0.01940323853207023 0.02398929909034771 0.26657214344384267
0.019320038243387974 0.024056388613726134 0.2665281546075766
0.019589907049230245 0.02379334212274829 0.2666419765080067
0.019497588091161887 0.023892196283086628 0.26656155996515024
0.01943694764628016 0.02394557987886641 0.2665007770913603
0.020820614307283877 0.02034243540043235 0.2626469243585412
0.020867718498827834 0.02031501234360552 0.26265226988875434
0.017753248866360944 0.02461782261285367 0.26712291536288824
0.01770840703923155 0.02461895063180095 0.26704459081109927
0.01766206147769215 0.024616690594005224 0.2669654399093056
0.017614723502681742 0.024613037690660023 0.2668859322988581
0.017565341100337695 0.02460746262244842 0.2668057101962107
0.017845122474270853 0.02461295600153231 0.2671016628062454
0.017800256294978795 0.0246149057485899 0.26702321549499664
0.017753630560392638 0.02461434397387067 0.2669439353431082
0.01770753199158304 0.024611621375008594 0.26686480957796727
0.01766040697008013 0.02460723015911202 0.26678551231337816
0.01797626449665954 0.02460279340914649 0.2671571218341831
0.017934254090601735 0.024605561425548674 0.26707934861084714
0.01789076722674792 0.024607390208113058 0.26700148871471
0.017844273257355863 0.024607816922235688 0.2669222758513277
0.0181043020422897 0.024585951043147283 0.267191463491344
0.01806071272906002 0.024591380531863244 0.26713123723689924
0.018018950942298044 0.02459524438617693 0.26705524168836975
0.017977476733667834 0.02459710348510791 0.2669784285490662
0.01793293564881397 0.0245979110791992 0.2668999807820373
0.01815273997505545 0.024576006791402736 0.2670998824462166
0.018103596651270447 0.02458055331953986 0.2670306564669222
0.018226865275804326 0.024563340828923124 0.2671024925196556
0.018195975953238408 0.024563569775250073 0.2670045534557689
0.018309850493832467 0.024542984098337765 0.26706329173383825
0.018257037015408508 0.024551095704573592 0.2669692481240551
0.018394058839197692 0.024518485662122516 0.2670135447812296
0.018344952275372584 0.024530409002794122 0.2669680191265223
0.018457595885135476 0.024499650556371984 0.26698526834254166
0.01842115193337269 0.02450714248931872 0.26692326595935656
0.018490957569276555 0.024487403644790313 0.2669070384391288
0.01845924884055473 0.024491354025087012 0.26683667575286435
0.018516446875406017 0.02447288500076704 0.2667884374148974
0.018604465436543746 0.024444411021798212 0.2667647071764466
0.027931453265932587 0.00124254342369127 0.26225391555904237
0.019346782371996146 0.020466772570556728 0.2629524824229929
0.0194661260197251 0.020488740484192417 0.2629288710143682
0.019574171399640912 0.020510433405771824 0.2629306643164049
0.019679432152203757 0.020528117379165486 0.2629021035118834
0.01978063324451741 0.020542247411677737 0.2629081452414147
0.01988235834882887 0.020542674608300695 0.2628841023951634
0.01996550767787292 0.020540178688701373 0.2628514252125295
0.02007192223919878 0.02053087732160351 0.2628353342365513
0.020019988778366922 0.020524117671979696 0.26277472300505916
0.020168611099817643 0.020523321485863825 0.262829697803415
0.026724823753600038 0.0062612104708115405 0.2590578614692127
0.02025119128784937 0.020515467601876666 0.2627987546611867
0.020225449602101212 0.020509886197732245 0.26272972673464523
0.020338062973646244 0.02050085735196867 0.26277800378398997
0.02027662831227123 0.020497655862917293 0.26269709526002866
0.020420694890543798 0.020482094579559986 0.26275745169452497
0.02037434014375563 0.020479858312802458 0.2626718585764536
0.02049509437688311 0.020465575978220896 0.262747641554758
0.020458689899722656 0.020460480325333714 0.26263096693342014
0.020570527483211976 0.020446402365048164 0.26270789100347275
0.020533925886073227 0.020446834770872207 0.2626373542647326
0.02064037509474767 0.02042404292591297 0.2626788633417633
0.02073877875333743 0.020384396760565877 0.26264873360314145
0.020695221683579706 0.02039116926424834 0.26258577279733347
0.02078378955217459 0.020357985006185804 0.26261806964190676
0.02085213765542669 0.020315854140730442 0.262578096831675
0.02667871139851807 0.0063476889496794885 0.2591126656579347
0.020923119085550796 0.02027080644686887 0.26253010291169243
0.02101167901677158 0.020213282420179723 0.26258293276627903
0.020970095689436998 0.02023570059644304 0.2624938658180838
0.021051115570118215 0.020179506754627746 0.26254668888573823
0.02103725211084429 0.020180767629574166 0.262461021366273
0.02111108373064156 0.02011625429775075 0.2624878813911268
0.026611637480379674 0.006411319131889873 0.2590699716312162
0.0265137603362384 0.0064826679589384695 0.25901997024590007
0.02655825021640866 0.0064653531680127566 0.2590984124678067
0.026417164781429445 0.006535243104865852 0.25898829599418255
0.02645458152362314 0.006534695402029528 0.2590807423003566
0.021632168162665534 0.019064410252479975 0.26155156859828965
0.021610932678813834 0.019105219331876214 0.2615018762783155
0.02164122811948014 0.019002950374719017 0.2614487191821117
0.02167379874101897 0.018919689619302744 0.2614071348651151
0.02170210359071244 0.01884918069739917 0.2613639638746721
0.021733086009970235 0.01875485748348515 0.261303300319601
0.02632388357655166 0.006576354393654664 0.2589655189366317
0.026366626032938545 0.006575402484109629 0.25904617437408156
0.021751378868819306 0.018674969919423218 0.26124872344424716
0.02623506536939381 0.006612152761188599 0.258980182086333
0.02629010377827458 0.006606116041710836 0.25905859195921793
0.026162299007331972 0.0066348415679369326 0.2589908724932769
0.026215177895724633 0.0066303436697781 0.2590859188171116
0.026121823282780995 0.006649787203378535 0.25903730981235673
0.02612953548248596 0.006650215632302316 0.25910589958436653
0.02169214972610874 0.016200073085783327 0.2605259959182092
0.021729241405665997 0.01619886721225073 0.2605106173657205
0.02188356635801833 0.016174363341130246 0.2605690946021597
0.021835548937590654 0.01617559390669492 0.2605085601091507
0.021945459577014964 0.0161706081637817 0.26055708926645776
0.021924135052074162 0.016165983355027055 0.26049226544691567
0.02203293753169895 0.016161643582579665 0.2605358499602502
0.02201347998011981 0.016153592392935817 0.26044490336090814
0.02214820336878257 0.016137976484935097 0.2605655316497319
0.022111904826613807 0.01614519246215814 0.2604975077215218
0.02210207761973437 0.016139928356434633 0.26043024651059093
0.022265877266705154 0.016099034549058977 0.2606212104767484
0.02222781592812879 0.016112741434788445 0.26054378352479124
0.02219481231602508 0.016119409414841634 0.26047128382458407
0.02238777064918828 0.01605568967950824 0.26066208989076634
0.02234279396766178 0.016070465700612505 0.26059836324469743
0.022300912916270222 0.01608573062524218 0.260535008549446
0.022262514634395613 0.01609069935261153 0.2604279074276153
0.022448594392573018 0.016029124540087036 0.260608804290383
0.02238027105467198 0.016050328233921003 0.26053771968539824
0.022342562827745268 0.016062679371956788 0.2604856687410143
0.02602569379269442 0.006659133483647754 0.2590481828009442
0.02254055196721281 0.015980656955078384 0.26067087817998086
0.02250281348558828 0.015989545236693374 0.2605737969812109
0.02577815984600544 0.006662494440266445 0.25882716422840524
0.02588098462193649 0.006661327315269516 0.25902747575621615
0.025910563266901214 0.006668943957686913 0.25909918188161934
0.02258140309751992 0.015927624554148586 0.26062916792819235
0.02266215845789555 0.015830450260215255 0.26068890412634016
0.02576144910384533 0.006690178760039165 0.2589765842937752
0.025788707816044205 0.006664186837720255 0.25904154302054405
0.02582381982915084 0.00666874790139391 0.2590900044653612
0.025748355005710176 0.006679909524660367 0.25904705503592235
0.025739063521403018 0.006680870811603378 0.25913646960546655
0.023258636573155633 0.014623539559496336 0.25982523071329244
0.02324187155020417 0.014650333549903123 0.25974986250657683
0.02328040491853203 0.01455435908012214 0.25976129143809207
0.02332214976587161 0.014451753893403562 0.25971441811754575
0.02330365510246101 0.014473776909368428 0.2596449433603087
0.02334988688691987 0.01436642975999576 0.2596582416093403
0.02332818310032982 0.014402080417100444 0.25960452258202554
0.02337657143236413 0.014283695668170395 0.25963100415380086
0.027442565848020357 0.001504320801260574 0.2622181773414027
0.027501420850492755 0.0014831927514067098 0.2621817535978643
0.027645048208888377 0.001436010832092854 0.2622417046096169
0.027779789499375374 0.0013554495173303946 0.2622500172988113
0.028083942803881174 0.00110650662710423 0.26225157105684455
0.027992483990017702 0.0011769048732816376 0.26221094313046595
0.01942629289330429 0.020489914456331068 0.26299034007511385
0.019517921522195062 0.020506729166568732 0.2629826312174021
0.019518543757582416 0.02049630667701604 0.2629176056344778
0.01964985327924963 0.0205286907211932 0.2629399037824338
0.019729457809124502 0.02054056170341509 0.2629331293743794
0.019817320400726406 0.020537099307588194 0.2628706552308308
0.019935620981163915 0.020544113989892778 0.26287947643824894
0.019923427643658616 0.020533800285915706 0.26282669088216815
0.01999309823755707 0.020543770253511392 0.26288328507879627
0.019990690331006488 0.020533618653112064 0.26281940228146106
0.020192103563352177 0.020515970682538378 0.26275446650110307
0.021702485206876995 0.018837848270191023 0.26132233557825396
0.02174588658438336 0.016198277252561354 0.26048314630507424
0.02180482046875689 0.016180553461401063 0.260542733526016
0.0217988481312195 0.01617050451987018 0.2604491679593878
0.02186559821376038 0.016173906107361375 0.2605328647370039
0.02187974223371175 0.01616552077167069 0.2604775272212938
0.021979059538523377 0.01616151369565374 0.26048168968531776
0.022053262227301498 0.016153248044644214 0.2604707616987014
0.022147978578918454 0.01612871431903715 0.26042189295977547
0.022201726638188278 0.01611232936284671 0.260420404190026
0.023781044077841682 0.01154563370690619 0.2589111364937836
0.02381181154738574 0.011526315968796007 0.25882303507261367
0.023827292048357977 0.011519670869097642 0.2587617009080751
0.023881807719780643 0.011522956633287382 0.2588518677297061
0.023914722910996892 0.011513686834483127 0.25876865613545785
0.023974565997114883 0.011520917478695101 0.2588749633404261
0.023971843006883934 0.011511892571915806 0.25878126702629467
0.024052904646168407 0.01149910411857346 0.25890250527726194
0.024060903235132845 0.011496369418485884 0.2588253685506655
0.02413330743537699 0.011479199167866194 0.2589191757699008
0.024153364776182993 0.011464031233883327 0.2588303845892662
0.02421287644498912 0.011455026182664328 0.2589198103530509
0.024214744953180517 0.011442713448374475 0.25885698975968013
0.024284541928491568 0.011438110769062254 0.2589960311156882
0.0242674801410357 0.011434412037399568 0.25893443374161357
0.024340686190820863 0.011399430786868845 0.2590092914959624
0.024351488576901045 0.011382277715509448 0.25893892199121843
0.024427924768800152 0.011326555808153968 0.25897363748932273
0.02449320111759808 0.01126035625744837 0.2589731792601327
0.024556828714883783 0.011186804285040097 0.25898608341521917
0.024553044193058024 0.011186992228246503 0.25893608807871754
0.027354840046045204 0.0015232526588650067 0.2622108325108761
0.027527670833773065 0.0014726112124030088 0.26218978318752356
0.027588464966859953 0.001453196340453457 0.2622084064801808
0.027399575242374567 0.0015113722373479579 0.26220342147222075
0.02431606541548896 0.011408312072266905 0.25894508602429733
0.024253304884398117 0.011431994553632273 0.2588849343691782
0.02422130106524491 0.011454253048363283 0.258953894374775
0.02416990856012356 0.011466683192830496 0.2588868797246911
0.024091351600662 0.011488813026908861 0.2589369340228463
0.024106752613344797 0.011478544104732232 0.2588069667679485
0.024057143726524143 0.01149854414110367 0.25886582394927377
0.023968990889379153 0.011520600470810275 0.2589193596880207
0.024007060295647267 0.011509051927530187 0.25880429372843866
0.0239334208152115 0.011523535920096414 0.25886655927172303
0.023851429231269688 0.011525323040938186 0.2589190554283615
0.02372866978334848 0.012972216301002778 0.2592322705773015
0.023711361276480162 0.013036716627501069 0.2592633413476752
0.023685781614645837 0.013123352615380753 0.25928406110888386
0.02365964025896309 0.013218391681724078 0.25932254263161436
0.023646631537011964 0.013278281905814836 0.2593728733450164
0.0217527611021735 0.018708049010549694 0.26132743313146034
0.02172599478223857 0.018801185526179397 0.2613830973612088
0.021695958223905756 0.018866433641720116 0.26140669037674114
0.021668138057688118 0.018933673487910075 0.2614317658615017
0.021644195491839057 0.019001555196090245 0.2614796192901679
0.021628756921549034 0.019063023575334737 0.2615140985694593
0.02160831881818268 0.019128284590607312 0.2615525471158087
0.021725972624727967 0.018750511189049517 0.26126427077342024
0.02169584407881988 0.018833797083538883 0.26129223567285803
0.022082527831178596 0.017364696445073848 0.26046089055762406
0.02206534196481543 0.017475530021843804 0.2605237979590784
0.022040180032705546 0.017547248995633168 0.2605423533052379
0.022022152434684285 0.017636080590214247 0.26055520795084813
0.022042042551138962 0.017506991711799667 0.2603930939473287
0.01941449464246966 0.020570862298458698 0.2642750299127915
0.019446831571868876 0.020660958669402426 0.26422943461983495
0.02386632704504111 0.012057110430938366 0.25917016644799545
0.02381090222462003 0.011929563044305652 0.25914674537106747
0.023839831547007168 0.012028538398124324 0.25909555370628995
0.02377505193603921 0.011878915893095442 0.25909159723163416
0.023804041691143224 0.011964569126176055 0.25905125741678797
0.023736775416991245 0.011824796694634328 0.25904227434701144
0.02586293928742849 0.007686360379415303 0.2585452418455355
0.025912003838531 0.007422949203138955 0.25857523223462625
0.025897301493202737 0.007506554509373866 0.2585445174057774
0.025878087004368305 0.007594328199763852 0.2585120361866786
0.025916803750523985 0.007306136676821109 0.2585291533029968
0.025905667999357125 0.007402604757760231 0.25850419484739817
0.025889594268947602 0.0074716752423200986 0.258457156426364
0.025788454764972005 0.006845676839761612 0.25869157242460183
0.02589781963638695 0.007198014599532192 0.258476762668212
0.02576649588731406 0.006848931036377619 0.25865098419605725
0.025837434209531763 0.006958868576291101 0.2585521793082292
0.025876707336252004 0.007086156148253175 0.2584962250899645
0.0258063616537283 0.006928594085453245 0.258491809083115
0.023734653964102646 0.011784642396579942 0.25905933980585094
0.02191667138889123 0.016699480475312205 0.2602410174921391
0.02163615687755633 0.016336790575209537 0.26031723360457
0.02203844551979539 0.016874439041364767 0.2602626232276589
0.021661726760527467 0.01640074031207714 0.2602692830389905
0.021654878328463713 0.016355642330076813 0.26032414882794647
0.021654285814606 0.01634772155668886 0.26035401379197226
0.023829204428772444 0.011986354172161724 0.2591063522959184
0.022065133765187154 0.01691675861545091 0.2603843333361424
0.021748357537360746 0.016471656854008507 0.260263238447543
0.02179634022648389 0.01654954083012197 0.2601965199253076
0.022094847572905214 0.016977080241535384 0.26039918579915095
0.021855011663720322 0.016617544493270936 0.2602074294326717
0.023780376516316277 0.011898759647543052 0.2590748971401885
0.023774656097038993 0.011928448665460872 0.259015051692422
0.02192420621591213 0.0180463135284749 0.2608271848680567
0.021954674682928308 0.017957976940730903 0.26077589895982234
0.02196949507376949 0.017885467231652196 0.26072171922648374
0.021996056919371138 0.01781007671060955 0.2606859904216458
0.02202157225125629 0.017712660047589073 0.26062592446868776
0.025914961736804597 0.00733960882075352 0.258527755924727
0.02591665565575171 0.007268116163367121 0.25854384774496075
0.0258685316216897 0.0070423230162671175 0.2585123784652059
0.02583457423894673 0.006969773119217504 0.25850738451933786
0.025822782492892906 0.00692324591128906 0.258641785891903
0.0257796576625997 0.006875064969687652 0.25856952057533567
0.025765777398001937 0.006818463969771022 0.2586849339357543
0.025773557297781382 0.006845410193229394 0.25867438739126075
0.02417810856656266 0.01146698182794177 0.2589504838575086
0.021851240792708563 0.018315954374653828 0.26105548441358545
0.021890824461680686 0.01815215438361206 0.2609104063470647
0.02171424616332287 0.016181434522265295 0.2605637760811578
0.0217102880539537 0.01620020567498411 0.2604622203422958
0.021837358640423094 0.01617644281229734 0.26053696035976465
0.023814304865783516 0.011529219960535617 0.2588736321831571
0.02385713334281856 0.011521502377209452 0.25880531059533557
0.023925832435666664 0.011521880044666892 0.2589067607688649
0.0239475326533471 0.011520037477699687 0.2588262689164847
0.02400488506603242 0.011512977256387641 0.2589254463031926
0.02402449707825983 0.011510044070630082 0.2588648971925657
0.024101194813452808 0.01148575973137867 0.25887331625922366
0.025768003006666696 0.006668325869624156 0.2590360010097592
0.025781364654562808 0.006684228809953133 0.25893662624910846
0.025856554364299143 0.006667731995355541 0.25908042837829265
0.025974301864778955 0.006667647243727352 0.25909635017303817
0.026076565330051205 0.006658324057726102 0.25906385279509325
0.026089911461780902 0.006646446207895016 0.2590008281590273
0.026177031397336088 0.006638808871439278 0.2590366195116244
0.026186868766966916 0.006619889985707426 0.2589484972481411
0.022038014254175706 0.01753839151880054 0.26048138288119865
0.022015677494403425 0.01761677573203739 0.26050021206010043
0.021999564497294236 0.017698260108579014 0.2605138850518647
0.02372706129759728 0.011794389892165972 0.25903462471642885
0.021774725370575468 0.018603605929573774 0.2612559869632649
0.021744260698118627 0.01867378632106007 0.2612131200519819
0.02182582831634971 0.018434627473091277 0.2611818915330548
0.02179839541517477 0.018517965150001137 0.26117474228551385
0.02177815970115373 0.018564456852010428 0.2611553174837816
0.02185040693429203 0.01835002370247436 0.26110294902969056
0.021830696013834517 0.018416120848353253 0.2611192686381841
0.021799239124643696 0.018488912096999134 0.26108196934136746
0.02580123935051923 0.0066649064435695985 0.2589948806319305
0.025821802939266378 0.006665041497119837 0.25905314668704305
0.025755867564404282 0.006678176795683669 0.25901311892076223
0.02577901524680426 0.006670941326100458 0.2590883653836652
0.021761538606313947 0.01618773099023963 0.2605387214862303
0.02174985099309913 0.016184335241410396 0.2604478587238509
0.02183941076299753 0.016175803027052807 0.26056979690750914
0.021830409660521327 0.016170858513733278 0.2604730007069523
0.02745002708455981 0.0015241983785306945 0.2618010303989816
0.02163597657353407 0.016335016120081678 0.2603253150276784
0.02162064392349665 0.016343597301425643 0.26029661484528244
0.02580712180225165 0.006950888552806103 0.25845193907434055
0.025785283992403978 0.0068827005078056615 0.2585529248930482
0.025771216439288647 0.006863877538927712 0.25861046679423305
0.02585883069190733 0.007031892578585032 0.2584935909499067
0.025839400868002113 0.00695291266451355 0.25858731034819904
0.02579801582810415 0.00688389458170246 0.25866050728541445
0.0219347030023455 0.016741702803258745 0.2602063958422794
0.021885647894753377 0.016648053526292277 0.2602488655190239
0.021874942756416722 0.016661295512280013 0.2601807306915104
0.02184057847941597 0.016585343004473233 0.26023283204297154
0.021835291328009647 0.016607097376672347 0.26017678693417307
0.021787668356666668 0.016511544739068316 0.260237924658594
0.02172653420296471 0.016469085124632677 0.26022278847370056
0.0273181452966695 0.0015326678855891976 0.2622253393600855
0.021949278894261036 0.017924626752618307 0.260651881731513
0.0219774582341829 0.017857267248356432 0.26067207629729594
0.021967852723450972 0.017840128825917467 0.2605748845325219
0.022005524430565703 0.017784609034491167 0.2606656232764135
0.022005240482378386 0.017772454596546368 0.2606119074276194
0.02199149059308396 0.017736260480901316 0.2605248128546711
0.022024258614418826 0.01768471033877772 0.26060105404186557
0.021770981826373943 0.016180283717999618 0.2605757182621855
0.021783948898337707 0.016186100607558932 0.2604957352237302
0.021901729021730165 0.016171866583368607 0.2605260041862001
0.022111440055731187 0.017182927919393867 0.26033311887827565
0.022122267318055677 0.017114988435646166 0.26037056160705785
0.022118860111643115 0.017018662008882843 0.26041477196954743
0.02207358610968206 0.016943921207369813 0.26038362082453453
0.02383315255542296 0.012028348258582846 0.25907682850887126
0.023784306190653817 0.011917947626560387 0.2590569238260581
0.023780623844200006 0.01187524013151268 0.2591295066145919
0.022033773005712534 0.01687674168599006 0.2602034264343346
0.02210328385990281 0.017217682003690213 0.26033308734523786
0.02213626787756212 0.01714986178327801 0.2603931746598914
0.025870057571359482 0.007054585790558382 0.2585040712126944
0.025795006373918343 0.0069032236441328165 0.25852578708228563
0.0258105215796062 0.006881346195922318 0.2586920940786877
0.022048537779253027 0.016898692390922627 0.26032976583957007
0.022052897853182627 0.01690776658929145 0.2602255779147454
0.021947690579866792 0.016749847004521153 0.2602361592798484
0.02200465551904179 0.016846269805306836 0.26017033141118
0.021865618472424183 0.01662231603644629 0.26023503555309535
0.021768796546515826 0.016506457709451014 0.26021520636175416
0.025828696573933354 0.006918743466369561 0.25868175180406816
0.025827077050416838 0.006931625909160186 0.25860952766951933
0.0257834006368663 0.006745792370974649 0.2587443903759463
0.02578870164451546 0.00679656578616885 0.2588479958460114
0.025776033603124263 0.006667322781598381 0.2587070754170563
0.025756436745661037 0.0067599237192445824 0.2586902581335473
0.025762689292192876 0.00674316598976691 0.25893282795002204
0.025780523128737458 0.00671496677974768 0.2588038018358886
0.02580461861287139 0.006829589103428589 0.2587756761686371
0.025805069226394885 0.006849860767113933 0.2587185239333451
0.025782999062055653 0.00669592330321847 0.2588728600226291
0.021732981580768217 0.018706521570574557 0.26122400105152327
0.0217248408263712 0.01873510611626407 0.2612381797526476
0.023733806247180224 0.011658240797498788 0.2590184720517441
0.023756122745725805 0.01158503120774752 0.25897046570777665
0.02371917309413463 0.011744041602443321 0.259017373824622
0.021660984489953933 0.01626258037897718 0.2604789660664872
0.02165885768132991 0.01622149582423087 0.26052708666650815
0.02168338268792401 0.016214047938995623 0.26048620612153767
0.02196156515096767 0.016785991604772784 0.2601863183814876
