0.02965815281023554 -0.0013192992013059445 0.26334436372628395
0.029654225154429274 -0.0011676887521755155 0.26331526257623195
0.02965024554288746 -0.0010667316602414577 0.26331191468432996
0.029636465019866373 -0.000955463679802487 0.26328343797605314
0.02961851010016351 -0.0008209313332219678 0.26327532919796975
0.029606062958819637 -0.0007065336158440009 0.2632874123114379
0.029582979825855307 -0.0005970813170261078 0.2632635559547163
0.02956958238562459 -0.0005155218350563366 0.2633005072753433
0.02963646509735908 -0.0010441647018663597 0.26315102155983205
0.029532810262031327 -0.00043105333174194027 0.2631786112016811
0.029516040803338747 -0.0003569421804945378 0.2631716585104079
0.029499999753416623 -0.00029000970365237783 0.2631906412515479
0.029434466449059345 -0.0001390269357541262 0.26311400486842706
0.02939888989584004 -7.608499720898306e-05 0.263011143285058
0.029335170785844675 3.932662359258302e-05 0.26293385644591083
0.029266133636746804 0.0001552627894538076 0.2628381514116137
0.028680301344224023 0.0007075021598220493 0.2623985447258674
0.02833019819048236 0.001001771234902565 0.26228558409471037
0.02780737905084635 0.0036857648609629643 0.2599737558494253
0.027775184899356258 0.003748347438973207 0.25984166938592723
0.027766670605532486 0.0038266443623189116 0.2598494830403406
0.02774783678840953 0.003927092325523302 0.25986346802945953
0.02772987056475438 0.003920322387748613 0.259750101304844
0.02771109586559202 0.004008975724774086 0.2597408255889358
0.02757850640623323 0.0044402086392846245 0.2594702162357905
0.027541488494692096 0.004545090025938649 0.2594542861523424
0.027474408327809337 0.004677701526162085 0.2593898383803138
0.02735183708349511 0.00496278515682475 0.25934334573470735
0.02732543342946101 0.004992823197812428 0.2592591931824747
0.027289418954605196 0.0050888926100877445 0.25926846997749975
0.027249709317214037 0.0051361543395866726 0.25917353776103447
0.027226503185609447 0.005206717817329507 0.2591922645003337
0.027158393296738467 0.005323798903628962 0.25911654882184554
0.02709113225362649 0.005444505225717701 0.25906319972169095
0.027021733930392564 0.005569955447046809 0.2589881452661218
0.027005203037108495 0.00561492188522278 0.25901179891710846
0.0269369953888246 0.005742391348963891 0.2589459994252475
0.026902962306307194 0.005820994495341446 0.25895426269178806
0.026835811109399012 0.005948673856514869 0.2588836143182461
0.02677472704611512 0.0060837515167273095 0.25881500586159345
0.01960684080130925 0.02376989322780622 0.2659268360558935
0.019576479171446635 0.023843748274069355 0.26598594226177363
0.019543866323721817 0.02390734662435902 0.26601559081829335
0.019525841944024225 0.023947953874830764 0.26605430349251835
0.01940467825948482 0.02410793351610631 0.26605405747181493
0.01938145664496003 0.024143936953102067 0.2661126745388122
0.019327527059393036 0.02421104372009473 0.26615618796460644
0.01928170384879132 0.02425616411880783 0.26608876288403466
0.019256560987245087 0.0242838755735557 0.26613470346728085
0.019211598195994925 0.024327588148198145 0.2660345650070316
0.019155882784680518 0.024362549150250434 0.2659452480826694
0.019131529267712773 0.02439683429377438 0.2659986704538712
0.019077085664029273 0.024425301786325272 0.26592428918616334
0.019022626832738056 0.02448290881893394 0.2659679109890655
0.018931646721423362 0.024540547439868873 0.26595449629481316
0.018866406244454608 0.024584370682870567 0.26599649709168305
0.018832379662238965 0.024614204383873822 0.2660638619830374
0.018817697368071096 0.024637540665528458 0.26614061376214704
0.018731306512242373 0.024689796515048358 0.2662005480004431
0.01867867191408193 0.02471740458512757 0.2662548832444656
0.018623524300236775 0.02473550267141348 0.2662035751187936
0.018570881810607665 0.024762101624331914 0.26628101190649367
0.018598708143812658 0.02473524917031416 0.2661323198697412
0.018556583102494497 0.0247600077794546 0.2662010162274857
0.01846221348360771 0.024802445878980194 0.26627627156643147
0.018425401789110746 0.024808808819387497 0.2661975207274668
0.01838880797700225 0.024828328150039845 0.2662859613417018
0.018314260340595866 0.024845890771631733 0.2661994377407073
0.025591025675936355 0.008204964110129439 0.2582546764613931
0.025566504332983096 0.008303035822353467 0.25827076658262377
0.025544336642956647 0.00838144257774428 0.25826043778656715
0.025526989669062243 0.008468913183076243 0.25828845020880375
0.02530326635047385 0.009093849971715357 0.2581671744963745
0.02486877705216543 0.010299568812917458 0.25829866656277267
0.02483818762256553 0.010379225726667635 0.2583180433269132
0.024812665852007094 0.01045658507138992 0.25833243510274867
0.024692455110380075 0.010754193701803418 0.25843829249786504
0.024669164663080514 0.010812764887925513 0.2584588645643836
0.02463182430544607 0.010906552983676219 0.25850459537879994
0.024606429818313208 0.010975051802170526 0.2585375382913631
0.024476249600489608 0.01124321134465428 0.2585568625057658
0.021017818061293124 0.020218149544520836 0.2619044929685063
0.02099670270803956 0.020256350553681343 0.26193164288850784
0.020956476176051043 0.02033906965629973 0.26199362261330716
0.020940479621657935 0.020373804364413516 0.2620467389318902
0.02088351114220206 0.02044754632553305 0.26209712152232306
0.020856191467468702 0.020473433007131912 0.2621259336792756
0.02123113796632976 0.019835025332832518 0.2615402186270639
0.021200138053375554 0.019899680892726042 0.26159377490094166
0.02116295075478198 0.019961513034930954 0.26160843767058684
0.02112436800347722 0.02001847350244146 0.261668361354909
0.021093212695014685 0.02006558790907441 0.2617305030288663
0.021061408994526798 0.02011994211425215 0.26177053859948524
0.020851689976722383 0.020466497955778533 0.2620012879784118
0.020807406395313834 0.020511322362006583 0.26205086354925017
0.02075191431093262 0.020560073556572536 0.2621209581574553
0.020700456256912185 0.020596189405621315 0.26216181935082883
0.022552835517100304 0.015961402612919937 0.26019419667889054
0.02251334813862777 0.01602172155821375 0.2602368609693453
0.021324895265624543 0.019608244592532152 0.26133034638555064
0.021301540024566457 0.01965435267312296 0.26134686147015057
0.02125921857129734 0.01974298827973603 0.26139457884993555
0.02122480895621752 0.019821302336845724 0.2614278220274172
0.021213179737246738 0.0198607801524308 0.26146383929886796
0.021173181808354716 0.019940858099799022 0.2614873931399484
0.021134729963408164 0.019992084370967077 0.2615534928469252
0.020709608006393716 0.020576821713046298 0.2620292248284466
0.020657130780544798 0.020611922538251934 0.26207723283337364
0.020610246612055013 0.02064946854010244 0.26215354229799037
0.020570455818816436 0.020679022763785145 0.26221002625355255
0.023100670612715923 0.014786327132744631 0.2594519425010629
0.023068524982265998 0.014866075673928968 0.2594900097773239
0.023048048674445137 0.01492712337698629 0.2595074873191836
0.023013907416940486 0.015005720130477936 0.25953872608478934
0.02299419437982284 0.01505650375754594 0.25955157683921926
0.02262389515316558 0.015828228287063262 0.25998325993800614
0.022585984136930932 0.015891718020293363 0.2600249233358805
0.02254498198670511 0.01595569912194761 0.26003164669872725
0.022366082240477474 0.016231334397281208 0.2602979831734945
0.022350548140596328 0.016247276747888797 0.2603563307381222
0.021482887045802722 0.0191701186286432 0.2610167819223816
0.021451651726461705 0.019248638749773235 0.26104402877730803
0.021427545313346334 0.019319583523341295 0.26106767296581374
0.021409151026792604 0.019393261038511793 0.2611111058160597
0.021385856739696302 0.01945236826378302 0.2611395503693064
0.021348116252860455 0.019518303325657148 0.26117077451971993
0.021322207830632493 0.019580818396635252 0.2612241164821723
0.020525085593853642 0.020687769824408966 0.2621328914675136
0.020471082501867355 0.020722371451497357 0.2622050890122003
0.02352921042685863 0.013260677527122594 0.25898171633169326
0.023489206166773847 0.013408252963415662 0.2590260223931068
0.023459391385986218 0.013504320166162837 0.25904055095817435
0.02343698853638396 0.013571338402647393 0.2590479439689413
0.023423143427856993 0.013639571488168904 0.2590837035887672
0.023397438923999855 0.013717534902689826 0.25907368607521897
0.023376563663589724 0.013806576894475961 0.25912622787859074
0.023352365398332603 0.01389175555886492 0.25913963346292934
0.023333010358714015 0.013964790576119018 0.25913600440023105
0.023314827998036764 0.014058903447817598 0.2591891701170121
0.02328369945945523 0.014144699692356768 0.25915202102000073
0.023265129143304503 0.014230384213456727 0.2591998441347248
0.023250383193876553 0.01429333826387586 0.25922897691714064
0.023227130386849097 0.014379307978084935 0.2592306857776254
0.023202870296687095 0.014469054048061775 0.2592335708684453
0.023185947613009354 0.014522931760583014 0.25925438061545525
0.023145346210129897 0.01463111475467462 0.25928141759704726
0.02311613173587826 0.01470661932978919 0.2592937299092171
0.02309454609730187 0.014765781707479756 0.25933156600538526
0.023076493543465994 0.014818881437353009 0.2593796581979677
0.023046140250942936 0.014898536536270802 0.2593941200322015
0.023024389831951382 0.014960893762713187 0.25941432330134556
0.022985943540547896 0.01505796465549506 0.25944986920760565
0.022965925437153697 0.015112304454356445 0.25946192304501153
0.022940446917796994 0.015176400467754111 0.25948810666427835
0.02290951113326062 0.015254922568970784 0.2595316608174172
0.02288554006648072 0.015306778008986893 0.2595446388526371
0.022841518217092228 0.01539602334785309 0.2596041093332729
0.02282329801626849 0.015442781962107641 0.25964679964218434
0.022800885791614874 0.015496349688497927 0.25967629662974995
0.0227644295402216 0.015565986308498488 0.2596838026266358
0.022720205545513596 0.015649926608681163 0.2597269223946928
0.022700440360140246 0.01569460345028451 0.25977437603703457
0.022658287777757972 0.01577399998820362 0.2598101081887326
0.022633244873800973 0.0158117808266065 0.2598342357914105
0.02259646325692092 0.015878376491518527 0.25990000996167983
0.02228580981207873 0.016293550043401127 0.26027819922755724
0.02155087420478317 0.018927225768776694 0.2608058172655321
0.02150195164904417 0.01907842604440394 0.26084980814061093
0.021482089594134317 0.019151767179551374 0.26090095727911833
0.020375868406124042 0.020749199207329497 0.2621863000024128
0.02354236668301275 0.013144373661739874 0.2588474173364586
0.023531853490248347 0.01319969738937537 0.25886778746258526
0.02350214459928995 0.013303046331546416 0.25888277029443185
0.02341898263535691 0.013607085831739838 0.25900464271328416
0.023193394649708095 0.014445982576647746 0.25912297928503536
0.023179835990150565 0.014509572802253538 0.25916045389722037
0.022786011944243165 0.015492920670290088 0.2595736745673145
0.022638865510039796 0.015781379282237204 0.2597206020272897
0.02222624056086326 0.01630837871056566 0.260183734885397
0.02219984999459044 0.016328385860625946 0.260234431172818
0.021697819199363887 0.018399009682905178 0.26050945114382756
0.021635450247160837 0.018612347207460835 0.2606073640368371
0.021620406789177787 0.018667023815821422 0.26060860941633296
0.020257349612477174 0.020782283749215286 0.2622271240791408
0.022138839489428647 0.01634843440001473 0.2601648376010724
0.021758103754450222 0.018199849079630556 0.26035401713911366
0.021729269769868265 0.018286378019302205 0.2603660370239891
0.021698601986643154 0.01837118929091377 0.2603955281223017
0.02168152163537133 0.0184369294330676 0.2604174569779498
0.022074031656797128 0.016368696672705366 0.2601016022934112
0.021836576143454026 0.017809222454979602 0.260111997382941
0.021816196857694356 0.017888842320411158 0.2601323146204647
0.021813333162792187 0.017956556553028732 0.2601680899395062
0.021803696930726965 0.01802002224482597 0.2601860022089403
0.02178219120474464 0.018099423099554722 0.2602224713152951
0.021758871963133947 0.01817428354850218 0.26025293136378636
0.02184309802546877 0.017753413873457517 0.2600161245286836
0.019354627733250317 0.02167614827262173 0.26376032473980476
0.019338904797369928 0.02149792347166271 0.2637052396164918
0.019332788948189784 0.021373888736693228 0.26369544212651475
0.019374683595340034 0.02184524153481538 0.26387508288843287
0.019318208086367132 0.0212630036184437 0.26372548879220786
0.019534713341625983 0.022558915123172464 0.26490497368132565
0.019272292746630927 0.02113825350040789 0.2637407237167877
0.019416997933758746 0.022217261426026 0.26416907518494415
0.029488476421022643 -0.0025069807877882 0.2639179192825072
0.02952160806774745 -0.002388238012143872 0.26390520636712306
0.029557425204239825 -0.002160444627623199 0.26371788925978334
0.029548673500116827 -0.0022397047610138317 0.26381288333922964
0.0295443060265683 -0.0023075733524494887 0.2639088255716994
0.029603676298284552 -0.0018646181265129778 0.26345891739212074
0.029600120771264192 -0.0019430574917651102 0.26358032603352033
0.029586970721277556 -0.0020564028159734122 0.26369637562104836
0.029586477594256054 -0.0021110532582144636 0.26380815134242197
0.029628685856217103 -0.0016514613883113606 0.2633168652218762
0.029627218138097978 -0.001733889180087976 0.2634257063691796
0.029622296043448813 -0.001812527277731677 0.2635411676751797
0.02962017350084773 -0.001877990433517177 0.2636232335441356
0.02961112796508297 -0.0019793994067042087 0.2637512991454495
0.029640696962750124 -0.0016027146953787688 0.26339560382199056
0.029640401390939874 -0.0016851586083424376 0.263511745463328
0.0296392964623921 -0.0017565083517778737 0.26360742259039904
0.029648536324245755 -0.0014763021245570369 0.26337393129445946
0.02965273272767512 -0.001547401486320174 0.2634793472555619
0.029657407964287837 -0.0013787677736540967 0.2633724300959705
0.029661643153987612 -0.0014168734930468856 0.2634585150959286
0.029643419713162384 -0.0011018386223284812 0.2631840172310263
0.029648265640510697 -0.0011493690187188508 0.2632476371744963
0.029661279443098133 -0.001227407068486981 0.26337477615290394
0.02966491892841482 -0.0013141727240055113 0.2634229883730256
0.027804906623143354 0.003009472640681804 0.2600366678402415
0.029642468528002393 -0.0010423206624591268 0.26323968396076486
0.029659920604362164 -0.0011113951832049463 0.2633889981229012
0.02783185842466296 0.0031107971717181256 0.2599811584896317
0.02783060314230896 0.003060574432347952 0.26007550464226314
0.02781902886778592 0.002994292567140867 0.26016180562379837
0.027763571232688692 0.0015213866107983314 0.2621291521490144
0.02783340192480343 0.0014625000747015334 0.26214220604518745
0.027946683792415335 0.0013682215134546492 0.26216480910382056
0.028003354889642968 0.0013209016325320439 0.2621669482645188
0.02805898618451315 0.0012747690981226914 0.2621712886792493
0.029628438829049166 -0.0008871375464411433 0.2632898608384102
0.02785411035777885 0.0032318643123671656 0.25998140410653753
0.027858153767208335 0.0031776134033404783 0.26007400790025004
0.027848054478610173 0.0031041841403838676 0.2601734892468004
0.028396166325297234 0.0009482728087626054 0.26232754235598965
0.02784528006934334 0.0033830715402831243 0.25997745225480495
0.028921964688012846 0.0005154778606035644 0.26253169141969956
0.02898340334546413 0.0004530984203707315 0.26255707716386506
0.029590352272854357 -0.0006318452034340035 0.2632696305680427
0.01942991183708683 0.022262555021166648 0.2642620925340788
0.02783423034675141 0.0035040815345972363 0.26000245740041
0.028986044571867913 0.000481083986959303 0.2626333544067739
0.02902585955329635 0.00044547236814971143 0.26266651075397346
0.029085322824684644 0.00038244466112628123 0.26267183666264415
0.02914235602802051 0.00032883175178022745 0.26271846256712517
0.029188121645598825 0.0002710715878840072 0.26276012673895627
0.029500285423756552 -0.0003162405977093655 0.2631403304754711
0.029528962364351777 -0.0003967143532006025 0.26319597733931127
0.02955516511475419 -0.0004663605188693071 0.2632832265666946
0.027756676267296117 0.003818555412271486 0.2597935622115703
0.027783361295419105 0.003723204950320751 0.2598684643315659
0.027806193066499518 0.003667184750147935 0.25993868022507977
0.027824119736708272 0.003605609268583421 0.2600085500924426
0.02937075292015982 -1.0583448664827882e-05 0.2630323759871443
0.02940836241555028 -8.241013639904803e-05 0.2630729824359624
0.02944026204770015 -0.0001491039718912785 0.2631378044436142
0.029473404361855568 -0.00022140002881159684 0.26318192898628834
0.027654369842065138 0.004208832000112161 0.2595807689578242
0.02767994266740621 0.004122293187775839 0.2596435181631059
0.027701198406454554 0.0040402725266026505 0.2597095137780982
0.027720704167547093 0.003987814601630909 0.2597704545730705
0.02774555365188798 0.0039132900267426305 0.25982428159384746
0.027767683425580853 0.0038438151724466967 0.2598869389767873
0.02751655154606735 0.004590670736295245 0.25943033153615547
0.02755713206634845 0.004512594807146124 0.2594683015303771
0.027587488368826022 0.004439229931979968 0.25950813204621315
0.027612854921757406 0.004372597764822877 0.2595679883240151
0.027645819671634406 0.004283293067216419 0.2596115283900574
0.02742276303241868 0.004789830825864766 0.2593511079876975
0.027446661595740923 0.0047608293631423645 0.25942410513648495
0.02748172667012733 0.004684120842690167 0.25945149349803354
0.0275185047392699 0.004617582233724416 0.2594932064066714
0.027060843632761025 0.00549177087362733 0.25902377052345227
0.02710730948066972 0.005402899327713327 0.25905576225058574
0.02713343145965384 0.00537004279140079 0.2591016075222665
0.02717777153818716 0.005291886271609445 0.2591402413138198
0.02720347202101446 0.005244858249597429 0.25916372923471703
0.02725005506917745 0.005165146503625931 0.2592121016739569
0.027279543713173236 0.005108106651764501 0.25924991313485074
0.027310117142378732 0.0050558226526228635 0.2593179307491897
0.027392303448060134 0.0048906585304165995 0.2594066548383329
0.026892175881979785 0.005832213288243267 0.2589175213875645
0.02691959106089485 0.005781812507102072 0.2589561340865819
0.026707271419001657 0.006215109289244493 0.25877703608979985
0.026753932590361046 0.006136557885640327 0.25881546815166473
0.02678913256297087 0.006069170865846669 0.2588791203950787
0.026675495934357567 0.006289585719099222 0.2588426095514417
0.026699911474059056 0.006255689558143755 0.25886947956434764
0.025722993194634083 0.007598966088843845 0.25830509675499236
0.02658128855655134 0.0064479349142494095 0.25887023016262567
0.025696929245679564 0.007775892574846618 0.2582753006929105
0.02571324046226667 0.00770730724538168 0.2583160789456394
0.025682233920941527 0.007889996023235094 0.2583104263231072
0.025637276639764835 0.008050393533973884 0.2582763554657948
0.025662248602501405 0.007988854471687876 0.2583439911382616
0.025582432953309347 0.008237174746217898 0.2582577991270228
0.025610320363470544 0.00816594650923031 0.25832251169156906
0.025540220724920893 0.008393936220454487 0.25825211642787077
0.025559018713425575 0.008339286169111228 0.25828325015421955
0.025262172137098627 0.009213639035231065 0.25816675142533835
0.02520873569328627 0.009383102717948575 0.25816434468220345
0.025238377006392587 0.009296614780119011 0.25821115993257465
0.02515279943324735 0.009545866368408328 0.25818595090820146
0.025088638229290784 0.00971815296063439 0.2581826588957545
0.02511965060235518 0.009655266017022459 0.2582362431391478
0.025065740782805882 0.009810677229593964 0.25823064323171907
0.024995713947682276 0.009969721613376276 0.2582453880257117
0.025014759664992246 0.009925829882431401 0.25827785132817477
0.02496184938666513 0.010067700153947366 0.25827799488073755
0.02486281519353189 0.010313403948531101 0.25829005058551024
0.02489216337467343 0.010235890168512271 0.2583169776568487
0.02480395317895457 0.010463688585530881 0.2583047996777449
0.02483380862468538 0.010398910691297045 0.2583354064903664
0.02458622991716464 0.010997863115066538 0.25848672591986227
0.024550441394465126 0.011094257573067761 0.25857087122222466
0.024584348786918116 0.01103851937569993 0.2585919852055348
0.024479682596261085 0.011243768224649103 0.25859253895492623
0.024502361618851488 0.011203412781927167 0.2586174149549476
0.02438233009782753 0.011409894185741266 0.25866431897651965
0.024419910843062 0.011359691422019307 0.2586689779680739
0.023670683442727526 0.012576477046011156 0.2588782327874564
0.023611842273803887 0.012854808153551233 0.2588073004216759
0.023631996738133595 0.012765559295599428 0.2588313628783645
0.023655884094230036 0.012693542345472661 0.2589096061893446
0.023590660148886836 0.012953128517642108 0.25882389243448434
0.023617694912819363 0.012872520176619034 0.25886601576171075
0.023565778745949752 0.013073473887537835 0.2588679023950902
0.02359048644793131 0.01300829980846936 0.2589061300785196
0.02352139652604998 0.013241481587707197 0.25887749506628116
0.023553380341404945 0.013164543388737439 0.2589301910964412
0.023499866221085894 0.013331903983903952 0.2589278610938611
0.023525104714453748 0.013266641920664665 0.258950056727537
0.023469234530201815 0.013440283450318316 0.2589718358067461
0.023436756852429387 0.013550464984463058 0.2590059854199214
0.023384692747493746 0.01372331255270413 0.2590278358119178
0.023418855307828574 0.013632844403864882 0.25904399794101557
0.023358097502516263 0.01383142264078229 0.259074909418114
0.023387145949049556 0.013755296297185037 0.2590907330764935
0.02333517467507107 0.013925092626915334 0.2590966426019524
0.02328803956056593 0.014102026071902456 0.2591054532560467
0.023316858675631314 0.014023532890036373 0.25913340763508425
0.02325199029437393 0.01424042086796516 0.2591327568332808
0.023266296964176567 0.014193449508327185 0.25913638217090873
0.0232909151186177 0.014142449543041426 0.25919434578805556
0.023218359576590204 0.014374005161541093 0.2591546064037837
0.023248821613515123 0.014287790138454225 0.2592038482010756
0.02319125782936592 0.014496424574380171 0.2592088616031434
0.02321716704018669 0.014422961347138047 0.25925461105491937
0.02313573515757435 0.014635644805214978 0.25922338752285384
0.023161369858407253 0.014583822201637241 0.2592614683207924
0.02319489009735128 0.01450100194973601 0.2592956014374997
0.023133064745145905 0.014676148783928795 0.25931883881465134
0.023162314215124345 0.014609821999239376 0.25935203327712225
0.023092085082343356 0.014783868970644518 0.2593721955650257
0.02292416314559268 0.015191745577945526 0.25942437691489856
0.02295351284668597 0.01512007612774204 0.2594152611838112
0.022888781615779046 0.015286769047137272 0.2594877887769656
0.02292470196821836 0.0152154125218974 0.25951166334473813
0.022954333174424132 0.015155670919887837 0.25954139507035456
0.022838107452222502 0.015389917933422231 0.2595549481382344
0.022881701086068882 0.015317799663420242 0.2596144416531751
0.02276421201610583 0.015547745914555796 0.25960795430950173
0.02280520312915769 0.015477140990238105 0.2596365520841153
0.022837820227964226 0.01541576120542373 0.2596720485822748
0.022726964972610217 0.015630309886478448 0.2596857637715947
0.022753107345619035 0.015592729192181277 0.25972143666816355
0.022627640134790614 0.015806497284948068 0.2597608611950698
0.02267154417672414 0.015745404613179886 0.259762144416845
0.022710193486591822 0.015675819590654824 0.2598129591232492
0.022584629164248384 0.015886722223735876 0.25984110726730714
0.022612211339763794 0.015847736319716615 0.25985434821446485
0.02266092134624451 0.015771514130735187 0.25986901564012627
0.02256350167290214 0.015920738146222885 0.25995062111449885
0.0226029185984729 0.015863006876504583 0.25996346249196645
0.01950284703654621 0.022486805422626377 0.2647045336816058
0.02186818397231171 0.017685642803706596 0.2600733328145854
0.021821211802652833 0.01784936730144847 0.2600678392258949
0.0218027917212071 0.017944527767438774 0.26011774092137735
0.021820845428515985 0.017882404973107592 0.26015330195590813
0.021782771164542504 0.01806384851976535 0.2601602928928364
0.02181236968791195 0.01798601487859429 0.26018886511389844
0.021758525932107402 0.018157159786177407 0.26022281495586014
0.021781933288689503 0.018109914210333103 0.2602775776468183
0.021752744323845784 0.018207980286420837 0.26031060251853805
0.02177523758846629 0.01812534682056402 0.2603131850497001
0.02172096283685497 0.018313469450643202 0.26038755626449167
0.021698161867520903 0.018405216721229842 0.2604451587013963
0.021628366026756687 0.01862824197263061 0.2605638968669103
0.02165127861914379 0.018535100653345224 0.26059066265013947
0.021631913913767523 0.018657718946981088 0.2606579142386077
0.021607200641455365 0.0187480074846084 0.26071881761408683
0.021622558121263385 0.01870211814989574 0.260745140421186
0.021574026850008886 0.01884915074358589 0.26077469295412575
0.021547073229454563 0.01897006313517196 0.2608684684349295
0.01952099457767365 0.02252214964929368 0.26480504821036804
0.021484366923632578 0.019140991759068478 0.26088585108556167
0.021444968536689115 0.019251739579783204 0.26097444223530686
0.021474507200543738 0.01918702902141281 0.2609945931254377
0.019473492119010827 0.02403846952203166 0.2661056619858068
0.019407860033263717 0.0241086997349306 0.26608084740507987
0.021411403047712867 0.019355763978579167 0.26103592169939804
0.021438642076102587 0.019288239744600512 0.26107438971283764
0.02137233085982463 0.019458903497376945 0.2610943255896433
0.02141394571710761 0.01938615702040243 0.26115334245029453
0.021368132137225236 0.019496809512164003 0.2612307244692995
0.021288995022839895 0.01966107963954805 0.2612878176884765
0.021327796274772756 0.019591784280691582 0.26128758233896904
0.02128614543938383 0.019690300817347677 0.261391768586222
0.021197398662687994 0.019854993749743886 0.2614006141865334
0.021243205397645588 0.019790573744125184 0.26145521498147817
0.019689843959672066 0.02297811654914239 0.2654216106138126
0.019659185737467444 0.02291444862864448 0.2653279647622723
0.02114951163697257 0.019970790978396186 0.2615025278770003
0.021211385398306904 0.01988282963208758 0.261533200384461
0.021100561301135638 0.0200418522001544 0.26162844538922025
0.02113802411463051 0.019998706084977343 0.2616467241569628
0.021085700825410676 0.020085227565228028 0.2617670042058505
0.019574948730784233 0.022672513366017263 0.2650955964212647
0.021027653064875865 0.02018763393233223 0.2618439831716361
0.021071906860007365 0.020119763922078704 0.2618369139832346
0.019566375517907755 0.022676353169397506 0.2649174977019233
0.025596191370076425 0.008203594778252426 0.25829337866073954
0.02563099723228135 0.00809942452944757 0.2583367435326997
0.02562093968209951 0.008112641376175678 0.25828732182140896
0.025571615544986187 0.008275231084119011 0.25825582301398803
0.02558038575459378 0.008279650530044915 0.25832953007756504
0.02565102242153751 0.008019584125036106 0.2583103210778807
0.02554901431227577 0.008380116523504556 0.2582895571596699
0.025669323114149382 0.007939504632409947 0.25829482014530647
0.025509700893980625 0.00849878206607728 0.2582393424631373
0.025699871398319578 0.007820885182810372 0.25835432057817015
0.025686724939419668 0.007834804613930022 0.2582673888546414
0.019420658313831603 0.02409955179542409 0.2661120370158066
0.01951155168812641 0.02398270842376385 0.2661213520310171
0.019486667654778803 0.024006706262155078 0.26604303034540633
0.01955896704031404 0.02389444615920766 0.26605486292489955
0.019624882006458375 0.02375093697325402 0.265978995111005
0.019650128323323753 0.02367327447784391 0.2659056182427738
0.019684776244671073 0.023557880811336467 0.2658402140504291
0.01970923283032374 0.023450767280194823 0.26580443203449117
0.01972208880443292 0.02335637537566901 0.26576599170554244
0.025705112576625153 0.007751033802882487 0.2583053666562423
0.019739234323267744 0.023260126437205098 0.2658182060754844
0.019730702367862913 0.02326638555445168 0.26573180637532146
0.01974086260931869 0.023168195287303295 0.26579254067148833
0.019734635535673086 0.023185299512635177 0.26570251377534254
0.01972158277492398 0.02318643757150883 0.2656138819505909
0.019737529752623183 0.0231001013298959 0.26576553488820315
0.01973253500488336 0.02310258992406595 0.2656910665298618
0.01972154448372554 0.023098950182184518 0.2655936265107541
0.01971142893632455 0.023014943892226386 0.2655808871839171
0.019699972919346897 0.023011409821928862 0.26547568436588387
0.025712944282408494 0.007678393813776542 0.25828626570948
0.019682792277998778 0.022934838563703902 0.26545417432923285
0.01967587107615941 0.0229558776065188 0.26537089938076375
0.019654592187335927 0.022869999481430363 0.2653911274657381
0.01964226406728413 0.022866244257887275 0.26530161196511326
0.01961838221582372 0.022791299381676317 0.26525820994672056
0.01962174820762322 0.022810095897073397 0.26518223025135296
0.019592274526235454 0.022720949533593188 0.26517027021440875
0.01958857496220758 0.02271750526132868 0.2650673015122972
0.019573353653566657 0.022685803273568117 0.26499289764724093
0.019556585175050694 0.022627417118934116 0.2649461164921108
0.019553022653852028 0.02263559068471168 0.26487917666117894
0.01953288274014881 0.02256534047398598 0.26483777949135984
0.019522073308507998 0.022565103114956395 0.26475908673598636
0.01950993094951749 0.02248825171887428 0.26476562186707703
0.019497645349216323 0.02249786979652671 0.26464456015261895
0.019490817180269928 0.022489357409083192 0.26458847267211905
0.02545724162579413 0.008659004099429303 0.25828060501407496
0.01948759331212904 0.022426660756765457 0.2646406593185177
0.019476624152663543 0.022413049233955526 0.2645480176875553
0.019462541040882794 0.02238707903933749 0.26445274316234485
0.01945503399711808 0.022307413038451303 0.26443780717905935
0.0194440492787607 0.022295688957650807 0.26434680024090645
0.019420483438859507 0.02224835144900053 0.26420273772682124
0.019423718767639576 0.022175692889402243 0.2642121720717793
0.01941160113880182 0.02209268215557899 0.26417102569233397
0.01940013478547194 0.022077529918996447 0.2640758290076867
0.01939423706137024 0.021999168851633603 0.2640513360929523
0.019385062330297232 0.021900631448410042 0.26395560513152566
0.019364797775144858 0.021744397352919248 0.26381587508711607
0.02557750732515055 0.00713690079924192 0.25827408196133345
0.01935930362066894 0.021582462317661116 0.2637717976958304
0.019361230815685377 0.021486366836480086 0.26377606255408564
0.019350044869387302 0.021404714011846022 0.2637414938148157
0.02573156525604384 0.007565575729929795 0.2583637215543079
0.019332399924078106 0.021329740445959998 0.2637167849657255
0.019311113890308124 0.02121509235523359 0.26374682127307375
0.025722099486696622 0.007470971798709742 0.2583312743308769
0.025709951379858487 0.007489179687913187 0.25825992695271194
0.025440368537242162 0.008727975308236218 0.25832870146132864
0.028763324099524257 -0.0036254530776235142 0.2641020168805254
0.02878021180452028 -0.003634739029197872 0.26419145340842826
0.028836115049455747 -0.0035545044711667046 0.2640571459216556
0.028852324385499995 -0.0035649824054917786 0.2641479319652817
0.02890524701259597 -0.0034828949417265963 0.2640151712356443
0.028921529243922172 -0.0034937021697138723 0.2641061453004445
0.028935424403174898 -0.0035021693800836294 0.2641986067469931
0.02898782253409175 -0.003419601306024347 0.26406587630767125
0.029002639312212215 -0.0034295375637289167 0.26415768820161206
0.029048234328166316 -0.0033455538900224982 0.26403125153734525
0.029064270473309704 -0.0033560576112476297 0.26412226060551625
0.029076329894567803 -0.0033652657921817136 0.26421662300672993
0.029119688333816757 -0.003282467094202527 0.2640926734607085
0.02913232038123614 -0.003291709298600028 0.26418668565957604
0.029183025348902523 -0.0032168201600806987 0.26416049481030035
0.029231242592220045 -0.003141618100985759 0.2641372588735913
0.029277228881041166 -0.0030658367658603176 0.2641152136431078
0.02932148272337923 -0.0029894317404867035 0.26409429043742694
0.02936057857800556 -0.002912397811886638 0.2640778900564716
0.02936830990403288 -0.0029198455342849773 0.2641727125418268
0.02939377851172746 -0.002835016282650653 0.26406595485081913
0.02945249603215177 -0.0026792455724162427 0.26405269345842297
0.029478513286937624 -0.002601600700242482 0.26404902647348594
0.029499251361393208 -0.0025044819184537256 0.2639777546684594
0.029504281956333655 -0.0024336031055119146 0.2638804972034992
0.029517872199269636 -0.0024303771327190333 0.26395761738890144
0.029523820717771845 -0.002350849589304801 0.26385897263249686
0.029540700960228185 -0.0023432164593149936 0.2639537574426785
0.029549833851783024 -0.0022654626339258304 0.26386784476358394
0.029558605049179065 -0.002185305658872874 0.2637719821825285
0.029569739591038362 -0.002187992499714516 0.2638445218038667
0.029571028573543538 -0.002107129130929863 0.2636893830752624
0.02958041049298194 -0.0021044521605665797 0.2637459028356771
0.02959747456549839 -0.0020067378023238174 0.2636813480239095
0.029600731092845868 -0.0020328844017089595 0.2637691668833317
0.029616268710822947 -0.001930965002498045 0.2636863453239883
0.029631008594580732 -0.0018566419554184896 0.2636719476922517
0.029632515864632322 -0.0018111173377865978 0.26362158365819505
0.029626530946691484 -0.0008406746915387976 0.26332313208724806
0.029618194157931217 -0.0007657657522723714 0.26332287387968084
0.029597351567137095 -0.0006661790011201613 0.2632728322419785
0.02956798069262938 -0.0005499955783183057 0.2632367494067697
0.029577581815952957 -0.0005508463155394376 0.2633026690091434
0.029536773875828447 -0.0004567224113360376 0.2631674731265127
0.029552102357477805 -0.00048416042241577865 0.26322992281024543
0.02952503665366456 -0.00037100059026794164 0.2632054945916166
0.029541409109902838 -0.0004039747058391251 0.2632817958804591
0.029485798486502252 -0.000282913537874627 0.2631161949967777
0.025711707669296518 0.007398168714358519 0.2583332268779511
0.02569346024254296 0.007392589849407363 0.25826338456568465
0.02934674811013998 1.799868716542642e-05 0.26292439428495684
0.029273392640720923 0.00013449450658675578 0.26281298397455594
0.029291512551765486 0.0001110260004212749 0.26288363460047026
0.02708112054497697 0.0019424691787472694 0.26058092150295054
0.027097623278019747 0.0019335100084064956 0.2606727458982326
0.027105840402628905 0.0019280095869639914 0.2607707346303763
0.0271005637513921 0.0019270952063681647 0.2608814128204584
0.02708388047067209 0.0019320989276107128 0.2610115977651261
0.027160083848554627 0.0020113102173770483 0.260530936523322
0.02717936554348491 0.002001163713712368 0.26062053907018307
0.027190181941287042 0.001993601117591428 0.2607172373316902
0.027187677907158862 0.00199152984900668 0.26082479371067135
0.027172732869366164 0.001995235191762504 0.2609543651206367
0.027139929968474388 0.001982331779078883 0.2610426975373036
0.02725557482161507 0.0020703944442374313 0.2605731137944552
0.02726992231668003 0.0020625268612525596 0.26066611869230133
0.027271132391095017 0.0020583311573719306 0.2607704945567953
0.027256391820578395 0.0020593724972107607 0.26088777456400963
0.027246252751723408 0.0020712525403140175 0.26099857651642294
0.027326998694432312 0.0021410474844628623 0.26053035656233375
0.027343742402741695 0.002133129425399241 0.26062041873792774
0.027349270831434982 0.002127101374213872 0.26072108402030003
0.027336942291903626 0.0021255129894518984 0.260837755706012
0.02731697479816643 0.002129927254352377 0.2609542049604504
0.027392359457083355 0.0022129287631184142 0.26049280950539844
0.027410542439887216 0.0022038742128438838 0.2605819837189115
0.027418250854113556 0.0021976053053776603 0.26067999970867495
0.027411447451476688 0.002194419121303094 0.26079414028797787
0.027392286692440922 0.0021997621367170136 0.26092966039718485
0.027470755224892354 0.0022762230529924403 0.26054898895946305
0.027478696894380053 0.0022696957263530636 0.2606466002128751
0.027475636569871637 0.0022654981742151812 0.26075615200140434
0.027466869908420774 0.0022754376121730487 0.26089084928912776
0.02750918717792213 0.0023559139310144047 0.26043193029790207
0.027525153277010096 0.0023485614834538155 0.260522197430873
0.027532723262917707 0.0023422841891689366 0.26061971575884163
0.02753100676229162 0.002337675588464801 0.26072493232229615
0.027561194632177412 0.002428993888772201 0.2604073227975007
0.027576424758539175 0.002421332215845397 0.2604987223720018
0.027583329373045095 0.0024149621876744056 0.2605967122732142
0.027609383807345452 0.0025033278394037727 0.2603862657825146
0.027623567748346265 0.0024952909682733524 0.26047860307898874
0.027654464116145104 0.002578072124610223 0.260367014640016
0.027667472941078252 0.002570312583073505 0.26045979328728464
0.027695861016442863 0.0026538104513923605 0.2603501708577216
0.027707126327173443 0.002646478340638109 0.26044416130577897
0.027733429609666873 0.002731171645363055 0.26033594840467733
0.02774312996826748 0.002722471805968494 0.2604292532557707
0.027770841912377314 0.002816517294902527 0.26033190790834815
0.027772112239098097 0.002794121228753239 0.26041397907192615
0.027792582127381737 0.0029123074390583186 0.26021925904402093
0.027792384171065884 0.002887737066122594 0.2602964304693486
0.027805005058693835 0.0029856796352404078 0.2600940126508392
0.02781641088270542 0.0029752307256978284 0.26021899862472425
0.027815752512454186 0.002965195236246517 0.260291409453335
0.027819023259317944 0.0030640580707325745 0.2600073152950489
0.027834254234308378 0.0030533286375669486 0.2601361539727228
0.027835758021576885 0.003051149919219157 0.2602106644257493
0.02539685324720243 0.008827350610046381 0.25825571455618207
0.027848388581471102 0.0031440038420088743 0.26002712818251833
0.027852251795396143 0.0031384073283484424 0.26011997247805135
0.024474773008408876 0.011258714738923141 0.2586234231265711
0.027850478071630023 0.0033018352680315613 0.25995317786412475
0.024534603576379307 0.011139558230643658 0.258613606417807
0.02450884615106413 0.011170143762732076 0.25856510930894483
0.027834621417412674 0.003467789181885864 0.25997466612123094
0.024569627468403982 0.01106021088738133 0.25856709807226924
0.024549589666801572 0.011075137765748401 0.25851380507264327
0.027815461526185796 0.003583514434113429 0.2599455037556713
0.027833168215840327 0.00356175371078706 0.2600332981100559
0.025320510377439223 0.009061690054922423 0.2582198485372855
0.024621822531684264 0.010941669000510853 0.2585367537988994
0.027795331059154042 0.0036681297178757567 0.2598931362108472
0.02781414618962253 0.0036495251857537932 0.259973646883742
0.027789262170322244 0.0037536569329707967 0.25992184607964575
0.024655838681283036 0.010853395373065556 0.25852571906899185
0.024641437644808684 0.010867094045707463 0.25845143091302936
0.02774580245570356 0.003872983672562125 0.25977833111170245
0.027758654227083516 0.003876857289198518 0.25986147666159265
0.02777236246413768 0.003833863802202246 0.25992116010664057
0.024697450464788495 0.01075521134545349 0.25849158525005284
0.024680261666601026 0.010778990429104305 0.25841201752985415
0.02771742959497732 0.003968570559274704 0.2597410651156363
0.02773082235621384 0.003955808405382624 0.2597921994336087
0.027707932022309603 0.004054947407094819 0.25975879544203184
0.02772003296545477 0.004013058170384276 0.2598010068483435
0.02474630044126846 0.010641759382785 0.2585335824078684
0.024724930809678667 0.010663286128676187 0.25846014422327
0.027661466168473276 0.004170025196963989 0.25959757119817833
0.02768932238280396 0.004128393642035584 0.25969344447577647
0.02765616143986461 0.004233232169411943 0.2596022746318537
0.02477001256730555 0.010558003418473395 0.25849308425456397
0.027621133957808634 0.004336396478276768 0.2595547607877946
0.027564176271820538 0.0044744054616338135 0.2594503205832772
0.02759207000440126 0.0044370027088118085 0.2595472526928388
0.024816526269435035 0.010455894553464844 0.2584003163436202
0.024810000882157623 0.01046630608892144 0.25834959611244634
0.027555059372484387 0.004534497471310268 0.25950386187686963
0.02484202918559718 0.010383073495853346 0.2583800039770529
0.0248252061648241 0.010408969058091157 0.25830145465033116
0.027495322650721556 0.004638600316434498 0.2594181387247455
0.02744685214838349 0.0047358100301064555 0.25937647912716105
0.027466021146674895 0.004722800001849891 0.25945679588238224
0.024881397112205106 0.010274513080378245 0.2583448765882163
0.027407192999472654 0.004838586581710141 0.2593657416764331
0.027361802695843256 0.004924673380591161 0.2593217129983373
0.027374213434170118 0.004924236318052672 0.2593878741308137
0.02490874441362285 0.010190893674631009 0.2583040847484976
0.027314467367235126 0.0050250400303845704 0.25925235604284774
0.02732975106601278 0.005012566952381087 0.2593473346271538
0.027235987178512704 0.0051619266940754254 0.2591623041973269
0.02726648901449845 0.005125208177517699 0.25921422486703855
0.024959902241337917 0.010087914979056636 0.2583275214914724
0.024944857707512237 0.010106468933397967 0.2582828200107332
0.027189995660344198 0.0052430230796503075 0.25911699488809337
0.027205270560900455 0.005254285997097253 0.2592077253030797
0.02498688984041223 0.0100094930393087 0.2582916382117673
0.02715566572567074 0.005344836677824588 0.2591585697953345
0.027079957672841735 0.005460984238705952 0.25904592990480674
0.02710558739586222 0.0054277029557318595 0.2591037047730583
0.025017826306117697 0.009909880530054739 0.25823425536424516
0.02702925944386376 0.005565583500806368 0.25901751786956556
0.02697640241388994 0.005661507418844966 0.2589738922849796
0.025070670255548228 0.00980348919763498 0.25826795653625034
0.025052142074832806 0.00981891332735603 0.25819422486773713
0.025100280403818436 0.009707085932695344 0.2582466497643596
0.025688750600255796 0.007309640597827992 0.25833482571021604
0.025126039287258234 0.009625849029456304 0.2582052810276608
0.026799892963777418 0.006034471829126494 0.25886006160904235
0.026731941534405893 0.0061693150251275215 0.2587788114432664
0.026749228884564043 0.006158654947147494 0.25886327713015755
0.025169950085834704 0.009518441826310876 0.2582308058054434
0.02670397052919368 0.006238280095278704 0.2588254828613558
0.026653734223912057 0.006330179982825967 0.258862865034921
0.02519270706410953 0.009438991371073964 0.25818240270531057
0.0252198287671597 0.009340837820601099 0.25815034415491894
0.025356781383949274 0.008935545174873301 0.25817855587541727
0.02536396515424865 0.008937002683077021 0.2582431628821128
0.025675383223894215 0.007266634395489281 0.25834457753105133
0.025648554935678892 0.0072518330222239545 0.25826248389000106
0.025252876988073124 0.00925351878210634 0.2582083394030932
0.02561726923301626 0.00715372357180611 0.25843318466371823
0.02528199326789825 0.009153121827596812 0.2581567977599845
0.02562006168776143 0.007159163755560419 0.25838823047818216
0.019401689578293586 0.024127339272540717 0.26617364162754614
0.019448461603240864 0.02407157664145601 0.2661153868006487
0.01954485717887428 0.02392755762718623 0.26610124141882124
0.019578656099092442 0.02385749060888636 0.2660422831289998
0.019595835365927402 0.023804743312415645 0.2659677429183345
0.019740805543346937 0.023136249894282944 0.2657452137910897
0.02119546463304551 0.0199122981503691 0.2614992900812511
0.021262309699848825 0.019752268066385623 0.26147267721473283
0.021529644848966595 0.0190525413472072 0.26093337707759773
0.01930297519106133 0.021175215141680664 0.2638031753466961
0.019274793433357456 0.02112131302275498 0.2637780382365191
0.021634084512494094 0.018671268336337365 0.26072144592164265
0.021639952899504745 0.018622790776642986 0.260653875176198
0.019248462907105204 0.021060295439682172 0.26378027717448843
0.021663860293124643 0.0185303275211349 0.26068289531077954
0.021675276437456956 0.018459824979326432 0.26061225793011505
0.021682965320892054 0.0184268206888454 0.260525936338486
0.01923075492303781 0.021001231558806135 0.2638314664455921
0.019199478901344203 0.020954469912318134 0.26376762342651583
0.02180890794347806 0.01802931791609292 0.2602310681300094
0.021803231148062843 0.017983167037559845 0.2601510336324198
0.021824606603704493 0.01789191161034847 0.26018445165750487
0.021823378304480806 0.017855025415561998 0.2601205218740296
0.021833710848434957 0.01780837349417918 0.26003955452649546
0.021850614724063296 0.017758869578389805 0.26008024441971545
0.021884245830285746 0.01759060696663966 0.2600501070661278
0.021887965347466756 0.017536508314107822 0.2599761607208079
0.021920236678640473 0.017499447682450826 0.2600842583390308
0.021925441210862782 0.01747134906449297 0.26000612255073124
0.021908142605640973 0.017422646547223794 0.2599446797710982
0.021937077044774253 0.017361801737283057 0.2600502232329293
0.02192819031200608 0.017287369535446948 0.2600782198061222
0.02190889555946626 0.017264190880007677 0.2600406921822105
0.021853053750792294 0.017199993170031846 0.25988492837114424
0.021801620336516957 0.017099737127907397 0.25985763768933656
0.022529685714463305 0.015982946305808612 0.2601245604416674
0.02256919803329376 0.01592551393176196 0.26005778828974774
0.02258860662187015 0.015883322707065474 0.2599859325666069
0.022633950710492977 0.015815708314079933 0.25989162105464697
0.022676872051176182 0.0157451196785319 0.2598239097790318
0.022697379112971112 0.01569227668261399 0.2597353786240696
0.0227526958912481 0.01559360843552997 0.259768703271981
0.022845929001672843 0.015388700573930448 0.2596351304754419
0.022865410100250567 0.015342537641622921 0.25955031268144213
0.022917752600201822 0.015238264468522021 0.25958427738621526
0.022937068622284125 0.015189382680987323 0.2595249505058123
0.02297722966625314 0.01510379152190471 0.25955362984566205
0.022984438161459547 0.015075813811108913 0.2595009530756823
0.02299957066872286 0.01501366165619243 0.2594179267933186
0.023032526776791438 0.014964395966607534 0.25953113625480784
0.023046197409944107 0.014921876502204992 0.2594518695717931
0.02309861264827227 0.014779279811100646 0.259406866075517
0.023114884501507834 0.014725149823330822 0.2593269479316675
0.023150643068552034 0.014646020399395176 0.25936373023244624
0.02316103341769416 0.014595920135456072 0.25930779819781546
0.023167762183402472 0.014558832077792292 0.2592105827767611
0.023193068345290502 0.014512882442560644 0.2593286948811049
0.023203902962052124 0.014470029556236207 0.2592687203789122
0.02320821593098567 0.01443855203336837 0.25918844248498674
0.02323969488937275 0.014325937438984589 0.2592165348542467
0.023237963279339878 0.014298191884243834 0.25915043373989266
0.02325960467635538 0.01426170513664898 0.25923642612667885
0.023271292186060794 0.014195582007895939 0.2591688141058482
0.023271634764000078 0.01415321649678143 0.2591015840894243
0.02330112739976902 0.014081898452963754 0.25914104425239204
0.023330364276401862 0.014001230299510125 0.25918015824046686
0.023327176764778135 0.013951046711512795 0.25909185976559107
0.02336456966466199 0.013846304102912323 0.25912802673922525
0.023370621697550095 0.013793884249467718 0.2590743062462756
0.02340387730399949 0.013671569103969236 0.25903294505889685
0.0234302973818118 0.013599652937358458 0.25905829573084893
0.02344540201651579 0.013516316886999875 0.2589937961345623
0.02347818707823925 0.013445526110209344 0.2590307391521596
0.023475131177041555 0.013410263845987739 0.2589474220501348
0.02351070439019124 0.013322886228458931 0.25898894016619517
0.02351642157934211 0.013277192634990298 0.2589136770107727
0.023543343706464548 0.013209077441606838 0.2589663115213294
0.023553977588647787 0.013137567922892173 0.2588862642010563
0.0235781098233962 0.013072351054679972 0.25893816406085035
0.02357864499453566 0.013009076764538009 0.25884644069905594
0.023606741924137368 0.01293724730072896 0.25889555580137524
0.023605442333452232 0.012902984831895246 0.2588306329017676
0.023629339635088092 0.012808941665305777 0.25886483054338727
0.023643679645326484 0.012742150427803805 0.25888219374583743
0.023671604319285278 0.012631436533790218 0.2589417877753758
0.023657750166127794 0.01263311152545551 0.2588577619546825
0.023688440573401297 0.012549195761274112 0.2589714049255306
0.023682471239055224 0.012517710933531089 0.25889165796088975
0.023694632948676606 0.012449094845678965 0.2589320790779815
0.023679115923176647 0.012398246633377831 0.2588613387682181
0.023655478074707123 0.012297138899356444 0.258831416880898
0.0236291913394364 0.012262171432704031 0.2587723528620311
0.023648313844973217 0.012244971042922407 0.25888723662621627
0.023603047250165474 0.012178197877039972 0.2588094333723476
0.02356598002948283 0.012132148183609822 0.2587583457927822
0.02355869589360542 0.012076629479270976 0.25881219994891763
0.023523789594016405 0.012055631872674333 0.2587207332600838
0.026599433140414377 0.006431143931710225 0.2588955479564039
0.02661452912651584 0.006396495954116823 0.25886477118021944
0.026679356234194082 0.006288650407815668 0.2588694938122269
0.026731826911981185 0.006185654336668154 0.2588204960418622
0.026772511321045075 0.006106215449218859 0.2588699430065812
0.026820307340506788 0.005989424764255349 0.25889157814072405
0.026866037723346458 0.0058893400477658085 0.25891770715544954
0.026949121028990667 0.005728512866030705 0.25898569177163877
0.026950672127974196 0.005703744466147507 0.25893468185241547
0.02700105562864217 0.005601485100998609 0.2589631845978935
0.02703989830622974 0.005532020289996322 0.2589982036859774
0.02707875670403494 0.005476340660540428 0.2590916620803767
0.027181053421112527 0.005299770809041519 0.25918279766133623
0.02716960887496402 0.005280973225535258 0.25909872430219205
0.027220003260555955 0.005230624592711697 0.25922534675033465
0.027261789558995584 0.005151581747442492 0.2592529317711697
0.02730463161301595 0.005055263522672354 0.25926751808271276
0.027339924603269953 0.004978403901621406 0.2593060638553842
0.027381223531406807 0.004892439124254107 0.2593564557682963
0.027429668655000617 0.004795040939322508 0.25938750372913133
0.027463580482046602 0.004715136374436394 0.25942160638293926
0.027501193434326172 0.004642364534730371 0.25946061043486535
0.027539168124840026 0.004571021927070212 0.25949393038253354
0.027574749484342236 0.004483277775862801 0.2595166745968497
0.02760323404712576 0.004404407342476542 0.2595550956733639
0.027630724995192053 0.004318119118924018 0.2595873669028192
0.027661518685454734 0.004239748555715223 0.259638570473616
0.027677848845419725 0.004180728778988468 0.25967090816108196
0.027698028556806736 0.004086162006319047 0.25971887220235484
0.027716976385596608 0.003998698361793739 0.2597608226310833
0.027739613066174687 0.003917149653952474 0.2597877388555923
0.02775783145079039 0.003857213926916923 0.2598252921295737
0.027780647720332976 0.0038027547491864488 0.25994334925602125
0.027777762527615664 0.003785717347788397 0.259881262677628
0.02779963628566991 0.003729287069747708 0.2599739680519535
0.02779794249188714 0.0037025881416761445 0.25992368106554103
0.02781135030259907 0.0036284386056314806 0.25993946418995545
0.027828494300872218 0.0035484399797576552 0.25999628514631395
0.027829988265978094 0.003025536860243563 0.26027314924974876
0.027819450999669197 0.002969355355957631 0.26035656381079725
0.027805275188281717 0.0029003494498181896 0.2603832551781166
0.027186264335423614 0.0020286186017163333 0.26106934879411337
0.02795979014407984 0.0013647172230327777 0.2622050671663012
0.028094574318374203 0.0012423185552994283 0.2621849532831135
0.028169474391396887 0.001175629164335609 0.2623047575785042
0.028184979160481852 0.0011368707237636572 0.26224219955327915
0.02860520252138694 0.0007764983414465338 0.2624042587375692
0.028700464039854986 0.0007041078730356106 0.2624576918806774
0.02882674021244366 0.0006003250680840996 0.2624751646089338
0.02901845744193902 0.0004313732636366971 0.26260422007409767
0.029108596864135094 0.00037347535267813427 0.26272661610946146
0.02916895792784042 0.0002954726861658961 0.26273693398740955
0.029217209572259054 0.0002343359934449841 0.26283127526265027
0.02926651839364137 0.00016091249446320932 0.2628731526029568
0.029315131394975005 6.327207256749657e-05 0.26288785450804986
0.029351400983483513 2.3978327989466715e-05 0.2629975971323418
0.029356065749660765 3.1494953455483586e-07 0.26293876365227636
0.02938577202158504 -3.8190108484856906e-05 0.2630637558584945
0.029422669848055152 -0.0001095996777397404 0.2630930339650013
0.029455050315316717 -0.00018990970589388478 0.2631274627119695
0.029488279355835763 -0.00027030994218029086 0.2631540350993532
0.029519955366738487 -0.00032791618473032146 0.26326224789920866
0.02951750135164443 -0.0003390447119025915 0.26321514912223
0.029540432923591105 -0.0004323701427462692 0.26322789196201946
0.02956536483483014 -0.0005160557762317737 0.26326877529664494
0.029589395915461763 -0.0006014550584819096 0.26331526157800644
0.029603089492900008 -0.0006638251910033168 0.2633210540823194
0.021825873950541988 0.017834412125210537 0.26004662090643366
0.02170584336511839 0.01832945153233556 0.2603475811730073
0.021734876406225328 0.018252064539957487 0.2603084136809412
0.021759337524230336 0.01818010107876932 0.2602806603611439
0.02178646175840922 0.018098855435978063 0.26026045091415373
0.02181282108098076 0.018015025345699015 0.2602449399606897
0.021820027360516022 0.01794294600030276 0.2601924460038708
0.02182877976909052 0.017860658655481733 0.2601701170803312
0.021847542683592732 0.017788561590767568 0.2601370328575203
0.021674764891351915 0.018464783485378722 0.2604688453266304
0.02170785172505534 0.018365277417570276 0.26045495172361366
0.022865871052443938 0.015323860559398262 0.25948606328982904
0.02290849859694677 0.015238161053609053 0.25946204072424706
0.022944226203021913 0.015154245066098351 0.2594352130183399
0.021586432791013847 0.0188016367500353 0.2607074893980841
0.021608817501435784 0.018729770816714585 0.2606728117285075
0.021632626821470782 0.01864266444451134 0.26064448639000876
0.02164947781916274 0.018566786137394868 0.26063971190721824
0.021682574587514315 0.018429484086979357 0.2605643151156658
0.022784945360025257 0.015520280768394108 0.259639644030173
0.022819867975176444 0.015437530787512248 0.2595988808652438
0.022858754042178037 0.015362159160336477 0.2596022011830038
0.022901307664322464 0.015276767280992618 0.25958638188515215
0.022933745680691703 0.015200788728454434 0.25955666909248265
0.022967227093804096 0.01512262435444393 0.25951435114579874
0.023001098836307264 0.015030485186758822 0.2594909684911568
0.02302672127426213 0.014972604743352668 0.2594769279553995
0.02306078706507058 0.014875820527575431 0.2594404795909233
0.02153012999545473 0.01900913038204354 0.2608497996791193
0.021556972083116417 0.01893177782699132 0.26085382758885783
0.021649348926052074 0.01862785326232222 0.26074715572574525
0.022724443535118585 0.0156444456205573 0.2597731130215914
0.022770173571933672 0.015564773833634851 0.25974027779201303
0.022804773546613543 0.015490930309289372 0.2597160625434207
0.02143705155066941 0.0192852507551787 0.26104887708907837
0.02146634338186314 0.019208368942745913 0.26101866756669917
0.02137314396963885 0.01948504798755396 0.2612124875102682
0.0244587567369163 0.011280643325674734 0.2585828168237282
0.024491970977876483 0.011209595647240774 0.25857134411757043
0.02452851711794769 0.011123565339056922 0.2585453774866821
0.024580522177193975 0.011027501207913628 0.2585364394879983
0.024608423854622762 0.010953222301461271 0.25848887743113663
0.02463853521730804 0.010882995302917857 0.25847955145060847
0.02468536546578377 0.010781652822007923 0.2584522399477073
0.02470476115325255 0.01071453809878293 0.25844703996366414
0.02479495607333921 0.01049540592415282 0.25835810625446204
0.02482336880182915 0.01042975127991408 0.25834319935841893
0.02485716182683202 0.010330081913223998 0.25831731108878264
0.022512721160943813 0.01600955641971736 0.2601708247936205
0.022566698023944544 0.015936362250911863 0.26013304801353704
0.024276324055692487 0.011549257915065241 0.2587461237690429
0.024350915292391098 0.011464136106551 0.2587696077129841
0.024405194694625577 0.011393163166966811 0.258732670641635
0.02444837334108204 0.01132343158073642 0.2586921710061802
0.024490060799026356 0.011241490122894536 0.25867332407706994
0.02468772914525131 0.010787880884857734 0.25855190776775216
0.024723150358955087 0.010695870282295135 0.25851466596414624
0.02474912154949476 0.010608693416248925 0.2584680995772527
0.02479210402014358 0.01050854329506526 0.258459381306563
0.024907374579955524 0.010221408485158415 0.2583720568169831
0.024939317169615702 0.010132158959012753 0.2583346622659286
0.02500442149326355 0.009961806244920266 0.2583013161965397
0.02503031797420479 0.009886309333164612 0.2582798208205202
0.02504771473543822 0.00984831229914159 0.25824624574935057
0.02507820818805501 0.009764797640148579 0.2582124198956173
0.025102536909583972 0.009678021632295537 0.2581834160429448
0.025131907869854794 0.009591692389688601 0.258171177118822
0.0251634058031292 0.00950264853166981 0.2581523737641066
0.02123988310302502 0.019808468165814185 0.261508731290496
0.022429311088081844 0.01614171967438683 0.2602825309512859
0.02249081728294182 0.01605334412388361 0.26025869044443084
0.022547660953644945 0.015975174386803126 0.260265929339772
0.025190307124552544 0.009466059642106648 0.2582430541421726
0.025210172449195007 0.009397890252074624 0.2582142098560918
0.02522567020003754 0.009330812327364732 0.2581808840967542
0.025243219576268607 0.009269330032705516 0.2581640471808447
0.02118769128229329 0.01992203630116697 0.26164065050017055
0.025269361431935682 0.009214034486771312 0.25823544663519915
0.025287056104228055 0.009156313057632282 0.2582024229135641
0.025304156663200773 0.0091095418846752 0.2582098901528824
0.025346954131391947 0.008986470295406572 0.2582461816619626
0.025376485253506692 0.00888871909406097 0.258226673590245
0.02539117853210124 0.008859753462143702 0.25831791560267225
0.025416964560650828 0.008775815261334297 0.25828977250979795
0.02543814806081965 0.008709087923449755 0.25826232843758873
0.025461723911330558 0.008670707128378523 0.25834106148047675
0.025483250186677197 0.00859595613428376 0.2583154739766606
0.025508459810845572 0.008521784315517401 0.2582910731477774
0.02553257184023845 0.008433203270198883 0.25825891863100553
0.025566752636130338 0.00832764649809919 0.25832158447302567
0.025583298305493492 0.008251563409190461 0.2582935212496287
0.025601273216783415 0.008167931657927969 0.2582541044556836
0.025641877960819667 0.008057512233309692 0.25833062875724017
0.025653297015963115 0.007994146058169612 0.25828048028241035
0.025689871157900248 0.0078689112729441 0.25834559101586574
0.0256973898231923 0.007799514313536658 0.2583085199031604
0.025712254292748857 0.007779278948780654 0.25839008663631785
0.025718546046917565 0.00770200711827242 0.2583533797958194
0.025724663186295016 0.007628087265591264 0.25833533635142986
0.025722748235629388 0.007544214243875385 0.25829937942452835
0.025707554206567434 0.007462513024480721 0.25825811002629817
0.026723394624178054 0.0062137593763956014 0.2588656334339482
0.027043421974125195 0.0055424439448819906 0.25904228161904364
0.027262225418170787 0.00514833352327703 0.2592288031498549
0.027321878543976885 0.0050256806767419015 0.25929303348784544
0.02736568903530414 0.004932523906229364 0.2593581776814267
0.027421314545241167 0.004830085390463082 0.2594205531496161
0.019178679851677094 0.024355530881027036 0.26600294067953795
0.019237216570973107 0.024304075797902898 0.26608775089658027
0.01938368064245368 0.024134964948996175 0.26606990891386084
0.01944034431129744 0.024069186266756012 0.2660622559604493
0.019560006238904165 0.02387932341123357 0.26600928413421776
0.019285130022054654 0.024254432706269202 0.26619272513750863
0.019361971349625327 0.024173384065591004 0.26616019968407
0.019431508208147524 0.02409242022257977 0.2661480761065567
0.027675713951471462 0.0016133030084851054 0.2621636656474378
0.027775133967227708 0.0015224431315463967 0.26217479826751205
0.02786433018633375 0.0014410655370991744 0.26215797723843604
0.028025587657287195 0.0013175627508642724 0.26223967126302744
0.028092461354604758 0.0012534644913106976 0.26224140389953665
0.028144320333181354 0.001185262403850397 0.26224289155105995
0.028212316294267976 0.0011318680263531107 0.2623165193496661
0.0282759336261897 0.0010650303975369313 0.26231005193492835
0.028361350596094227 0.0009780930478708542 0.262310677862532
0.028494755681215227 0.0008691081610881401 0.2623883731874674
0.02859058888131086 0.0007794379720965614 0.26237198719754756
0.0286397399716441 0.000753934499998127 0.2624574498363436
0.02875486599816536 0.0006585420603150037 0.2624646055731133
0.02879927489927225 0.0006098775222546117 0.2624284414370412
0.028879114835761367 0.0005638923379744248 0.2625435737655512
0.0289464509097475 0.0004875121703347285 0.2625350795774514
0.028943274805670716 0.0005150569221023682 0.26259763601687164
0.029003453604409906 0.00045462167615481307 0.26261900757810563
0.02912377738294166 0.00034251079822650255 0.26268752466261724
0.02916921220906776 0.0003081626491637898 0.26281162923679113
0.029209218098240935 0.0002350171145364152 0.26277055779055974
0.029246278648634737 0.00019069556418761742 0.26284003908789333
0.029282916601329517 0.00012072591149350954 0.2628358496817061
0.029266670378770905 0.0001655218630929585 0.2629368100975772
0.02930743243729241 9.273215570572912e-05 0.2629380027767348
0.029347118256103234 9.813598583264074e-06 0.2629105475482703
0.029328554755233202 6.762542571079111e-05 0.26300726676083747
0.029375378458170006 -2.905979535301886e-05 0.26298174592481793
0.02939528433509285 -5.343960558927243e-05 0.26309278947400816
0.02942686593678822 -0.00013394176822102352 0.26304800940203454
0.029447044303145462 -0.00016287768438673106 0.26315727783199844
0.02947155631800109 -0.0002379919537003354 0.2631228856254222
0.029492327034009905 -0.00025862570542693546 0.2632129789312009
0.02953073617010327 -0.00037500601486113185 0.26324649194868005
0.02666910575838124 0.006304652129764399 0.2588664589250323
0.026570888825990752 0.0064775607123137464 0.2589097846376356
0.026466034316789632 0.006623730226801924 0.2588966892707271
0.026521901219451416 0.0065630907106451804 0.2589361590701596
0.026322028136914755 0.006761043580135909 0.25890049569345924
0.029142238387093806 0.00034115726595090624 0.26276913978055555
0.02919572022609666 0.0002654926485271486 0.2628119889295199
0.029238610106956397 0.00021121450191243407 0.2628836360747522
0.02792252465496883 0.0013895055461947451 0.26215987021445536
0.027777782406365824 0.0015137598841087501 0.2621487884465962
0.027856476426793144 0.001457293094274912 0.26220164803129803
0.027901722818045743 0.001420872110592128 0.26223467703712916
0.024464256440658676 0.011267316873285253 0.2585471850987426
0.02770097868935382 0.0015967802987432646 0.26217338634095855
0.02445195852267714 0.011304719625231866 0.2586437090644719
0.0275150714494977 0.001718108517980767 0.2621616720981002
0.024335698553811114 0.01146961223213066 0.2586669213097186
0.024393496617372567 0.011401898884005534 0.25869768017241274
0.02728734618587128 0.0018089679589484097 0.26212170178795224
0.024200980816961513 0.011603509521338654 0.2586581048353168
0.024323765308897304 0.011495300724899406 0.25874388995531583
0.02403240871487941 0.011700825641607064 0.25861795825345096
0.024115397963257842 0.011676213349932681 0.2587019674282601
0.02419260682420035 0.011620155731025495 0.25872559944582985
0.02283386755944739 0.015417245740742415 0.2596312849763685
0.022790077655587805 0.015520044066110445 0.2596910113049138
0.022817769733221915 0.015459847336368715 0.2596962722900606
0.022695948306541706 0.015682723935027315 0.25968783525432665
0.0227378393482574 0.015619580056191034 0.2597345164945574
0.022691930103795645 0.015714616972931778 0.2598048246486319
0.022627315847826585 0.015826016269942254 0.2599409282391472
0.022563252196667584 0.015923816670286084 0.2599972096125556
0.022613741781697904 0.01584648056298109 0.26002799581255504
0.022544098078086182 0.015961663476063565 0.2600774125908908
0.022594156051774804 0.015886778836045015 0.2600906790357607
0.022540859506884073 0.015972515157563136 0.26015545575052196
0.022531502012183666 0.015995678068903833 0.26021757118605254
0.022460001597969487 0.016092356636280038 0.26025778837115154
0.022265777222928263 0.016293670967096018 0.2602120614671672
0.022340296694244713 0.016249181431398682 0.2602512887511437
0.022396703575304377 0.016192049639008714 0.26031048988852656
0.022230575751705263 0.016320809447382907 0.26027700069961923
0.02231097846361705 0.016283256871243906 0.2603338825714463
0.02174952191020837 0.01822819062210193 0.2603377980417358
0.02171213232859094 0.018333499486678416 0.2603875757639426
0.021691266942518866 0.018431742316821265 0.2604637013896516
0.02164737756843887 0.018558913939397605 0.26060445594962806
0.021667486674708875 0.018497241767459024 0.26064215215969494
0.021595976936592962 0.01875347250600707 0.2606397746656963
0.021626100681291453 0.018681820666638878 0.26067142176383323
0.02165361381753289 0.01859059261943003 0.2606952403812704
0.021570437774845085 0.018839626795898762 0.2607055042096661
0.021605097580336716 0.0187648463641793 0.26075911807275337
0.021567147826022554 0.01887439750319509 0.2608052844359178
0.021508092318525057 0.01909681359151834 0.26090619953879757
0.021474178748998533 0.01918519072131049 0.26096063951337206
0.02141237075712044 0.019381017911014785 0.261097610062442
0.021432835529728935 0.01931776574440968 0.26111327306987475
0.021371786797401364 0.019477446695622083 0.2611576259987646
0.02140033627645222 0.01942544761262751 0.2611796326117174
0.02131314987122632 0.019586178409525493 0.26119267268734386
0.02135233853344183 0.01952742799651589 0.2612317299520325
0.02131026050705142 0.019628172245811343 0.26129797266354826
0.021271397435046115 0.019702163191117707 0.2613313746671856
0.0212287850993422 0.019797776248173686 0.26139564515159547
0.021272998039659666 0.019725796058125203 0.26144557657505857
0.0211812771267188 0.01990570770874265 0.26144502657377683
0.021228588776682246 0.019836326529047217 0.2614994099230835
0.02118037021286996 0.019939538216979462 0.2615423724274108
0.02112064116293476 0.020014595623708775 0.2615999776111089
0.021168078761650604 0.01995694652329469 0.261660095518171
0.02109732800823144 0.020050657848957855 0.2616720885383521
0.021143554675313127 0.019994051619673027 0.26171101671525104
0.017937799186919404 0.024968725420742757 0.2666132454608507
0.01798835361103728 0.024954159174269436 0.2665170889947876
0.021097343966192884 0.02006905767017189 0.2617731547153086
0.01814862035296553 0.024915282641003893 0.2665326766788025
0.018034712480406313 0.024941435376474516 0.26646164678793677
0.01821014633424917 0.024895690154335563 0.2664972756902114
0.018063267214824544 0.0249295635447324 0.2663942877554807
0.021048962358266515 0.020152487911483018 0.26182246746263865
0.01824064416433792 0.024883692188213638 0.26640822879319154
0.018305882508142225 0.024858107887212932 0.26632945247606543
0.018328712759756158 0.02484684688064271 0.26625904500315056
0.020979526518056575 0.020293509692640314 0.26196373199864675
0.01850214343632114 0.024785671416681213 0.26624802778320594
0.018361577232099507 0.024829428134244373 0.2661831665929702
0.02087023827449963 0.020436976173232542 0.26196612109192924
0.020919874204073874 0.0203878574798173 0.2619910236089202
0.018615049452935014 0.024743479167166654 0.26625471981528037
0.01849860699914914 0.024779038308642795 0.26618147490205213
0.018662749893322443 0.024717551284532818 0.2661841925220602
0.020790029909630706 0.020515678661172924 0.2620042914835576
0.020853634734641444 0.02047300797872032 0.26205053586585847
0.020921187646433546 0.020405456749193356 0.26208943478098207
0.01876112871439426 0.02466819232829428 0.2661527282819839
0.018879403492968305 0.02460211426392872 0.2661068049375612
0.020786267794713792 0.02053292425446822 0.26208817887059077
0.01891079213701143 0.0245720924660622 0.2660415863690551
0.01934764411624136 0.02419070335696117 0.26621505850861066
0.01929304284321858 0.024246069936255846 0.2661374988336406
0.019224788828874736 0.024317072519752687 0.2661223936006824
0.019164564883127354 0.024374966168147973 0.26604469837795847
0.019081498287784403 0.0244411599649293 0.26599912830108985
0.019351104992178795 0.024180501919305653 0.2661189100275645
0.019259052269076392 0.024277783771422888 0.26603630074952583
0.01919863309351513 0.02432999183367135 0.2659742888872674
0.020602867940060884 0.020658827962556497 0.2621927488868618
0.020649973683017343 0.020631554843235617 0.26219880112140986
0.017511543637350118 0.025011704159253863 0.2665766221636566
0.017467050431718735 0.02501136271109633 0.26649809168953476
0.01742106038839553 0.0250076172102663 0.2664187899162968
0.017374080846541472 0.025002471575744506 0.2663391524075931
0.017325061897849922 0.024995389016428844 0.26625882639174087
0.017603515640201465 0.025006546259967927 0.2665558697742408
0.017558997854678772 0.025007024148017303 0.2664772015176492
0.017512726615144147 0.025004973993142873 0.2663977384038356
0.017466983886348337 0.02500076671768548 0.2663184712675461
0.01742021705455191 0.02499488693355531 0.2662390584336822
0.017734418618108868 0.024997527516286727 0.26661208618409926
0.017692752798598617 0.024998838713378033 0.26653408970567416
0.017649611809256935 0.02499920774468241 0.2664560170852844
0.01760347110087029 0.024998147272673972 0.2663766038658011
0.017862317608552364 0.024981443172245786 0.26664729655075897
0.01781899215167497 0.024985732653654585 0.26658678858074153
0.017777565988936102 0.024988172066407716 0.2665105506511649
0.017736432938212088 0.02498859249289745 0.26643353299098427
0.01769224132343275 0.024987928741930267 0.2663548864830015
0.017911172746863706 0.024969885941470107 0.2665561273938176
0.01786233429663956 0.024973123372531957 0.2664866126599851
0.017985297591125212 0.02495734544260253 0.2665592964080748
0.01795484504729612 0.024955762921215555 0.26646123315756565
0.018068475936202238 0.02493636472261094 0.2665208410209506
0.018016074658327837 0.02494271188586334 0.26642643190171006
0.01815292832516164 0.02491105258702697 0.26647192202779607
0.018104014003354083 0.024922096337763322 0.2664259695459068
0.018216608556811537 0.02489177183852264 0.266444275052661
0.018180434360330726 0.02489809846573119 0.2663819855070119
0.018250330247887886 0.02487813950734192 0.2663664296051541
0.018218931842305896 0.024880778092682562 0.2662958666219808
0.018276361785999753 0.02486149411588357 0.2662482264382476
0.018364512103302266 0.024832683785143098 0.2662254087871395
0.02773340654612546 0.0015622424558404656 0.26217856059576644
0.01912757162505768 0.020787187457989853 0.262489448497529
0.019246998580675863 0.020808844912759077 0.2624659718916266
0.019355014375088284 0.020830677511315197 0.26246785037445614
0.0194603846913121 0.02084794736660655 0.26243944056880536
0.019561544462805842 0.020862288521703277 0.2624456738104837
0.01966337530578276 0.0208623829390815 0.2624220791436292
0.019746671821734667 0.02085937878888571 0.26238982229456
0.019853165797721603 0.020849895562505702 0.2623743757643374
0.019801509497112818 0.020841982381063287 0.2623136673895702
0.019949885914120197 0.020842337599303505 0.26236930702918126
0.02653630435037259 0.006520762119399386 0.2588864845738582
0.02003261061889655 0.020834007300926195 0.26233887877999396
0.020007182236592796 0.020827146049251455 0.26226985007800085
0.02011958770813613 0.02081911136988005 0.26231878287778293
0.020058517446543182 0.02081437717624675 0.26223767389579206
0.020202328104190852 0.02080006287344239 0.26229894238020407
0.02015635757673945 0.020796224059848357 0.26221319904567575
0.020276786143379286 0.020783444949870042 0.26228976460180425
0.020240907061022308 0.020776192591760882 0.2621730413665377
0.020352413790085035 0.02076362942434605 0.26225070450321286
0.020316126662227707 0.020762742442772528 0.26218000971545924
0.020422411196517554 0.020740817739328204 0.2622223985211709
0.020520985577651956 0.020700731417271447 0.2621934316820624
0.020477703289095022 0.020706314030869435 0.2621301653709429
0.02056615754842355 0.020673812909935335 0.26216345305101624
0.020634722917324617 0.020631032638270347 0.2621245565583242
0.02648986652805869 0.0066081749579414316 0.2589395024955147
0.020705960101003725 0.020585192956256895 0.26207770507260225
0.02079433783912501 0.020528729224428825 0.2621319645509687
0.020753130908031325 0.020549482529757482 0.26204232104508135
0.0208339674491141 0.02049434091506775 0.2620965160758054
0.020820484903849534 0.020494030595961533 0.2620107790716867
0.02089425686791956 0.020430091695274592 0.2620391349052347
0.026422923626686242 0.006670950036293293 0.2588953614942373
0.02632520311727178 0.006741278133780738 0.2588436373244174
0.026369359127564038 0.006725437269211752 0.25892257810833025
0.02622870018341125 0.006793170020774259 0.25881058401564844
0.026265704870006335 0.006794340708635956 0.25890319025064334
0.02142050300053411 0.019361940655268334 0.2611244191622077
0.021399450792482205 0.019401818192572855 0.26107389946352805
0.021430079419561876 0.019298631220250106 0.26102274512699564
0.02146291367045508 0.01921466193657767 0.2609828261394356
0.021491477236526335 0.019143409170483454 0.2609410700259046
0.021522818806578407 0.019048030918600037 0.26088226916745566
0.02613548271220059 0.006833765028183455 0.258786649437429
0.02617786601017275 0.006834322763727845 0.25886749786526825
0.02154143018936678 0.01896718353550108 0.2608292351785734
0.026046566273230497 0.00686973294434241 0.25880026490246183
0.02610126020578622 0.0068651785010190695 0.2588790151874619
0.02597373159483617 0.006892537720724331 0.25881021789182995
0.026026190401648493 0.006889821955630688 0.25890556415451377
0.0259330351422622 0.006908283293879843 0.2588561956753119
0.025940441041282344 0.006909965992190508 0.2589247998995703
0.021487759161079034 0.01647950232440011 0.2601513567838317
0.021524920160478814 0.016478055182414353 0.2601361675572653
0.021679005901870586 0.01645477613243071 0.26019576527476873
0.0216312577198879 0.016454857248671004 0.2601350057789058
0.02174095554855636 0.016450866815102674 0.26018410514983215
0.021719924634063078 0.016445042923966965 0.26011928204648455
0.02182853575128535 0.016441607362664014 0.26016342097640205
0.021809491495428344 0.016431884857478048 0.26007255023792275
0.021943690382182822 0.016418601651424634 0.2601940395268779
0.0219076887019935 0.01642454309172759 0.2601257351521229
0.02189816645678021 0.0164180474941863 0.2600585377611121
0.022061151549495724 0.01638079852922479 0.26025093900425184
0.02202342289147179 0.016393057121563817 0.26017310744010474
0.021990736579986524 0.01639837269534481 0.2601003526696986
0.02218290229692047 0.016338328584496936 0.26029314042835494
0.022138196274421942 0.01635189801828344 0.26022895662884865
0.02209658373022751 0.016365966205011448 0.26016514957525855
0.022058658683189927 0.01636894849082185 0.26005780637156806
0.022243988054248195 0.016310861827142198 0.2602406171278864
0.022175962359572147 0.016330700240813796 0.2601688561467976
0.022138474946502916 0.01634206481443564 0.26011642235876176
0.025836849353399888 0.006917727138751996 0.25886646998866913
0.02233571363980713 0.016263624503485313 0.26030396949412166
0.02229840001285133 0.01627070845607504 0.260206576144456
0.02559030024603762 0.006916817528903363 0.258644329784139
0.02569223194052772 0.006919396070051217 0.25884508407595835
0.02572148338080934 0.006928344822709101 0.2589167705528373
0.0223768003537866 0.016209884760821573 0.2602634119116888
0.022457380220277073 0.016113894839798207 0.2603252625800627
0.025572897347918767 0.00694719546349664 0.25879314627054734
0.025599890674172517 0.0069224162259953915 0.2588586871228962
0.025634781947557594 0.0069278931631231765 0.2589072131015186
0.025559498872126968 0.006938195137334459 0.258863733189133
0.025549807910900623 0.006940771623080015 0.258953073370416
0.023058841690269307 0.014892100096595758 0.2594863269141754
0.023042387599528227 0.014917502853969207 0.2594104104250859
0.023080960164567642 0.014821791447622024 0.25942375297811415
0.023123010379635073 0.01471839422144844 0.25937893827257685
0.023104804891221138 0.01473913212092522 0.2593089932411815
0.02315107818825032 0.014632091775182699 0.2593244456897047
0.023129580503015015 0.014666738090101335 0.2592699916724785
0.023177961959919446 0.014548903754880037 0.2592988353402543
0.027244436555388475 0.0018228262020576005 0.26213589934442355
0.027303473281455267 0.0018011000370068493 0.2621001273773613
0.027446876366254987 0.0017551625189650428 0.26216156332047347
0.027581655205830672 0.0016749036404278142 0.26217193725022897
0.027886033307779088 0.0014263418000712673 0.2621793663802483
0.027794690166107198 0.0014958963872455273 0.26213705980897933
0.019206890692494986 0.020811094924897515 0.2625272319630521
0.019298536875685997 0.02082786062592086 0.2625196257172162
0.01929945886344757 0.02081625883020436 0.262454803728858
0.019430637047177516 0.020849177234172726 0.26247709244783163
0.01951025975438413 0.020861004689803876 0.2624704569530963
0.01959840324944173 0.02085649756982154 0.26240844685755926
0.019716656652327993 0.020863792579923525 0.26241766435903374
0.019704708523901663 0.020852508853974862 0.26236502136656725
0.01977411665483544 0.020863576992427545 0.26242173382261963
0.01977200318127896 0.02085226370404797 0.2623580360398043
0.019973720497832893 0.02083364494699623 0.262294326835696
0.021492055146286902 0.01913132252592998 0.26089965669901877
0.0215416882062533 0.016476983157041665 0.2601087859466024
0.021600372524109727 0.016460405516069948 0.2601689466069838
0.021594826904183892 0.01644865181133496 0.26007555355678924
0.021661199911155865 0.0164536421846194 0.2601594702715724
0.021675598425455904 0.016444267112366365 0.2601043576722307
0.021774899920761027 0.016440438082960557 0.2601090332859847
0.021849158361637522 0.016432051227017942 0.26009858697055815
0.02194411476539164 0.01640673053155664 0.26005059334215347
0.0219978843639718 0.016390376294784924 0.26004964133997643
0.023588223455948867 0.011798627999004595 0.2586306589832052
0.023619401644302814 0.011777743966049444 0.2585430607506974
0.023635161720623316 0.011770001237172152 0.2584819268554844
0.023689271705284537 0.011774980849531175 0.2585722602569521
0.023722566310606895 0.011764234151342303 0.25848937789372295
0.02378192796856411 0.011773456756957972 0.2585958008053078
0.02377963127895369 0.011762727869982148 0.2585022728463807
0.02386016358623246 0.011752227763436464 0.2586240822985872
0.0238685085964517 0.011748099951606054 0.25854704430423436
0.023940509993728164 0.011732711417595899 0.2586414687285707
0.023960977324507988 0.011715952995266858 0.2585530578663886
0.024020098155454927 0.011708635479389487 0.25864289593298345
0.02402225835533914 0.011695185098677842 0.258580318441062
0.024091439014705507 0.011693181395522355 0.2587197290670677
0.024074655534128953 0.011688346427046801 0.25865813394096543
0.024147560066368205 0.011654806308014461 0.25873393952515467
0.024158692276136484 0.011636388362205081 0.2586639420982173
0.024235025465695198 0.01158138485047109 0.25870000379630176
0.02430036564056533 0.011515254808276492 0.258701038816725
0.024364004440316785 0.011442014699802577 0.25871556020360537
0.024360442691131905 0.011441290200339425 0.25866555339763575
0.027156726549642057 0.0018415315838331075 0.26212782211193997
0.027329697175109184 0.001790693058271797 0.2621084644688949
0.027390425960903905 0.0017716821098866537 0.26212770737193447
0.027201505533942405 0.0018295642809610833 0.26212082697598704
0.02412321743540311 0.01166249413383263 0.2586694745264973
0.024060703405002336 0.011685015300771389 0.2586086242278722
0.024028371449678062 0.011708490491438833 0.25867702545218896
0.023977266543594437 0.01171964811392598 0.25860956837372695
0.02389846634634373 0.011742603414243631 0.25865886280850997
0.023914456363866802 0.011729990154609411 0.2585291733551183
0.023864566699359026 0.01175100563392442 0.2585874363957569
0.02377615527097715 0.011773940878094833 0.25864017038485626
0.023814748214680343 0.011760342223017757 0.2585255035418874
0.023740818214010917 0.011775879893369454 0.2585871678978888
0.023658591734450448 0.011778536706310488 0.25863925827611806
0.023533071872221856 0.013230756391613427 0.25892557360474183
0.023515564154430683 0.013295792932449568 0.2589553896654109
0.023489810633346098 0.0133827648922072 0.25897441744425265
0.023463408302628677 0.013478460736630287 0.2590110486398767
0.02345011880190093 0.013539242342622855 0.25906022416268376
0.021542430260129582 0.01900168890582124 0.2609073359530735
0.02151532815543338 0.019095794125306945 0.26096117865440416
0.021485125153335873 0.019161429403997413 0.2609834481549719
0.02145713003130978 0.019229085293878435 0.2610071735044349
0.021432910305365285 0.019297800841283498 0.2610536783624607
0.021417260168171852 0.019359869793441925 0.2610869657502193
0.02139658927388722 0.019425797762881676 0.2611241305706148
0.02151588361431701 0.01904296879712178 0.2608432938671434
0.02148555211390767 0.019126718220028857 0.2608696062092217
0.021877324642364623 0.01764314954097996 0.2600668273035501
0.02185975389952452 0.017755090329945808 0.26012763277749573
0.0218344418287156 0.017827108842043075 0.26014476951833715
0.02181627328904294 0.017916140853205947 0.2601559271863037
0.02183700780366643 0.017784147736059165 0.25999627630992284
0.019189288232280853 0.020915363153761822 0.2638101731233334
0.019221743110256796 0.021004649150348095 0.2637630917521854
0.023671868028262565 0.01231481455067877 0.25888072531499184
0.02361666855337552 0.01218680589884036 0.2588593806101045
0.02364573243433785 0.01228486421723989 0.2588065273233942
0.023581112309018035 0.012135128239123702 0.2588050035251018
0.023610200807438978 0.01222006390961482 0.2587632426099078
0.0235431071626991 0.012080082480677472 0.25875650301138936
0.025675369752031118 0.007935477503543623 0.25834422266956825
0.025724548612422387 0.0076727052218235735 0.25837921365483923
0.025709904482172325 0.007755723455402703 0.2583469192398018
0.025690752197981524 0.007842872660837379 0.2583127629387377
0.025729664138895606 0.007555079599042795 0.25833528737962325
0.025718548763894 0.007651066737204306 0.25830853036472756
0.025702619757606647 0.007719254513388767 0.2582601733214172
0.025601026774628215 0.0070975161023356485 0.2585054777721119
0.025711015828126918 0.007446003922526464 0.2582847869232099
0.025579246022458372 0.007100009680098524 0.25846473998492553
0.02565052041361233 0.007208206156793812 0.25836426910508264
0.02568992251268348 0.007334496052489391 0.2583061854082826
0.025619745913660046 0.007176807779144289 0.25830432175623674
0.02354094752984352 0.012040242781354836 0.2587742859370151
0.021713077902371328 0.01697387824595282 0.25985834768139404
0.021432568691484143 0.016612346096700224 0.2599398972869369
0.021834589359048126 0.017149325202567303 0.25987731022107163
0.021458291764578478 0.016675440057456026 0.2598909062660585
0.0214512413284663 0.016631339573081994 0.2599465517728725
0.02145052313740259 0.016623962222566117 0.25997655285120264
0.023635097081398777 0.012242872329074011 0.2588180436030072
0.021860694737494274 0.017193876868993804 0.2599983483040655
0.021544881680875604 0.01674632375174566 0.2598839584045522
0.021593087859434826 0.0168230315445958 0.2598160489629053
0.021890285100093766 0.017254488846046807 0.2600122336661041
0.0216516458828205 0.016891282297485273 0.2598259810184422
0.023586492570451513 0.01215467068029844 0.2587879693071908
0.02358101102693252 0.01218326138532503 0.25872756928345947
0.02171672837845785 0.018331147967565187 0.26041996482511276
0.021747508541628224 0.01824192523787411 0.26037042887189005
0.02176263876057544 0.018168458147384173 0.26031764242960076
0.0217894307646169 0.018092458047566103 0.26028340819020385
0.02181530555832938 0.017993992118384775 0.2602252367802091
0.025727796792916084 0.0075885189174408774 0.2583332736507267
0.025729486401870796 0.007517332265319863 0.25835066968134823
0.025681716218738635 0.007290955351918594 0.25832309639386863
0.025647849907381216 0.007218291935261213 0.2583192712488096
0.025635502937446923 0.00717420274927468 0.25845444244142296
0.025592746219139626 0.007124672378577322 0.25838287404394056
0.025578404917723542 0.007070163872378293 0.2584992343830844
0.02558620633542497 0.007096921945874788 0.2584882344383298
0.023985182595863106 0.011721110938665132 0.25867319235709996
0.021642491397278328 0.018604818148042462 0.26064299918197936
0.02168287605375586 0.018438449426167534 0.26050109964990514
0.021509704507023684 0.016461576039910282 0.2601895672459562
0.021506181527105078 0.016478494518064775 0.26008767051092774
0.021632939976776587 0.01645622396788944 0.2601633936634754
0.023621666603065628 0.011781569501219568 0.25859360729006925
0.02366480653768798 0.01177265550354677 0.2585256281345414
0.02373305223205922 0.011774947075901852 0.2586273587572464
0.023755112846217515 0.011771664314739822 0.2585470108538378
0.02381202912960212 0.011766466304925687 0.2586465538966873
0.023831913671727344 0.011762453373722458 0.2585861557943358
0.023908595985792334 0.01173840462122811 0.25859535539286527
0.025579206884305657 0.006926432650611573 0.2588529789033798
0.02559299646384394 0.006940540767500022 0.25875339181217816
0.025667559797515952 0.006926736938346479 0.25889780252255806
0.02578523516579039 0.0069270621586340845 0.25891424595690876
0.025887651259482124 0.006917254721066615 0.2588823778596753
0.02590128946313777 0.006904247202536281 0.2588196394251815
0.025988256119606576 0.006897350791491319 0.2588559502111457
0.02599850414200468 0.006876843725239467 0.25876823094490004
0.0218325562744357 0.01781714263566518 0.26008396115118676
0.021810061836891357 0.017895833153379746 0.2601012630701951
0.0217938111618245 0.017977535996241932 0.2601133809919686
0.02353345594060798 0.012049531752061386 0.25874936427948714
0.02156481139699233 0.018895987279247177 0.2608378982684036
0.02153447195166615 0.018965345842671524 0.2607936279235098
0.021616403611397484 0.01872574267417424 0.26076711422743154
0.021588924239831164 0.01880890852443977 0.26075832959949796
0.02156873147789376 0.0188550188002526 0.2607379732680553
0.02164141377515882 0.0186397435232869 0.26068983251513644
0.021621567932050712 0.0187061060941022 0.26070486030293477
0.02159020899295893 0.01877817524260318 0.2606661047346461
0.025612629449833 0.006922300582934609 0.2588120754728357
0.025632932910868062 0.006923515512876251 0.25887042018995066
0.025567164296230713 0.006935853691021784 0.2588298678720302
0.02558998306900842 0.006930010540517272 0.25890533547170785
0.02155710222716793 0.01646746460951065 0.2601646126016349
0.02154582306266608 0.016462406256999053 0.2600737755688895
0.0216348462757017 0.016456183109320892 0.2601962452046111
0.021626281510337176 0.016449471176208284 0.26009951585411106
0.02725373886301321 0.0018351275736293619 0.26171849725646734
0.02143235403150663 0.016610718609575803 0.2599480087483806
0.021417141407615446 0.016618761111732105 0.25991908952409265
0.025620662784504037 0.007198374798701085 0.25826405686190823
0.025598439280193546 0.007132010832266797 0.2583661674628039
0.025584133075094155 0.0071142222444585835 0.2584239789602714
0.025672108997635 0.007280175290425681 0.2583044586800368
0.025652336034925324 0.007202891661195549 0.2583995109872087
0.0256106901870396 0.007135172779877588 0.2584737658548399
0.021731223855877616 0.017015482893076812 0.2598230447012218
0.021682068261541572 0.016922570652973326 0.2598669913425546
0.021671654528173677 0.016934561306438223 0.25979858020832297
0.021637129970469005 0.016859532983769902 0.25985190040630546
0.021632072232550138 0.0168802598625772 0.25979544620644335
0.021584267321554867 0.016785785287232555 0.25985809858387776
0.021523241351036258 0.01674299501988697 0.2598434653462747
0.027119958617179342 0.001851171284765593 0.262141992331005
0.021742697222545727 0.01820632135775646 0.26024701559290736
0.021770849785076284 0.01813936886249512 0.26026855613842614
0.02176169388665635 0.01812045723275666 0.26017165025478245
0.021799013016412502 0.018066634169201498 0.26026354957351655
0.021798980038234283 0.01805350530858299 0.2602100627963534
0.021785652764165473 0.01801572038691071 0.26012358030355776
0.021818129152835215 0.01796559783648493 0.2602008906723178
0.021566387420937343 0.01646070056439062 0.2602017802027182
0.021579705484575558 0.016465076291025428 0.26012176301833023
0.021697362856904958 0.01645151533838661 0.2601528084415048
0.021906977756229375 0.017459118827597826 0.25994251034947624
0.02191770206542269 0.017391882113728385 0.25998122952431735
0.021914188663102685 0.017296371561558763 0.26002716791924346
0.021869124542472654 0.0172210306718249 0.25999717972380015
0.02363913718022768 0.012284326985663974 0.2587877792006761
0.02359048423599924 0.012173532888234181 0.258769667814958
0.02358651860360315 0.012132147698353447 0.25884299782803755
0.021830178657439938 0.017150546932102696 0.2598180611874234
0.02189878899437346 0.017493858226403695 0.25994181088548857
0.021931568752466674 0.0174271749597545 0.2600032669064169
0.02568326762129503 0.007303066695373843 0.2583145744744945
0.025608263194100762 0.0071520473696089675 0.25833870453348295
0.025623057379335637 0.007133211634645899 0.2585054489743847
0.02184435926606339 0.01717480501454887 0.25994404504779867
0.021849175268313564 0.01718198883277787 0.2598397297858379
0.021744070910140665 0.01702417992244986 0.259852712567287
0.02180123778254697 0.017119448855642067 0.2597853965352609
0.02166212499385211 0.016896565585002965 0.2598535426766832
0.021565501799583244 0.01678026692227408 0.2598353929252588
0.025641243012052867 0.007170433384682748 0.2584945094594564
0.02563993337109382 0.007181999549363485 0.2584220566163433
0.025595831446770047 0.006998602830889427 0.2585600796090797
0.025600622555042498 0.007051256024333966 0.2586627675845278
0.025588704901063006 0.006919460591766531 0.2585241647913451
0.02556909585790835 0.007011720504212033 0.2585055802417915
0.025574282621961732 0.006999380028746095 0.2587484399581792
0.025592718159546442 0.006968859046500102 0.2586200281989954
0.025616830646427672 0.007082975955207588 0.2585899309944166
0.025617516949090795 0.007102206129769707 0.25853242229268397
0.025594904130285843 0.006951076213170582 0.2586894314393427
0.021523113550602366 0.01899826184877744 0.2608038619094054
0.021514882692961673 0.019027090980708768 0.2608174824025899
0.023540401298865817 0.011913118588396018 0.25873571914564913
0.023563000683171572 0.01183907159743312 0.2586891510218052
0.02352569223922765 0.011998870232250335 0.25873299654747234
0.0214567449600926 0.01654111269240001 0.26010306058841104
0.02145444238591714 0.016500907231082114 0.2601519101035817
0.02147915643627539 0.01649274280598354 0.26011128100344777
0.021758133455933578 0.017059427020116286 0.25980228501616714
