0.02957762380278647 -0.0007690086798769304 0.2630095230407892
0.02957244729876796 -0.0006154023401484399 0.2629944788425272
0.029568119547503536 -0.0005145812286228219 0.26300045831907043
0.029553213032684364 -0.0004012576329431299 0.2629826552946598
0.029534690108517142 -0.00026664053520600935 0.26298736931387307
0.02952233031508322 -0.00015388213091927655 0.26301018484518357
0.029498269085821423 -4.283524538124014e-05 0.26299709252076386
0.029485789494406636 3.4954801326499856e-05 0.2630416997963065
0.02954944357137926 -0.00047754678989927785 0.26284277057679406
0.029445154196444574 0.00012996714981736428 0.26292915115751514
0.029428000106632643 0.0002043153001114043 0.2629294784961357
0.029412372988179926 0.0002691596278448789 0.26295494656496043
0.02934418875100598 0.00042614385372516546 0.26289436267249905
0.029305374918937168 0.0004979942050521993 0.26279876509117867
0.029239072229682316 0.0006196237771360306 0.2627342404967027
0.02916689787559743 0.0007434231681902432 0.26265158851858345
0.028566729424340416 0.0013303020574176939 0.26228173336478017
0.028212657655505572 0.0016318009442345383 0.2622065122589497
0.027613821570338357 0.004512173347648374 0.26016529653444775
0.02757750922137636 0.004586341371511381 0.2600404750865748
0.027569040962994302 0.004663557834549289 0.2600556362552596
0.02755038911785199 0.0047622183100234335 0.2600792647370563
0.027529033172782377 0.004765693626142227 0.25996633787006673
0.027509768904576577 0.00485472434622457 0.259965736827537
0.027368025093359297 0.005308086335680026 0.2597395890621301
0.027330285470691433 0.005413787985718599 0.25973438515398267
0.027260967533727674 0.005551360755017055 0.2596843069065827
0.027136348443492154 0.00583885019201375 0.2596676378194991
0.027107348033774264 0.00587627959445968 0.2595873937856477
0.027071392370811406 0.005970918603795105 0.25960644848357
0.027028724868777776 0.006026411293001993 0.2595174389457957
0.027005919270821604 0.006094857555303836 0.25954319615020083
0.026935271012459776 0.006217983928966107 0.25948051823224544
0.026866135953344934 0.006342690675482557 0.25944040886208736
0.0267941991139407 0.006474084549906667 0.2593791896044936
0.02677827726741643 0.006516626814726301 0.25940732137847367
0.026707804338225078 0.006649196002699878 0.25935546294375755
0.02667384173399288 0.00672654385021652 0.25937185925121736
0.026604278206212355 0.006859768553044717 0.25931516190243414
0.02654082222781821 0.007000206809520025 0.2592609881788753
0.01954677834517229 0.023928735039790497 0.2681640557783019
0.019518028634403283 0.023996749538156073 0.26823051946871085
0.01948616677162985 0.02405721740673447 0.26826679402549924
0.01946921645883737 0.024094041251677287 0.26830956305097176
0.019347705947094184 0.024252748141810353 0.2683274935601728
0.019326171658680214 0.024283150024037477 0.26838981090430386
0.019273411750714453 0.02434573990791041 0.2684408406519832
0.019225467273339774 0.024396566657431742 0.2683791987253232
0.019201651257725497 0.02441985395124146 0.268428199998238
0.019153584945735706 0.024472258430429085 0.2683338413568066
0.01909511846741504 0.024514907621695427 0.2682497776363495
0.019072300568084337 0.024544064919026033 0.2683068014040477
0.019015571205201323 0.02457889583996179 0.2682369754530435
0.018962308998804862 0.024632012880642457 0.26828726375744033
0.018870824163016945 0.02469015887500517 0.2682818680683807
0.018806770422903064 0.024729640811779967 0.2683296086009073
0.018774714812903808 0.02475304683592361 0.2684003933626952
0.0187622934233106 0.02476922930730606 0.26847935426504904
0.018677618316613805 0.024815367809758265 0.268546343305924
0.01862657622590655 0.02483764573722398 0.2686045096546497
0.018569863730190234 0.024860048243908424 0.2685567273951396
0.018519512065726725 0.024879220162629646 0.268637797361948
0.01854291330918171 0.024866147320742008 0.26848651562640224
0.01850281556636296 0.02488433615600532 0.26855840467071773
0.018410651042179156 0.024919262819889765 0.26863998783032733
0.0183714684667516 0.024932570173030084 0.26856327458091583
0.01833750705668848 0.024943774564902252 0.26865417528404456
0.01826034402234313 0.02496874575943117 0.26857186832884383
0.02533555004341978 0.009157406365550808 0.2589316405299146
0.025311282540937587 0.009253479442367294 0.2589573173917609
0.025288620396736843 0.009332384321148007 0.25895483603631664
0.02527190924781353 0.009416853356867042 0.25899120139904486
0.025043093192258767 0.010049058354545618 0.25893405277587184
0.02460978773607536 0.011235545948912528 0.259187671797152
0.02457959935280556 0.011312950332199057 0.25921512392026846
0.024554331834211796 0.01138854642301305 0.25923725389446045
0.024436630082056605 0.01167466507458798 0.25937330433422656
0.024413825380372234 0.011731000640944912 0.25939980882902147
0.02437764807336395 0.011820045494462524 0.2594549815860638
0.02435308840867434 0.011885131367905907 0.2594947667032366
0.024222888001347642 0.012149741594441071 0.2595422970782082
0.020844721339726854 0.020764920434021235 0.26379477608299645
0.0208243391298421 0.020800383585519097 0.2638259084424647
0.020785793701319215 0.020876912653913296 0.2638963333083197
0.02077131861970212 0.020906588929919645 0.263952844578475
0.020715711734021015 0.02097514588072636 0.26401140658545
0.02068920848993823 0.02099816247279683 0.2640432568577023
0.02104791716116927 0.020417628437118994 0.2633909381621224
0.02101838499389516 0.02047698313866307 0.26345105871601787
0.020981503752425253 0.020537031292142335 0.2634723917676366
0.02094460298643264 0.020588104368266344 0.2635383754464094
0.020915217372872507 0.02062920921635148 0.2636054491773297
0.02088449995763362 0.020679530901978854 0.26365119707626156
0.020680971809537006 0.02100256916974632 0.2639186870089508
0.020638091076221693 0.021042468150291198 0.26397343474188856
0.02058461530829659 0.021084353146197214 0.26404929839499586
0.020534322389189497 0.02111633503675378 0.26409479239420586
0.022338026919274837 0.016689402090805487 0.26165901506925854
0.022299693794963577 0.016745384689843594 0.2617081515128161
0.021135869829386457 0.020211365617957548 0.2631585887040101
0.021112908919787832 0.02025565853863693 0.2631799218755533
0.021071825342252437 0.020339365755040584 0.26323675114687406
0.02103823949170983 0.020414151876938243 0.26327799734202995
0.021027603019344622 0.02045012937432382 0.26331779012576634
0.020988135209872163 0.020527524227094286 0.2633497185485286
0.02095156546323118 0.02057232593116904 0.26342132376790967
0.020539523970651008 0.021109154702853968 0.26396077166537857
0.020488430113553717 0.021139470500800173 0.2640133175107119
0.020443773172246996 0.02116967641710714 0.264094090786696
0.02040562893733223 0.021193763760232888 0.26415419081867525
0.02286615448456148 0.015589567519364038 0.2607968595549536
0.02283497334787601 0.015665355187769847 0.2608429708868863
0.022814882181483018 0.01572445304649967 0.26086653683321825
0.022781503495000854 0.01579970438242634 0.2609058055909012
0.02276206121799952 0.01584900560956016 0.2609238086286477
0.022403029248860725 0.0165763352824271 0.261434805846452
0.022366233795513765 0.016635574710501214 0.26148318781493657
0.022325295005358646 0.016698465130142198 0.2614969272428001
0.0221538189446912 0.01694780136145172 0.2617924647977308
0.022140010044099233 0.016958290049099795 0.26185245818733205
0.02128542591191969 0.0198044009314296 0.2628018659019683
0.021254831788062114 0.01987995411932978 0.2628370676218625
0.02123127349369009 0.019948328177714796 0.26286778117923126
0.021214014012820057 0.020017653567394766 0.2629182711699802
0.021191441271573255 0.020073806934723888 0.2629526608659689
0.021154495803085285 0.02013643184240732 0.2629908692105528
0.021130051627615096 0.020193700917348248 0.26305042994208805
0.02035793453359209 0.021209253846881507 0.2640795580867978
0.020306045333869992 0.02123686459144898 0.2641561821674554
0.023284099871371516 0.014115255782431705 0.2601771077515774
0.02324508424104099 0.014257980060110833 0.2602358396717819
0.023215483630381936 0.014352171462089326 0.2602599372119453
0.023193148321004105 0.014418122183897554 0.2602740660670997
0.023180218255202195 0.014482747300464636 0.2603162869044558
0.02315403138253334 0.014561163983025871 0.2603141803205118
0.023134528512041307 0.014644948621823273 0.2603752103642949
0.02311053489521849 0.014728428093349295 0.2603970313355266
0.02309089916940024 0.014801388863155915 0.2604006459919163
0.023074094248321218 0.014890180554051183 0.26046267868132666
0.02304164928060003 0.014978836869892933 0.26043444007953875
0.023024316458294013 0.015059719138548722 0.2604903987784872
0.02301029938748765 0.015119685186167695 0.26052556935367377
0.022986896536944593 0.015205021131161033 0.26053579129471044
0.022962512973295098 0.015294005516901923 0.26054755793051126
0.022946091867115655 0.015345678614694247 0.26057368203693393
0.022906056421308964 0.015450741731352488 0.2606116548837738
0.0228770398285319 0.015524660689719156 0.2606316559921829
0.02285645769479437 0.015580023718536213 0.2606753481849753
0.022839730908078067 0.015628434901836324 0.26072859202910426
0.022809630519634902 0.015706285710111054 0.26075114463575083
0.02278834469226537 0.0157664331227999 0.2607775809516822
0.022750747084243156 0.015859667674011292 0.2608229475179113
0.022730967101892145 0.015912581178727812 0.26084049022342715
0.02270613071602978 0.015973896863182336 0.2608731487074269
0.022676327165014575 0.016047970458977413 0.26092457397507685
0.022652629992222402 0.016098305328763246 0.2609429280750357
0.02261019929691367 0.016181541977017485 0.26101156252908775
0.02259315788086336 0.016224128831385083 0.26105885688577096
0.022571512167811968 0.016274674601606545 0.26109376346995233
0.022535126817858082 0.01634314947936586 0.26110866160824503
0.022492014672697132 0.016422589165816823 0.2611605434861618
0.022473577587445313 0.016462661653841783 0.261212435686837
0.022432324603712736 0.016538259131448164 0.2612564884939292
0.022407926640959704 0.01657355831431285 0.26128469110201047
0.022372978629269503 0.016633703797487305 0.26135732214725027
0.022072833763447097 0.017011140292552525 0.26178082718088425
0.021347627064558807 0.01958205835891829 0.2625677290217905
0.021299678774109633 0.01972837470287625 0.2626267427984344
0.021281185441801843 0.019796655696765968 0.26268492664699733
0.020210242599709004 0.021264794603141388 0.2641427571916961
0.023293491987538693 0.014011718170804589 0.26003244383958685
0.023283460635030645 0.014064904577375907 0.26005807121211866
0.02325396158029578 0.014166306677348034 0.2600832808767532
0.02317375819109229 0.014457565539014656 0.26023475532430446
0.022949767539727283 0.015281038829105881 0.26043565619714326
0.022937186904594516 0.015340885904175339 0.2604791528156932
0.02255356257441346 0.016280515814457715 0.26099174401333125
0.022410197051398423 0.016553647199443487 0.2611686442556893
0.022010409841895274 0.01703418897092103 0.2616899211335412
0.021985508945282523 0.017049364984044385 0.26174299179938915
0.02148688172863965 0.01908375654819324 0.2622202504082618
0.021426964000000236 0.019286977751818077 0.26233899689617596
0.02141183000637711 0.019341235540107624 0.26234566343552823
0.020092925933837144 0.02129341251317097 0.26418993464112106
0.021922380661304235 0.017075342382851272 0.2616773603632234
0.021542948480063225 0.0188998739299642 0.2620456004572224
0.021514276191849212 0.0189847999880109 0.2620663030718692
0.02148430141820716 0.01906641700856513 0.26210429470911945
0.02146772715295912 0.019129800611748342 0.26213261770294094
0.02185564776937679 0.017100934610324914 0.26161819045509493
0.021615059229025506 0.018533290785620764 0.26176678604535053
0.021595104744681407 0.01861062582336212 0.2617948669800236
0.021593152829766007 0.0186747899096533 0.26183672927282486
0.021583903915336496 0.018736312523742006 0.2618606254218359
0.02156331054387917 0.01881195461976312 0.2619047975177967
0.021540734694618972 0.018883612273905788 0.26194262872228385
0.02161882812996413 0.01848646763582111 0.2616660779278597
0.019234591088482578 0.022039425063565647 0.2658243554593939
0.019217655938335243 0.02186686946818013 0.2657537620575024
0.01921155384362884 0.021744209732824885 0.265732896687561
0.019257677084240366 0.02219748245492162 0.26595338684874403
0.019198158270798262 0.021630977169764726 0.2657531416472143
0.01944689325721734 0.02281535379395057 0.2670387654941902
0.019153030612072963 0.021505121449889572 0.2657583132516738
0.019307909230489972 0.022541437394946767 0.26627864444483595
0.029428231227794296 -0.0020047980057408725 0.2634773373251137
0.02946067181965746 -0.0018852204857092857 0.26347450965776087
0.029490268465011682 -0.0016411518658630978 0.2633077315435188
0.02948457758234728 -0.001728767490936972 0.2633953314995542
0.029483269376932474 -0.0018051023786208494 0.2634847820782046
0.029527968167358032 -0.00132276188184163 0.26307551298005377
0.02952826467602786 -0.0014119354960802502 0.26318932603996437
0.02951889576087752 -0.00153543241742524 0.2632949116779424
0.02952190442418277 -0.001600024002538595 0.2634012112592099
0.029548161678308846 -0.0010974420087216357 0.2629527804701278
0.029550176348004383 -0.0011894336187402601 0.26305365849148143
0.02954892826845703 -0.0012782713438023682 0.2631615741599602
0.029549440073616765 -0.0013509370941440918 0.2632373644204345
0.02954450626940138 -0.0014636187918519606 0.2633558755691827
0.02956241863854635 -0.0010559966987731427 0.2630352383337193
0.02956582485157185 -0.0011486622364987194 0.26314334690336516
0.029567778305876747 -0.0012284227286307463 0.2632321194628141
0.02956928970637902 -0.0009280979088565806 0.2630249436717667
0.02957683478939569 -0.0010084672289502944 0.2631232752435529
0.029577871405403994 -0.0008307864459165047 0.26303206707139837
0.029584791589834125 -0.0008765409898402459 0.26311415996182
0.029557531162243172 -0.0005379456477965356 0.2628701554437597
0.029564408408460516 -0.0005910393470640091 0.26292901019193315
0.02958143828733382 -0.0006802483339420763 0.26304807049592127
0.029586742373788267 -0.0007710191197344137 0.26308805141779057
0.027614913991024052 0.0038329585277705074 0.26016640728882817
0.029558110242408456 -0.0004837429014835713 0.2629310143301963
0.02958022217158819 -0.0005660193499854508 0.26307283193139536
0.027639931502141543 0.0039390503616762934 0.2601195778630791
0.02764164244979739 0.003880449296610522 0.260208953942828
0.027632836423065264 0.0038065339244990506 0.26028916666350754
0.02764029555971123 0.002160537073089891 0.262114986638815
0.02771063284856195 0.0021010712091267536 0.26212053918059824
0.027824776421191032 0.0020057179037869023 0.262131080475027
0.027881602830048473 0.001958694860535288 0.26212721355639307
0.027937453283937923 0.0019126486205209604 0.26212567684533267
0.029545215366939714 -0.0003338414739011157 0.2629955095640929
0.027661881928433583 0.004059707461121612 0.26013018467876736
0.02766884660712542 0.00399728098820046 0.2602173018506071
0.02766192952502618 0.003915056873499868 0.2603099395294258
0.02827999146224228 0.0015750519017730781 0.26224144185599935
0.027652563529010195 0.004210599480858101 0.2601402833277871
0.02881276662799623 0.0011282231431548563 0.2623895867473306
0.02887509577254731 0.0010641137069037762 0.26240734617083206
0.0295059069163092 -7.796873104209024e-05 0.2629997539923042
0.019323507175251463 0.022578150030502148 0.2663749740478134
0.027641973414530424 0.004328774696765091 0.26017652198422814
0.028879964225223553 0.0010850593560586567 0.26248574236812516
0.02892084757175072 0.0010467872956532972 0.26251431796731517
0.028980599625097907 0.0009838464261119075 0.26251210960544197
0.029039143454532828 0.0009265124089019816 0.2625519409474438
0.029086285629867915 0.0008654410615581435 0.26258679116033096
0.029411207881800516 0.00024761496614417676 0.2629024700399295
0.029441746394930367 0.00016256392196815678 0.26294967898823796
0.029470737000991017 8.540840183899072e-05 0.26302940458434004
0.027557386801012874 0.004660536461831266 0.25999953359208394
0.02758655099367988 0.004558908978763192 0.26006461379991486
0.02761162548909799 0.004496854394986703 0.26012872559767364
0.027631800409739313 0.004429273597000122 0.26019213310606665
0.029277728699972378 0.0005611460365769837 0.2628267025687314
0.0293167213297221 0.0004861204473185451 0.26285946179157976
0.02935072341709193 0.0004139743179545993 0.26291696258263764
0.029385358030081625 0.00033813812126336424 0.26295331396437854
0.027447754688938217 0.005068011586022283 0.2598263048079066
0.027475419394810206 0.004976258618781678 0.25988012353375134
0.02749885562008583 0.004888687316129105 0.25993771369607593
0.02752031746637398 0.004831006458189247 0.2599930164707009
0.02754696077739239 0.00475202547064219 0.2600390696452285
0.027571139132144252 0.00467725596067389 0.2600944533742523
0.027304525920200943 0.005461228156554912 0.2597154338492899
0.02734642422754802 0.0053802345376073426 0.2597449112191052
0.027378147401665526 0.005303710016612867 0.25977697393749405
0.02740546967274016 0.005232042958021862 0.2598297319503095
0.027439951167900666 0.005139321075840661 0.2598639579660909
0.027207902572976297 0.0056662777825317 0.25965750305559737
0.02723406047495967 0.005630882189297505 0.2597268119730858
0.02727012376017678 0.005552183999900152 0.2597460451045242
0.02730830562160278 0.00548231954851221 0.2597804119997915
0.026834556919238847 0.0063931883414141705 0.259406366916779
0.026882184438054027 0.0063020183049176184 0.25942873522464355
0.026909756431706205 0.006265264644418824 0.2594705999150877
0.02695543277267537 0.006184149944859782 0.2595006187656837
0.026981945022974945 0.006135314895040808 0.2595189509939508
0.02703016047709721 0.006051777383632673 0.25955845529588767
0.02706091529157649 0.005991689125822223 0.25959002068927417
0.0270936524770006 0.0059335953872742195 0.2596520540773166
0.027178881187039282 0.005761475996108752 0.2597228829010395
0.026661925896499097 0.0067410014761727435 0.2593366296958905
0.026690615944128606 0.006687441032776252 0.2593696589461119
0.026471929619503187 0.0071341209825676365 0.2592371631421173
0.02651992089136336 0.007052643455591708 0.25926687613124877
0.026557188288616262 0.006979930570923646 0.2593230511622255
0.026441959961742697 0.007202158744116161 0.2593101630155225
0.02646725732153855 0.007166086677572835 0.25933309586320125
0.025470471294883196 0.008550028525123769 0.25892271592002414
0.026348236816963088 0.007356847691869878 0.25935488099149956
0.025443085208884598 0.008728793751788214 0.2589099443802083
0.025460786464614634 0.00865686968697042 0.2589438038478011
0.02542917303121186 0.00883915174417299 0.25895573656545007
0.025382814271225927 0.009001747280108371 0.25893776717574285
0.025409963882010764 0.008934442575156685 0.25899874434053094
0.025326975819243286 0.009189154395902425 0.2589379378506595
0.025356975409736048 0.009112481812755938 0.2589950362303555
0.025284224888506214 0.009345561430436961 0.25894781320226046
0.025304086898636082 0.00928840478373999 0.2589732674689355
0.025001709418944196 0.010168174166391077 0.25894576344513814
0.024947806728653016 0.010336874296074838 0.2589603905406818
0.024979058003868387 0.010246642310452997 0.25899823211924494
0.02489214517312198 0.01049670531621405 0.25899838443936474
0.024827488991126072 0.010668241372900785 0.25901270668381376
0.024860256346766252 0.010600903749305701 0.259059394486856
0.02480581899346196 0.010755897790207743 0.259069577534046
0.024735875808452813 0.01091257578607823 0.2591008223589103
0.024755998934535152 0.01086601309239712 0.2591285723995199
0.024702767073442208 0.011007005333580606 0.25914320964620824
0.02460353494620216 0.01125007617113218 0.2591805328153583
0.02463387204229895 0.011170588301473104 0.25919940364410193
0.02454477322676609 0.011398088498576188 0.2592106518434559
0.024575696763821958 0.011330951530473372 0.25923433015779457
0.02433131096486908 0.011912364111210143 0.259446866706019
0.024297835406213792 0.012000518825057923 0.25954046838976
0.02433250080687538 0.011943268390290139 0.2595554000981642
0.024227392638136114 0.012147069294459634 0.2595777579250709
0.02425091015254633 0.012104737127410545 0.25959816942547853
0.02413183671168299 0.012305470097137453 0.25966723398908076
0.024169664499927936 0.012255247731654904 0.25966618111594864
0.023424079627299383 0.013444047358746195 0.26000758289675113
0.023362442034945783 0.01372736643740672 0.25996407432316165
0.02338353228776445 0.013636405016910333 0.25997929878102805
0.02340994314680417 0.01355769560496167 0.26004991292688756
0.023341526728798252 0.013823658846823824 0.2599901740005045
0.023370016815277728 0.013739695181773265 0.26002395825310337
0.023317685321373533 0.01393937183413492 0.2600456813041641
0.023343693986051448 0.013871120459723354 0.2600770626067599
0.023273197737332364 0.014105577782189217 0.26007185048064235
0.023306944010729466 0.014024333159841456 0.2601163456811856
0.023252971180359842 0.014190931563253153 0.260130859962517
0.023279027721894215 0.0141240534180003 0.2601462591485607
0.02322341057647897 0.014294701710401156 0.26018541371453363
0.023191704447806053 0.014401150411196308 0.26023040662068125
0.023139895750339555 0.014571021345716112 0.26026944656141104
0.02317475274969464 0.01447963705455051 0.2602762789712438
0.023114463752784923 0.01467426238121543 0.2603269402540165
0.023144163390126007 0.01459716445741246 0.26033489401332083
0.023091974867613132 0.014765447117891668 0.2603577857956882
0.02304469006699202 0.014940598508557602 0.26038407131599905
0.023074531698162672 0.014860039126811622 0.26040389128980773
0.023009138158973673 0.015075747228234102 0.2604249252008334
0.023023663394924534 0.0150287158364585 0.26042383057385654
0.02305014202848693 0.01497278422503316 0.2604761504334514
0.02297585128889255 0.015206614054186858 0.2604598401051759
0.023007995327791568 0.015116437425187463 0.26050009748767367
0.02295009402256988 0.015323449129767106 0.26052580048984536
0.022977550658761066 0.015246265227686743 0.26056387835334527
0.022894690700758502 0.015460480714996689 0.26055459039574547
0.0229215885710132 0.015405543479725975 0.26058701372155535
0.02295632596115047 0.015320137515396444 0.2606124500181291
0.02289479657773136 0.015492121262305224 0.26065337054079535
0.02292519617844483 0.01542320335107214 0.2606795015948829
0.022855176944543337 0.015594327790758051 0.2607175112019056
0.02268789696123802 0.01599488962186469 0.2608115942691701
0.02271713553746157 0.015924499821520322 0.2607951202512055
0.022654207096369578 0.016083566834812275 0.26088442092300657
0.022691006226272945 0.016010522407521283 0.2609006183326786
0.022721666841020494 0.01594847921280606 0.2609238908828791
0.022605324408454548 0.016179915343598375 0.26096217303601243
0.022650868045793617 0.016102912749581803 0.26101352774088604
0.022532669832915426 0.016331882073754425 0.26103150763689037
0.022574677816795535 0.016259182917778867 0.2610523240105121
0.02260850063895412 0.016194999579264156 0.26108109674514646
0.022497579710250428 0.01640683245913277 0.2611175865955446
0.022524877351394974 0.016366299549880253 0.26114889489884363
0.022400127438997507 0.016574940897738 0.2612113397474775
0.022444200828247985 0.016514213799774087 0.2612057467131616
0.02248453474124322 0.01644049753723459 0.2612488404133938
0.022359355185034104 0.01664731040297155 0.2612998027031087
0.022387419782776512 0.016607425760377402 0.2613086114169022
0.022436737409885544 0.016530439768843205 0.2613148201980886
0.022341451990849054 0.016671114945883823 0.2614125393696139
0.02238138015323582 0.016612660749837048 0.2614188910082162
0.019409182141892738 0.02276160792728326 0.266833629643113
0.021645792975284427 0.018413905781651203 0.261716104771017
0.02159827279178456 0.018577204941218277 0.26172694414576086
0.02158112936040676 0.018667335491857506 0.26178583030289543
0.021600399220363865 0.01860233064774304 0.26181503317670757
0.021562105192325584 0.018782185995421495 0.2618396483088035
0.021592742857886177 0.01870223127253278 0.2618601201391272
0.021539523962195127 0.018869296948904705 0.2619111018036728
0.021564686674081734 0.018817388940150392 0.26196061339481735
0.02153626377436803 0.01891189195001318 0.2620032855520012
0.021559028454773994 0.01882948413765423 0.2619976616842733
0.02150655436797226 0.019009778447441464 0.2620904376632369
0.021485272420196724 0.019095786848639253 0.26215680874295005
0.021418534552444295 0.019306722861684354 0.26229738800709834
0.021442472703253966 0.019211653641239647 0.2623148667845112
0.021424839908394677 0.019327544996395413 0.2623935515495269
0.02140174955569158 0.019411790573002637 0.2624631324767569
0.02141800610494388 0.01936377787381379 0.26248469816067843
0.021370024317945328 0.01950725904204894 0.26252894883952405
0.021345609189678608 0.019618999829705892 0.26263410606840304
0.01943026170148242 0.022787757917595963 0.2669363601073101
0.02128303331796739 0.019787310802820916 0.2626688408983099
0.021246048036061754 0.0198893360884784 0.2627682825118771
0.021276339834882536 0.019823215477799777 0.26278156856349844
0.019418214122240585 0.024179237400259776 0.26837048643998107
0.01935169129608801 0.024251091217744866 0.2683541353111669
0.021214092967862804 0.019987161995598753 0.26283995124712833
0.02124264484068909 0.01991656154104078 0.2628712824021395
0.021176543262484693 0.02008435779058395 0.26290864191362096
0.02122009622029229 0.020006762664769133 0.26295952385949556
0.02117636128919105 0.020109679116375005 0.26304799020728076
0.02109857463604138 0.02026766224467797 0.263122135747021
0.021137522066986887 0.020198878147810045 0.2631144360755467
0.021098785275039705 0.020287292948133584 0.26322835428407104
0.02100993907574849 0.02045003520172444 0.2632547987308924
0.02105752843746854 0.020381155353721002 0.26330191836682176
0.019616479839210905 0.02318663147503211 0.2675865814659713
0.019583172089717382 0.023131585821155078 0.2674884812824193
0.02096485785075538 0.020555833104515905 0.26336821412939754
0.021027844264038635 0.020465769570591735 0.2633888934693002
0.020919547191190713 0.020614892375509196 0.2635014807761608
0.02095764991975735 0.02057045800852833 0.2635146311414328
0.020908759896512877 0.020645408436497183 0.2636437945351419
0.019492571560045954 0.022911352069952817 0.26723765817870954
0.020852804580668734 0.020740086101196237 0.26373147298252736
0.020896992710282555 0.020673371300633805 0.2637169383794317
0.01947862841191703 0.02293132911295171 0.2670609836070437
0.02534188247651896 0.009152549684340015 0.2589698862177586
0.025378235647876272 0.009045049566954592 0.25900252932720574
0.025366661484370643 0.009062653990007252 0.25895483794508983
0.025316009924439435 0.009227175980921388 0.2589397584065629
0.025326985297333557 0.009224919114788184 0.2590132677736197
0.025397652851037514 0.008968048325466936 0.2589683617178255
0.025294176284107617 0.009328439742234613 0.2589835614486326
0.025415675894080732 0.008889806730092204 0.25894509495886164
0.025253075529108937 0.009450974427489867 0.25894555420658677
0.02544829509341703 0.008766427853607792 0.25899261036343846
0.025432501887839725 0.00878812735262827 0.2589077374531558
0.019365445742573716 0.024239211211591206 0.26838396739550024
0.019456866489193984 0.024122479045266057 0.26837989346221464
0.019429575537749978 0.0241533709531438 0.2683048581918617
0.019502475308789388 0.024040877358926523 0.26830426116381195
0.019566429128819094 0.023905207623860475 0.2682137115846263
0.019589645422425885 0.023834672805380736 0.26813284844349766
0.019622592269226077 0.02372588747852656 0.2680562054852618
0.0196462242306596 0.023622600786211645 0.2680101058606488
0.019658149418818906 0.02353216428128963 0.26796286398235375
0.025452231736652838 0.00870134643856086 0.25893736469432743
0.019677097316060724 0.023431655873601402 0.2680055629820387
0.01966595143323475 0.023445702514479985 0.2679203846973879
0.01967817865629414 0.023342449660246192 0.2679715956035391
0.01966920058942213 0.02336763818629798 0.2678837257823798
0.019653481370603198 0.023376764565952536 0.26779599388707287
0.019674201927488002 0.02327707763729231 0.26793861240261946
0.019666960315552703 0.023286302687529938 0.26786486191445363
0.019653048878972026 0.023291482944452928 0.26776786586571716
0.01964276153134957 0.023208931977956572 0.2677478363897028
0.019628150733450162 0.023214921060408004 0.26764313673174667
0.025459663783966923 0.008630786399848484 0.2589115036152774
0.019610518996646873 0.0231405351604822 0.2676152642820959
0.019601040779502917 0.02316902445614738 0.2675344943320385
0.019580592794700306 0.023081553068116913 0.26754744250154366
0.019565583343550734 0.023085890647697144 0.26745836382351373
0.0195405900525485 0.023015080566139365 0.2674090476978075
0.019541619598589677 0.02304072665154116 0.26733502897491573
0.01951201911492617 0.02295288546444184 0.2673158834345505
0.01950522829764025 0.022958801108774803 0.2672131848788026
0.019487851105946037 0.022933918705955285 0.2671366895283638
0.019469825298634398 0.02287994280518755 0.2670853059336368
0.01946422799207116 0.022894151928535778 0.2670195243961592
0.019443023731776674 0.022827854109225193 0.2669725200091297
0.019429849578486213 0.022834718511526707 0.2668944894281623
0.019418099241187477 0.022757529172210057 0.2668943576358117
0.019402149111341353 0.022778053743358777 0.2667750944082977
0.019393655697729266 0.02277464231169097 0.26671869304165485
0.025201487702102978 0.009606504765971363 0.25900277905098706
0.019392159884505607 0.022707443300831985 0.2667650262379873
0.01937843893447823 0.02270225694481992 0.266671897804941
0.019361556646889117 0.022684986571479722 0.26657511587082894
0.01935379973767047 0.022606971191295178 0.26655321742764165
0.019340107815812885 0.022603515675944673 0.2664618885078544
0.019312330350746965 0.022569354716911072 0.26631487953597716
0.019316027656180134 0.022496157051422994 0.26631755763224957
0.019302881057749126 0.02241717066613874 0.266269402037669
0.019288589983937215 0.022410679795454948 0.2661736048033296
0.019282150582224326 0.02233484147668388 0.2661422643117642
0.019270339749687636 0.0222453726571802 0.26603827370126787
0.019246261265864165 0.02210239103144277 0.26588556249860656
0.025325257880941126 0.00809194883598759 0.25885409777146096
0.019239841584473425 0.02194510951504621 0.265827105077428
0.01924213347958865 0.02184903573271544 0.2658225421654812
0.01923011290751276 0.021770808229093247 0.26578102987303653
0.025480887626801948 0.0085114897420056 0.2589777752119296
0.01921191678741688 0.021698301891018075 0.26575013263930286
0.019191828078696856 0.021581288083212746 0.26577022423617475
0.025470682304223325 0.008420180976969421 0.25893714409431484
0.025456345816876405 0.008444738923427581 0.2588681446414453
0.025185900806185133 0.00967072718043519 0.2590574373271773
0.028711715095785944 -0.0031391332151929326 0.26358032442755547
0.028731311850494923 -0.0031564268572303236 0.26366800118131584
0.028782946203153477 -0.0030640202271651606 0.2635399536649575
0.028801908487796995 -0.0030826271588020693 0.263628885376153
0.02885060560058438 -0.0029885314986816524 0.26350263496842025
0.028869647223010306 -0.0030074830760130956 0.26359172167916894
0.028886341889840263 -0.003024252050822372 0.26368257308412946
0.028934514472433663 -0.002929683260507408 0.263556412207925
0.028952114397458435 -0.002947851307145775 0.26364645583468715
0.028993673049434735 -0.0028524805812421322 0.2635268912241766
0.029012469003468332 -0.0028711343766950406 0.26361604774175756
0.029027387856405216 -0.002888823673884348 0.26370877853271724
0.02906678878986566 -0.0027948708239442853 0.26359164827603443
0.02908226954318554 -0.0028125591756959696 0.26368401032987127
0.02913197768222312 -0.002735335791065548 0.263663250099149
0.029179287463737408 -0.002658082465121574 0.26364553374501887
0.029224401744729765 -0.002580372163350436 0.2636291217875123
0.029267816627217443 -0.0025021518179722153 0.2636139350647756
0.029306210554680294 -0.0024237433443087928 0.2636034611881415
0.029316812803100563 -0.0024397438487960624 0.2636969391100513
0.029338844888704318 -0.0023454254687509625 0.263597639125713
0.029396751778498705 -0.002188791069033539 0.2635968756864553
0.029422455105348796 -0.0021110002694414765 0.2635995216244093
0.029440797336648172 -0.002007695434389552 0.2635368042479826
0.029442721317530608 -0.00192823977578503 0.26344629886630117
0.029458620271160852 -0.0019319705106487428 0.263522953477975
0.029461398629477893 -0.0018437711384633074 0.26343182744178784
0.0294811072676749 -0.0018447025038023845 0.2635263688064863
0.02948745641453178 -0.0017594108797879602 0.2634476599587804
0.029493138409073517 -0.001670823051978276 0.26335927658533276
0.029506459405860868 -0.0016800381880247707 0.2634309063704241
0.02950287544823373 -0.0015853947385444313 0.26328380659571937
0.029513948865522544 -0.0015878204985575995 0.263340030834424
0.02952881962085903 -0.0014845525640102678 0.2632841631655085
0.02953478430431537 -0.001518560493157543 0.2633691001127481
0.02954756872730435 -0.0014094516082849133 0.26329547809178505
0.029561684821372804 -0.0013340515193367526 0.26328747598113483
0.029561562091213894 -0.001284127830799127 0.2632414443739489
0.029544195843941693 -0.000290607692714001 0.26303291562826875
0.02953567024319297 -0.0002160300815735425 0.2630397282598053
0.029513084169626627 -0.00011241456732623484 0.2629996060142534
0.02948235319687692 6.414741687006892e-06 0.2629751436015905
0.029493937548271502 -3.7781796534766283e-07 0.26304039667229323
0.029448843858422825 0.00010543839738702239 0.2629156088054779
0.02946611404313146 7.251447277501323e-05 0.2629748162856495
0.029438045688916187 0.00018728478011114443 0.2629616109138024
0.02945679024573444 0.00014759341746975105 0.2630340710657574
0.02939591835855303 0.0002829232160356458 0.2628819117431016
0.025460533690929404 0.008347448996139865 0.25893276733606
0.025440204697912742 0.008348150498788755 0.25886328150414467
0.0292504118913833 0.0005993052801861424 0.2627225350042226
0.029173446761756004 0.0007250679149236795 0.2626244295169892
0.029193744320176428 0.0006953656411602747 0.26269207858908517
0.026910484462837392 0.002717129657777914 0.26063253999183245
0.026929767538219462 0.0026999422642282186 0.260722634847439
0.026940945926349574 0.0026855955247973573 0.26081942731670443
0.026939007595263402 0.0026745915178511613 0.26092967021036995
0.026926240789658308 0.002667647595308667 0.26106020863197194
0.02698773626957307 0.002790641043179662 0.26058670305615395
0.027009733044728694 0.0027724877745544056 0.26067439542994414
0.027023475738063255 0.0027562183147952493 0.2607696381942837
0.02702421758265175 0.002744360568618472 0.26087658574461664
0.027013172950028846 0.0027361885033745557 0.26100634347055196
0.026983077465913254 0.002715134513869167 0.26109407109198196
0.02708430822126091 0.0028461401124223315 0.2606312238991424
0.02710146990655699 0.002829921197517365 0.26072265739331757
0.02710583360754156 0.00281625642167201 0.2608261350301036
0.02709462970239707 0.0028065503757025343 0.2609434092134567
0.027087803331349226 0.0028082510577910114 0.26105508516045856
0.027154237271230956 0.0029207594157668873 0.2605929709235892
0.02717370556432122 0.0029047703283516277 0.2606813992988303
0.02718227840492929 0.002889640746608971 0.2607808880025116
0.027173473595268807 0.0028773837764399486 0.2608972453834942
0.027157011808985897 0.00287108501150672 0.2610141553939838
0.027218259881411057 0.0029960964714355305 0.26056019650629614
0.027239142850322504 0.0029790638598251426 0.26064759466332
0.027249815477725047 0.0029639467058500285 0.2607443594284984
0.02724646098641986 0.0029503575053498087 0.26085788735862064
0.0272313776933274 0.002943253361425148 0.2609938410562849
0.027298155796819244 0.003054425744442713 0.26061954743898924
0.02730905001985057 0.0030390892685877757 0.26071587885293557
0.02730930117710904 0.0030249297085325495 0.26082463556849417
0.027304571108409604 0.0030225317492321106 0.2609598793570439
0.027332847718140405 0.003144631369173189 0.2605091400245551
0.027351543534874963 0.0031291828581044034 0.26059784707073747
0.027362062828189912 0.0031141018939854644 0.26069411982072094
0.02736352763178947 0.0030999342625197468 0.260798483815322
0.027383909903957993 0.0032199158643413154 0.2604897523334391
0.027401904956576167 0.0032040525936359566 0.2605795803631614
0.027411773615132865 0.0031888329331147556 0.26067633388098854
0.027431259401902944 0.0032961063761972036 0.2604741266607337
0.027448237917256087 0.003279778743929822 0.2605648850776488
0.027475554834281293 0.003372525112221836 0.26046042847272177
0.0274913713795798 0.003356427406809293 0.260551686448676
0.02751623859800905 0.0034496956610127333 0.2604493267490602
0.02753034787049593 0.0034339043332638573 0.260541881780246
0.0275531707538299 0.003528224020091959 0.26044109605123156
0.02756569851361293 0.003511124868260224 0.2605328906787512
0.027590233671347015 0.00361377679136598 0.26044373221747213
0.027594030684736818 0.003584016217752399 0.2605233485747582
0.027608334576986047 0.003719526897130369 0.26033967729137114
0.02761052176194617 0.0036880390466340744 0.260414262161104
0.02761679833186577 0.003804049550627206 0.26022131871204884
0.02763198933703996 0.003782336123364152 0.26034443868052803
0.027633537062282842 0.0037657532954460823 0.26041562215448655
0.02762800538044607 0.003890059951700771 0.26014174023776543
0.027647136525984984 0.0038677366575167993 0.26026855576523406
0.02765088927525461 0.003858798216481953 0.2603424803007062
0.025139961794224175 0.009776101081075371 0.2589951310863669
0.027657756787170414 0.003968024035392171 0.2601678678946079
0.027664428538769596 0.003954026844858926 0.2602596604595996
0.0242233786499825 0.01215911927319826 0.2596100072709789
0.027657228462317333 0.00413193572517952 0.26010856820300743
0.024283180234316398 0.012041662088662735 0.2595876037352727
0.024255898357695233 0.012076397263131467 0.25954288174780943
0.02764161678028658 0.004295162849259017 0.260145541998443
0.024316983080876143 0.011967056615291913 0.2595330410098314
0.024295312400812962 0.011986664158917672 0.2594819489863976
0.02762130170359052 0.004412959575273026 0.26012762251186466
0.027641698388521145 0.0043833966419160025 0.2602125042697116
0.025061995254230064 0.010012331194967592 0.258983042561568
0.024368532836341328 0.01185203874648274 0.2594904876190609
0.027599394314697382 0.004501881112557516 0.26008380050576224
0.027620671759804653 0.004476129448494803 0.2601616865014721
0.027593981902121707 0.004584410042475918 0.26012034738000134
0.024402418900784248 0.011765312599227187 0.2594704524744699
0.024385753062706097 0.011785635823906238 0.25939818221793376
0.027545924886537006 0.004716067120931406 0.2599896526955431
0.02756126559324086 0.004712429500940153 0.26007238591643184
0.02757687133779152 0.004664257940400618 0.26012747158418853
0.02444322583416973 0.011670857572190631 0.25942629589562616
0.024423589611915954 0.011701684967667636 0.25934977131027137
0.027516206657908483 0.004814498328593578 0.25996210726315666
0.02753116497120787 0.004797208289072456 0.260011445488668
0.027507034324614526 0.0048988541034095685 0.25998790454512855
0.02752050452259527 0.004853362897750733 0.26002574695221453
0.02449359841231829 0.011554311741459699 0.2594563142568389
0.024469973447187095 0.011582316956957677 0.25938581037164476
0.027455449619818884 0.0050278748987483595 0.2598392846181292
0.027486283565166927 0.004977841759454338 0.2599300964741098
0.02745013301547464 0.0050903637103242964 0.25984988018069405
0.024516286566680454 0.0114747105504538 0.25940766937075543
0.02741343583967943 0.005197238260221553 0.2598130221778599
0.027353017859719653 0.005343875941841007 0.2597233256237072
0.027383910763611165 0.005297957917554155 0.2598155754130553
0.02456023679152527 0.011381705162460197 0.2593046450743965
0.024552160988118226 0.011396652400740788 0.25925530052994505
0.02734536952035396 0.0053988012018440015 0.25978236422394935
0.024585295936202404 0.0113111668584659 0.2592770355771599
0.024566050775997803 0.011344011212834402 0.2592017065449424
0.027282821201684928 0.005509956992781011 0.25970829375025833
0.02723287817054364 0.00561029938146938 0.25967712102543755
0.02725448967619294 0.0055901384358309995 0.25975531291500764
0.02462385571544575 0.011206457285692768 0.25923101189092806
0.027192660114087833 0.0057134189551233784 0.2596769728217419
0.027145751963971308 0.0058029161556518 0.259642337324774
0.02716015090121612 0.00579652819125459 0.259707784841282
0.02465016820190183 0.011127037695241362 0.2591819788835856
0.0270961015470355 0.005908927283869098 0.2595838483361333
0.02711426982068816 0.0058879473873267784 0.25967679917461023
0.02701460704525475 0.0060530268185258395 0.2595090124898348
0.027046749417485506 0.006011897459688723 0.25955644255571114
0.024702262689525658 0.011022621621290439 0.2591944072326262
0.024685832825066808 0.01104508573583691 0.2591520488484325
0.026967071696461814 0.006137667701161646 0.25947266570728433
0.026985044649927136 0.0061407114249052664 0.25956354965960543
0.02472835065986057 0.010947929590629651 0.259150744213267
0.02693375845699518 0.006235098311535676 0.2595243428815336
0.02685440564263306 0.0063606137327826195 0.2594250517944109
0.026881845975570817 0.0063223495557493264 0.2594787671812589
0.024757790410082255 0.01085411097977653 0.2590836332792511
0.026802616687967407 0.006467098518934198 0.25940780493113436
0.02674823308957777 0.00656631645563345 0.25937468876343117
0.024811887837233943 0.01074537169233115 0.2591059178780009
0.02479110924390104 0.01076734113082915 0.25903448154249026
0.02484108057688128 0.010651461028069372 0.2590750487997868
0.025437853713898256 0.008259024209354782 0.2589269805905266
0.024865782115635584 0.010574458243302224 0.25902570579601436
0.026567455341370647 0.0069471651197663825 0.25930059989192306
0.02649675494088843 0.007088483925159867 0.2592340257053805
0.026516604826036513 0.007070276037659902 0.2593166174537117
0.024910706704035942 0.010465404494311078 0.25904002504837
0.026470032290356903 0.007152772131706803 0.2592875953399466
0.02642071812230318 0.007240628876047094 0.2593346698330729
0.02493219142389231 0.010390804885959528 0.25898393208761306
0.02495857732774086 0.01029611613230456 0.25894227538455866
0.025097317219233382 0.009890654893165431 0.2589293728590529
0.025106440090319555 0.009886267791740408 0.2589936015346132
0.0254248922910346 0.008215240415463555 0.25893316921798676
0.025395640100147072 0.00820782738182491 0.2588509040378645
0.024993572749627883 0.010204057412494005 0.25899106842457253
0.025369752327374085 0.008094438262553322 0.25901281680589605
0.025021371019512975 0.010108916907125143 0.25892975457923934
0.0253711760517542 0.008103958851737925 0.2589684816777191
0.01934827264956577 0.024261181694387117 0.2684483837580353
0.01939340625928991 0.024211192270930396 0.2683839265395432
0.019489687118906144 0.024069559746984055 0.2683538616175885
0.019521867658066204 0.024005321944101488 0.2682877877832803
0.01953692406635555 0.02395966259114802 0.26820827567377936
0.019676774946702977 0.023314941098038708 0.26792157907022596
0.021010836668841775 0.02049811687181473 0.26335829662617527
0.021077244501928338 0.020341520113196745 0.26331524328373707
0.0213299403134229 0.019695141158049587 0.2627067457286098
0.01918548889474936 0.021536409055869468 0.26582293002192536
0.019156695880601794 0.021484870718635876 0.26579383902105747
0.02142888967123447 0.019335271233668815 0.2624579602203605
0.021432839752208343 0.019293171197012668 0.26238611106466714
0.019130595383347104 0.021423766322331422 0.2657912950683613
0.021457838478300417 0.019198577363568704 0.2624058659543947
0.02146729576286298 0.019134851672179376 0.2623287934409696
0.021472462547440684 0.019109875390247735 0.2622396345436122
0.019114583064725917 0.021360200383754302 0.2658373974902628
0.01908151374908121 0.021319276979012855 0.2657705209808805
0.021590447006589006 0.018741497966908507 0.26190617540027744
0.021582476026105944 0.018702788470254854 0.2618224754078107
0.02160507345584 0.018608984298579212 0.26184679332395633
0.02160201115629129 0.018578059394954063 0.2617798352030356
0.021610015341391817 0.018539019013480713 0.26169468441774674
0.021628259239426226 0.018486108140057092 0.2617301759062765
0.021661382438743954 0.01832146094880252 0.2616838534065711
0.021663006467222908 0.018274331869511877 0.2616052100761692
0.021698610433778975 0.018227761819107263 0.2617084748439788
0.02170152845520294 0.018206913410818093 0.2616279847829603
0.02168250725667361 0.018163911577114174 0.2615629046139023
0.021714757612552794 0.01809387118952001 0.26166156044825245
0.021706901868700442 0.018017156029803347 0.2616829147536304
0.021686542783076097 0.017997386509640487 0.2616440234460531
0.02162619324947265 0.017947331861654807 0.2614847925306853
0.02157420871446319 0.017849707315699126 0.26145002893554903
0.022312737069963635 0.016717069146912775 0.26159235018248767
0.022350361865860136 0.01666615381587485 0.26151947889185106
0.02236770138723817 0.016630774083776716 0.2614435338244995
0.022410350921838414 0.01657225404827848 0.2613421490305525
0.022451387359766845 0.016508340294351907 0.2612670433941385
0.022469348868542724 0.016463875394064756 0.26117349691347275
0.02252588759683489 0.016362874180323998 0.2611960363927482
0.022615560500483942 0.016171451262286307 0.26104164282616893
0.022632591878500218 0.016133295592227204 0.2609524314776464
0.022686190796191427 0.016026639081956 0.26097518621207916
0.022703831674506392 0.015983456647725887 0.2609111058454585
0.022745049404716722 0.015895821835305506 0.260930663423743
0.022750737007190696 0.015872788795421512 0.2608754666208301
0.02276351519537089 0.015818524841690322 0.26078671197062925
0.022799987712758155 0.015759339128145474 0.2608939332473778
0.022811369489660012 0.01572427670344504 0.26081075224216216
0.022862757137074512 0.015586638425544584 0.26075140999456564
0.02287674797347818 0.015540086526711287 0.2606664457920346
0.022913793356033732 0.015458126742432817 0.2606947885493517
0.022922617898567005 0.01541337573752704 0.26063424217614073
0.022926506956164376 0.015385318452234665 0.2605338962625567
0.022955472507787063 0.015328949345371674 0.26064652734445964
0.022964601471547507 0.015291785549174774 0.260582603843516
0.022966572153846274 0.015267762470915346 0.2604997003784364
0.022999160766511078 0.015153224830744902 0.2605164713118858
0.02299550742991876 0.015131597422909645 0.26044819920951545
0.02301981908670125 0.015087554038173375 0.26052982914890943
0.023029627930767252 0.015027915809900719 0.2604561588040848
0.023028049907620758 0.014991842690420705 0.2603853699003361
0.023058893603714672 0.01491738568284721 0.26041727607269305
0.023089494302623196 0.014833647597307953 0.2604479938241818
0.02308377250690846 0.014791686695761804 0.2603556265291297
0.02312249614418896 0.014684284685312578 0.2603809757119023
0.02312705668795534 0.01463700004448492 0.26032254863185916
0.023159353116099155 0.01451912810838131 0.2602692492377881
0.02318670215231508 0.014445342724959788 0.26028714782743645
0.02320006278153522 0.0143682978417655 0.2602149063936161
0.023234120281635875 0.014294611956524622 0.26024425699673037
0.02322864325704793 0.01426705797332254 0.260158203028133
0.023265666367217157 0.014176452613010624 0.2601905142258226
0.0232692267525394 0.01413782379258933 0.2601112660637669
0.02329789002537464 0.014065344769208779 0.2601566541696998
0.023306284460235412 0.0140014680389802 0.26007014659200467
0.02333212983535447 0.013931927600075915 0.2601151504145307
0.02333005816575582 0.013877261269119503 0.26001807107715746
0.023359798864244653 0.013801409611206093 0.26005958275557656
0.023356628918687786 0.013773187475781129 0.25999187713456023
0.02338177740369418 0.013676549362459834 0.26001664214325343
0.02339679865947186 0.013608531240736492 0.26002741632963067
0.023426778758649906 0.013493002896097592 0.260075822913256
0.02341039592250166 0.013502240901211372 0.2599927485872506
0.023444702332688878 0.013408497980129452 0.2600973134779505
0.02343641141802852 0.013384365881888342 0.2600152439448181
0.023449954381022015 0.013312422093905017 0.2600488686518646
0.02343243919925439 0.013268138344104079 0.259974285288363
0.02340816038312199 0.013170049462189404 0.25993599754317026
0.023380192916710757 0.013140462495203443 0.25987480353441844
0.023402809457444954 0.013112984558520153 0.25998702322066314
0.023355384853157305 0.013053329763336487 0.25990484488459
0.023316909423842604 0.013011925156862782 0.2598509023799964
0.023311387711206288 0.012951701481591147 0.25989966994018093
0.023273794169838588 0.012938928443074997 0.2598077510654352
0.026367177123915123 0.007337918249749645 0.2593780131054016
0.02638142470695828 0.0073062919178386206 0.2593437733243381
0.026446630566671632 0.0071988023136040705 0.2593367235129542
0.026497855602635994 0.007100963558698636 0.2592770098802645
0.026540206803609946 0.007017569377594543 0.25931778421819934
0.026588920835616946 0.006899545118941724 0.2593272615625052
0.026635664308213826 0.006797737915825233 0.2593427949125362
0.026721154228909277 0.006631828315952821 0.2593933478969155
0.026721229306013727 0.006611810232372366 0.2593402709518904
0.026772700634492767 0.0065076457277450945 0.25935783055667944
0.026812751762436016 0.006435486767061707 0.2593852064885095
0.026854544793536488 0.0063717407951468736 0.2594720077633624
0.026959975508363314 0.0061881483334358675 0.2595435996433069
0.026946050264138093 0.0061770157387143155 0.2594585419604792
0.027000359768498596 0.006115622358984497 0.2595784967601391
0.027043152891283628 0.006034616609039515 0.2595975129800096
0.027086652391288397 0.005937595009503368 0.2596019856998509
0.027123279925023766 0.005857732785009087 0.2596323043734909
0.027166289929503054 0.0057677571018386305 0.2596734067487591
0.027215888433508684 0.0056681920040593 0.25969400024298894
0.02725100912068875 0.0055856944098838755 0.25971966007126746
0.027289959273392794 0.005509873351821629 0.25975073809660126
0.027329096265794047 0.005435994423511989 0.2597762775460395
0.027365562948609104 0.0053467315505952556 0.25978986758147377
0.02739538637064438 0.005264842818089477 0.2598200817120536
0.027424049700815023 0.005176121290619006 0.2598435283763546
0.027456564973941965 0.005093579808865446 0.2598864429776393
0.027474007328923508 0.005031949277284511 0.2599127712139976
0.02749585586103645 0.004933518376201407 0.25995130229050056
0.02751627441434805 0.004842701592037219 0.25998453092566287
0.027539912705184015 0.004759161664590071 0.26000322332862436
0.027559401777230333 0.0046961544593901675 0.2600346035367764
0.0275858979156978 0.004631303247378409 0.26014647911162153
0.027581186019061874 0.004619968356019016 0.2600832125417132
0.027605981339498015 0.0045554550383529995 0.26016970154637964
0.027602839544596875 0.00453343183371173 0.2601172650106232
0.027616899591390034 0.004458224867802531 0.26012582406798407
0.027635944621557024 0.004373480235431445 0.26017458831728846
0.02764706741485918 0.0038275787688584993 0.26040251705256046
0.027639186059701597 0.003763989667345264 0.2604807455308125
0.02762599095023629 0.0036927694490313406 0.26050145222995835
0.027030079195558998 0.0027590458863941706 0.26112343538617194
0.027839098015934295 0.0019986349219607066 0.26217044405454487
0.027973516817414213 0.0018792752580009827 0.2621352640569877
0.02805215577338805 0.0018023565704418354 0.26224621447432594
0.02806586483667398 0.001769529442950858 0.2621799531554098
0.02849166675874582 0.0013981012325268729 0.2622959398523245
0.028588672812530216 0.0013216473771449815 0.26233969909279353
0.028715673680368422 0.001217363499460233 0.2623438813198773
0.028911607421613625 0.001038373562800472 0.26245125027729155
0.029005535136272246 0.000970053316628978 0.2625651274101236
0.029066371882853135 0.0008917504093366706 0.2625664976564615
0.02911759392831737 0.0008225386039638423 0.26265340116994335
0.0291683227600295 0.0007458680830435756 0.26268693173144986
0.02921759731570364 0.0006475492745095823 0.2626912273049351
0.029257252771666332 0.0005986265730429102 0.2627958071265719
0.02926020171951181 0.000580436644074148 0.2627349505403161
0.029293754231708165 0.000530878302987688 0.26285497701012195
0.02933169327594265 0.000457294691455639 0.2628765191719559
0.029365294125318245 0.000374355700650298 0.26290251225998784
0.02939950674751038 0.0002920458112306197 0.26292065165045303
0.029434569832638067 0.00022500200702105352 0.26302217784056403
0.029430725772329584 0.00021819054750930888 0.2629743553738808
0.02945426097391127 0.00012421344275718147 0.2629778583824334
0.029480619412746083 3.728712286303528e-05 0.26301019072091736
0.02950625042308075 -5.18599825464998e-05 0.26304797100024835
0.029520266119754602 -0.00011442640742653288 0.2630476495589995
0.02160233061216065 0.01856426595712718 0.2617043227668355
0.021490198306073443 0.019029251136339943 0.2620525519545037
0.021518229309093355 0.018955899077740153 0.2620056531819305
0.02154202089199468 0.018886886130086544 0.2619707460703455
0.021568724502301375 0.018807957338952498 0.2619424235805766
0.02159481144742943 0.018726023549468854 0.2619185653946703
0.021600611165256453 0.01865905560962751 0.2618595345865568
0.0216088900728567 0.018579186694327454 0.26182955444883643
0.021626825816580594 0.018510495909973432 0.2617894984287906
0.021462452592905044 0.0191528300357413 0.26218650730162923
0.021495351372758056 0.019055173330242002 0.262162631237146
0.0226311634999438 0.016120541938800304 0.26088676311190634
0.022673259477379817 0.016037605203051933 0.26085377791754416
0.022708369775578763 0.015956663819344817 0.2608183683148359
0.021380517648970778 0.01946611915897742 0.2624573583029647
0.021402024968980228 0.01939782229622753 0.26241562939063123
0.0214251851884005 0.019313778036531497 0.2623787933315511
0.02144207191523877 0.019238737068748915 0.26236662941314715
0.02147322139841812 0.0191090351976047 0.2622780909490801
0.022554415980631674 0.01630175679385759 0.26105993327269045
0.022588299039026184 0.01622323978986063 0.2610107824595011
0.02262745333743747 0.016148081748557308 0.2610060662488003
0.022669721751586946 0.016064704902469848 0.2609812768014125
0.022701437477002845 0.015991913241204532 0.260943816125877
0.022733821845965056 0.01591809668919674 0.260893578169145
0.022767201185283015 0.01582864334659233 0.2608609041901465
0.02279253183927868 0.015772413743339278 0.2608408946577643
0.022825723057904913 0.0156795239796892 0.26079478630044006
0.02132801498635548 0.019659514439513907 0.26261958519372114
0.02135515700758135 0.019582256735226407 0.26261575148637645
0.021445028627550117 0.01928977777503814 0.26247914380624343
0.0224976555240173 0.01641295204140274 0.2612058963518861
0.0225425722633182 0.01633683558850336 0.26116459557309707
0.022576609278570053 0.016265681325876878 0.2611327372130823
0.021240293970916698 0.019915897040551966 0.2628456622996725
0.021268852215452674 0.019842234694617815 0.2628077185892518
0.021180850553119072 0.02009965117317624 0.26302861688891277
0.024206092512329178 0.012184566486930531 0.2595720614614831
0.024239121336322618 0.012115030327953203 0.25955318288155005
0.024275080947650886 0.012031909357118654 0.2595184134875282
0.024327030082689518 0.011937327930079334 0.2594992204594206
0.024353669723084934 0.011867828623589453 0.2594442824511109
0.024383659720895096 0.011798898359012478 0.2594277078302495
0.024429896019134135 0.011700704664394174 0.2593898992087149
0.024449291832518594 0.011634442770523097 0.2593780340309341
0.024537307573011258 0.011424779038112802 0.2592668693470758
0.024565420331403465 0.011360900859728386 0.2592452064261769
0.02459866410070378 0.01126417610056356 0.2592093549761753
0.022297108096447048 0.0167392727525442 0.2616413299699902
0.022350103070456775 0.016670099285564524 0.26159545473270773
0.02402799918019546 0.012436263217928657 0.25976450927221195
0.024103473731964805 0.012349747321819683 0.25977791308717946
0.024156790918221555 0.012282711051113518 0.2597330669618232
0.024198902050710406 0.01221717726791725 0.2596851181778919
0.024240204989172513 0.012137507351337997 0.2596576550195403
0.02443524526949837 0.011697854500069242 0.2594896053378338
0.024469755614136113 0.011609797710035303 0.25944310154076405
0.024494527465785943 0.011527353481886606 0.2593880375624225
0.024537474834118195 0.01142863616126895 0.2593689597752495
0.024650771031689517 0.01115123655968885 0.25925245784325235
0.024681792927266556 0.011065925172166338 0.2592061569949471
0.024746283478374285 0.010899652027699316 0.2591555132317884
0.024771706978378855 0.01082655863453047 0.2591264707779909
0.02478817826434069 0.010791863633509107 0.2590890721023073
0.02481784502365189 0.010711931166649553 0.25904688891331307
0.024841503155117326 0.010628280307784102 0.25900939208242524
0.024870705083469332 0.0105435758294915 0.2589884736351192
0.0249018419895644 0.01045677610519855 0.258960710430306
0.021055775428792618 0.020394090880331367 0.26335691693418406
0.02221677461716484 0.01686029333713536 0.2617670406776153
0.022277752708851472 0.01677477327693796 0.2617334309864818
0.022334981341607343 0.016696565734870175 0.2617318259143326
0.02493155262368049 0.01041223198498428 0.2590468409038606
0.024950708290125957 0.010347072660618179 0.25901133016476424
0.024965360701405925 0.010283385138442243 0.25897158798486963
0.024982546641314118 0.010223781013968552 0.2589487072786918
0.021007300648934836 0.02049491762604358 0.26350012499424647
0.025010963570399763 0.01016235763783069 0.2590139646392358
0.0250277979093469 0.010107971659433782 0.2589753097380455
0.025045230983350507 0.010060804733104348 0.25897797439401155
0.02508940569931335 0.009935166725514973 0.25900161754351786
0.02511857695230313 0.009839749729901094 0.2589724184964954
0.0251360832254556 0.009802682620054556 0.2590601656609392
0.02516121692211693 0.00972178706073398 0.25902374066575257
0.025181728778416 0.009657943298714344 0.2589897157748292
0.025207760025608997 0.009612684024298374 0.25906388969510386
0.02522869021969553 0.009540682898435208 0.25903097196659874
0.025253336393967117 0.009469169763599024 0.2589991785405538
0.02527668748756046 0.009384006793524472 0.2589583876168566
0.025313000649303502 0.00927336727752549 0.25901013525915795
0.025328881230125496 0.009200238863669219 0.25897478016985487
0.025345867054589036 0.009120633193281514 0.2589273937803595
0.0253890306492939 0.009003924238472114 0.25899230207920837
0.02539909036465818 0.008945441824759622 0.2589362739977389
0.025437917976741657 0.008814996200381328 0.25898859208754016
0.02544448785844851 0.008749298435744795 0.2589451481457746
0.02546185228013416 0.008721806133340672 0.2590240544482354
0.025467226214845717 0.008648226732248064 0.25898029251659876
0.025472979489276428 0.00857628705938061 0.2589554185703689
0.025470189344118332 0.0084960230439877 0.25891204629439674
0.02545396081398253 0.008418335922174995 0.2588639790819324
0.026490717364482726 0.007124802729208745 0.25932475001438093
0.026817575737741343 0.006441876586966611 0.25942992597490905
0.02704286980670637 0.006033578614310876 0.25957318658015127
0.027104732972204875 0.0059059042526384475 0.2596241763695806
0.027150715481631397 0.005807437843064185 0.2596792334673281
0.027208447121634817 0.005700041519282069 0.2597303376088492
0.019119660154463005 0.024502790013206897 0.26830588705856506
0.019180851609200196 0.024444139868141743 0.26838387880396786
0.019327128668435535 0.024278116349284083 0.2683463587702849
0.01938369825975856 0.024213601793258266 0.26833106408171875
0.019502178504944335 0.02402996820766618 0.26825748396930166
0.01923202752207877 0.024385405065375523 0.26848242308581644
0.019308054069650242 0.024308051059607212 0.2684403790760653
0.019377393784746837 0.024228888006321427 0.26841886827401623
0.027553291153674615 0.002248475566207835 0.26216032715445337
0.027653225277841757 0.002157497878806655 0.26216017476653863
0.02774207490643866 0.002078452230022176 0.2621333651729865
0.02790602411567711 0.0019488714173670804 0.2621986360974608
0.027973077621580536 0.0018852297759296248 0.2621925328916473
0.028025126014368015 0.0018174455886075043 0.26218625911628257
0.02809544035846663 0.0017579304139700804 0.2622526616764882
0.02815899875841918 0.0016922896442229365 0.26223824362729703
0.028244610089619173 0.001606100937609824 0.26222840695496735
0.02838056336931952 0.001491196528240554 0.2622918488042958
0.028476080513374687 0.0014038877051798125 0.26226451951035523
0.028527846239980198 0.0013709731323038096 0.2623458033331086
0.028643370600695873 0.001275925075749025 0.26234081202803056
0.028686790027879227 0.001230982834656304 0.26229906061118474
0.02877017478123762 0.0011751328567484575 0.26240709888484304
0.028837412724601184 0.0011001928912436373 0.26238968370059546
0.02883605431778069 0.0011219171977188472 0.2624545552532135
0.028896998473497238 0.0010601024049548364 0.2624685335105991
0.029019607684446263 0.0009428517371031292 0.26252294411415017
0.029068844573487636 0.0008975955231271202 0.26264199732894955
0.029107775598952456 0.0008286974964411642 0.2625932629337543
0.029147021381112786 0.0007784337066264792 0.26265728523390114
0.02918368906766208 0.0007093264872576695 0.26264565269358364
0.029170380680855177 0.0007446695345607857 0.2627507116220378
0.029211339657862555 0.0006722859360759994 0.26274405682881047
0.029250384998477093 0.0005924154866050952 0.26270799558122226
0.02923460052822898 0.0006410939725880347 0.2628100870720596
0.029280872727145708 0.0005473752809660199 0.2627744851809852
0.029304174328936745 0.0005131011094243384 0.2628822052135655
0.029334591363085197 0.00043717053811960125 0.2628293601288845
0.029358123105315947 0.0003985220655309587 0.26293489020125327
0.02938177337177805 0.00032697547084505806 0.2628930863032876
0.029405299147621564 0.00029834166750782303 0.26298026784535583
0.02944498733591479 0.00017959700159952236 0.2630018852579746
0.026436253876083442 0.00721496022606303 0.2593354649195303
0.026338960123334546 0.00738269882549583 0.2593972609472047
0.026233398389484793 0.007528906429570043 0.25940065808681295
0.026290578245972203 0.007465219793888517 0.2594327610967598
0.026089233807118636 0.007664553954719341 0.25942123836407194
0.029040521863181172 0.0009341770554280811 0.26260351095115936
0.02909545660764801 0.000855208045970136 0.26263768053405995
0.02914061886205499 0.0007948623858435866 0.26270277849547785
0.027800427038487504 0.002027237017171859 0.26212882173177393
0.02765511051168983 0.0021512300546758156 0.2621334150192678
0.02773550006643294 0.002090599696575996 0.26217854662753615
0.027781810503523727 0.002051561456334146 0.26220676007141114
0.02421054935177494 0.012174564683945463 0.25953521636114124
0.027578877912034016 0.002231268829511337 0.2621677463733417
0.024201072082359096 0.012202969287349076 0.25963506845410816
0.02739240336672415 0.00235219141810752 0.2621726691386908
0.024085157491998615 0.012364460720227786 0.2596766507261523
0.024144022706932878 0.012294531950498292 0.259699381210856
0.027163354002723357 0.00244512434335883 0.2621479361717225
0.023949905334703554 0.01249790270751084 0.2596840785708578
0.024075484623832577 0.012382980191174156 0.25975595985688327
0.023779960871639947 0.012597589038179794 0.25965799708601134
0.023865503322535776 0.01256587005709892 0.2597369079029755
0.02394352704516018 0.01250829764508976 0.25975302786523585
0.022603318303079906 0.016200164772952563 0.26104077351153304
0.022561093710685622 0.016296875991934336 0.2611108899120411
0.02258908014105877 0.016236595052793887 0.26110982057050697
0.02246651026995594 0.016458678916804075 0.26112534493342887
0.022509944039162493 0.01639176980170074 0.26116481422539867
0.022465938953108014 0.016479778465893366 0.26124482008911115
0.022405178798429192 0.01657800024378145 0.2613923656032819
0.02234259828886385 0.016669942227236542 0.2614592013287652
0.022394182931697818 0.01659039022581598 0.2614813003218118
0.022325775262714953 0.016700237758553046 0.2615430520608636
0.02237639474296348 0.016624718179517897 0.26154794797770614
0.022324862072266048 0.016703929587987387 0.2616218208273808
0.022317322627585196 0.01672129824465248 0.26168603840316457
0.022246827662788148 0.016813545406287198 0.2617370030743457
0.02205081794082547 0.017017171680452733 0.2617156010472085
0.022126594690415568 0.016969686906580093 0.2617483780310817
0.022184899935763176 0.016907701685185725 0.2618004249646479
0.022017521567667377 0.017038108191753477 0.26178376084935806
0.02209969351363653 0.016995956466225932 0.26183456776552794
0.02153381209799288 0.01892952811149498 0.26203229233036673
0.021497679055078062 0.019029677515619674 0.2620925439648938
0.02147887370114525 0.019120479878566757 0.2621778869109801
0.021438930131076474 0.019234093153535935 0.2623308812895074
0.02146031765122438 0.01916935355368441 0.2623621893618369
0.021388136699513904 0.01942436334110935 0.26238528492477975
0.021419376708542267 0.019350287792133332 0.2624093647873168
0.021447819811382888 0.019257415846741996 0.2624239472240144
0.021364376401489145 0.019504048634272193 0.2624593179288478
0.021400819763647147 0.01942488324455969 0.2625048435680666
0.021364007560813282 0.019529582818565948 0.26256190344824015
0.021307469788759133 0.019741589018568387 0.2626843664173031
0.02127499337853305 0.019824471137362083 0.26274761351417786
0.021216855987861032 0.0200067055019059 0.2629036267430565
0.021237939265274064 0.019942398208676403 0.26291284849728314
0.021177860315559637 0.0200970639929764 0.26297335594449495
0.021207187909829475 0.02004342808620728 0.26298967618099434
0.02112003748471781 0.020201851310708452 0.2630198885500092
0.021160529631635436 0.0201399967314563 0.2630522494718678
0.021120217478374028 0.020234078661250224 0.2631286142653637
0.021082195656521096 0.020304522047878096 0.263169757460954
0.021041302695593463 0.020393670713529675 0.26324370774262423
0.021087177003313265 0.02031767850123739 0.26328553847847896
0.020995037475303988 0.020496415245656832 0.26330410495290363
0.021044136757143173 0.020422622452390432 0.2633505115600283
0.020996979577232986 0.020521246931833367 0.26340411073574516
0.020938827682296914 0.020590442623627782 0.2634700640848068
0.020988196631952706 0.020527812234621592 0.26352324348385203
0.020917608188765445 0.02061967532992278 0.2635458212961925
0.020965125946780468 0.020560004350328606 0.2635780394551637
0.017896215707776837 0.025051477307543896 0.269006165740738
0.017943886727789155 0.025045979730965784 0.2689076201076397
0.0209206228742215 0.02062880693015396 0.26364809764413666
0.018104645700917032 0.02500668040821783 0.2689148246263899
0.017988585886335992 0.02503859223609986 0.26884989413216237
0.01816512563884326 0.0249907089239972 0.26887597066005137
0.018015128002273787 0.02503304441518686 0.26878091377072033
0.020873542807513756 0.020707153821821034 0.2637062213405514
0.018192957030470247 0.024987018070136466 0.2687853328647457
0.018255855945118978 0.02496904389905239 0.26870264694206325
0.018276582865975808 0.024964351852087903 0.2686308582079396
0.02080804562443889 0.020834380467821108 0.26386174512444577
0.01844975343889394 0.02490533442791712 0.26860915769136856
0.018307189832975777 0.024954077409988257 0.2685527642337124
0.020698525246972264 0.0209764649402985 0.26388044134332533
0.020749009778028887 0.020925543698800314 0.26389927870482516
0.01856291356191399 0.02486329598859989 0.26860861549411574
0.018444230395888744 0.024904763386149144 0.2685424122015788
0.01860853189420649 0.02484413824898383 0.26853463147576273
0.020619309016219407 0.021050951645483533 0.2639279909146798
0.020684382973461972 0.02100458322293859 0.2639682432845415
0.020753243361268117 0.020934126289774604 0.2639988007330657
0.018706039865400276 0.024798357622553585 0.2684958883835097
0.01882304045013904 0.024737345876843515 0.2684406378861708
0.020618032773333794 0.021060476556542224 0.26401317486254217
0.018852524438779907 0.024713543618682984 0.2683720509783802
0.019295343004923252 0.024320234532358577 0.26849698923350396
0.019238293935091726 0.024382140945830584 0.2684264537112305
0.019169440919956097 0.024453867242055706 0.26841991565826606
0.01910676142719258 0.02451827331238464 0.2683496427254137
0.019022196854473688 0.02458790453121546 0.2683127830414079
0.019295931457417037 0.024318838047294886 0.2684002510251624
0.019201192520045336 0.024422749992054918 0.2683296210252908
0.019138804302778627 0.024480066726474847 0.2682744473730488
0.020437555687455127 0.021175392788181736 0.26413418899344643
0.020484889507186795 0.02114792753459631 0.2641363274403353
0.01746894570072461 0.025095392039323858 0.26898631457436745
0.01742210830374858 0.02510196290197845 0.2689094388349663
0.01737375992078655 0.025105206232063595 0.26883152992164494
0.01732441583374772 0.025107080640260702 0.2687531887742943
0.01727301731288384 0.02510707819287044 0.26867404661835315
0.017560263354645292 0.025092621149535588 0.2689624498901626
0.017513395217198982 0.025100020344922966 0.26888551234536207
0.017464756723472922 0.025104965183483707 0.26880760558891775
0.017416657724806075 0.025107746794612917 0.268729681739765
0.017367534829488565 0.0251088707778599 0.2686514910471139
0.017692822046995932 0.025079207690790375 0.2690136893701246
0.017648822750764764 0.025087390460820348 0.2689374114925597
0.0176033489899462 0.025094634238028768 0.26886101594315553
0.01755484002846903 0.025100560785231173 0.26878324508939483
0.01782176285175127 0.025060652856413478 0.26904346544760793
0.017776624085180163 0.025070202348286795 0.26898491625241794
0.017732914520222732 0.025079349951846366 0.26891048443878723
0.017689479429703385 0.025086559403092172 0.2688350838995032
0.017642940786159078 0.025092821424132578 0.26875805433148203
0.017867878156136455 0.025057689362127718 0.2689502087818779
0.01781696022446315 0.0250669816656 0.2688827625756815
0.017942095538860465 0.02504529816945914 0.2689500144989684
0.0179087071209399 0.025052482590576457 0.2688531648188348
0.018024129376915155 0.025028334588557674 0.2689073491636595
0.017968892746625106 0.025042969273068594 0.26881551233616935
0.018107132198636303 0.02500801587305565 0.26885383599250817
0.018056828868125985 0.025022938696336774 0.2688105567805827
0.01816999818646076 0.024991660816449983 0.268822664625867
0.018131948725578637 0.02500343819491927 0.26876231466246214
0.018201393389786415 0.02498534040127688 0.26874293194649285
0.01816787744095344 0.024994222357427584 0.268673868579729
0.018223893803442706 0.024979649938890756 0.2686229817538163
0.018311387675145917 0.02495349292632385 0.2685950212118339
0.02761153203111357 0.0021965725982541692 0.2621687862981888
0.018971553161706557 0.021268564080720552 0.2644851330642689
0.019090165005306622 0.021292887550853422 0.2644601812415201
0.019198134169085234 0.02131502010662846 0.26446082354037154
0.019302558031370154 0.02133534980555464 0.2644309801352866
0.019403823955813124 0.021349590364096824 0.26443547907284115
0.019504897376193656 0.021352359709147332 0.2644089699759013
0.019587191674253962 0.0213527348200329 0.26437410815439716
0.01969319515498553 0.02134524952940796 0.2643546987160474
0.01963975342452642 0.021342622010461033 0.26429508683644526
0.01978973707143744 0.021338686838920866 0.2643460856294135
0.026303583038846442 0.007427659897550652 0.2593790317290976
0.019871528039987384 0.021333588666564075 0.26431257600240443
0.01984404904192578 0.021332901783866334 0.26424399704092444
0.019957896864564558 0.021321034560053992 0.2642886267090768
0.019894423157522975 0.02132337926783906 0.2642092778133075
0.020040048870694927 0.02130429989888063 0.26426467962774813
0.019991526203572096 0.021308036254787992 0.26418034970589455
0.02011423746910254 0.021288972887527846 0.26425181412389837
0.020074876938761758 0.021292179928069636 0.2641360355315669
0.020188702968419635 0.021273185397185652 0.2642088777539988
0.020150305259878435 0.02127854301620074 0.26413950767905814
0.020257872108941668 0.02125340686451456 0.264176540806944
0.02035562789236601 0.0212166341993745 0.26414112220299646
0.02031044600161363 0.021227722537552986 0.2640799438268781
0.02039994268983211 0.02119278897594218 0.2641074853876746
0.020467410731978514 0.021154080628973747 0.2640628308720697
0.026258547643326084 0.0075096459534925815 0.2594411483571565
0.020537317311507874 0.02111306297668611 0.26400989981465234
0.020627428318366843 0.021052358692182138 0.26405613686565843
0.020583488915023835 0.02108096439428251 0.2639700223393506
0.020666056965797496 0.021021543383845556 0.2640165401414278
0.020649998925432185 0.021028961894284 0.2639315706513593
0.02072474905107683 0.02096309347878604 0.26395177732243336
0.026190150879876792 0.007575826524888693 0.25940491984325736
0.02609074352204224 0.0076500583719077125 0.2593627471139587
0.026137296167230335 0.007627333411807496 0.2594385676983302
0.02599316104698053 0.007704238912349494 0.25933744424854255
0.02603293526449691 0.007697174741459609 0.2594286294513476
0.02122583908765395 0.019985311606238128 0.2629283331804013
0.021203176429610882 0.020029508564021692 0.26288230399125884
0.02123250490628248 0.01993156227952554 0.26282107657901954
0.02126432898984064 0.019851743408499024 0.2627727171979882
0.021291797625763196 0.019784733060256382 0.26272381429143904
0.02132158913616103 0.01969526217277775 0.26265566539488167
0.02589916506802645 0.007746357293322684 0.25932009162555175
0.025943962804691138 0.007739780035215548 0.25939935716513557
0.021338794117614506 0.019619671063231148 0.2625949590552563
0.025810610590731312 0.00778047507055605 0.25933956691316545
0.025867662757000455 0.007769061716135964 0.2594159119343842
0.025738052694707476 0.007801901145876572 0.25935371912928
0.025793366093934195 0.007790797827807767 0.25944681776403816
0.025698720839440158 0.007813188064297453 0.25940213081726743
0.025708185579269148 0.007808662831316623 0.2594703522168899
0.0212708682584478 0.01720370638142068 0.261695260083766
0.021307558351833768 0.017203839893548997 0.2616789026413668
0.021463426252662555 0.017176038426700665 0.2617315191191309
0.021413869589518533 0.017181396933426345 0.26167246799430083
0.021525006043758812 0.017173527913041678 0.2617177123581164
0.021502046618793683 0.017173514448199388 0.261653283199935
0.021611946079099345 0.017166643486802767 0.2616936728213
0.021590197464391798 0.017165126935415803 0.261602901681998
0.021728027117777524 0.017141547423164843 0.26171862732889445
0.021689969876763537 0.017153489151801864 0.26165224999222303
0.021678444007706035 0.017153082545250622 0.2615850536804674
0.021847241740731372 0.01709933726143871 0.2617683257023187
0.021807155761487926 0.017118427378795896 0.2616930916755264
0.021772279872219493 0.01713016783602858 0.2616221287210241
0.021970312791265278 0.017053838746583422 0.2618028409535339
0.021923660473914492 0.017072956738029887 0.2617415190016011
0.021880110338853166 0.01709255322741203 0.2616805253860332
0.02183896205251204 0.017105088621513012 0.2615750765879086
0.02202985640843829 0.01703158068918162 0.2617462394859323
0.021959651374834736 0.01705750948576587 0.2616786403219994
0.021920573723521842 0.017073400671058378 0.2616285986473886
0.025602865146194524 0.007821158134487739 0.2594160813639793
0.022123564846769826 0.016979254872702257 0.2618022681180343
0.022083317272102054 0.016994973135403345 0.2617070787139443
0.02534973998157754 0.007839173758880338 0.2592022200806311
0.02545766552220826 0.007824013263874816 0.25939925114917295
0.025489040733789985 0.007826557123998816 0.2594705519400092
0.022163543796014217 0.016929640833758974 0.2617557802028622
0.022246186674918362 0.016828843760703822 0.2618062062837127
0.02533675246126943 0.007855800296170265 0.2593536364237847
0.025365768708556478 0.007825303599778254 0.2594158157008996
0.025402092144330743 0.00782652581012935 0.2594635784752685
0.025325508409242446 0.007840347972286738 0.2594234779234865
0.025318506464570765 0.007834738022426409 0.2595129302696456
0.022825119333181598 0.015691556008130627 0.260841963113686
0.02280632345222522 0.015723672072646633 0.26076919894833606
0.022845516453725446 0.015627345688798613 0.26077261599503787
0.022886452771447623 0.015528672827506926 0.2607173398778094
0.022866097665371427 0.01555559123077412 0.260650147043949
0.02291307938690043 0.015447831157942599 0.26065440337400125
0.022889865860911265 0.015487174148108643 0.26060399485353153
0.022939384760994205 0.015367458018406324 0.26062053510515176
0.027120857409481138 0.0024574106307447114 0.2621646078424569
0.027178843320219432 0.00243933513795301 0.26212526441077916
0.027324144722932927 0.0023887466926502173 0.2621779653308027
0.027459372509726413 0.0023085787595599257 0.2621769704524383
0.027764448692560853 0.0020619572432290156 0.26215266901729917
0.027671701358539823 0.0021345954378041224 0.26211961026927605
0.01905191505295217 0.02128934818390231 0.2645225584459017
0.019143248903136373 0.02130721242349433 0.26451378556984356
0.019142246644085464 0.02130155911149821 0.2644481778154219
0.019273955023729358 0.021332995524592967 0.2644694564164876
0.01935331231450669 0.021345791252804933 0.2644615580786874
0.019439558911493935 0.021347400850512475 0.26439679871254357
0.01955801793302835 0.021354442019126917 0.2644031176492937
0.019544517485809574 0.02134793088268651 0.2643500449828151
0.01961557479511875 0.021354155955442322 0.26440543814361067
0.019611571610667324 0.021348671925025604 0.26434106606329133
0.0198113237966286 0.02133697356992037 0.264269949192638
0.02129115771677712 0.019776466148253638 0.2626814736102632
0.02132349664318208 0.017205349815054984 0.26165105016919754
0.021384007116148723 0.017183674696193932 0.2617076774089652
0.02137568001117371 0.017180434971171527 0.2616138087304589
0.02144453797894184 0.0171781175886081 0.26169581790624385
0.02145729304539397 0.01717386875423449 0.26163967644664154
0.02155669946241861 0.017170146681458616 0.2616410256051103
0.02163063003435166 0.017163130846886247 0.2616276528903933
0.02172415996635092 0.01714277405778531 0.26157474733720903
0.021777916685560356 0.01712685395582985 0.2615707096901756
0.023336119715574633 0.012691520279835326 0.2596927692576958
0.023364696715772012 0.012678852090660555 0.259602744013221
0.02337862733154195 0.012676783517998 0.25954071706785514
0.023435421176994438 0.012673808076181538 0.25962947751098564
0.023466230656045386 0.012670817174202252 0.2595450065757122
0.023528747926072992 0.012670631073446126 0.2596500125532316
0.023523661675134058 0.012668441066154175 0.2595560061873862
0.023607852037878182 0.012647324947090428 0.25967390164843845
0.023613883019147193 0.012650264160381838 0.25959659370001037
0.023688733587386535 0.012626726209057157 0.2596870389175825
0.023706569965523137 0.012618184697255229 0.25959689934197283
0.023768387792845163 0.012603034359719432 0.2596838977350484
0.023768695346622133 0.012595342453446031 0.25962031895172766
0.023842048432627647 0.012581027595080597 0.2597568462775765
0.023823429288727334 0.012581727444598559 0.2596955938540239
0.023898666565682035 0.012541811429321417 0.2597658260466483
0.023907730798821986 0.012529894089502119 0.2596941419948012
0.0239852510339229 0.012472236390589683 0.2597227565209378
0.024050755719026474 0.012406626888700598 0.2597158195409505
0.024114983563283284 0.012332701476049344 0.25972171007458233
0.024109919011712975 0.0123365095058939 0.2596719733595109
0.02703289802151435 0.0024763168370386768 0.2621608823180537
0.027205332030857236 0.002428349526294282 0.26213183475667773
0.027266659589585667 0.0024079832479239334 0.26214745001030215
0.02707747538734123 0.0024652682983376515 0.26215149648039754
0.02387237438207907 0.012555203713446884 0.2597030823600552
0.023808000507735492 0.012582840455860528 0.2596464239046337
0.023777685655217734 0.012599828965822424 0.25971761075486666
0.02372454473640813 0.012616809605168219 0.25965300145185627
0.023647208648718013 0.012634776525350395 0.25970650544722074
0.023659316209127763 0.012634093881220818 0.2595757879262914
0.023611152372110412 0.012649463674244356 0.259637181942011
0.023524313093038 0.012667047830600006 0.2596943939753208
0.023559468171605473 0.012664135121256703 0.25957786732525656
0.023487390944450976 0.012673615550662232 0.25964286387734986
0.02340676444176966 0.012671096283908662 0.2596974045086295
0.023286342352880907 0.01409058521992231 0.26011838360388545
0.02326958021701083 0.01415254859743626 0.26015450617228997
0.023244196971521115 0.014237294492905735 0.2601821330803595
0.023218673905144222 0.014329123625241604 0.260228096171391
0.023206721670589184 0.014385110980112427 0.26028297610108947
0.02134206100144149 0.01964693502745691 0.262675812969353
0.021316360820373907 0.019735611153030443 0.26273878437831266
0.021286680417308246 0.019798791122180158 0.2627678275698057
0.021259245750365356 0.01986386237281551 0.2627984381870891
0.021236268264539653 0.019927936745620607 0.26285170762762283
0.021221474740715826 0.019986638819902723 0.2628909600151662
0.02120177001992573 0.020048805116641373 0.2629345728851519
0.021313495657342578 0.01969372978067864 0.26261661487151683
0.02128376388819357 0.01977458021852229 0.26265133566793264
0.021654838377534524 0.01837222839227952 0.26170548748260175
0.02163883091471054 0.018478082229540282 0.26177673004832697
0.02161386885793862 0.018548111134989345 0.26180109976361715
0.02159582499637994 0.018635663724371435 0.26182085454917775
0.02161206701903922 0.01851884720688981 0.2616493010492326
0.01907270584028785 0.021276410019604175 0.26580961713841217
0.01910350747288767 0.021369775475107773 0.2657699168242094
0.02342598441641904 0.013183252312444143 0.259986200824758
0.023370483116608654 0.013057430194378243 0.25995494072679287
0.023397699803322486 0.013160038812726411 0.2599103948369151
0.023333432780137487 0.013010728053094082 0.25989716636425336
0.023361040558943214 0.013099259882455744 0.2598624660956767
0.02329411997501379 0.012960124621247739 0.25984500773564145
0.025423217723182224 0.008881334706483826 0.2589937234960573
0.025474076464964916 0.008616728333664659 0.25900316051082617
0.025458261455213436 0.00870226236776331 0.25897901053406885
0.025437874076785313 0.00879205609452312 0.2589535176265178
0.025478156833722666 0.008503613409766077 0.2589485726185583
0.025466003753626003 0.008601577153321906 0.25893101050898365
0.025448457239611304 0.008673796583221432 0.2588895595320239
0.025355833469303833 0.008031805119511723 0.2590801424724932
0.025458265106222056 0.00839948724278837 0.25888892683641435
0.02533282948077752 0.008037880122564536 0.2590404675780411
0.025400778127568396 0.008155134940098632 0.25894818971902633
0.025438101105821988 0.008286387196086629 0.2589007005666615
0.025368289533252143 0.008129159227189672 0.258886575060233
0.023292595261626345 0.01291882201853813 0.259859145216269
0.021486038673305365 0.017723846839195125 0.261441910487642
0.021209005986374818 0.017354942740664785 0.2614985135525728
0.02160763285755932 0.017897471429766346 0.26147314512393854
0.021233086000367517 0.017422363746036923 0.26145472764775485
0.021227823661467495 0.01737334910895793 0.2615063111426084
0.021228027642224076 0.017363270151771006 0.26153552379079176
0.02338751979903011 0.013117118844949939 0.259918350839597
0.021637262074051925 0.01793096536637557 0.26159690628521487
0.021319252184219893 0.01749403479179181 0.2614516888222052
0.021365201613832277 0.017576850513090776 0.2613896419075033
0.021667107587330005 0.017990216313370493 0.2616153663831931
0.021423863632820245 0.01764421862550994 0.26140400011272974
0.02333824928709179 0.013031766443339365 0.25988182993061826
0.023330880434699473 0.013065703050792823 0.2598244745011544
0.021503254374468435 0.019024413938713826 0.2621244330723107
0.0215327486064369 0.018940227432739896 0.26206608371847984
0.021546463258930174 0.018871945316121193 0.26200639949730653
0.02157239941701643 0.01879951406113837 0.26196460429656127
0.021596753226279016 0.01870688266539458 0.2618969635278123
0.02547614717299889 0.008537087125701599 0.2589496688417324
0.025478535640492836 0.008464623109387162 0.2589604520538052
0.025430515362653932 0.008241446845228755 0.2589138131051403
0.025396728607573194 0.008169257377305892 0.25890439680001953
0.025388567458996692 0.008112993727664698 0.25903529887289456
0.025343796832450277 0.008069956032201446 0.2589608221794405
0.025333101386249675 0.008005016832164053 0.2590721104826402
0.025340501892294708 0.008032704633225054 0.2590633655651056
0.023734369932966622 0.012612521009666507 0.2597162303096763
0.021435093851554156 0.01927627564897145 0.262373572879291
0.02147159653938954 0.01912371416659457 0.2622159737131264
0.021293998723132434 0.01718249355185969 0.26173100902452634
0.02128736645080106 0.017208590703640475 0.2616312265484463
0.021416402755449933 0.01718018488584002 0.2617007996711134
0.023368473674139963 0.012678076372609818 0.25965333897588516
0.02340956835139648 0.012675606315761168 0.25958357648438474
0.0234808413698417 0.0126689909451191 0.25968301611135997
0.023500479909793585 0.012673144034347201 0.2596020821110978
0.023560381282707633 0.01265921027725774 0.25969899947763436
0.023578447439118945 0.012660810518174082 0.25963792180068507
0.023655431163495787 0.012636423747690506 0.25964260624371016
0.025344912522552627 0.00782971494085083 0.2594111152567383
0.025355661403713432 0.007852893367630325 0.2593128604742296
0.025434574426733858 0.007826400683318713 0.2594531300795465
0.025552690522922916 0.007825840850563957 0.25946602422582865
0.025654124162454012 0.007819505009448734 0.25943036063670977
0.025665898536852787 0.007812328436291202 0.2593663202728349
0.025753936177091815 0.007802610440757177 0.2593992469711805
0.025761587995707765 0.0077902198414072366 0.25930975868077544
0.021610177194540687 0.018543706982952116 0.26173971969220794
0.02158801999564287 0.01862037977848583 0.2617647775185711
0.02157194013095226 0.018700556311573684 0.2617847636260849
0.023284333526824443 0.012930299999551854 0.25983540711209224
0.02136260126127942 0.019548104504967516 0.2625964028519229
0.02133077109372897 0.01962104325489661 0.2625595553975672
0.021412457967513506 0.019385273690032415 0.26250890543966937
0.02138452133529396 0.019468749820314685 0.2625085526602393
0.021363610878984998 0.019516414762102266 0.26249309007503036
0.02143534117227747 0.019306790790736772 0.26242340328321784
0.02141579328066331 0.01937140749705716 0.2624449959647962
0.021383103502866836 0.01944653870152442 0.2624139151050442
0.025377097996870945 0.007829493918203326 0.25936902869247014
0.025399146543011786 0.00782550300193558 0.2594266112141274
0.025332156078245075 0.007841136108095772 0.2593893269624637
0.02535725194883356 0.007828572238566263 0.25946323598668836
0.021340608623433763 0.01719087364363865 0.26170529434670065
0.021326611059399894 0.01719403915730912 0.2616147503202587
0.02141929778078108 0.017177166315890106 0.261733439623071
0.021407839978337555 0.01717923513317146 0.2616367989936327
0.027117552862548074 0.0025076712327116247 0.2617499690700784
0.02120903975954342 0.017352583180798208 0.2615064458874503
0.0211929431848408 0.017363143305820325 0.26147884495735074
0.02536793997899618 0.008154303363077712 0.25884843205376684
0.02534896597877651 0.008078813006873194 0.2589446912270222
0.02533645149890975 0.008055766146213127 0.2590010428073672
0.02542037775785567 0.008232356726837257 0.25889456546849093
0.025403667527391025 0.008146646791757375 0.2589827314807997
0.025364444376969213 0.008072239608275009 0.25905171788828124
0.021503010342005458 0.017768583584441486 0.26141001834462374
0.021455430150493258 0.017671805233473642 0.2614467653208205
0.021442931026222665 0.017689913765881228 0.26138007080945336
0.021410213392478256 0.017610168530324058 0.2614273412193108
0.02140340640577007 0.017635917346380342 0.26137318473951715
0.021357743557085182 0.017535888923445396 0.261428368923439
0.021296410292103447 0.017494290166520772 0.2614117231513327
0.02699654990710708 0.0024844365401405838 0.26217695978055783
0.02152431010225014 0.018915970807181097 0.26194013916614195
0.021553263821745362 0.018847483988246247 0.26195464558746395
0.021541239942573988 0.018837416816771556 0.26185673588984326
0.021581442867776312 0.01877565348378339 0.2619422001508146
0.021579831266394976 0.018767443573092457 0.2618877648359222
0.021563998443010855 0.018737611906962354 0.2617986361003787
0.02159891228517873 0.018680835363191504 0.2618700596728356
0.021351025763861955 0.017180805666838904 0.2617413985947673
0.021361916810091426 0.017192509868778558 0.2616617514707201
0.02148048899899687 0.01717679348140095 0.26168791645086475
0.021681187598111024 0.018200423456414982 0.2615641011385384
0.021693239150624006 0.018130000622675106 0.26159620013494145
0.021691346707054453 0.018030690913379666 0.2616333342970699
0.021645585826922543 0.017958156372358224 0.26159796483696157
0.02339054418937451 0.013161174635915476 0.25989188037784355
0.023341641340332293 0.013052235465788332 0.2598652114470893
0.023339988357536468 0.013004332495209284 0.25993455352708106
0.021601436560771705 0.0179040537475285 0.26141441119933784
0.021672895786843255 0.018235039451455062 0.2615668121629355
0.021707676187739135 0.018163214553634406 0.2616209372113566
0.025431779488804367 0.008254290950266812 0.2589063871001008
0.02535790877400011 0.008101315015398448 0.2589188867579147
0.025377765062812734 0.008067469388962845 0.2590827084987361
0.021619345497971627 0.017916826672256712 0.26154160239267393
0.021620999573159598 0.017933492956261406 0.26143827778760453
0.021516723670978483 0.017774613002236858 0.2614399592552564
0.0215716017743489 0.01787590530507077 0.26137992649539094
0.021435155084294288 0.017647027740601354 0.26143160413229233
0.02133831632354275 0.017532360981798 0.2614058238502606
0.025395521041108603 0.008105625851256622 0.25907466744656754
0.025392001161043537 0.008123726579252977 0.2590036401286516
0.025352529209823473 0.007928310169424675 0.25912564043371955
0.025360281191026367 0.007971430044306692 0.2592325081883398
0.025344519444914913 0.007852726341056816 0.2590828960264202
0.025324131930050314 0.007946190925479135 0.2590733822366171
0.025336661768910317 0.007911841046040858 0.25931384662196494
0.025351296405278445 0.007893221649128264 0.259182697375772
0.02537420975257677 0.008009726716958963 0.2591624126454224
0.025373116114149094 0.008034110820805442 0.25910689921610475
0.025355615700112688 0.007869212013446949 0.25925009691943945
0.02131964490850465 0.019652832580846755 0.2625730778957829
0.02131175692519631 0.01968026028884568 0.262589506050069
0.023291201326293136 0.012795731147254491 0.2598091957362824
0.023312570460692704 0.01272634482846486 0.2597554260602575
0.023276205382173166 0.012881297381802215 0.2598147323927905
0.02123826150302889 0.01726929178880568 0.2616537198088607
0.021237530549294552 0.017224798747857657 0.26169875192089026
0.02126102969917353 0.01722049190813895 0.26165683048262056
0.021529173929069202 0.017814372956754747 0.26139255473975204
