0.029619020935131066 -0.0009561093769060677 0.2629297482703975
0.029614513408560167 -0.0008028415586907138 0.2629113991613259
0.029610410228845727 -0.0007019051430230192 0.26291519178685263
0.029596089072170997 -0.0005889425551947846 0.2628948019015499
0.029577911486031627 -0.00045420566846750624 0.26289642375764233
0.02956558525720571 -0.0003409569654612334 0.2629166861871692
0.02954203961021376 -0.00023014596598808755 0.26290092904899304
0.029529192789670984 -0.00015139695789106802 0.2629437121475913
0.02959398268018169 -0.0006681594402501638 0.2627565187614536
0.029490372448893465 -5.867267971210302e-05 0.26282864278034657
0.02947344056499426 1.5712509667626504e-05 0.2628271689049909
0.02945766642515282 8.112300274812942e-05 0.26285104902448864
0.029390783902694017 0.00023697843801315138 0.2627862465794121
0.0293534853013889 0.00030689911359022145 0.262688636141612
0.029288430502095435 0.0004273195082486737 0.2626206653806984
0.029217756552597958 0.0005495423355639339 0.2625344473463581
0.028624428398524887 0.001130118318675861 0.26214417171975823
0.02827232130547917 0.0014309296219306583 0.2620578017836635
0.027709890366925297 0.004269163805962371 0.2599483445953916
0.027675495614188465 0.004340777356810168 0.25982150463079395
0.027667056605972445 0.004418319808303313 0.2598349175334166
0.02764838526407392 0.0045175081958761 0.25985620439937707
0.027628570539010366 0.004518655405988556 0.25974294941238035
0.027609585678142687 0.00460770600003461 0.2597402091281091
0.027472288710276703 0.0050565755676566775 0.2595026446796376
0.02743494302790417 0.005162246679595523 0.259494700202956
0.027366725962267805 0.00529892012452871 0.2594407940297841
0.027243214482579093 0.005586333562899744 0.25941637308940735
0.027215416362266244 0.005622138592940179 0.25933497067402017
0.027179492611382194 0.005717257203353431 0.25935153471264233
0.027138202030660672 0.005770973674030991 0.25926080279531655
0.027115257087889272 0.005840011059762225 0.2592847983922588
0.02704583666928491 0.005961978836954813 0.25921858307297757
0.02697762858476712 0.006085999292388766 0.25917491644452534
0.026906924982225626 0.006216267041689825 0.25910996745931625
0.026890752596287915 0.006259437617530121 0.2591369767450286
0.026821389605812547 0.006391074170743444 0.259081380755871
0.026787442382364794 0.006468843919000935 0.25909567897870317
0.026719056192051203 0.006601031114186282 0.2590352441410396
0.026656764631290804 0.006740466810022444 0.25897726306149893
0.019594103922649594 0.023872411350060616 0.26742543626918525
0.019564663103865197 0.023941893368283243 0.2674900538158195
0.019532496254450384 0.024003201184590282 0.2675246085601882
0.01951508005754338 0.024040966699951608 0.26756635709471077
0.019393818783598138 0.024200349294969004 0.26757928290016675
0.01937153500013426 0.02423211986475432 0.2676406466947859
0.019318278801972493 0.02429591820491006 0.2676896230743043
0.019271327168749262 0.024345562452722902 0.2676262767934602
0.019246920602646104 0.0243699449690258 0.267674447716534
0.019200294794862644 0.024420475710267994 0.2675783600938242
0.019143100942079504 0.024461499373719123 0.26749262845473515
0.019119601562082943 0.02449191731945033 0.2675487091315969
0.019063928267209804 0.02452542053172567 0.2674773992717934
0.019010151189586422 0.02457973389016887 0.2675258273753791
0.018918924151344964 0.02463800333403767 0.26751796323493615
0.01885434980491238 0.024678660421597443 0.2675639851689888
0.018821409921454375 0.02470364443909278 0.2676338181808642
0.018807969832802907 0.024721525490006023 0.2677122440658466
0.018722535687367644 0.02476930079575808 0.2677770876750462
0.018670778546744104 0.024792942398554008 0.26783407186769403
0.01861478611029206 0.024814485692147982 0.26778506107948064
0.018563399892614522 0.02483550398844625 0.26786501656680645
0.01858880716901573 0.024819173844338932 0.2677143763411053
0.01854779519030147 0.02483898722052004 0.2677853139554312
0.018454640864352202 0.024875882083732065 0.2678648816871162
0.01841654076667905 0.02488767303084908 0.2677873791799091
0.018381386040881804 0.024900888399796595 0.26787755319433504
0.018305420154270582 0.024924326417298102 0.2677936963358979
0.025462594606599897 0.0088935206815447 0.25858613927629415
0.0254382725896646 0.008990180919455987 0.2586094520817696
0.02541588499073485 0.009069077553819863 0.2586049994083909
0.025398938798910736 0.009154341499936488 0.2586393448036468
0.02517283148623358 0.009785822514102847 0.2585657708721132
0.024739725027799454 0.010978586212092746 0.258788397452557
0.024709402174864448 0.011056635721236555 0.2588137981378293
0.02468406628502387 0.011132751424570578 0.2588339833946258
0.024565400022672677 0.011422001970199262 0.2589623568631975
0.02454240921183388 0.011478947194284371 0.25898735491853947
0.024505757992965435 0.011569236598524369 0.2590401406006648
0.024480859092648414 0.01163521553394681 0.25907820670689474
0.024350828553390602 0.011901126599302914 0.25911837160178447
0.020941493261383996 0.020613448246909527 0.2631418997168999
0.02092079890111319 0.020649616930099597 0.263171997278417
0.020881535452147767 0.020727722111796146 0.2632402620004007
0.02086638659523797 0.020758625233890805 0.26329593283818065
0.020810199788955527 0.020828556222005648 0.26335227455985344
0.020783337600407625 0.020852313107939557 0.2633832690512535
0.021149085189051155 0.02025714641624036 0.2627482756115288
0.021118921648087485 0.02031783873415967 0.2628067239976666
0.02108193689031412 0.020378425010382936 0.2628262825412179
0.02104430103136656 0.02043098164158074 0.2628906666552401
0.02101413468114977 0.020473574747499043 0.2629564528760073
0.020982953228477503 0.02052493569316792 0.2630007075047963
0.020776801303055953 0.020854109561141775 0.2632585334962868
0.020733304334680725 0.020895273632320834 0.26331183952958637
0.02067893352259045 0.02093889841530258 0.26338606888767624
0.02062812638774049 0.020971971995267784 0.2634301902697559
0.02245123315551514 0.016489641040867524 0.2611130611311409
0.022412407987590602 0.016546754070385992 0.26116048030547845
0.021239550446833573 0.020045780556205636 0.262521544926693
0.02121643700284263 0.020090577040266303 0.2625416251189898
0.021174841409483627 0.020175578458043124 0.26259611264131405
0.0211409267677484 0.02025131103796122 0.26263531207262275
0.0211298615309741 0.020288150220163642 0.26267418900266853
0.021090199521715067 0.02036631019547977 0.2627039386023317
0.021052799575634797 0.020412714738372625 0.26277407923914153
0.020635119928685164 0.020961947559998174 0.2632964338849267
0.02058341143289291 0.020993506605451524 0.26334762913678633
0.020537756796952973 0.021025534524957173 0.26342713277500085
0.020498875571272127 0.02105099064964895 0.2634861872634436
0.022987652354454775 0.015370394253637822 0.26028155165261113
0.022956079368501803 0.015447224351162418 0.2603256262663061
0.022935849968972268 0.015506861723153496 0.2603476653442514
0.022902170646994055 0.015583017066268214 0.2603848809671288
0.022882635731625453 0.015632740723739325 0.26040157430320177
0.022518922113893405 0.01637168489755541 0.26089219072848663
0.022481654537617867 0.01643203386424443 0.26093880789354545
0.022440724014602256 0.016495312446197785 0.26095066009383244
0.02226601839144799 0.016751305758730982 0.26123851493776695
0.0222514304513126 0.016763097389462106 0.26129808048609227
0.021392689439248578 0.019630961946028994 0.26217555012174176
0.021361850379420875 0.01970732551867365 0.26220873148491286
0.02133808550185167 0.01977639749281037 0.26223767316217883
0.02132035400448228 0.019846821145695512 0.26228645063254524
0.021297487841390076 0.01990375016867188 0.2623193384027403
0.021260218225826067 0.019967269317615312 0.2623557117140166
0.021235143453925926 0.02002585071519216 0.2624137136197794
0.02045224290618749 0.021065031110294168 0.2634106028496271
0.020399405020395056 0.021094396600541993 0.2634859149854852
0.023409485432290444 0.013882178465590313 0.2596987683614557
0.023370110424666933 0.014026218082301563 0.2597539414970591
0.023340471497124524 0.01412097831698817 0.25977564264210457
0.023318146654487944 0.014187273765915755 0.25978807257182057
0.023304841868510815 0.014252811647211427 0.2598287414811417
0.023278923329720307 0.014331237770753496 0.2598246258289293
0.02325884973727035 0.014416346218961781 0.25988360461180676
0.023234815665588656 0.014500333495331955 0.25990333203957444
0.023215353686849412 0.014573407869819957 0.2599051399601325
0.023197979363780003 0.014663536025214963 0.2599650521692635
0.023166188057733208 0.014751664507569944 0.2599345116984478
0.023148344170670302 0.01483375815583029 0.25998851144575996
0.02313403382210556 0.014894492051503243 0.2600222157828747
0.023110753089520725 0.014980088706662904 0.2600303167158947
0.023086481868854813 0.015069368296443354 0.2600398715835557
0.02306986507936605 0.015121626584414922 0.26006467449357373
0.02302963739485939 0.015227577800894223 0.26009987542574575
0.023000576533959097 0.015301982046861015 0.2601179168765148
0.022979572470791503 0.015358311992544746 0.260160147948603
0.02296227304947282 0.01540788290742024 0.26021212668868443
0.02293210585675785 0.015486274986181688 0.26023262118236296
0.02291064623214278 0.015547025589769354 0.26025749134872994
0.022872720270177914 0.01564130045486455 0.26030036626237796
0.022852864844491595 0.015694626769776534 0.26031651864327743
0.0228277743111329 0.015756686564351044 0.26034753610341116
0.022797501658566217 0.01583191147258322 0.2603969778579112
0.022773710632475012 0.015882687612246926 0.26041394249225375
0.02273060682460023 0.015967471669615645 0.26048022308641816
0.022713055715062793 0.0160110947435302 0.26052637275788243
0.022691092524778737 0.01606242582268823 0.26055990811213736
0.022654716218138443 0.016131299600505425 0.26057286280798114
0.022611146309249857 0.01621193549008907 0.26062246690509516
0.022592129816701754 0.01625314573152551 0.26067324701844596
0.022550513242588027 0.016329769784525397 0.2607151308143687
0.022525842678537487 0.016365723640905466 0.2607422484005597
0.022490096857342278 0.016427485710235647 0.26081311302120463
0.02218539020675697 0.016814606320419506 0.26122444409474516
0.021457381195180977 0.01940355277055248 0.26194702151254046
0.021409081441442875 0.019551214066022407 0.2620022792043942
0.021390008901990713 0.019620759490071145 0.2620587533571784
0.020303877751330197 0.021122299113083998 0.2634706025702985
0.02342052158855609 0.013775582280310207 0.25955646111343716
0.023410305241582545 0.013829325532947506 0.2595808224178045
0.02338077462624452 0.013931318046925772 0.25960348465842964
0.023299409885260226 0.01422593076721352 0.2597476787649985
0.02307521319454604 0.015054075302161945 0.2599281052187349
0.02306222607690479 0.015114862222694554 0.25997015501858634
0.022674543333645478 0.016066159502991978 0.2604575535269729
0.022529623499808006 0.016343359082038496 0.2606266888501228
0.02212427259990767 0.016835900202626528 0.2611322318086136
0.02209870162558777 0.016852262226219654 0.2611846271429124
0.021599818227629075 0.018897641292375075 0.26161205403511056
0.021538913808972132 0.019103489309098776 0.2617256628639884
0.02152385521961448 0.019157917091098785 0.2617309773285063
0.020186020349575225 0.021152228668162874 0.2635155664578567
0.022036546453787442 0.016877020075199874 0.2611176101716861
0.021657687304764327 0.018709956939989697 0.26144209916733335
0.02162899452812011 0.01879537966504574 0.2614606144667487
0.021598755342763717 0.018877862940360153 0.2614964654160023
0.021581991080861052 0.018941875951836946 0.26152321748666124
0.021970698387949742 0.016901539229715115 0.26105701180300106
0.02173245599692086 0.018337368869472397 0.261172083592817
0.021712357336540075 0.018415334295913882 0.26119825350933745
0.021710033103662284 0.01848037359958695 0.2612387229844915
0.021700647780813282 0.018542412448250188 0.26126118845514246
0.021679687351700682 0.01861902702843763 0.26130347148027205
0.021656818412368793 0.018691529537298718 0.26133947267778956
0.02173744609075377 0.018288418342236656 0.26107244584019834
0.019307901061964283 0.02193495419777327 0.26512206952518075
0.019291400962955244 0.021760992723022413 0.2650549069371187
0.019285210718482017 0.02163793671775452 0.265036551819552
0.01932971648831872 0.022095638537373022 0.2652480410766531
0.019271199730177872 0.02152519427259405 0.26505899611428313
0.019506091848371168 0.02273578223937197 0.26632262114759137
0.019225625551853504 0.021399600014739346 0.2650662065209281
0.019376581761810594 0.02244624956876503 0.2655666259537373
0.029459570454043855 -0.0021813253416625607 0.26342144430229825
0.029492408058437444 -0.0020619235791038168 0.2634165369776135
0.02952499805123978 -0.0018215149900957378 0.2632450668790533
0.029517856772514343 -0.0019072443986520166 0.2633344095163926
0.029515106835129114 -0.001981668538892178 0.2634254238981896
0.029566801070005252 -0.0015082066769442322 0.26300671982278384
0.029565287054957305 -0.0015949563157944915 0.2631223815792888
0.029554116050900588 -0.001716168813590969 0.2632304108908033
0.029555490024976983 -0.0017785081715337007 0.2633380800254078
0.029589335868124924 -0.0012855862581843335 0.2628795489765775
0.02958970641798435 -0.0013754312414101773 0.2629823625558458
0.029586728810537817 -0.0014619654308488295 0.26309210069193395
0.02958599472651589 -0.0015330148567989383 0.2631694064290612
0.029579116167120233 -0.001643153656868034 0.2632901894160253
0.02960260067416986 -0.0012424473122979445 0.26296130073599844
0.029604262716872047 -0.0013328171216007792 0.2630713757203527
0.029604772937213496 -0.001410689349456695 0.26316182888615663
0.029609997473513217 -0.0011148138719051172 0.26294840560695765
0.029615967545469645 -0.0011931081540008251 0.2630485036465588
0.029618776396665148 -0.0010173975085562637 0.26295359134318097
0.029624446195697644 -0.0010614262360877213 0.26303671735854867
0.02960151601988373 -0.0007279881827775432 0.2627852786721024
0.029607435241681773 -0.0007798452387715846 0.2628453280464282
0.0296225818500071 -0.0008665652273333595 0.26296646367264986
0.029627069535792163 -0.0009564852594906275 0.2630084183087837
0.027708912258670684 0.003590123613273702 0.25996379317842266
0.02960143524456865 -0.0006725135480021354 0.2628449832403689
0.029621376335988204 -0.000751835697387992 0.26298879190801383
0.02773488232243494 0.0036951334543634047 0.25991508140097197
0.027735205920869855 0.0036384292663602814 0.26000568838826854
0.027725091254664404 0.003566249464521807 0.260087314846198
0.02770285324184491 0.001959180177675885 0.26194737227376913
0.027772928650271176 0.0018996524157544011 0.2619551334975454
0.02788662999744904 0.0018042307391686599 0.2619692343552325
0.02794336098690053 0.0017569809832089654 0.2619671329753044
0.027999087528053388 0.0017107597133436735 0.2619673271998653
0.02958812218202096 -0.0005212482110085359 0.2629061216995398
0.027757052179817058 0.0038159271240774772 0.2599234389233717
0.027762648005695306 0.0037553362783713288 0.26001193982195103
0.027754228767107543 0.0036751069488545045 0.26010618822621806
0.028339004075966814 0.0013747469479362662 0.2620948326810727
0.02774805459312018 0.003967023783409301 0.25993022566577095
0.028868370445890638 0.0009296898352000721 0.26225959808519794
0.028930259188413472 0.0008657993918725795 0.26227955138067416
0.02954953436030194 -0.0002652361738826423 0.26290443443499656
0.019390985325167757 0.022484946311213762 0.26566236312199754
0.02773733256111703 0.004085966813035115 0.2599638168273043
0.028934129336854533 0.0008883832397458024 0.26235754739061234
0.028974506117081505 0.0008506115788329547 0.2623874769871747
0.0290340918489938 0.0007874746344681814 0.2623874090993332
0.02909191736451225 0.0007308347605273112 0.2624292330127679
0.029138398440868084 0.0006703844046735164 0.2624660011445935
0.029457146589140656 5.847774179026263e-05 0.2627990275142581
0.029486785739516883 -2.5640274068823685e-05 0.26284843040762396
0.02951446085887222 -0.00010117333191534149 0.26293015216201654
0.027656153862878747 0.004414145759215867 0.2597787377816616
0.027684126746099234 0.004313836401185591 0.25984633718547473
0.027708143187002206 0.004253081705882998 0.2599120783587608
0.027727253335179013 0.004186800594350082 0.25997716537966853
0.0293256546681496 0.00037070259507692056 0.26271485715424814
0.02936397306062406 0.0002962793149940109 0.2627497184089569
0.029396975187074147 0.00022527123351356255 0.26280918486096344
0.029430884903335425 0.00015012536186234665 0.2628475949796416
0.02755011030112139 0.004818168928106049 0.25959547995642684
0.027576766165776704 0.004727498029597965 0.25965159280026184
0.027599155558339104 0.004641099111246728 0.25971133021323234
0.02761969217754719 0.004584540936914624 0.2597681237805416
0.02764547051456266 0.0045064778535196985 0.2598161902933295
0.02766867057267478 0.0044328291734532215 0.2598734620937908
0.027409586052113164 0.005209346269567964 0.25947440417863693
0.0274508362078702 0.005128879017270421 0.25950614997769295
0.027481890736426904 0.005052962346667079 0.25954024771047135
0.027508279340145426 0.004982351326453964 0.25959487194610215
0.027542013625420983 0.004890279118155535 0.2596315113723531
0.027314376693379303 0.005413390163519882 0.25941085369043726
0.027339486758554223 0.005379395240567045 0.25948124289231045
0.027375048072206778 0.005301022451243372 0.2595026199305745
0.02741254963013707 0.0052317953245269696 0.2595389684887218
0.026946666213929816 0.006135852804536054 0.25913939092385785
0.02699371046760016 0.006045045553491876 0.25916432240304377
0.027020601880959047 0.006009109178148966 0.25920732388574824
0.02706562201065062 0.005928521961967444 0.25923966492021944
0.027091735772968178 0.005880012668072269 0.25925938171314844
0.027139159038806863 0.00579719663433084 0.25930129083044445
0.027169301771150924 0.005737704642524827 0.259334531618609
0.027201020285544535 0.005680844989023231 0.2593982157033423
0.0272847611584483 0.005510027573124319 0.2594738107873821
0.026776048331090187 0.006482586608435351 0.2590599936065928
0.026804126433512862 0.00642965753353561 0.25909453205610333
0.026588606402129192 0.006874035980104037 0.2589496847692882
0.026635944282379035 0.006793073214623332 0.2589817591671649
0.026672227635824757 0.0067214615508944245 0.25903995662828416
0.02655785734624959 0.0069436826896507875 0.25902081936222177
0.026582732680440733 0.006908034008940139 0.2590448496600241
0.025595785686875587 0.008285722493266838 0.2585918604878067
0.026464005995319933 0.007099538068531312 0.2590609867694407
0.025569116084736904 0.008464252351087434 0.2585749507749669
0.02558613964349024 0.008393011468781906 0.2586105570136856
0.02555491933070483 0.00857559087198904 0.2586182121357684
0.025509300309682924 0.00873789687261766 0.2585961892163219
0.02553541821115781 0.008671821336523755 0.2586589356748073
0.025454032036281344 0.008925418041956774 0.25859164852200317
0.025483023800591982 0.008849886997868645 0.2586507537195843
0.025411624846405884 0.009082115342193789 0.2585976411379005
0.025430967417779678 0.00902545502839112 0.25862456278666923
0.025131653630398543 0.00990527208465288 0.25857440321734826
0.025078068631651674 0.010074390633563683 0.25858473520764946
0.025108531599954253 0.009984892993237007 0.2586248926283604
0.02502238179017944 0.010235140579298524 0.2586185897602695
0.02495805704277174 0.010407117432377249 0.25862841097078865
0.024989985478784102 0.010340691700191378 0.25867694964791704
0.02493588454956229 0.01049601484563011 0.25868312075384275
0.024865999270800597 0.010653509021313219 0.25871010065447836
0.02488560391458462 0.010607488043996964 0.25873909749894397
0.02483260569559305 0.010748903369512529 0.25875003306445415
0.024733613447440225 0.010992979440836185 0.2587808692820055
0.02476345163753766 0.010913825184135525 0.2588018229226886
0.024674897574662125 0.011141755495952005 0.2588070585223166
0.02470529444752126 0.011075049299615954 0.2588325656525112
0.024459814557898807 0.0116614897685385 0.2590294513866334
0.02442534193578811 0.011751693728012 0.2591207094044736
0.024459628629676947 0.011694676778441337 0.25913731507470494
0.024354844649888834 0.011899191752149369 0.2591539388892185
0.024377955496618742 0.011857235999010285 0.2591755564455549
0.02425856605264296 0.012059708777031216 0.2592387470953983
0.02429625247498933 0.012009371928502832 0.25923926800898
0.023549715356589708 0.013207157291636358 0.2595453547390331
0.023489530011813798 0.013489661724465604 0.2594950470974067
0.023510136887387265 0.013398984817065971 0.25951247173638525
0.023535351143927068 0.013321712788567941 0.2595850825997526
0.02346855480895265 0.013586540994053244 0.2595188235414028
0.023496330745371708 0.013503232096650308 0.25955475518163185
0.02344431447534751 0.01370346575079421 0.25957154902279234
0.023469689303854766 0.013635821608821638 0.25960471338672436
0.023399979888551106 0.013870308741123775 0.2595936000792633
0.023432874744288124 0.013789930161024968 0.25964025342670316
0.023379214779250906 0.01395694526938378 0.2596505160059166
0.023404857979502938 0.013890336256669175 0.25966767497750654
0.023349232566757805 0.014061925419559983 0.2597024623205405
0.02331724256310783 0.014169387399859951 0.2597447651402633
0.023265424431183603 0.014340186525547345 0.2597795060724368
0.023299909049240827 0.014248871826247915 0.25978873741628794
0.023239529029797312 0.014444688485635036 0.25983445869862415
0.0232688848350214 0.014367694731925191 0.25984443963992815
0.023216900699856713 0.014536565819590815 0.25986306582691887
0.023169794660694118 0.014712362343873676 0.25988500651342766
0.0231991213427812 0.014632158228463504 0.2599069248593741
0.023134102125862952 0.014848440919833032 0.2599225140942909
0.023148498459188316 0.01480135728088078 0.25992260911956766
0.023174097055079373 0.014746471190932744 0.259976452038495
0.02310074184728222 0.014980106894415883 0.25995420566020616
0.02313206495906332 0.014890713191361447 0.25999678909621776
0.023074447735221822 0.015098379577789716 0.2600173312179343
0.02310115271617009 0.015021942447885793 0.26005739809283857
0.02301907469972606 0.015236140101215318 0.26004246898286065
0.023045364833017327 0.015181826655485758 0.2600764063634977
0.02307949611066397 0.015096882301570101 0.26010410803897144
0.023017939164847952 0.015269860123378857 0.2601405522289622
0.02304777356059476 0.015201426643020845 0.2601685417590853
0.02297776438465565 0.015373507112916655 0.2602019786304215
0.022810439076577482 0.01577642404200863 0.2602853104156398
0.02283968483433306 0.015705622062402454 0.26027072354013
0.02277603497382568 0.015866712051319093 0.26035578601204457
0.02281239026378644 0.0157939255886937 0.26037401906308816
0.02284254514669639 0.015732304157352807 0.2603990095640072
0.022726396049820397 0.015964815300398706 0.2604308171598675
0.02277100711691002 0.01588879038650777 0.26048439881028074
0.02265326977745257 0.016118411437635122 0.2604959373273705
0.022694771939926858 0.01604605348290275 0.2605188514343115
0.022728007795753784 0.015982399933345735 0.26054942851749885
0.02261724462104449 0.016195259554925436 0.26057993148832653
0.022643993169679452 0.016155322513503663 0.2606124558740764
0.022519041340600468 0.01636557757075669 0.2606687849350427
0.022563002432948835 0.016304625341936718 0.2606650735658323
0.022602526047862833 0.016231725755057318 0.2607102566710482
0.022477294518197164 0.016439911328177514 0.2607551395054308
0.02250511647990751 0.016400144952149795 0.26076516814363376
0.022554112347417905 0.0163231724912416 0.26077366905115235
0.02245793900776847 0.016466141325964266 0.26086709524682955
0.022497600459551407 0.016407725197191983 0.2608752204940089
0.019470998566629923 0.02267781794601515 0.2661181705030038
0.021763511566163556 0.018216856006852723 0.26112435377548826
0.02171634338914529 0.018380477301360755 0.26113109991959454
0.021698677233328363 0.018471878462698745 0.26118783375028426
0.02171735321838855 0.01840745255250742 0.2612186602774655
0.021679273933040963 0.018587892043503813 0.261238954156256
0.021709389578771356 0.01850830404070651 0.2612615222264653
0.021655991244582635 0.018676554703413374 0.26130824110492556
0.021680324235792473 0.018625635577396688 0.2613591738963715
0.02165161241121736 0.018721096551953254 0.2613994532529487
0.02167420165355214 0.0186385262575932 0.26139587851938795
0.02162102233407936 0.01882088350685615 0.26148410971467434
0.021599104265273728 0.018908332927952236 0.26154835676604477
0.021531108167466853 0.0191223739533743 0.2616835360700055
0.02155451972046303 0.01902763000332626 0.2617033396685574
0.021536174197272412 0.019145205752052905 0.26177931597400994
0.02151239911248388 0.01923096551817839 0.26184678444707266
0.021528216878843112 0.019183374799719488 0.26186957688406304
0.02148007489471828 0.01932788975206475 0.26191013545915115
0.021454576782633655 0.019441893745451758 0.26201257119838284
0.01949076460753129 0.02270607465461426 0.2662206037990857
0.021392046068342857 0.01961107180785516 0.2620428948652409
0.02135402698174827 0.01971527618798217 0.2621396507473198
0.02138393592894372 0.019649368289965344 0.26215473886372515
0.019463515744495098 0.024127570383666974 0.267624771176804
0.019397438095713693 0.024199244693348325 0.2676060053950928
0.021321400868162376 0.01981468159870471 0.2622087994503543
0.021349312230374874 0.019744680882598592 0.2622419978012784
0.021283219061826304 0.01991340944978493 0.2622749082371077
0.021325844247381952 0.0198367876043943 0.26232800270447754
0.021281227425776882 0.01994166956386608 0.2624136762050901
0.02120292265200673 0.02010139643575972 0.2624834091392021
0.021241762414469886 0.020032358572966126 0.2624776920024449
0.02120175483507409 0.02012326620503191 0.2625891831241681
0.021113051692680795 0.020286773632420214 0.2626109792412172
0.021159790196322848 0.020218774541264826 0.2626601836798314
0.01966937006781221 0.02311808484528053 0.2668647410649267
0.019637226893175444 0.02306107035767479 0.2667673796725408
0.021066759700362814 0.02039506718067184 0.2627215148669416
0.021129187582263443 0.020305288419028726 0.2627449434183103
0.02101982813974848 0.020457052734311712 0.2628528779982163
0.021057614727239996 0.020412801891784634 0.26286747935915933
0.021007207780099423 0.020490598112028004 0.2629943567452287
0.019549363923567643 0.02283583562426729 0.26652004790357725
0.0209503574833204 0.020587259988639826 0.26307925016703515
0.020994536224137387 0.02052013219168005 0.2630667278735091
0.01953787414740391 0.022852113697868826 0.26634281808875054
0.025468394016010365 0.008889455777131789 0.25862456144570983
0.025503976503865985 0.008782570117464968 0.2586599555584347
0.025493102307393604 0.008799194670449983 0.25861175056917907
0.025443157610265117 0.008963499504267473 0.25859251759455354
0.02545313002893146 0.00896276612670659 0.2586662006477156
0.025523621337899483 0.008704811289236508 0.2586276865387978
0.02542103956166604 0.00906572553562254 0.25863387450618336
0.025541720831739608 0.008626046512460999 0.2586063221370454
0.025380828055619663 0.009187542028949966 0.2585927363446434
0.02557332033501227 0.008503610137169073 0.2586568679419979
0.02555874320699837 0.008523554854792424 0.25857134940554055
0.01941075144284147 0.024187959968105403 0.26763626563905163
0.01950186529581999 0.024070917758015314 0.2676358977360182
0.01947568617697584 0.024100292140291343 0.26755986355158495
0.019548246597032897 0.02398761173963325 0.26756263023709054
0.01961300944688027 0.02384988452361861 0.26747583979033235
0.01963710467401398 0.02377759369744399 0.267396805234723
0.019670756640425925 0.023667123545817646 0.2673229284734495
0.01969469780346157 0.023562821595388174 0.26727934281469456
0.019706987667970893 0.02347137485646225 0.2672341850936476
0.025577807495081182 0.00843736552234372 0.25860306563627433
0.01972505159111174 0.023371739457679105 0.2672792478209294
0.019715102314004796 0.02338401387002094 0.2671936485821086
0.01972632268198725 0.023281832892848374 0.2672471870266733
0.019718611163327106 0.023305183857862587 0.2671586916148552
0.01970410866815163 0.023312497704689572 0.26707058114227505
0.0197225949931887 0.023215789759605296 0.26721553870621784
0.019716380326832882 0.02322347441615802 0.26714151843213196
0.019703798903905095 0.023226642357612695 0.26704425452030406
0.019693533868059297 0.023143715144671742 0.2670258323083595
0.019680359879575993 0.02314753088858719 0.266920840646663
0.025585375375762852 0.00836625476442554 0.258578801731183
0.01966288203700561 0.023072621310663413 0.26689430587976404
0.019654584296427267 0.023099423666683612 0.2668128316960427
0.019633698305035183 0.023012301710812727 0.26682734234967387
0.019619909248640086 0.02301479744614071 0.2667379961559726
0.01959537165596702 0.022943029999123794 0.2666898489588114
0.019597480674948455 0.022967103636346617 0.2666153267136104
0.019567876386684578 0.022878958990911274 0.26659763710939005
0.01956249431610072 0.022882722166548006 0.2664947538006108
0.019546078987869822 0.02285627688833408 0.2664185709701354
0.019528587137457414 0.022801277032787205 0.26636809669491524
0.019523923828002523 0.022814108487820388 0.26630196011648355
0.01950315726304082 0.02274689073863547 0.26625608029658193
0.019491061420463588 0.02275214111016481 0.2661777503911105
0.01947908041313224 0.02267499869766991 0.2661790866387632
0.019464808349328684 0.02269304261355478 0.26605921125599297
0.019457068913599957 0.022688463623749607 0.2660027840986398
0.025328941214253407 0.009344387403935023 0.25864596187365735
0.019454742696621483 0.022622262852133167 0.26605049946463394
0.019442268016802988 0.02261514772337324 0.26595732315269704
0.01942664519190181 0.022595882792814347 0.26586070633225334
0.019418949375777025 0.022517443718125287 0.265840354502456
0.019406484599735617 0.022512096976312707 0.2657489410318391
0.01938059643713291 0.02247491398741861 0.2656023210302229
0.019384035629303922 0.02240177938578159 0.26560659215426735
0.019371303137328072 0.022321829552966355 0.2655599386304893
0.01935829056751504 0.02231335538333023 0.2654641141149632
0.01935204653368086 0.022236889782502114 0.2654342952143887
0.01934137377567613 0.022145276598445056 0.26533206347155164
0.0193189321226411 0.021999167034333765 0.2651820881483006
0.02545012889542783 0.007826694903366295 0.25853094941890103
0.019312828421783647 0.021840703761731806 0.2651268786031825
0.019314891131705078 0.021744549103487443 0.26512437430174907
0.019303196926330524 0.021665495249360907 0.2650843612962583
0.025605339076549355 0.008248327166714524 0.25864785678855773
0.019285201387920215 0.021592402447792772 0.26505475538711426
0.019264488541130144 0.02147589471319497 0.26507703509664426
0.025595408432391227 0.008156208663549852 0.2586090252217428
0.025582081659426527 0.008179342550285327 0.258539334673554
0.02531281027417342 0.009409792721486602 0.25869903667189637
0.02873829651696719 -0.0033112642318011286 0.2635385770916718
0.028756652206285586 -0.0033267552756961125 0.263626857396546
0.028810294556750805 -0.003237216364192297 0.26349760361647245
0.028827994874976004 -0.0032539921476491553 0.2635871575511941
0.02887868105256916 -0.003162718574405153 0.2634596247564774
0.028896457559832767 -0.0031798358679954886 0.2635493419886552
0.0289118700541052 -0.0031947273414313663 0.2636407454198776
0.028962031971761625 -0.00310297741676414 0.2635132850188089
0.028978356337966957 -0.003119287190719774 0.26360392273911065
0.02902181809686432 -0.0030265780317216915 0.26348294968280717
0.029039348915545552 -0.0030433954631357125 0.2635727270797231
0.02905295754120986 -0.0030591624787351247 0.2636660045664313
0.0290942245455664 -0.0029678135313470403 0.2635474656582091
0.0291084000118745 -0.0029835889315431735 0.26364038214438673
0.029158618079799078 -0.0029069578643654286 0.263618675864256
0.02920639690771805 -0.002830225983335042 0.26359997925931744
0.029251964172065985 -0.002753003656934416 0.2635825471502903
0.02929581715930753 -0.0026752408610700167 0.26356630602688913
0.029334586447822265 -0.002597176654506822 0.2635547040261254
0.029343873881105497 -0.002611227649675064 0.26364863410021133
0.029367533452961166 -0.0025190889661537656 0.2635476759694908
0.029425919101353726 -0.0023626648931919327 0.26354439704286636
0.029451819542955122 -0.002284906267258107 0.26354575119120643
0.02947132160452825 -0.0021830001717711633 0.2634811244707497
0.029474710980453865 -0.0021054799409535646 0.26338899818001343
0.029489559470082135 -0.0021076338917686874 0.2634659235168775
0.029493838002373988 -0.0020213873852489494 0.2633730039964602
0.029512262155017784 -0.0020203751426406276 0.2634678032235893
0.029519934246286555 -0.0019367831670928184 0.2633874068546439
0.02952708018457845 -0.0018500983035000579 0.2632972604238226
0.029539402388094223 -0.0018578345083380948 0.2633692431178206
0.029538096412652284 -0.0017663105234558588 0.2632201450775271
0.02954840033750378 -0.0017675782112112407 0.26327655333933686
0.02956433842348831 -0.0016655547820084978 0.26321872774458127
0.029569049861244166 -0.0016977768560495364 0.2633044362155673
0.029583159825053086 -0.001590283185632039 0.26322871031549666
0.029597611052669597 -0.001515107945348008 0.2632193126259609
0.02959826252221534 -0.0014661677692191307 0.2631722410491028
0.0295867272359714 -0.00047723116417802637 0.26294259040686324
0.029578335916437614 -0.00040250318962765404 0.2629477122694227
0.029556608688909008 -0.00029969698236978053 0.2629051104920753
0.029526571403287866 -0.00018132727045263143 0.2628777320375323
0.02953725077869496 -0.00018677141281299979 0.2629432653233867
0.029494170846630988 -8.349208547783613e-05 0.26281567212608153
0.029510538268513208 -0.00011520496590155776 0.26287579009773865
0.029482998679882255 -6.627997041707919e-07 0.26285978694114814
0.02950064045647031 -3.8865629993163595e-05 0.2629333161719121
0.029442243673899218 9.338552820260991e-05 0.2627775232085243
0.025585099946006346 0.008083428525489364 0.2586060456223822
0.02556571563525589 0.008082717524725122 0.2585362904514295
0.02929986603947195 0.0004067272513001212 0.262609546242302
0.029224616904711183 0.000530599512977124 0.2625077730208497
0.02924390688750293 0.0005022776051383418 0.2625763031529104
0.02699486399896524 0.002486325991441738 0.26044373131709236
0.027012873627714738 0.002470993118985892 0.2605344224566516
0.02702269728199095 0.0024586639621254672 0.260631638993865
0.027019233521082788 0.0024499968846416016 0.26074205287446095
0.027004679880740075 0.002445847424259498 0.26087252303362135
0.027072951305797614 0.00255864064012528 0.26039740903090697
0.027093703971893587 0.0025422839193895283 0.26048575571299903
0.02710610684406581 0.002527992712228948 0.26058149844776146
0.02710536502529962 0.002518395125059515 0.260688672469919
0.02709254024373378 0.002512996588559929 0.2608184114955876
0.02706119640694016 0.0024938832676308 0.26090614626097797
0.027169079251974447 0.0026148031342293552 0.26044205862463227
0.027184952504809505 0.002600472614266605 0.2605340387123798
0.027187873696630862 0.002588985175221966 0.260637831268387
0.027175054000896752 0.00258178970044389 0.2607551208648736
0.027166721717525318 0.0025858680967554785 0.2608666329652815
0.027239745197981138 0.0026884057393296327 0.26040319497584014
0.027257966211363945 0.002674235185568695 0.2604921974082642
0.02726514570188661 0.0026611874663442303 0.2605920904107162
0.027254729561834078 0.0026514157040439354 0.26070854990920367
0.02723666773131319 0.0026476334481150324 0.26082533210056147
0.027304433283231355 0.002762857862275698 0.2603697127116472
0.0273240796241841 0.0027476183797478476 0.2604577264921559
0.02733339561003895 0.0027345197835228234 0.26055492470347946
0.02732846353372647 0.002723341382641639 0.2606686578467447
0.027311519839334532 0.002719152493260725 0.26080451345732497
0.02738369461259062 0.0028222089232921594 0.26042890129014373
0.027393237375174413 0.002808881292366582 0.26052567392489223
0.02739197346071793 0.0027970219806347308 0.2606346984113413
0.02738540584597335 0.0027974948445668793 0.2607698858698434
0.027420150713663972 0.0029099664319619345 0.26031709809847814
0.027437597188592514 0.0028963443357518776 0.2604063572106596
0.027446766624851675 0.0028832719463664004 0.26050306071356627
0.02744677567817458 0.0028713084342071264 0.2606077105348507
0.027471698251230296 0.0029846843379207925 0.26029682322486625
0.02748842760000964 0.0029706731793191997 0.2603872021854935
0.02749693953641693 0.002957474064829066 0.2604843803827152
0.027519485274779917 0.00306039770746996 0.26028023959583724
0.02753518418456978 0.0030459447341722196 0.2603715446208591
0.027564193125569916 0.0031363883389612245 0.2602655365042131
0.02757872411053393 0.003122178978069269 0.26035732028240427
0.027605256782876057 0.003213195363484255 0.2602533640955542
0.027618064028659187 0.0031993243912734055 0.2603464148450697
0.027642534438091976 0.0032914308251285277 0.26024398216276234
0.02765376665898096 0.003276240593355209 0.2603362788228999
0.027679816998490023 0.003376918332677183 0.2602453173194137
0.0276824458505753 0.003348836179920257 0.260325587832264
0.027699644728256687 0.003480396459177031 0.26013931121690825
0.02770072678919484 0.0034504855308708482 0.26021456636166257
0.027709965620700428 0.0035623761582676094 0.26001932256946125
0.027723422827977247 0.003543227217933496 0.26014306822739075
0.0277239566385788 0.003528147819426877 0.2602146000342106
0.02772250909326355 0.0036466550657446653 0.25993810774538
0.027739854190917696 0.003626963678806346 0.260065614235677
0.027742578841550108 0.0036195788020078165 0.2601397550184728
0.02526803797242335 0.009513952211047266 0.258633903261649
0.027752139886434584 0.0037250719484085083 0.2599629876089112
0.027757526077345867 0.003712998974106223 0.26005513716582246
0.02435043096528796 0.011911931330979154 0.25918586939061583
0.027752910347178986 0.003887695049331258 0.25990024282397617
0.02441017462482937 0.011793863641723898 0.25916676300428737
0.024383605870563926 0.011827720827680304 0.259120951635001
0.0277372936120569 0.00405170905130593 0.25993355055491607
0.02444448704925968 0.011718029734083079 0.25911425037645713
0.0244235694024494 0.011736612768576718 0.25906246628738605
0.027717579526577586 0.004169156111628903 0.2599128763716138
0.027736735775584 0.004141337319063116 0.25999863217319136
0.02519095743243506 0.00975008691993725 0.2586157767586059
0.02449625981650791 0.01160199770491506 0.25907483683463955
0.027696536534914832 0.004257191651925103 0.2598668950944826
0.027716679691752615 0.004233033049897801 0.2599455889403708
0.027690879664407496 0.0043404888121329815 0.25990161649159393
0.024530151385212876 0.011514775116721979 0.25905709764977586
0.024514526946462847 0.011533612521664745 0.258984194956487
0.027644994847715564 0.004469486462037095 0.25976753310889356
0.027659203142040817 0.00446755555827211 0.2598505255867636
0.02767391593809216 0.004420515980294704 0.2599068219546399
0.02457126629133555 0.011419296823800811 0.25901550171878046
0.024552761130347774 0.011448554271555236 0.2589380841337774
0.027615950215295396 0.0045673947919680795 0.2597375165325115
0.027630186894654993 0.004551110072733506 0.25978740723285004
0.02760668482725484 0.004652301574967956 0.25976140207175746
0.02761950380883756 0.004607583292834508 0.2598003750464222
0.024620874994055512 0.011303273641148248 0.25904865329493604
0.02459829143368996 0.011329847677857273 0.25897725979191094
0.027557507330312047 0.004778294495082508 0.25960940671664595
0.02758695761674245 0.004730106833642735 0.25970166434675945
0.027552236908142656 0.004841007544663648 0.2596186088828248
0.02464397857032358 0.011222600627979907 0.25900201086135916
0.027516365611334123 0.00494717967247696 0.259579009718176
0.02745761137623784 0.005092054565949736 0.259485427567637
0.027487113603620147 0.005048011303509411 0.2595790367002744
0.02468903772256742 0.011127319324473707 0.2589015779180526
0.024681675886909938 0.011141242784604623 0.2588518238907408
0.02744933079984704 0.005148235633659753 0.2595431853141791
0.024714254738279262 0.011056145064065602 0.25887580537114807
0.024696130521530364 0.011087443200218127 0.2587995457465711
0.027388127533995853 0.0052579726608742005 0.25946594360130776
0.027338914929529633 0.005357770513696418 0.25943198556494346
0.027359404892205712 0.005339206908683168 0.2595108718533492
0.02475311694925544 0.010950381262589645 0.25883252861346684
0.027299014800940897 0.0054609737382438645 0.25942911595144746
0.02725285084090499 0.005549847390998452 0.2593919662039401
0.027266343123604538 0.005544804149011055 0.2594577236135441
0.024779850312342158 0.010869871679234895 0.25878554363303574
0.027204317746844824 0.005654734779461431 0.2593305849403302
0.027221162544158208 0.0056356736578502065 0.2594241959815933
0.027124280172972505 0.005797443810435336 0.25925162575563865
0.027155652947414545 0.005757237789035547 0.25930034528218626
0.02483145557444131 0.010765599155520528 0.2588008783557888
0.024815668659380063 0.010787208271477437 0.25875783617856235
0.027077497543813573 0.005881427811177916 0.25921285914335124
0.027094247716838528 0.005886341725151291 0.2593038946817585
0.02485790605766768 0.010689930126816844 0.258759158924679
0.027043782811686692 0.005980019370539377 0.2592620124480244
0.026966161522818242 0.006103625968012303 0.25915902674670815
0.026992756298675178 0.00606643015147666 0.25921390525825294
0.024887967524582024 0.01059463428760684 0.25869444787974666
0.026914933250887365 0.00620986409572382 0.2591388355561709
0.026861303411299362 0.006308508858155399 0.25910289802077136
0.024941429030575786 0.010486242278882152 0.25871975415212145
0.024921685925401785 0.01050675441017843 0.2586475944787036
0.024970752639669604 0.010391620772135646 0.2586912721347992
0.0255622328995451 0.007994963686316877 0.2586018170154823
0.02499588671989165 0.010313525310130842 0.2586439043849513
0.02668269846299634 0.006688201075315265 0.2590183429927133
0.026613333702164732 0.006828274981010696 0.2589478482794505
0.02663200856476673 0.006811761773814821 0.2590310679015051
0.02504028314190785 0.010204675756830183 0.25866112972263744
0.02658608301439857 0.006893753584518613 0.2589996819731151
0.02653640222610016 0.006982720046929589 0.25904421836767205
0.025062299356652537 0.010128849131409087 0.25860691972203265
0.02508896007342219 0.010033229489676639 0.2585676317188222
0.02522663429850359 0.009627207572062911 0.258565170161274
0.02523487357647288 0.009624153443152556 0.2586295951781163
0.025549056455309405 0.007951356088278776 0.2586087507670391
0.025520898238797118 0.007942286848252884 0.2585262700582147
0.02512301305443628 0.009942126645384864 0.25861882658620167
0.025492478074458737 0.007832415148824386 0.25869017099635605
0.02515135072569303 0.009845636184993681 0.2585599163609326
0.025494530620396055 0.007840993000375041 0.25864566841533043
0.019392774507138003 0.02421133344996248 0.2676999648943737
0.019438625033934145 0.024159869919690165 0.2676371958538806
0.01953487501108044 0.024017370571688547 0.2676114363310116
0.01956775247960936 0.023951663228885908 0.2675471755251892
0.019583745594257778 0.02390429312176618 0.2674688560465436
0.01972551291823021 0.02325327771133004 0.26719774725633494
0.021112693688206487 0.02033702854961726 0.26271344280610887
0.021179204048477642 0.020179375797900162 0.2626746083207558
0.02143815653093998 0.019519595392349404 0.2620833692577045
0.019257300699046156 0.021432156763681827 0.26513058450278987
0.019228748287505103 0.021380094397128006 0.26510219799219076
0.021539375074976996 0.019154279914262128 0.26184359650109335
0.021544169971168894 0.01911066064034834 0.2617727114863601
0.019202499828290344 0.02131902163016751 0.26510058851257295
0.021568612625115335 0.019016437151576672 0.2617947948767643
0.02157891945981988 0.018951071688075388 0.26171921907614243
0.021585217076659998 0.018924203243061453 0.2616306852070039
0.019185672620485213 0.021256488001675428 0.26514779917434655
0.019153387929233257 0.021214251573025124 0.2650813570566378
0.021706589341370992 0.01854854113100409 0.26130670371089076
0.021699635003490515 0.01850809391305832 0.26122373799420573
0.021721617213724384 0.01841476288957438 0.26125033367033296
0.021719368013234437 0.018382438758072307 0.26118400713778545
0.021728405941612735 0.018341586311926873 0.26109981528488646
0.021746007534676166 0.018289387299145518 0.26113665945791653
0.02177925635503042 0.018123708064052883 0.2610942740252286
0.021781802174198624 0.018074923719834657 0.2610166713992165
0.021815863932270453 0.018030448387757532 0.2611213698508464
0.02181980814695672 0.018007896188565 0.26104138446229264
0.021801539615372786 0.0179635812665132 0.26097697296846356
0.021832239450664082 0.01789555273816748 0.2610775132809963
0.021823863247764502 0.017819327668271857 0.2611003718186659
0.021803972752825605 0.017798796749245387 0.2610616328244221
0.021745633002841235 0.01774555470139144 0.260902686996191
0.021693828626766675 0.01764736027784007 0.26086928619974936
0.022426931880739555 0.01651596266344705 0.26104548991072074
0.02246538541231823 0.01646341624208047 0.2609742268718388
0.02248364424209972 0.01642639252925538 0.26089928757958397
0.022527484992837275 0.01636562695310767 0.2607997487071259
0.022569340748905077 0.016300028506608 0.2607265725272528
0.02258843227715305 0.016253548115234745 0.2606342374095189
0.022644354815570634 0.0161528911204505 0.2606596684967537
0.02273552979092543 0.01595800406878565 0.26051057960527463
0.02275365168734382 0.015917925613121435 0.2604224325578948
0.02280661467052571 0.015811627207281485 0.260448158117721
0.022824990608296312 0.01576705240525516 0.260385248432176
0.02286567443582545 0.01567973775410828 0.2604072083586937
0.02287203896878013 0.015655528206530916 0.26035259199368865
0.022885853156722702 0.015599366424345751 0.2602651833606294
0.022920691647731067 0.015542359502652571 0.2603741149254916
0.02293309221658743 0.015505516472731563 0.26029185427184554
0.02298486170370148 0.015366514911261241 0.2602361319754755
0.022999860450965588 0.015318140192833654 0.26015236645334633
0.023036270583888536 0.015236696318924969 0.2601829323841071
0.023045778449003965 0.015190652119739861 0.26012346877740233
0.023050940572742352 0.015160470521108166 0.26002379901276657
0.02307820811307344 0.01510641442768454 0.26013797720686715
0.023088089044875602 0.015067883532019146 0.2600749816755499
0.023091109073978284 0.015042108990381923 0.25999263770899733
0.023123120924600275 0.014927862384614037 0.26001226186223436
0.023120326666173065 0.014904807497310263 0.2599444176591567
0.02314339770941212 0.014862432112171756 0.2600272812645467
0.023154022385083736 0.014801224099166477 0.2599550251450076
0.023153293594940214 0.01476366792010848 0.2598849977840729
0.02318347710573829 0.014689817395826275 0.25991888346156566
0.023213405644248068 0.014606663457748888 0.25995177350815885
0.0232088077616364 0.014562776295059341 0.2598602423668649
0.023246859519408695 0.0144558281255662 0.2598883750128922
0.023252067440794454 0.014407307322295691 0.2598310254819018
0.02328472556082447 0.014288247589355877 0.25978066771002484
0.023311606395767705 0.014214782170415064 0.2598004885332319
0.02332571049757691 0.014136191911063004 0.2597300762427769
0.02335914443049896 0.014063049537237944 0.25976143459382733
0.02335474943144298 0.01403369873532038 0.25967591430553205
0.023391057412248038 0.013943695150535201 0.2597106294428021
0.023395573312188937 0.01390339105254445 0.2596322692511686
0.023423400095225776 0.01383180887251223 0.2596795612573392
0.023432771444351696 0.013766095980041122 0.25959454209609517
0.023457794695184334 0.013697451318947418 0.2596413496544708
0.02345687192448872 0.013640752057985909 0.2595454255198608
0.023485818297267327 0.013565713159047437 0.259588928091613
0.023483479758664865 0.013536075684680744 0.25952179583446067
0.023507998150768553 0.013439913819390279 0.25954893291264736
0.02352266628407721 0.013372097609205396 0.25956134232848366
0.023551638634204324 0.013257536042489785 0.25961257759426604
0.023536409875560934 0.013265061708869604 0.25952911184706556
0.023569013851880014 0.01317345523521793 0.2596360871531567
0.02356176165269199 0.013147617430768725 0.25955443962307667
0.023574630436931875 0.013076363262460023 0.25958975504875453
0.023557992539177276 0.013030561813495328 0.2595158908637185
0.023533937516556757 0.012931752798389937 0.2594793535468952
0.023506711567298978 0.012900956312237222 0.2594184224495175
0.023527723704698685 0.012875793534736927 0.25953149378810675
0.023481235557433696 0.012814546011738507 0.2594499544743346
0.023443368733638278 0.012772116560808434 0.2593963789272126
0.02343700515970726 0.012712952002714255 0.25944632605217843
0.02340062085359732 0.0126983428718305 0.25935419429889156
0.026482574066545334 0.007081049748006387 0.2590847683260578
0.026497188064840763 0.007048668169645497 0.2590513999947138
0.026562157805358786 0.006940875373238454 0.25904750578622365
0.026613890162242415 0.006841656901145172 0.25899057071577714
0.026655432980827256 0.006759027063808753 0.2590336667075373
0.02670365687911971 0.006641096358930048 0.25904629235921534
0.02674987750450673 0.006539512374091791 0.25906460332896614
0.026834172820986046 0.006374474253159779 0.25911980155682623
0.02683490579642267 0.006353339140929232 0.2590671644864481
0.02688581926071743 0.0062494282456863285 0.2590876150708731
0.02692527759592326 0.006177754309834412 0.2591170486707597
0.026965698706814437 0.006115742171020772 0.25920573517556217
0.027069594592867723 0.005933415062077811 0.2592826097168988
0.02705678839372548 0.0059205261160591134 0.2591976242308787
0.027109283106120277 0.005861532184505018 0.259319574403123
0.027151569563194467 0.005780829337821815 0.2593408747689728
0.027194710733511842 0.005683805078042777 0.25934798356197697
0.02723068265804812 0.005604501178186998 0.2593804748717818
0.02727285985980188 0.005515296458080203 0.2594240465467884
0.027321873529542486 0.005416053154340915 0.2594474076071554
0.027356393842579835 0.005334020182974715 0.2594752766239417
0.027394690112649996 0.005258766212036435 0.2595084734077729
0.027433254055197365 0.0051853364036883185 0.2595360949443191
0.027469263146081394 0.0050962810006787655 0.2595520589371938
0.027498426896193282 0.005014967485332993 0.2595843959531587
0.02752650159782289 0.004926682926608278 0.2596100959496412
0.027558183043240272 0.004844977760412637 0.25965517980521274
0.027575080823115772 0.004783869670776304 0.25968303659282865
0.027596107808485287 0.004686215303728155 0.25972392833995056
0.027615799771045956 0.0045960652176062185 0.2597593393041103
0.027638929953586293 0.004512874405910316 0.2597801089383157
0.027657801700988482 0.004450491081612983 0.25981307296870676
0.027682584624848506 0.004387945611859931 0.25992664118696457
0.027678695296621137 0.00437528955800346 0.25986356949738265
0.027702122237088216 0.00431255021899587 0.2599517288859994
0.02769962391326866 0.00428943278411959 0.25989973056599913
0.02771333916110643 0.004214385195314139 0.2599100640790139
0.027731465807944857 0.004130637869648507 0.25996085903957344
0.027737850179873395 0.00358964531797983 0.2602003792577894
0.02772871820480423 0.0035277449883332635 0.26027981691020285
0.02771502854473218 0.0034570145589386124 0.2603018395659183
0.0271079290026308 0.0025382762877987886 0.26093521440953243
0.027900395930376434 0.0017979417693330419 0.2620089296452432
0.028034916821676144 0.0016774976723093733 0.26197810554596895
0.028111813552561878 0.0016027250636670794 0.2620917123889668
0.02812631891273088 0.0015684679128216794 0.2620263506016417
0.028549385814993163 0.0011984078991812623 0.26215592331757637
0.02864555882517679 0.0011226301365580237 0.2622026000827173
0.028772175285947745 0.0010181103400679569 0.2622107070305716
0.028966095118610653 0.000840892628374692 0.26232448094042005
0.029058265539443108 0.0007747364561267303 0.26244104014167435
0.029118840930532595 0.0006963135947014827 0.26244488844003033
0.029168672224430203 0.0006288131901953201 0.2625339206260084
0.029218710270714477 0.0005527294942065668 0.2625697472477962
0.029267624413570135 0.0004543887552625933 0.2625767848320876
0.0293057123504767 0.00040757798955127296 0.2626829026264283
0.029309429762492945 0.0003880983815599852 0.26262248888941087
0.029341204323735527 0.00034099518491545125 0.2627439788882738
0.029378625436814926 0.00026777945693244387 0.2627675818790127
0.029411620211328125 0.0001853163938678914 0.2627957726928506
0.02944533491610772 0.00010331468684077621 0.26281610733389127
0.029478817423152674 3.833499824620145e-05 0.26291949215237126
0.02947560047517972 3.05252623527495e-05 0.26287177611344287
0.029498801607345013 -6.342098449933463e-05 0.2628775798336851
0.029524456789849832 -0.00014971669910532958 0.2629120935085299
0.029549304146727018 -0.00023811560262789182 0.26295209034980793
0.029563133512538944 -0.00030071301766556213 0.262953278992663
0.021720667881324443 0.01836705221065745 0.2611088136972364
0.021605239617119874 0.01883959616891779 0.26144560289159147
0.021633680802206685 0.018765193122469492 0.261400646888988
0.021657733779078817 0.0186953931669437 0.2613675296229147
0.021684579363079146 0.018615810754800573 0.2613412436076754
0.02171073881611848 0.018533320033953936 0.26131947547521317
0.021717134400697932 0.018465104248895664 0.2612619543385174
0.021725576648540308 0.018384597382861696 0.2612337804929733
0.021743845023340657 0.018315026778896425 0.2611954295210681
0.021576057234782623 0.01896605313518762 0.26157653275160414
0.02160898052975362 0.018867824026588452 0.26155517093585606
0.022753073780172522 0.015903791380135368 0.26035703439522045
0.022795361239255355 0.015820061252592332 0.26032638096073185
0.022830702547638377 0.015738293942049016 0.2602931668154278
0.021491411816191394 0.01928521795110974 0.26183957770610605
0.02151327526105186 0.01921599605076537 0.2617995946260403
0.0215366775600152 0.019131129171198247 0.2617648574160807
0.02155350023746328 0.019055801980505098 0.26175450941309697
0.021585452742131722 0.01892417363750941 0.26166915754102826
0.02267453788309622 0.016088833970320224 0.260525284990132
0.022708845415837984 0.01600920353849687 0.2604782661479004
0.022747832351529614 0.015933855643241977 0.2604756687595912
0.022790179956147755 0.015849858185848366 0.2604532201174379
0.022822179444990164 0.01577620471486204 0.26041773752557246
0.02285501737288273 0.015701254805920006 0.26036951238025086
0.022888565099554645 0.015611040006675014 0.2603391889613747
0.022913994020480312 0.015554331021514546 0.26032071593556344
0.022947525101677472 0.015460397266001204 0.2602770322776476
0.02143730343779815 0.01948214057802123 0.261996961284023
0.02146426095196956 0.019404745051275797 0.2619951270622534
0.0215550880555639 0.019109200114116633 0.261865952235479
0.022616143529993762 0.016203243276796835 0.2606680854212143
0.022661384683548808 0.016126148471262834 0.2606290135491747
0.022695634357432177 0.016054244028768407 0.2605991285430939
0.021347306385646667 0.01974348169308497 0.26221636781237
0.021376152601232865 0.01966895618045346 0.26218037776494885
0.021285948161390338 0.01993122229370496 0.2623945814989796
0.024333737155262505 0.01193661844028835 0.25914716384785
0.024366807929033108 0.011866608722514868 0.25913020670364806
0.024402983206873098 0.0117826735184514 0.2590976900772543
0.024454900937980695 0.011687565737269732 0.2590812040087314
0.02448207137732771 0.011616848534061815 0.2590281111354231
0.02451207426293987 0.011547501574837723 0.2590134031273557
0.024558520767998915 0.011448404702413161 0.25897830582199655
0.024577874813232856 0.011381854030532311 0.2589681054491954
0.024666752412683568 0.011169648148957224 0.2588625939600541
0.024694962406126005 0.011105249770971643 0.25884266718954785
0.024728395583853847 0.011007698445887676 0.2588093187967623
0.022410708580577945 0.01653923885347889 0.2610937735312299
0.02246411012475449 0.0164689666806717 0.2610500920705341
0.02415381752771305 0.012192811850506833 0.25933182164861424
0.02422884156834746 0.01210639199631115 0.25934807196023263
0.024282557830489923 0.012038277394190243 0.2593053785993981
0.024325115663166978 0.011971630089482314 0.2592593994981343
0.02436654529563174 0.011891284877428888 0.25923418668682907
0.02456251119422598 0.011447647038986463 0.2590781133995878
0.024597381252625436 0.011358533191659727 0.2590339504451821
0.024622646615191177 0.011274876460549066 0.25898097922757957
0.024665549369895026 0.011175660821404504 0.25896457318028093
0.02477957226557784 0.010895552421715226 0.25885549829232046
0.02481095977120321 0.010809197198882466 0.2588114328934215
0.024875626500691188 0.010641715146050435 0.25876518836318835
0.02490121950205953 0.0105679551038045 0.2587380421470829
0.024918090463948574 0.010532432721953016 0.25870161086474835
0.024948083501741804 0.010451545906208991 0.25866152997126146
0.024971993799949733 0.010367057013807097 0.25862613067182877
0.025001219757952407 0.010281849807220165 0.258607402136796
0.02503246682199513 0.010194397918458074 0.25858190149483046
0.02115733200576223 0.020232873899473702 0.262714868309274
0.02232904735407591 0.016663107974785388 0.2612158002359832
0.02239021574700481 0.016576730183732596 0.26118483372795676
0.02244722393574261 0.016498349690980213 0.2611856565722514
0.025060873885832734 0.010151602203456544 0.25866934818946025
0.025080311224860298 0.010085654944726078 0.2586354831836656
0.025095307475237555 0.010021102093345356 0.25859729579892626
0.025112621119912804 0.009960981007180953 0.25857591291777154
0.02110722844960115 0.020336836151192396 0.26285524590462866
0.025139966075987084 0.009900872421474121 0.2586428314309172
0.025157157473658348 0.009845635996101594 0.2586055644997559
0.025174410067141183 0.009798488309775106 0.2586094600218222
0.02521788028873644 0.00967325730389482 0.25863634585453515
0.025247155248307448 0.009577165149587865 0.258609564816042
0.025263359867100748 0.009541912340515128 0.258698304068249
0.025288739417388104 0.0094601967245686 0.2586639382271027
0.025309516683482438 0.00939559240582449 0.25863154929977783
0.025334404401610673 0.009351839171118814 0.25870700825643095
0.02535556029281245 0.009279101585003858 0.2586759038542724
0.025380418064168454 0.009206865451797502 0.25864596363779707
0.02540406136910913 0.009120796037671798 0.2586072989952467
0.025439335740076816 0.009011175426437782 0.25866185728559304
0.025455472086132892 0.00893727314808791 0.258628271400304
0.025472856831733507 0.008856637867767447 0.25858280962418334
0.02551478445887132 0.008741208474602845 0.25865074556883894
0.0255254246626249 0.008681528057811288 0.2585961051953441
0.025563145584368285 0.00855211099642945 0.25865168561623225
0.02557010410886334 0.008485492294819354 0.2586097301251419
0.025586315539828333 0.008459625726254858 0.2586894274559427
0.02559205868608634 0.00838512373530423 0.2586473040216637
0.025597930417997253 0.00831265911103328 0.2586240332053127
0.02559548476670644 0.008231504622440388 0.2585823292586053
0.02557967337485453 0.008152864069081837 0.2585356947836412
0.026606178510751585 0.006866518832321342 0.2590376960349749
0.026929515092571604 0.006185074259907258 0.259161684922317
0.027151612662125357 0.005779278405993687 0.2593165740683049
0.027212393288072484 0.0056525408043893765 0.25937108139211634
0.02725732811496291 0.005555133965059623 0.2594288228675399
0.027314037428789042 0.005448683534207337 0.2594829607045555
0.01916684406649271 0.024450502712230766 0.26754930945313155
0.01922679640673156 0.024393345977160405 0.2676293455108554
0.019373064880583494 0.024226166689408316 0.26759732740498204
0.01942964083917478 0.02416118865755007 0.2675841672231705
0.01954855001468502 0.0239757176071953 0.26751609378738417
0.019276455700459463 0.02433656626043368 0.26772979323315366
0.019352809985265475 0.024258133248687502 0.26769042747696653
0.019422194656140184 0.02417834372877315 0.26767153568881774
0.027615509561081372 0.0020482949965617303 0.2619896610203292
0.027715160824333528 0.0019570609472359924 0.2619927860764686
0.027804125614826276 0.0018772234051533505 0.2619688599750981
0.027966783375943726 0.0017486018192592562 0.2620390722545824
0.02803372046041031 0.0016846619711120162 0.26203522480841507
0.028085643648385214 0.0016166180232612304 0.2620310901728317
0.028154872261110294 0.0015583266140641219 0.26209968298436465
0.028218421081182332 0.0014922219976999912 0.2620875179458198
0.028303896513952587 0.0014056104809313866 0.2620806660223107
0.028438630210953223 0.0012917000249166475 0.2621483596313375
0.028534243905069433 0.0012035719370881084 0.2621241789089922
0.02858480473936642 0.001172240309393578 0.2622068351280032
0.02870009792450384 0.0010767918693166583 0.2622054206147431
0.02874394234712402 0.001030858781852253 0.26216522048313773
0.028825687595950795 0.0009770755736636248 0.2622755363320046
0.028892928036029594 0.0009016004701705932 0.2622606212366072
0.028890757358388214 0.0009246941208142366 0.2623249957700698
0.02895131937342324 0.0008630217092737298 0.2623411018679731
0.029072825437945666 0.0007466112813880256 0.26239963510693803
0.029120309060499193 0.0007037457026809563 0.262520274701812
0.029159687545998774 0.0006337270328427087 0.2624735379405436
0.02919791080221239 0.0005847197394484394 0.26253913369329185
0.029234523299564337 0.0005152819828952945 0.2625294607411819
0.029219901002085446 0.0005528730689226392 0.2626335603149934
0.029260727080430142 0.0004802530857262424 0.2626289909859895
0.029300015114516333 0.00039953191806966863 0.2625951563237362
0.029282997495582358 0.00045039950635528646 0.26269597450715476
0.029329463568092618 0.0003558231449271603 0.26266298935648824
0.029351201044525804 0.0003237687331607861 0.26277171509265335
0.029382100721301208 0.00024665559337689317 0.2627209014699932
0.02940408472353043 0.00021018097514108024 0.26282753331031555
0.029428082089646704 0.00013770262512617654 0.262787572937462
0.029450338808880205 0.00011085276686382913 0.2628756507533991
0.029489371216171564 -7.5169681587402984e-06 0.26290030511430595
0.02655184804599233 0.006957031457123489 0.2590457657530906
0.026454234741259675 0.00712630411948112 0.2591026820918479
0.026349079619283483 0.0072728395211002425 0.2591015595525424
0.02640562668480479 0.00720968892948365 0.2591357729849834
0.02620506080470829 0.007409286032336888 0.2591173125306638
0.02909262075087173 0.0007395834198600718 0.26248064389009457
0.029146848699583443 0.0006612037347342016 0.262517214992595
0.029190942789048973 0.0006021233754600813 0.26258417912420473
0.02786237865249917 0.001825763957986549 0.26196619143632743
0.027717389146293608 0.001950224022621725 0.26196619256517234
0.0277969765626293 0.0018903406846614867 0.26201368163650196
0.027842782495121163 0.0018517804978295093 0.26204333914381533
0.024338662057593188 0.011925828263743804 0.25911060186859325
0.027640941357003866 0.002031178811957597 0.26199778867563395
0.024327919995334138 0.011956361978700338 0.2592096946581866
0.027454784040253612 0.0021526888465034258 0.2619976242827881
0.024211942365729232 0.01211901284836223 0.25924628214962087
0.024270282610459146 0.01204941890696893 0.25927128055889426
0.027226372739031803 0.0022457056707913836 0.2619678248318948
0.024077006484148185 0.012252952031018297 0.25924905453331765
0.024201252892299848 0.012139230195372788 0.25932504424353436
0.023907733088788994 0.012352530307341304 0.2592185682510235
0.023992103138438726 0.012322251326754841 0.2592992862772429
0.024069726923778904 0.012264818788261269 0.25931767618131135
0.022723387429481722 0.015986726236599406 0.2605089385889281
0.022680510419854884 0.016085012551227483 0.2605764193128593
0.022708326215541856 0.016024646026443122 0.2605770020613113
0.022586230041807865 0.016247343278698333 0.2605861715758838
0.02262892287624438 0.016181164228086152 0.2606276300146851
0.02258410533927689 0.016270963777549947 0.2607051563979121
0.02252165099274212 0.016372446949198705 0.2608497579652309
0.022458450001228404 0.016465951568601672 0.26091378283166566
0.022509489801452297 0.01638674318459815 0.2609382538859269
0.02244058521554126 0.016498057843905387 0.2609967395385583
0.022490905020247295 0.01642252015886083 0.2610039147732202
0.022438617021550384 0.016503415499304966 0.26107539323421863
0.022430261572591047 0.016522157606248485 0.2611391218023809
0.022359362651275447 0.01661565370724264 0.2611871665591727
0.022164277695630213 0.016819318612086777 0.26115881194727786
0.022239459770671835 0.01677232949422524 0.26119361034659483
0.0222968672920436 0.01671129820638983 0.2612477408462701
0.022130125228424724 0.01684178161854774 0.26122605603195825
0.022211473958619922 0.016800487739315015 0.2612788531818202
0.02164882168599826 0.01873934825910778 0.2614280456494676
0.02161217957984271 0.018840846874784704 0.26148567503842984
0.021592495558685563 0.018933483206508235 0.26156882056299896
0.02155082861146707 0.01905041246976632 0.2617188277555046
0.02157159435836892 0.018986290418774643 0.26175178201975424
0.02149987940584955 0.01924192802876068 0.26176851116933675
0.021530566287624623 0.01916829244285545 0.2617945703457494
0.021558528215166375 0.019075671735398023 0.26181149343524984
0.0214753603741105 0.01932322444172125 0.2618405173754743
0.02151094440249117 0.019244939003384212 0.2618881936638008
0.021473680176715144 0.019350921184176334 0.2619425271141961
0.021416131665349582 0.019565621462125427 0.26205971195446226
0.021383053038709576 0.019649909978976934 0.26212074971725363
0.02132336081204537 0.019835558383311074 0.26227208033360094
0.02134412262792081 0.019771402752725403 0.2622829419801478
0.02128369842910738 0.01992747638509996 0.26233935185229074
0.021312639972142906 0.01987411710290684 0.26235719680929703
0.021225568365920853 0.020033381441087156 0.26238287380043507
0.02126543138005988 0.019972113658530376 0.2624170795181491
0.02122437408687022 0.0200678980521089 0.26249088811875043
0.02118601215319345 0.020139298859556898 0.26253001584473024
0.021144391863889687 0.0202301016880514 0.2626015068291665
0.02118946554949419 0.02015488480601399 0.26264555069846296
0.02109762443768353 0.020334225677575556 0.26265908924967507
0.02114586750100992 0.020261295555156482 0.26270770501959423
0.021098287755654904 0.02036115924747834 0.26275856630140854
0.021039458064032502 0.020431891962421116 0.26282224896247436
0.021087912867296544 0.020370264062057712 0.2628774036652426
0.021017303576640528 0.02046277670568753 0.262897077328899
0.021064200066359035 0.02040366976289261 0.262931189811446
0.017935698304395568 0.02501721227466644 0.26822116113178857
0.01798468207731554 0.02500950334963945 0.26812341066495876
0.021018961128762073 0.0204740587849718 0.26299916989967664
0.018145209135391666 0.024969924724442205 0.26813362757999787
0.018030135995111902 0.025000775481583165 0.2680664664486049
0.01820616087486131 0.024952970292831014 0.26809594502960143
0.01805759253056295 0.024993698841527745 0.26799798570440236
0.02097133587996041 0.020553744870770704 0.26305498294122265
0.01823520534996106 0.02494728910561156 0.26800579204142055
0.01829916310985748 0.024927399768698517 0.26792436645989864
0.018320845615237624 0.02492113530731542 0.2678529811085721
0.020904124734210598 0.020684407864084563 0.2632068841981802
0.018494114686303804 0.024861198369780707 0.2678348866721116
0.01835247567492533 0.024909129437358908 0.2677755445680323
0.020794791774434065 0.020827155141832004 0.26322108904250174
0.020844862360418867 0.020776505124688142 0.2632416807661415
0.018607144048937582 0.024818847990433983 0.2678367698480979
0.01848949395531828 0.024859232445113594 0.2677680991397019
0.01865370151288129 0.02479800654409292 0.2677638334177935
0.020715164909771454 0.02090284655955215 0.2632659757210102
0.020779547408824563 0.020857160796028604 0.263308078079934
0.020847774315887063 0.020787176788880812 0.26334104803589736
0.018751586016384554 0.024751150632083573 0.2677273938118174
0.018869138621494256 0.024688664898579828 0.2676750382434372
0.020712764509986565 0.020914172502068396 0.2633509146332177
0.018899476180412263 0.024663338216950575 0.267607375781787
0.019339370701556773 0.024271544793968168 0.26774659004641077
0.019283469269479155 0.024332103238453404 0.2676739955218707
0.01921492843405501 0.02440386376248614 0.2676650107308378
0.019153401130407352 0.02446694227001015 0.2675925494405209
0.019069554361519577 0.024536010626664134 0.2675530831085885
0.019341264380441 0.024268103208033395 0.26764991974659463
0.01924780509955534 0.024370758913576804 0.2675758324714679
0.019186343196863034 0.024427067901392964 0.26751861916874403
0.020531014414325286 0.021032113794827112 0.2634670132675314
0.020578231619772784 0.02100457027312492 0.263470373851107
0.017508871011414674 0.02506186823621947 0.2681945803405217
0.017463098642726913 0.025066941760781447 0.26811695336767577
0.017415819349579312 0.025068670819593464 0.2680383431718034
0.017367546156608658 0.025069024863258266 0.2679593162068262
0.017317223890813294 0.025067491182800994 0.26787950012956435
0.017600494542508827 0.025058343597953177 0.2681720232933983
0.0175546947795819 0.02506424404569752 0.2680943166486872
0.017507130523358002 0.025067675067202776 0.26801566878271943
0.01746009939547613 0.025068941513056955 0.2679370567834761
0.01741204306541976 0.025068547874768844 0.2678581990584872
0.01773230628179855 0.02504565255693414 0.26822533196964593
0.01768936852561941 0.02505234247860015 0.26814830726943617
0.017644955198072833 0.0250580951740867 0.26807116468696135
0.01759752159274426 0.02506251019778708 0.2679926337398688
0.017860775465158494 0.02502737775793299 0.26825724322860417
0.01781646249758829 0.02503581177015137 0.2681978973134707
0.017773792375038327 0.025043504514717735 0.26812270168911273
0.017731403948709465 0.02504923832842639 0.26804658224814193
0.017685931452439886 0.025053999013005354 0.26796881207027556
0.017908139745789944 0.025022318343248237 0.26816470547121124
0.01785816782631916 0.02503032308990976 0.2680963921877644
0.017982315121199747 0.025009722524129543 0.2681657817256169
0.017950262674196606 0.025014950628546848 0.268068357034366
0.018064867278106907 0.024991636646092788 0.2681246030065301
0.018010923408914598 0.02500447908821108 0.2680317353972306
0.01814852501550482 0.024969964556005128 0.2680726637960559
0.018098857537158022 0.024984107441216458 0.2680283995182172
0.018211757418110836 0.024952782413653188 0.2680427019595823
0.018174564192399725 0.024963386339036976 0.26798160525813586
0.018244209786205817 0.024944692892467972 0.2679635545651084
0.018211658824580316 0.024952205542516134 0.26789386990692227
0.018268314536088764 0.0249364078675599 0.26784406808848715
0.018356099327623592 0.024909426356299072 0.26781785764733745
0.027673473262487168 0.001996422963152231 0.26200000396330025
0.019060684272333313 0.02113669482148149 0.26379594809164353
0.019179696074380453 0.02116016064753809 0.26377210401311285
0.019287713132441434 0.02118200594597003 0.26377374748634586
0.019392592447981378 0.021201414432840647 0.2637449046655881
0.01949383082354726 0.021215469370021472 0.26375047884298264
0.019595261744423997 0.021217401112242018 0.26372529403680733
0.01967802117205637 0.021216814143506478 0.26369155427679536
0.019784254541778065 0.021208630066257048 0.2636737501807174
0.01973161694511557 0.021204890127504997 0.2636134858058703
0.019880883903182895 0.021201622398168342 0.2636665909277919
0.026419243880035845 0.007170966778226704 0.2590830294318602
0.019963105182744485 0.02119559333542826 0.26363431151345806
0.01993655507741283 0.021193533012975253 0.26356539498366827
0.020049751900688903 0.021182299471619044 0.2636118089012879
0.019987365511731876 0.021183141128306056 0.2635315724601472
0.02013216952504103 0.021164837601546492 0.26358933932208134
0.02008480437524696 0.02116692439396408 0.2635042973725365
0.02020647876033121 0.021149039001734107 0.26357780986439433
0.020168698973003978 0.021149907075574695 0.2634614648902127
0.020281470534490382 0.02113214395618731 0.2635362324841927
0.020244031769512994 0.021136139963699903 0.2634662491561715
0.02035101090157325 0.02111149722051777 0.2635052633357998
0.020449125450316175 0.021073716783505177 0.26347196058059685
0.020404809609691175 0.02108363386374245 0.2634099532746624
0.02049381915493863 0.02104904491117126 0.2634394397752153
0.020561768041657765 0.021009217082487333 0.2633965329988747
0.026373620067455972 0.007254369959948135 0.25914278520735046
0.02063226027937124 0.020966898931718637 0.263345434143333
0.02072155302491021 0.020906938405065363 0.26339416205563787
0.02067887011320782 0.020933838638914876 0.26330687393807595
0.020760620711243648 0.020875187692067573 0.26335575288604657
0.020745736865247968 0.020880853347400155 0.2632704353574959
0.02082000694355957 0.02081522199760065 0.2632930411176262
0.026305920566439395 0.00731995749206104 0.25910424245584696
0.026207318283139262 0.007393553848007405 0.2590591659085146
0.026252771326377027 0.007372308379981731 0.25913607484524365
0.026110251668283777 0.007447454861190657 0.2590314015706274
0.026148766342349375 0.007442209810035592 0.2591232478629859
0.021331943865260928 0.01981466670943733 0.2622973522955399
0.021310040212814477 0.019857943258480656 0.26225009741523764
0.021339898282999734 0.019758645289520677 0.26219135357126006
0.021372132386054076 0.019677735647859976 0.26214512536897405
0.021400057578156304 0.019609632071490732 0.26209802448223307
0.021430497978665086 0.01951866007596304 0.2620321888995551
0.02601662708345979 0.007489454592756543 0.25901188810694364
0.026060327618874102 0.0074844307520111585 0.25909187652816
0.02144829431591131 0.019441756431926346 0.2619733296877483
0.025927920740338752 0.007524218698174956 0.2590294336666257
0.02598389942577852 0.007514264582807472 0.25910677110234526
0.025855243089331844 0.00754613769467775 0.2590421429874739
0.025909257325813683 0.007536852265636745 0.25913619858095366
0.02581529384262482 0.0075585526117960935 0.25908976659947974
0.02582382049043278 0.007555443801062299 0.2591581906447634
0.02138524287217977 0.017007518065995902 0.26112393837705855
0.021422151264454677 0.017007205440977363 0.26110808216233755
0.02157720779000138 0.016980094888943073 0.26116338776471
0.021528471462870027 0.016984340366585304 0.2611035683854308
0.021638960956743027 0.016977124536382386 0.26115047562301913
0.02161687585322006 0.01697581277027451 0.26108575484372787
0.021726197209243868 0.016969495594524882 0.26112777100023554
0.021705674832513008 0.01696612123394106 0.261036764694718
0.021841853336900436 0.016944614416690054 0.2611548252887133
0.021804734419447053 0.01695525533485119 0.2610876995400934
0.021794118040111467 0.016953460729483984 0.2610203762366883
0.02196025600953993 0.01690313720796055 0.2612070191644826
0.021921250070637346 0.016920743333719755 0.26113086118285184
0.021887373663593463 0.016931077428999408 0.2610591987629894
0.022082710316040432 0.016858041050357923 0.2612441564811459
0.02203695043253233 0.016875986956661627 0.2611818163206694
0.021994289436300333 0.016894409690045534 0.2611198364844711
0.021954610463151742 0.01690482713766707 0.26101359702628857
0.022142947042172387 0.01683442908292912 0.26118885185729734
0.022073742290872934 0.016859116156415832 0.26111977257675506
0.0220353938830851 0.01687405355698801 0.26106888018553315
0.025719282646113683 0.007567078225604609 0.25910224128399245
0.022235729682407765 0.016783042135330398 0.2612472404982083
0.022196822088455512 0.016796856013560735 0.26115120233079
0.025469131310709454 0.007581264964641434 0.2588846255537912
0.02557433345512991 0.007569974936809486 0.25908338180899076
0.025604748174209834 0.00757393864532108 0.2591550331298306
0.022276183936843236 0.01673234766736928 0.2612023570968644
0.022357831241824593 0.016632412414422787 0.2612560166515382
0.025454145687407538 0.00760112231091479 0.25903546700463703
0.025482225158845306 0.007571866712724183 0.25909866436896717
0.025517902251929625 0.007573998222792768 0.2591468802386978
0.025441910538200854 0.0075871798534882795 0.25910545948355296
0.025433681407791776 0.00758348023604099 0.25919490675988627
0.02294631923056671 0.015473424930778754 0.260323932296041
0.022928607326305448 0.0155040478998813 0.26025025819807723
0.022967458806479314 0.015407708193163828 0.26025623843200973
0.023008840841835205 0.015307777744283067 0.2602036171688522
0.022989478716661543 0.01533332621013786 0.26013560105531125
0.023036072206741812 0.015225551802260191 0.2601427673297088
0.02301366233200875 0.015263884471624245 0.2600912293672552
0.02306259029320099 0.015144409293894545 0.2601109623249662
0.027183691735762707 0.002258457823437951 0.26198365431270815
0.027242149946697707 0.0022393963526639795 0.2619454929080405
0.02738657089138682 0.002189534727017476 0.26200121978147684
0.02752155653802325 0.0021089934848118074 0.26200375456077846
0.027826186023725247 0.0018610787001572889 0.2619888098161954
0.027734114928376942 0.0019332560715512358 0.26195296854724426
0.019140594714360668 0.02115804473211439 0.2638340161132754
0.01923209259245042 0.021175469342915323 0.2638261111880066
0.019231961429828304 0.02116843395298594 0.2637606296792814
0.01936346422867855 0.02119995194548789 0.26378302955078115
0.01944295952330889 0.021212360484068937 0.2637759429223924
0.01953007931723063 0.02121236524299451 0.2637123427393394
0.01964846271296066 0.02121921377156325 0.2637201219470028
0.019635662285860563 0.02121161982435564 0.2636670197254685
0.019705981760554193 0.021218819109218558 0.26372323037193585
0.019702833746639895 0.021211987290423118 0.26365893977339805
0.01990349399755581 0.021198241828378303 0.2635908081172056
0.02139996586399644 0.019600474249662082 0.2620558627639585
0.021438469620189853 0.017008082909287965 0.2610804233388725
0.021498142138490096 0.016987443302574255 0.26113831262626164
0.021491076695989212 0.016982243946132396 0.2610444285939938
0.021558810899162385 0.016981471061371572 0.26112739711374466
0.02157231184697206 0.016976002135353843 0.2610715363667352
0.021671679174249767 0.016972037066530922 0.26107431526920105
0.021745762424460188 0.01696453774819566 0.2610620999852188
0.02183993791907921 0.01694281158917981 0.2610109121465491
0.021893695946627902 0.016926662518514407 0.26100794245115716
0.02346374818144311 0.012448390864419658 0.25924531352248753
0.023493502734985627 0.012433745278082223 0.25915597234528304
0.02350826538638169 0.012430328554562458 0.25909419797256944
0.023563843247100386 0.012429073447338282 0.25918376546948535
0.02359578416278536 0.012424214182413433 0.25909980313358655
0.02365687342863488 0.012426075325009495 0.25920563005240305
0.02365305356878625 0.012421913660112319 0.2591116303071054
0.023735576025387124 0.012403062475098165 0.2592310787243412
0.023742661809655626 0.012404351199165975 0.2591538151400884
0.023816209625185818 0.012382524373609838 0.2592457460305273
0.02383523862544607 0.012372031538755096 0.25915605748908643
0.023895826994183342 0.012358553307595587 0.2592441885492103
0.02389697188391962 0.012349519063996148 0.2591807961729331
0.023968426475236858 0.012337890925850909 0.25931857980361145
0.023950640391537756 0.012337347536548533 0.2592570787332573
0.0240247989326925 0.012298718260463125 0.2593291536026843
0.0240347965906728 0.012285264310079503 0.25925786668485234
0.024111747544600864 0.012228011858359741 0.25928874217127196
0.02417714128876971 0.012162091224403277 0.2592840816517356
0.024241059508701413 0.012088131074417637 0.25929240261170844
0.02423668023523353 0.012090901318825814 0.2592425323870266
0.027095848453340152 0.0022775220121754713 0.26197833523938546
0.027268513924896896 0.002228479475785222 0.26195265303043647
0.027329562574980006 0.0022082797062838748 0.26196952675365104
0.027140515149000025 0.002266155555697894 0.26196979148927363
0.02399939914300924 0.012310853940839769 0.2592657897459059
0.023935882058168823 0.012337463743169165 0.25920769100105395
0.023904657901613603 0.012356035428811977 0.25927808497764143
0.0238524480726228 0.012371792792526403 0.25921241534504363
0.023774449531482427 0.01239109790198799 0.2592644720307684
0.02378832333551882 0.012387620548882153 0.2591339746941023
0.023739379575098057 0.012404415891014915 0.25919437035370235
0.023651827404202106 0.012423442699894255 0.2592500127621268
0.02368854766418203 0.012417972457293798 0.25913406224443547
0.023615626226045648 0.012429021399626762 0.2591978583394058
0.023534261560177544 0.012427875887625445 0.2592513386072662
0.02341244796871402 0.01385626668281561 0.25964061344944156
0.02339538597656134 0.013919025088688145 0.259675190034237
0.023369887649460127 0.01400440497183385 0.259700675968967
0.023344022739623604 0.014097254259173792 0.2597443410405875
0.02333149819049081 0.014154421111139254 0.2597978605062553
0.02145054890038877 0.019470713473341526 0.26205362762235
0.02142426711627526 0.019560770292570126 0.2621143597393413
0.021394387612142587 0.019624630838987904 0.2621416578646252
0.02136673813368 0.019690409200273873 0.2621705135751048
0.021343235666848884 0.019755657415653903 0.26222210260342066
0.021328089861057668 0.019815215989302075 0.2622599035646773
0.02130798478771997 0.019878343579129737 0.2623019238018094
0.021422929253586 0.01951632517796327 0.261993072935397
0.021392975005719538 0.01959797227514124 0.2620256735436298
0.021772573699545612 0.018174938981335063 0.2611147417200204
0.02175592371952599 0.018282317804629765 0.26118351194157885
0.021730846096592475 0.01835291406865268 0.2612060577889572
0.021712801502728363 0.01844091358517358 0.2612237146891484
0.0217310107171845 0.0183204546398454 0.2610548994872282
0.019143921917015496 0.02117224446530453 0.26512122512046876
0.019175540530099792 0.021264665587556783 0.2650799872341473
0.02355112020553398 0.012945964473292342 0.25952950496159094
0.023495666648115112 0.0128196625312181 0.2595001533722325
0.023523794223895854 0.012921232166865365 0.2594538277692124
0.023459260619496956 0.012771851887097174 0.2594428782660434
0.023487603375149692 0.012859554867336025 0.2594066973545122
0.023420504516006774 0.012720265680975179 0.25939126863244444
0.02554857803158385 0.008618583133122457 0.25865521657209833
0.025598503403658 0.00835409685407741 0.258670922202304
0.02558327566112345 0.008439144583180083 0.2586447610377315
0.025563507058898136 0.008528435192794651 0.2586171053637981
0.025602980016009327 0.00823984313517676 0.2586187923542395
0.025591362287182517 0.008337446903156609 0.2585990046572276
0.025574597112491493 0.00840882227236964 0.258555805174739
0.025477459657436856 0.007771256756018142 0.25875860701566994
0.025583582506153335 0.008134534950757685 0.25856109069303534
0.0254550133298882 0.007776555185879482 0.2587185037063229
0.02552455939820952 0.007891647660958337 0.2586247061548555
0.025562918814300194 0.008021764562210145 0.2585749715973947
0.025492829378278202 0.007864465108708894 0.2585632169095489
0.02341866358873561 0.012679275314589213 0.2594062519214801
0.021605396094909097 0.01752159840672419 0.2608626255704482
0.021326507495576384 0.017154732886101698 0.2609232233380691
0.021727081179261417 0.017695510358924048 0.2608918423417995
0.021351381930696123 0.01722114754478489 0.26087835686852395
0.02134527350722927 0.017173248263058778 0.2609308861915051
0.021345051527501813 0.017163788215422235 0.26096030496142697
0.023513377620396722 0.012878517918266892 0.25946254794341994
0.021755133593569082 0.017731530242818892 0.2610152610977311
0.021437797845949368 0.017292502052110005 0.2608749792398681
0.021484833371547767 0.017373862213264903 0.260811830234266
0.0217849056488524 0.01779107598414821 0.26103287171991635
0.021543499249626785 0.01744135766747832 0.2608255609119529
0.023464347931420274 0.012792548291081259 0.25942716849457703
0.02345785888329781 0.012825285626345346 0.25936901526823253
0.02161730676371604 0.018836242944672156 0.2615177409145765
0.021647333252842058 0.018750761982486597 0.26146158630964866
0.021661647878790505 0.01868119682951512 0.26140354730228277
0.02168792812179785 0.018607827941052257 0.2613636453620642
0.02171291490187239 0.018513721787591066 0.261298310457134
0.025601057005059803 0.008273337919988546 0.25861915501013855
0.025603079989398793 0.008201111625101112 0.25863149542995306
0.025555020306323502 0.007977132224613917 0.25858892456526683
0.02552114581239463 0.007904852766558496 0.25858057414586005
0.025511043215800274 0.007851389837330277 0.2587125105246204
0.02546715482209685 0.007806911085542839 0.25863835609361613
0.025454757422661872 0.007744367134480793 0.25875083336853355
0.025462359380137446 0.007771843620891773 0.2587416079505455
0.023861403440748073 0.012368814099684476 0.25927584833149947
0.0215465424503714 0.019093497854793064 0.26176056419306426
0.021584713317580287 0.018937541364557532 0.2616067282175906
0.021407822998952112 0.016987001954430078 0.26116043791597554
0.02140262105592609 0.01701100323134274 0.2610600463356747
0.021530617201985788 0.01698372022240395 0.26113195114648113
0.023496592097495658 0.012434028317245004 0.2592066190937285
0.023538619695355107 0.012429972348736747 0.25913748943990605
0.0236085197611288 0.012425264091116129 0.2592380063977541
0.023629264552831764 0.012427652526609882 0.25915727733363786
0.0236878060636202 0.012415605410259545 0.25925527252996006
0.023706702110196126 0.01241586539283853 0.2591944259915797
0.023783541219538372 0.012391372213145442 0.2592006700146429
0.025461447956696165 0.007576234885368193 0.25909358878637934
0.025473595982796315 0.007597302756251797 0.25899502230892213
0.025550522466799896 0.007573563387213495 0.25913687944873715
0.02566845096245399 0.007572952494675251 0.259151387423202
0.025770338435344542 0.007565586721713836 0.25911724791593177
0.025782956850259726 0.0075570265266170856 0.25905353915699747
0.02587051089671964 0.0075477651873998896 0.25908785751279145
0.025879335853230344 0.007533465801132789 0.25899876273687855
0.021727972339902358 0.01834722424238637 0.2611447397206614
0.021705710095536155 0.018424469741963392 0.2611678714947152
0.02168960385742021 0.0185050943826421 0.26118594189618205
0.023410758716366324 0.01269027180612102 0.2593821669040041
0.021471863055862076 0.019370171394933522 0.261976605947181
0.021440755462360118 0.019442402313438384 0.26193779914702336
0.021522406639278877 0.019205392369145376 0.2618932477955959
0.021494730079189003 0.01928891863890636 0.2618907549094344
0.021474175185773995 0.019336303370514292 0.26187400770169295
0.021546207554354355 0.019125058169283567 0.2618097387657002
0.021526564789400324 0.019190169958383914 0.2618296962055434
0.021494526242754237 0.01926471702080229 0.26179659626122925
0.02549419937589521 0.007575036563574841 0.259051957775518
0.0255154542508289 0.007572202702812831 0.2591099061329126
0.025449022241455076 0.007587228084210696 0.2590713930462484
0.025473077199099532 0.007576159800072982 0.2591458849887588
0.021454801864387283 0.016994709168042403 0.26113518839200467
0.021442040886817847 0.016995999372512206 0.2610444157869749
0.02153306097942025 0.01698138399618153 0.2611646838426563
0.02152291872780259 0.016981441990922455 0.2610678742157138
0.027186152411482555 0.0022999559235343304 0.26156804125653293
0.021326426748126275 0.017152541357100315 0.26093120339323733
0.021310737301678793 0.01716256005551904 0.2609031695877131
0.02549307227452277 0.007888798641423571 0.25852455091819954
0.025472568632101705 0.007815411086547187 0.2586221137309754
0.025459222803259962 0.007793594292619464 0.25867876341725204
0.025545116717033398 0.007967665295086659 0.2585697368357374
0.02552695525496853 0.007883883292999591 0.2586594553283794
0.02548657686942607 0.007811057945146804 0.25872945578260015
0.021622933221805037 0.017565604710106472 0.2608300308294175
0.02157456731435218 0.01746975503964545 0.2608681601326994
0.021563027009848388 0.017486484639148862 0.26080093478946936
0.021529431322861132 0.017407845829696886 0.260849427111169
0.021523436006115754 0.01743246327728519 0.2607946521319233
0.0214767278443319 0.017333748545745563 0.2608513074467651
0.021415499924433527 0.017291975587073558 0.2608347101744377
0.02705931077237666 0.0022860791271849044 0.2619937421681034
0.021640527021213166 0.018723873127867975 0.26133607819354326
0.02166907433768422 0.018655629007544153 0.2613524179996475
0.021658346517696842 0.01864352850693722 0.26125458793134865
0.021697201774030745 0.01858347466616936 0.2613418744117695
0.021696302353980994 0.018574120969356546 0.26128760745313434
0.02168158728181245 0.01854245641217242 0.26119892058505684
0.02171535911812842 0.018487106079217698 0.26127199371769555
0.021464698806008566 0.016985377717286518 0.2611716352337519
0.021476702376166543 0.01699536670536829 0.2610919144584133
0.021594861412738506 0.016979881823849012 0.26112001491251496
0.021800314376318262 0.018000113753837456 0.2609773812075628
0.0218117171491262 0.017930352046646926 0.26101111904955315
0.021809021692902338 0.017831854601354856 0.2610503100368676
0.021763524499791086 0.017758714637143527 0.26101585909269837
0.023516893358790494 0.012921996178249325 0.2594351978887134
0.023468026558319758 0.012812652272980844 0.25941016971474096
0.023465290116440978 0.012766229705706181 0.2594804776668763
0.021721700456651793 0.017700867276584174 0.26083290384710056
0.021792091416906995 0.018034801885970536 0.2609792486463532
0.02182591845025825 0.017964041510849252 0.26103534422752805
0.02555642370176195 0.007989813060694012 0.2585812472299509
0.025481927966301197 0.007837338311721533 0.2585959644621616
0.025499462330199812 0.007806907057893916 0.2587607183582403
0.021737924583794744 0.017716275428459577 0.2609600291547865
0.021741027600616566 0.017730750440617934 0.2608564081129579
0.021636258178364922 0.017572227755974897 0.2608600216312757
0.02169225016631046 0.017672078396703622 0.26079861791858705
0.02155442445026696 0.01744471840483578 0.2608532505370024
0.021457596987991004 0.01732979831593079 0.2608285797077647
0.02551744091519442 0.007844836329299228 0.2587521166286316
0.02551493761902609 0.007861441985653458 0.25868068210276823
0.02547322663844829 0.007668755591268862 0.2588062282302207
0.02547966173113705 0.007714102255969906 0.25891225843055327
0.025465567533153464 0.007592307792834176 0.2587649822847159
0.02544559359963431 0.007685606021066726 0.25875322328439915
0.025454763209670165 0.007656309944039443 0.2589945067065867
0.025471115411824424 0.0076348838644417555 0.2588639903938218
0.025494653700318375 0.007750871155471991 0.25884156674794867
0.02549438542093995 0.007774079879149261 0.2587855417127282
0.02547444927259351 0.007612291806667222 0.25893193376507967
0.02142954349694227 0.019474500599340056 0.26195049572426465
0.021421516890339956 0.01950229077378167 0.2619662330522131
0.02341757344674155 0.012555160906999723 0.25935889496191633
0.023439458413771288 0.012484595789072003 0.2593068960047157
0.023402762931634936 0.012640865780111742 0.2593624215420044
0.02135340003835281 0.01707230029241054 0.26108058474197865
0.02135192493064393 0.0170287707536753 0.26112653100858163
0.021375976261621844 0.017023514828771485 0.26108503312150777
0.021649469254426502 0.01761094305280224 0.26081196287285585
