0.02959441847800173 -0.0013115188406492067 0.26442679776391453
0.02959264139282664 -0.0011581427194228507 0.26440889136545365
0.029589691149159613 -0.0010571750155909348 0.2644129161567776
0.029577671923396557 -0.0009439651646446538 0.26439241110713657
0.02956118500109212 -0.0008090086769342909 0.2643938293870111
0.029549507811404703 -0.0006956792782534969 0.2644140249641422
0.029528056145653854 -0.000584516298760914 0.26439776518164554
0.02951449657086362 -0.000505754462527376 0.26444030400725976
0.029580173247800923 -0.0010226694505101165 0.26425384214465697
0.029481593099465776 -0.0004121337940909194 0.2643241218145128
0.029465697326105336 -0.00033752907057265594 0.2643222571381242
0.02944981029086985 -0.00027200096236775493 0.26434573660461125
0.02938763943110669 -0.00011506193593793714 0.26427888997732485
0.029355251135163653 -4.432300044107814e-05 0.26418012315399486
0.029294577662363305 7.717128873968327e-05 0.264110043983803
0.02922905620538623 0.00020060432080543203 0.2640215114961464
0.02865965365742971 0.0007902284239113941 0.26360975186879426
0.028315268417905524 0.0010959114047102013 0.2635103369149501
0.027875871987189695 0.00394852447105128 0.2613910821063879
0.02784759655215054 0.0040210191883904255 0.26126323496316106
0.027839620710418296 0.004098618474423692 0.2612766025117692
0.027821380910022397 0.004197968208402051 0.2612975076771584
0.027806209162044918 0.004199765572488124 0.26118354619662376
0.0277885032348991 0.004289065561879277 0.2611803911310689
0.027666798723108985 0.004740508990166601 0.2609392313164933
0.02763117521364704 0.004846685868640315 0.26093019612688906
0.0275669797600948 0.004984424441796768 0.2608741059913209
0.027448286905223242 0.005273509840648784 0.2608458289534102
0.02742429007336273 0.005309956104251988 0.2607635069585969
0.027388953286962243 0.0054054781759524054 0.260778975592827
0.02735208738679334 0.005460042777650592 0.2606868546845257
0.027329078230392944 0.005529290743292863 0.260710172439052
0.027263991649176304 0.005652383249719908 0.2606416759171912
0.027199224953480837 0.0057774344886864 0.26059576673116447
0.027132912004792068 0.005908838599601781 0.2605285163849145
0.027116212488999137 0.005952123212538073 0.2605550176047964
0.027050875890150903 0.006084846166110741 0.260497172405809
0.02701738200191252 0.0061630029641529345 0.26051038835339035
0.026953225390596698 0.006296280467119447 0.26044775025294437
0.02689515158064719 0.006436717696046151 0.26038784053145164
0.019716303589829166 0.02363018664112953 0.2686100724495246
0.019685156694833696 0.02369982370474757 0.2686737159118976
0.019652404405049964 0.023761426814745194 0.26870717826765045
0.019633792441366354 0.023799272180877105 0.26874833432759543
0.019514174034888435 0.023960179976019003 0.2687569542402545
0.01948982305558456 0.023992026763885798 0.2688174873990148
0.019435445783143032 0.02405634589338837 0.26886451184395416
0.01939175666089454 0.024106817980744936 0.26879950732491875
0.019365726440865833 0.024131350714953134 0.2688467428835321
0.01932370704368821 0.024182818096084253 0.2687490411335972
0.019270584916520603 0.024224881566497734 0.2686612191787002
0.01924521703197368 0.024255409993033484 0.2687164188182539
0.019192929906805427 0.0242898839964082 0.26864303846166604
0.019137932051272146 0.024344727711023913 0.2686894561205245
0.019047860887677414 0.02440421099753395 0.26867812168561767
0.01898199718948086 0.02444554908237133 0.26872164178903946
0.01894656744204637 0.024470719906853428 0.26879017681068257
0.018930178190929202 0.02448850393253254 0.26886806203571567
0.018842799510927908 0.02453716710473657 0.26892956836589615
0.01878907535160154 0.024561285906488914 0.26898449489233556
0.018735407224456716 0.02458372819847394 0.2689333343659581
0.01868108471549046 0.02460513970883904 0.26901121763979463
0.01871238977711667 0.024588999621382893 0.26886167108652953
0.018668783557394597 0.024609101931389883 0.2689309610001818
0.018572951870480813 0.024646935648595908 0.26900682193166586
0.01853819357541577 0.024659491154034714 0.2689278820639985
0.018499571028757645 0.0246728530555438 0.26901660416991185
0.018427390564415256 0.024697571286884917 0.2689298221504222
0.025745798047394988 0.00860652970828583 0.25995707014709235
0.025721797609810713 0.008703418355635192 0.25997975974846776
0.025700630615949824 0.008782615690817352 0.25997471492231217
0.025683403008436367 0.008867974589906525 0.260008682377113
0.02546865226801593 0.009502606524821919 0.25992849298770027
0.025042283124673877 0.010700151039215532 0.2601380771654223
0.025011961983887533 0.010778501851001973 0.26016253477801704
0.024986810577885644 0.010854871895044088 0.26018197636614976
0.024866762695150712 0.011145202939505603 0.26030657049872735
0.024843510739326682 0.011202356983264107 0.2603308398318951
0.024805910365478218 0.011292934630222727 0.26038245105507285
0.024780336789726954 0.011359101334658003 0.2604197359454102
0.024652224134297844 0.01162654832560841 0.26045564011160893
0.021194737784964092 0.02036871783302022 0.2643719080500488
0.021173304282755327 0.020405049606204692 0.2644012832205219
0.021132306625324795 0.020483424787143625 0.26446820581161057
0.021115304594489005 0.020514330652395246 0.2645233373945781
0.02105777878045298 0.020584794710464576 0.2645776263173883
0.021029986271070635 0.020608793310717955 0.2646075974519699
0.021413561376565374 0.020011096288839465 0.2639856330104765
0.02138183001942276 0.02007197521591288 0.26404304805826273
0.02134486532369765 0.02013297162323581 0.2640613279752112
0.021305321778744783 0.02018579273035263 0.2641243375792054
0.02127305517814662 0.02022854877917188 0.26418901211032225
0.02124076408711594 0.02028015953344797 0.264232166685782
0.021028556542679037 0.02061110603151996 0.2644827074351581
0.02098346103990484 0.020652650482181886 0.26453436452033285
0.020926681701542587 0.020696725198500587 0.2646064951699666
0.020874552078653356 0.020730307150771284 0.2646486458271277
0.022732426859307226 0.016232571439604826 0.2623897143787635
0.022692444499217247 0.016290022691432482 0.2624357430051288
0.021510443512013297 0.01979935117204358 0.2637619275111159
0.02148711231980878 0.019844376181569933 0.2637812296971959
0.02144443451483278 0.019929725048448876 0.2638343192478148
0.021409933256405514 0.020005758391686883 0.2638724088249059
0.021397771385314162 0.02004260444930887 0.26391095019786137
0.021357944010620557 0.020121172716599346 0.26393937383239297
0.021318322389053353 0.020167819323018938 0.2640081202338545
0.0208868543773824 0.020720654451042146 0.26451524549641614
0.020833516711547685 0.02075270934053719 0.2645644214373097
0.020785081135232232 0.020785056139947355 0.26464213013318677
0.020744160306519634 0.020810813904712958 0.26469965595288325
0.023287748744703997 0.015109291228680762 0.2615762488835238
0.023255402734001146 0.015186374546427888 0.261619309150786
0.023235064885084488 0.015246194635895436 0.26164074497354955
0.023200884943266862 0.015322654484087773 0.2616768636500444
0.023181330511700727 0.015372571162621404 0.26169294693050255
0.022807521295954446 0.016114504856897492 0.26217131041993386
0.02276916954409627 0.016175174169906947 0.2622166139262923
0.022728611142775672 0.01623894082266353 0.26222704423686033
0.022545653766000876 0.016496198800428418 0.2625085757149582
0.022528806783678027 0.016507974132579904 0.262567545417682
0.02167216934462479 0.019383765101289443 0.26342079497344
0.02164099397907836 0.019460409989076312 0.2634529990641613
0.0216169647506254 0.019529686162073446 0.2634812255718239
0.02159817343189191 0.01960016651392039 0.2635295219986459
0.021574724647211482 0.019657275466250526 0.26356167946373216
0.021536828779895666 0.019721150096524847 0.2635967602155441
0.021510172461501238 0.019779853348049752 0.26365392763939793
0.020700828203419896 0.02082572357836018 0.2646222946313285
0.020645352162224913 0.020855516533270106 0.26469551266661423
0.023713699396371902 0.013617713441640856 0.2610051731535606
0.023673974709377564 0.013762063731313761 0.26105927324981343
0.023644703276733844 0.013857127589894713 0.26108012879638187
0.023622749027825855 0.013923665732309572 0.26109190482537614
0.023608647345241787 0.013989230937913228 0.26113225997080325
0.02358393283759173 0.014068002776603127 0.2611274064523856
0.023562575963453184 0.014153161933852975 0.26118585896100177
0.023538845483830204 0.014237387404197745 0.2612049273925593
0.023520271408195525 0.014310703150920402 0.26120623368380647
0.023501638173996003 0.014400843062217046 0.2612657485834089
0.02347225719229449 0.01448948441993378 0.26123429219270067
0.023453291727336522 0.014571617124034165 0.2612878484636321
0.02343840685242566 0.014632415987944139 0.2613211848273533
0.023415923070056043 0.014718281022483003 0.2613286735104154
0.02339243808461615 0.014807836573050338 0.26133758931780826
0.02337550174792781 0.014860221498926284 0.26136190414333815
0.023335246233753163 0.01496656702299725 0.2613958622879961
0.023306438416159612 0.015041281845162253 0.26141300359466585
0.023284461973262005 0.015097735158323165 0.2614545698825771
0.02326570271877086 0.015147347969126285 0.26150599939137475
0.02323574122869355 0.01522605623883551 0.2615255626015337
0.023214073413687985 0.015286995749673609 0.2615497815674838
0.023175654352428857 0.015381609396440156 0.26159145434729875
0.023155848250289695 0.015435134460493173 0.2616069984470209
0.02313031951907533 0.01549740924274967 0.26163721716932165
0.023099033453428307 0.015572851981107841 0.26168568656920815
0.023075229343181087 0.015623875719387148 0.2617018720740609
0.02303056185123723 0.015708986201046316 0.26176668266636804
0.023011711597313075 0.015752675145262313 0.2618122540420362
0.022989066305251136 0.01580417262891329 0.2618450729592187
0.022953085348933682 0.01587347065051188 0.2618568122984255
0.022908577431214907 0.01595449705953062 0.261904924837351
0.022888043486090744 0.015995776538006556 0.2619550535981017
0.022845749566738467 0.01607279263193758 0.26199551571323954
0.022820462014655783 0.016108971849165397 0.262021750879533
0.022782661878223434 0.016170950464448303 0.2620913491002956
0.022466489408776828 0.0165605957060004 0.26249149072159966
0.02174316747978847 0.019156321108720554 0.2631941812566276
0.021694569519845167 0.019304409066623365 0.26324801741467685
0.02167411374408203 0.019374002196064003 0.26330394607702967
0.020550895692823427 0.02088471758744766 0.2646764403509936
0.02372914148414326 0.013511474538648616 0.2608630086934579
0.023718636904733685 0.013565262190123602 0.26088714842129884
0.023689527967141195 0.013667552931099699 0.260908997479924
0.02360617284319394 0.013962703602938359 0.2610509369762769
0.023385531674298347 0.014793078426024281 0.2612253971719474
0.023371629802929447 0.014853884182383223 0.26126712604164276
0.02297674681112498 0.01580847589221418 0.2617421458530251
0.02282865444581183 0.01608695925130048 0.2619063524072425
0.02240945609807856 0.016583004859814433 0.26239695539330304
0.0223819869929194 0.016599518450694413 0.26244833253975947
0.021892575798661565 0.018649752218768224 0.26286326879556865
0.021829760938390747 0.01885598464432327 0.26297512674199536
0.021815202683016496 0.01891058584919205 0.2629800413861681
0.020431702072399027 0.020916028982400383 0.26471669422032595
0.022322936215955293 0.01662531774880824 0.2623789431107607
0.0219548862520585 0.018461916164186947 0.26269506080736127
0.02192656919613399 0.018547642012187258 0.2627127344325805
0.021895963526053025 0.018630388980783397 0.2627476546523255
0.02187895232003737 0.018694522748045533 0.26277395784921603
0.022259931559694534 0.016650904446664734 0.2623158158331208
0.022035765916732317 0.018089318228978257 0.26242682602844447
0.022015627243480967 0.018167448716373154 0.2624524675802524
0.022012497775722784 0.01823237260502124 0.2624930679080141
0.022003007768814427 0.018294450787610196 0.262515380223343
0.021981334777269955 0.01837118613287693 0.26255708101379477
0.02195795761407195 0.018443856426393717 0.2625924112427921
0.02204417506250597 0.0180406512722314 0.26232727930329314
0.019499099329832893 0.021704605379998083 0.2662892730682728
0.01948310148397383 0.02153110747005544 0.2662208025974596
0.01947607479538001 0.021408207013922223 0.26620172084099786
0.0195178423427117 0.021864554700394355 0.26641666661588426
0.01945970694050341 0.021295580379731623 0.2662231275618499
0.019658582958913304 0.022498622137854238 0.2675000710276364
0.019412258812254054 0.021170568158537958 0.26622797864192116
0.01955622482034319 0.022213420478404886 0.26673828786431775
0.029399275385820246 -0.0025362385561546836 0.26490671900331325
0.029433824836826054 -0.0024172598044869694 0.26490362657921956
0.029476469677433982 -0.002176706481178902 0.2647345824778289
0.029464591011981452 -0.0022626434760835653 0.26482321862403246
0.029457177638012498 -0.0023373393901346563 0.2649137487008604
0.029531982874501383 -0.0018631493761779704 0.2644993822704422
0.029524641833920926 -0.0019502709815473716 0.26461454028797043
0.0295075182148405 -0.0020716997439185116 0.2647215422993468
0.029503703125011844 -0.0021344234142432745 0.26482892904047717
0.029562548746119105 -0.001640404292578345 0.2643741207547063
0.029557573565105202 -0.0017306011864594282 0.26447650560860597
0.029549014172890777 -0.0018174677692813163 0.26458568630375756
0.029544216412280135 -0.0018887682462066695 0.2646626145838848
0.02953100519358675 -0.0019992244788782343 0.26478257826240725
0.02957303084708799 -0.0015977251028607819 0.2644565154524989
0.029569043624616667 -0.0016884887417631875 0.26456620606700243
0.02956486574737027 -0.001766673087042855 0.2646562942065929
0.0295825941589023 -0.001470155408679047 0.26444444034200165
0.02958347310361422 -0.0015488664372504406 0.26454438560370724
0.029592412098262605 -0.0013728805696242154 0.2644503668041484
0.029594124428850344 -0.0014172666026279718 0.2645334785235274
0.029585756356736513 -0.0010826905411824288 0.2642826459581044
0.02958855612420087 -0.0011348277046652686 0.26434267925125166
0.02959763807503085 -0.0012221562684769705 0.2644639840582946
0.029599252589718527 -0.001312271699963324 0.264505727864426
0.027865496267103825 0.0032695056971384436 0.26140377256763325
0.02958396180284132 -0.0010274262286672493 0.2643425184262224
0.02959700649021075 -0.0011074986219627354 0.264486701751761
0.027894781649735932 0.003374334941962566 0.2613565757033975
0.027890684440344208 0.0033173186100095534 0.2614468942871211
0.027876324180169405 0.0032449954985646246 0.26152775379106863
0.027757637185365367 0.0016319360831683885 0.26337895139680007
0.027826563953591545 0.0015714713204378285 0.26338931802546284
0.027938355242147446 0.0014745239897931165 0.2634076496861592
0.027994509793894954 0.0014265445528344684 0.2634076683185622
0.02804958065296364 0.0013795986998213512 0.2634099438989942
0.02957012578332409 -0.0008762120224243481 0.26440366725609055
0.027918151111514265 0.003494799023443828 0.26136630888011697
0.02791935685355348 0.0034338347784927483 0.26145472200088354
0.0279060727354843 0.0033533971063221435 0.2615482297743727
0.02837965741183231 0.001038734611069248 0.2635498241765676
0.02791083685851834 0.0036459759944543753 0.2613733261473347
0.028896086198651878 0.0005862319942319716 0.2637342012779101
0.028956281143710055 0.000521469787083019 0.26375639957321956
0.029534948187682594 -0.0006197133424207064 0.2644014325477689
0.01956721798857013 0.02225159466423354 0.26683468489585227
0.027900293392450558 0.003764932181103751 0.26140692723929787
0.028957264571857037 0.0005437314867347224 0.2638345778016319
0.028995898409242906 0.0005053322824423628 0.2638659735213808
0.029054617145358456 0.0004414227807670087 0.2638680767152837
0.029109955958500047 0.0003838879971389639 0.26391199106069557
0.0291541172675331 0.0003227087786572981 0.2639503774321112
0.029451116024336664 -0.0002944576009249861 0.26429364716187254
0.029477630806438584 -0.0003791259175931933 0.264343878707565
0.02950097867145796 -0.00045529607668613693 0.2644263564879838
0.02783096082346705 0.004094781394610633 0.26122000975448956
0.02785486105521689 0.003993882107865324 0.2612882903648895
0.027875394934261128 0.003932591987839736 0.261354711034102
0.027890982251447774 0.0038658423233588006 0.2614202566032476
0.029327202564255878 1.9747686394034247e-05 0.26420544497577964
0.029363105798698844 -5.528993560236818e-05 0.2642415385201007
0.029392740160271814 -0.00012692823151524253 0.2643020141852302
0.029424084950532902 -0.00020264303766547183 0.26434147150841775
0.02773769145362971 0.004500786499246718 0.2610342032202676
0.027760867911533794 0.004409581692217756 0.2610909917153508
0.027779689421905056 0.004322691696902109 0.2611512453124335
0.027797165066503347 0.004265674101269275 0.26120860108576205
0.027819955153420364 0.00418711522805568 0.2612573645216307
0.027839851620125644 0.004112972234133813 0.26131523832369147
0.02760727580879102 0.004894182609271874 0.26090907376251105
0.027646156891020273 0.004813074025659876 0.260942149568006
0.02767481468078937 0.004736640698961475 0.26097717895074934
0.02769804378509128 0.004665502574024046 0.26103254913761653
0.027729066780927295 0.004572871388122544 0.26107016267544325
0.027517375337275447 0.005099671490717147 0.2608425183568432
0.027539158240186126 0.005065108347981803 0.26091373425538444
0.027572804783762006 0.0049862041970879355 0.2609362270092646
0.02760789849487105 0.004916367787355248 0.260973794108118
0.02717038075565632 0.005827810767074789 0.2605592106574202
0.027215194490355945 0.0057363109694141745 0.26058567220518936
0.027239846869786897 0.005699877915198785 0.26062958793641317
0.027282468708118738 0.0056185980626018905 0.2606634112783392
0.027307129580888642 0.005569683860037484 0.2606839800469392
0.02735173410610453 0.005486110930839873 0.26072745230861943
0.027379727935045554 0.005426115657655431 0.26076165383105254
0.027408090899355163 0.005368626695219225 0.26082634779099917
0.02748647218099881 0.00519646948602415 0.26090460384578135
0.027007628414941563 0.0061770165870282225 0.2604743242768721
0.027033591434422376 0.006123606124059134 0.2605097645839372
0.02682990313304403 0.006571260532396699 0.26035804632275045
0.026874846610903908 0.006489575801996989 0.2603916959871974
0.026907803065677076 0.006417295490854341 0.26045103472083647
0.026797186042686855 0.006641056846140252 0.26042814885827076
0.026820600126530886 0.006605003358213081 0.2604530284198832
0.025870785148550898 0.007997026964478333 0.25996578012044536
0.02670379812145331 0.0067979854698685905 0.26046508798417284
0.02584713386861281 0.008175947418020777 0.25994851152289167
0.025861772471252414 0.008104367571216894 0.25998449632446535
0.025832627010847636 0.008287311776266675 0.2599916031716216
0.025790042206237256 0.008450275120043003 0.2599683905694079
0.025812728812115392 0.00838364753544813 0.2600318832633561
0.02573743098051713 0.008638516998124396 0.25996235375198345
0.02576301493036502 0.008562409801207376 0.2600222873943525
0.025696842259416305 0.008795733378929938 0.2599672415353052
0.02571433957346447 0.008738732478055896 0.25999470137326264
0.025428703261593313 0.009622553393670697 0.25993591987394044
0.025376930710940614 0.009792320945203475 0.25994473844216237
0.02540457542294035 0.009702294679250364 0.2599857442934156
0.025321992661951606 0.00995366683814175 0.2599769411393355
0.02525954786612535 0.010126434525411315 0.2599848240962513
0.025288613515830248 0.010059429950528612 0.2600343557129423
0.025236316710864185 0.010215424477920966 0.2600389409298391
0.02516743096502766 0.01037372417324729 0.26006368447607126
0.02518524304565988 0.01032735104190769 0.2600932708221335
0.02513367438929675 0.010469408147731995 0.2601026059421501
0.025036669442204517 0.010714648822209696 0.26013036414672747
0.025064605225347848 0.010635039517812655 0.2601521980578198
0.02497886250416178 0.010864087983796036 0.2601547370722493
0.025007331873112992 0.010796902568226999 0.26018119298210585
0.024761635382397413 0.011385816616737848 0.26037027040015615
0.02472464448418399 0.011476147418548462 0.26046041007784376
0.024757487597303247 0.011418630298846558 0.26047816871128887
0.024654763799743677 0.011624438276341867 0.2604913332817051
0.024676431762786222 0.011582109684484464 0.260513705248292
0.02455719393106979 0.011785905577641342 0.2605727958297749
0.024594174679040372 0.011735079108654838 0.2605746479717513
0.023851328389342886 0.01294145177604787 0.2608548994817377
0.023796894227137662 0.013224890638468708 0.26080331244504645
0.023815601953870353 0.013133892548516157 0.2608211990737252
0.023836839604678143 0.013056047214648215 0.2608944665889222
0.023776221506589996 0.01332195296525556 0.26082660224203735
0.023801433576258187 0.013238164588541398 0.2608633012511608
0.023751367136440417 0.013439001576924403 0.2608787640258533
0.023774495238721993 0.013370917460603924 0.26091266285901477
0.023708330141681385 0.013606332414497147 0.2608996589051141
0.02373825787433405 0.01352537015349823 0.2609472904662076
0.023686386085683006 0.01369303567597725 0.2609560282527693
0.02371044718856297 0.013626038394848246 0.2609739500899943
0.023655672528949057 0.013798218488996112 0.2610071304824483
0.023623377606938452 0.013905942463004887 0.26104852552485786
0.023572398440861012 0.014077283005818625 0.26108181119015633
0.023605296523807027 0.013985494165121924 0.2610920730497367
0.0235456394182275 0.01418192388497149 0.2611360814740858
0.023573567806655985 0.014104519105631097 0.2611469408412426
0.02352305384501323 0.014273989640502922 0.2611641107826934
0.023477368051908247 0.014450309787955177 0.2611848183781788
0.023504739966296807 0.014369654070636185 0.26120759120994114
0.023441938745782348 0.014586712691929722 0.2612213856662208
0.023455710002166234 0.014539444919838508 0.26122187833157196
0.023478384707351568 0.014484043311150998 0.2612764983864931
0.023409019323372814 0.01471869302125362 0.26125221903612683
0.02343742598467428 0.014628751061116078 0.26129568426246147
0.023381707117758208 0.014837080333752792 0.2613146940844556
0.023405769630219946 0.014760162800782167 0.26135550871315344
0.02332714050477087 0.01497546492502318 0.2613381084336036
0.02335132377409899 0.014920695656628034 0.26137286996441084
0.023383199269241182 0.014835217371537358 0.2614015977521328
0.023322448979443747 0.015008857775040131 0.26143619798278106
0.02335023302992542 0.014939944004647114 0.2614651044697528
0.023281149045627045 0.0151128079685383 0.26149635267452187
0.023115787923282 0.015517586445741487 0.2615744172664306
0.02314468637186368 0.015446459207637729 0.2615607495208484
0.02307971252327928 0.015608072208657483 0.26164379499213675
0.02311435244221653 0.015534754364109907 0.2616632009213059
0.023142666740250093 0.01547265819622186 0.26168915105349233
0.023028331697236372 0.01570655581679562 0.26171713620185716
0.023069739160492393 0.015629769797135862 0.261772183974487
0.02295460505894803 0.015860868382410263 0.261779840876325
0.022994202145077056 0.015787895581070986 0.2618041349174627
0.023025340957122067 0.01572370791939964 0.26183578413504527
0.022916186232712316 0.015937889948093524 0.26186260642658826
0.02294107068394077 0.015897494663805425 0.2618960320588835
0.022816655351499505 0.016109168514988115 0.2619480716359282
0.02285994022637953 0.016047660274012592 0.2619459078432581
0.02289664710734621 0.015974094790941272 0.26199236969309414
0.02277239152525532 0.01618374255438659 0.2620329529815469
0.02279926631184368 0.016143581629160568 0.26204394596707486
0.02284687736571381 0.016065946634137712 0.26205412512701914
0.0227488352290204 0.016209836193063286 0.2621441328337158
0.022787375325308945 0.016150879098671522 0.26215363107033857
0.01963109533138344 0.022441828159233672 0.26729413332315954
0.022067179615215534 0.01796857552732131 0.26237991852963893
0.022021892999625647 0.01813277487411714 0.2623853932314807
0.0220031140165472 0.018224202471201493 0.2624417256128073
0.022019686111847972 0.01815943189955644 0.2624730290280542
0.021983145834528175 0.01834028233493218 0.26249247669006803
0.02201128750251772 0.01826023012006094 0.2625159332353588
0.021958209096307107 0.018429001689765835 0.2625611124479846
0.02197978904168864 0.01837759327533893 0.2626127891543757
0.021950696683426196 0.01847328149855623 0.2626522478888745
0.021972344450638052 0.018390435943134963 0.2626492655707015
0.02191797726934141 0.01857316650229156 0.26273598755492783
0.02189459338795187 0.018660672314247104 0.2627996382702826
0.021823921095232474 0.018875115124046337 0.2629327930015813
0.021845281579335848 0.01878000549590159 0.26295315442965106
0.02182537861625635 0.01889754767350182 0.2630287898872463
0.021799986462329342 0.018983377117231765 0.26309557710239984
0.021814247399945887 0.018935505307696998 0.2631188040029713
0.021766364764102483 0.01908049594161004 0.2631579471934669
0.021738192568088652 0.01919446871590334 0.263259714963373
0.019647038685945348 0.022469470058956605 0.2673973973194264
0.02167666946312829 0.0193643435801437 0.2632881450505233
0.021636092355803806 0.019468700864614594 0.26338368959531255
0.02166450866374283 0.019402356052971685 0.26339971853199534
0.019581015871834664 0.02388633985222382 0.26880494824562556
0.019516688030810376 0.023958935844339408 0.2687837971771441
0.021601965083978467 0.019568284549752662 0.2634518501489495
0.021627595587827165 0.019497810814260597 0.2634858766794552
0.021562402178056057 0.019667273833401156 0.2635167447465499
0.021601837693160632 0.019589918568148953 0.2635712226245023
0.021555128732861247 0.01969507787282886 0.26365542849464796
0.021476119730252836 0.019855572336890667 0.26372255596899596
0.02151426516849715 0.019786053047728732 0.2637181476500903
0.02147092985448161 0.019877089862627793 0.26382828131021385
0.02138353207974657 0.02004166605096438 0.26384710428032937
0.021427346866560015 0.019972892449064673 0.2638978969671871
0.01980458239850271 0.022876883090267492 0.2680498999826023
0.0197756953471227 0.022820630234102864 0.2679510858609602
0.02133418151524973 0.020150172609160952 0.2639560970062892
0.021394439304019845 0.020059505394920955 0.26398168643095066
0.02128274611667916 0.020212311789089114 0.2640856893463087
0.02131933238829928 0.02016752080607251 0.2641016385020653
0.021264811559067582 0.020245530119188667 0.2642266705361487
0.019695071400416004 0.022597418769264063 0.26769949092523637
0.021205805876599933 0.020342632632334982 0.26430956685136964
0.021249587097019882 0.020274976989834746 0.26429858373357806
0.019691016536851822 0.022614457906230786 0.26752200677441457
0.02574997568064199 0.008602256630079689 0.2599956798334819
0.0257827045712504 0.008494793500073386 0.26003206521940536
0.025774017198984006 0.008511725192638464 0.25998352459466695
0.0257270229132934 0.008676734066421572 0.259962931703047
0.02573397746800185 0.008675615840472628 0.2600369557737236
0.025802640766509094 0.008416896597423574 0.260000312027815
0.02570456182272023 0.008779096849467776 0.260003762129904
0.02582057616337303 0.008337976348611073 0.2599793875142793
0.025667634779051655 0.008901569781756977 0.2599615087761629
0.025848508113656677 0.00821496360869047 0.26003068805005225
0.02583768292842461 0.00823539248385128 0.2599447277049835
0.019528611738584906 0.023947373629943192 0.2688145284802595
0.01961814587028194 0.023829152870306482 0.26881739897710966
0.0195954649966708 0.023859129369246793 0.26874048093446995
0.019666391358606494 0.023745501611717547 0.2687457464545244
0.019732849244404584 0.023607240678241218 0.2686611127845726
0.019759205998714405 0.02353491472812377 0.2685828358215383
0.019794407745955128 0.023424270246649812 0.26850994878009365
0.019818754199662537 0.023319815614470905 0.2684669573180549
0.01983168999779473 0.023228372690052113 0.26842197261731754
0.025854325686698175 0.008148852329721673 0.2599768491576323
0.019846616376660197 0.02312835464948689 0.2684673351809076
0.01984031904506951 0.023141053730428213 0.2683814517950982
0.0198480302292678 0.02303855047511394 0.2684349946199044
0.019844229555820526 0.023062305865849352 0.268346352590977
0.01983342131593362 0.02307011300522213 0.2682577551834226
0.019844741263868194 0.02297267144241299 0.26840295803055747
0.019841644534399024 0.022980692378204055 0.2683287774949997
0.019833074664708548 0.022984360519742553 0.2682310958760985
0.019822497888250815 0.022901638664540102 0.2682119412951419
0.019813658920636315 0.02290598899540017 0.26810651686641246
0.025861955953524307 0.00807773302806994 0.25995262987273926
0.019796309688062542 0.02283140631998679 0.2680789951957278
0.019791682099902955 0.022858596184128277 0.26799735845084055
0.0197690993388577 0.022771704944154477 0.26801066071453483
0.019758991962451122 0.02277468936024112 0.26792083842719605
0.019735509741860724 0.02270341545514673 0.26787144785857464
0.01974096119745675 0.0227277168503834 0.26779716948472704
0.019710965608176027 0.02264002819808333 0.26777793983622544
0.019709824949922645 0.022644216869293996 0.2676749385870475
0.01969618411094793 0.022618251744237688 0.267598046590111
0.019680052479490992 0.022563659879365552 0.26754668415095234
0.01967825125285713 0.022576779630886355 0.2674804643094949
0.019658503083772972 0.022509997900107968 0.26743351067116866
0.019649674530125963 0.022515676509848415 0.2673547752920059
0.01963665378198332 0.02243869307203445 0.26735531595840173
0.01962750734187486 0.022457336054076318 0.2672350322772395
0.019622012717489253 0.022453053593065243 0.2671783193181335
0.02561565433429679 0.009058894872099786 0.26001320521909405
0.019616891382362833 0.022386724381073378 0.2672256365154625
0.019608128967460416 0.022380094872083516 0.2671320024538415
0.01959620441439045 0.02236136969406604 0.2670347543538997
0.019588331022981215 0.02228310866510964 0.26701379410451204
0.019579529584089237 0.022278241160595996 0.26692192886095784
0.01955915304741831 0.022241906477084867 0.2667742305738066
0.019561470726174868 0.02216871885922294 0.26677834657391397
0.019549616362449524 0.02208910390653713 0.26673089579131243
0.01954040679259486 0.022081131659917243 0.2666345884530307
0.01953439470655054 0.022004857669028106 0.26660423592372484
0.019526709899198053 0.021913745569591737 0.26650129059079425
0.019508506543237585 0.0217684608215609 0.26634994591820405
0.025721812396281164 0.007540154960451971 0.259897169053422
0.019502609214365065 0.02161028255279315 0.26629390294717453
0.019503530163428373 0.021514118378963887 0.2662911014967371
0.01949245440581694 0.021435362810183146 0.26625033147246235
0.025877567520588438 0.007959316730313816 0.2600219690968446
0.019474736424916258 0.021362614121916687 0.2662197274137722
0.01945163089705507 0.021246310678702425 0.2662406822074662
0.025868036897209817 0.00786747058025877 0.2599823991734421
0.025857857829915083 0.007891017301810414 0.2599123171458374
0.02559822237767506 0.009124321584248718 0.26006584046608416
0.02865929858929541 -0.003657054692235582 0.26498992722289244
0.028673843988254295 -0.003673089215231201 0.2650788184004156
0.028733855099916116 -0.0035838127432306346 0.2649522102011383
0.028747677289957016 -0.0036011277263018017 0.26504234218116596
0.0288046872750658 -0.00351008407198862 0.2649173402527521
0.028818574527025624 -0.0035277420937801793 0.26500763713087866
0.028830060031299454 -0.0035431494367759025 0.26509953155493904
0.028886549439911955 -0.00345162287462497 0.2649745825427964
0.028898958835717928 -0.0034684576573558185 0.2650657433182764
0.028948502516591337 -0.0033759068201222446 0.26494700764877116
0.02896214572773539 -0.0033932620048127485 0.2650373558471707
0.028971741417482346 -0.003409527716158247 0.2651310459340138
0.02901897569631694 -0.0033183167004772517 0.2650146477290389
0.029029152295963007 -0.0033345969546554137 0.26510800012934826
0.029081197787495853 -0.0032585540390418547 0.26508865900228473
0.02913068505636941 -0.003182388847219918 0.2650722262674496
0.029177917641470222 -0.003105708727608672 0.26505696901143455
0.02922339601391411 -0.003028469904307492 0.26504283420280866
0.029263610380879025 -0.0029508793038673423 0.26503312915706134
0.02926888441860919 -0.0029653749450199397 0.26512730243678334
0.029297821895228202 -0.0028732049540965586 0.26502775761411485
0.029358307934369082 -0.0027175467161785266 0.2650274784415796
0.029385133863169988 -0.002640138291956029 0.2650301943030194
0.02940856488340303 -0.002538273002558665 0.2649668204455796
0.0294167023585896 -0.0024604857935133432 0.26487521772123945
0.029428378211217205 -0.002463099378448868 0.26495267395558636
0.029437549018362912 -0.002376595567596267 0.26486034958175003
0.02945211059967711 -0.0023761517323238218 0.2649558227762073
0.02946412782787486 -0.0022923898249775586 0.26487613849542263
0.029476056206848074 -0.002205494745657158 0.26478670322293485
0.02948533717641159 -0.0022136399863680184 0.26485909598816537
0.029491283494656132 -0.0021215920844988773 0.26471043396860144
0.02949926552915978 -0.002123189209844106 0.26476720901783807
0.029518860498224695 -0.0020211835313342533 0.26471048617553355
0.0295196627025433 -0.002053760390848073 0.26479618627117213
0.029538230502529877 -0.0019461992291631923 0.26472152553516815
0.029554021955679813 -0.0018711872037227044 0.26471302275052294
0.02955722094850639 -0.001822097352742472 0.2646662119443384
0.029567816109197963 -0.0008323067879814584 0.26444022418011237
0.029560189053995187 -0.0007574936950155953 0.26444529833519637
0.02954154348917643 -0.0006542657740282042 0.26440225836143694
0.02951417677599504 -0.0005354197937020449 0.26437415314893176
0.02952210854313311 -0.0005412294296689266 0.2644400442295119
0.0294855954696187 -0.00043695574306327665 0.2643112175329607
0.029499091271128975 -0.00046908732612325425 0.2643718244179795
0.029473707508828672 -0.0003541404849665183 0.26435517130657155
0.02948784677603519 -0.000392824419058871 0.2644292042091622
0.029437552871948148 -0.0002592839698074119 0.26427169398052497
0.0258569191601805 0.007794842078489282 0.2599787129756632
0.025840382759928792 0.007794625462727828 0.25990822509412087
0.0293061894311246 5.6469916186655585e-05 0.26409931701775224
0.029236751444253653 0.00018166576359087327 0.2639950628865534
0.029252868514217188 0.00015285758819708127 0.2640642072426953
0.02711830804414196 0.0021734803456756515 0.2618498812007239
0.02713241160710052 0.0021576001706603725 0.26194116776081555
0.027138109837175985 0.0021448078477165847 0.2620386534215442
0.027130042866277383 0.0021358052818062395 0.26214879977276645
0.02711013807908887 0.0021313955178464197 0.2622785527778522
0.02719914360781793 0.002244928153490955 0.26180706049891306
0.027216069914905962 0.0022279964839944256 0.26189611200309143
0.02722437966210037 0.0022132136821660757 0.2619922221376854
0.0272191520124359 0.002203256321560417 0.26209923829370285
0.02720098813631835 0.0021975775324204585 0.2622283260892465
0.027165854774223522 0.002178572331947659 0.2623146371164844
0.027294091708261452 0.00229967520370174 0.26185580485977034
0.027306021322348332 0.0022848207499305633 0.26194829642701234
0.02730456657833603 0.002272937533211494 0.26205207533710617
0.02728689133477664 0.002265504922814934 0.26216871714336715
0.027274080184583268 0.0022693064846874876 0.2622798136390725
0.027367225708631652 0.0023724820456975247 0.2618201399701943
0.02738162421391484 0.0023577671565960696 0.26190975245807596
0.027384562465884957 0.002344281637472999 0.2620098019830592
0.02736928910251613 0.0023342444379701992 0.2621257018411157
0.027346441241563203 0.00233029498276433 0.2622416371353685
0.02743417922186794 0.0024461978403032183 0.2617896123156668
0.027450028192864333 0.0024303989127773973 0.2618782906676327
0.027455210026462843 0.0024168439173664633 0.2619757343118582
0.027445508534673386 0.0024053379729239138 0.2620891274518604
0.027422996147884925 0.002400901402896699 0.2622241640831404
0.027511725457613934 0.002504303308791649 0.2618522104822004
0.0275171482263689 0.002490517807082766 0.26194923721264957
0.02751129442379396 0.0024782993559666735 0.2620580720501225
0.027499236053765024 0.0024783908464236963 0.26219288152101283
0.02755383265959828 0.002591962798520386 0.2617423324648286
0.027567453967994503 0.0025778055501798625 0.2618321721129635
0.027572509861429242 0.002564280383538611 0.26192911560789167
0.027568104591915086 0.002551956225446867 0.26203363077199643
0.02760712343393554 0.0026660704102864923 0.2617244679791416
0.027619977661908084 0.0026515296355314613 0.26181539583456975
0.027624355696081813 0.0026378847060607243 0.26191278639066484
0.027656519727659618 0.002741209775122834 0.2617101427315587
0.027668301054959467 0.0027262374898988965 0.26180195222345476
0.02770276669051198 0.0028166601113921858 0.26169757236625885
0.027713364816840252 0.002801945022309104 0.26178981369794707
0.02774528031558274 0.0028929656370153753 0.261687385662046
0.027754109072955037 0.0028786070503596536 0.2617808241735524
0.027783916253094516 0.002970739295356281 0.26167983886796786
0.027791185079940443 0.0029550847549909 0.26177245462754595
0.027822214507044158 0.00305572723992872 0.26168302931021825
0.027821210845837545 0.0030273359260504923 0.2617632278099577
0.027847675563327144 0.0031593031491107056 0.2615783301175276
0.027845307056159806 0.003129120768132867 0.26165344726172457
0.02786392997185856 0.0032415551297284347 0.2614591878777981
0.027872090486720527 0.003221804497396573 0.2615833010709714
0.02786951733531854 0.0032064723211896497 0.2616547347875527
0.027880856324403125 0.003325943084049553 0.26137888661781394
0.02789274109120849 0.0033055862590742166 0.261506913412646
0.027892349955052347 0.0032979102604527018 0.2615810736571011
0.025557487397594253 0.009229281633993728 0.25999935611638186
0.02791046008029241 0.003403879669626629 0.2614052628432042
0.027911934456974846 0.0033914189956837366 0.26149750636014857
0.024649218928227374 0.011637124024896058 0.2605231084384079
0.027915884130817296 0.0035666946663626947 0.26134324969045636
0.024708160997524875 0.011518352520096276 0.2605059765904479
0.0246839185079665 0.0115527120685475 0.2604592581526503
0.027901044046402906 0.003730782643240546 0.2613765481579691
0.024743600285544225 0.011442258665004222 0.2604546006993907
0.02472504960724834 0.011461292257530946 0.2604020834289905
0.027883706300158788 0.0038485480045285466 0.2613555576544998
0.027898995078949947 0.0038201851220681436 0.2614419098677988
0.025484264653100913 0.009466464560816124 0.2599790516978277
0.024795431634329505 0.011325696955511994 0.2604168626858849
0.027865691150620375 0.003937009345263075 0.26130910997121476
0.02788230066694152 0.0039123178266850765 0.26138846083181433
0.027859701859533 0.004020252830352403 0.26134390426790904
0.024828887902705432 0.01123810079846538 0.26040016872359256
0.024816488529063815 0.011257392552052997 0.26032676669789284
0.027820982792359675 0.004150301566665394 0.2612085812335779
0.027831774949187402 0.004147898408149071 0.26129207440443725
0.027843575252946937 0.004100476352750522 0.2613487345385084
0.02487042539546098 0.011142237746871947 0.2603598987169527
0.024855466280573703 0.011172001832938571 0.2602819099628762
0.02779445095796774 0.004248684179795856 0.2611777989367595
0.02780643351702417 0.004232042530071324 0.2612281619278631
0.027785318306711937 0.004333621733850761 0.2612016261227499
0.02779596165763664 0.004288605368684833 0.2612409095766247
0.024917140979192773 0.011025462408397671 0.26039457729623183
0.024897827317445026 0.011052575801284147 0.26032243108845843
0.027743999870875426 0.00446077093292863 0.26104826022649547
0.02776904557710697 0.004411884070905489 0.2611414462110687
0.027739169605428275 0.0045235153204866915 0.26105749029505804
0.024941080200203025 0.01094465606211908 0.2603485917006772
0.02770631412236121 0.0046302832881181125 0.26101688878252116
0.02765329381146513 0.004776236018987988 0.2609215731973103
0.02767838992193047 0.004731487828601571 0.26101612818023895
0.024988955866482847 0.010849141758592978 0.2602496949439042
0.024983805820881184 0.010863332064575168 0.26019973861451107
0.02764339530647657 0.004832320567390909 0.2609791699040688
0.02501427975715409 0.010777733566407115 0.2602246855846559
0.024999680458857608 0.01080952917562604 0.2601478774430064
0.027586809257377838 0.00494311417606982 0.2608999415478868
0.027540312691010795 0.005043663277939463 0.26086440864019145
0.027557333121579264 0.005024561048921907 0.2609439881745569
0.025053502193268448 0.010671621188000326 0.26018260358667444
0.02750189861931836 0.00514738833498788 0.26086033038856693
0.027458436752128182 0.005236985429446549 0.26082168885825424
0.027469174914921957 0.00523153912878123 0.2608879198371755
0.025081083943887365 0.010590932012794303 0.2601364239576442
0.02741380107881207 0.005342709485199826 0.26075880352051395
0.027426573867772364 0.005323106531667773 0.2608529453320272
0.0273388936406941 0.005486724113535564 0.26067722474790794
0.0273677353963625 0.005445943490054838 0.2607270189371119
0.025130671264293778 0.010485941739186612 0.26015342854828
0.02511692987568788 0.010507903889735158 0.2601098665489862
0.027294816334987277 0.005571445673360246 0.26063692306776304
0.02730790905538487 0.00557582570170073 0.2607285832015418
0.025157818571819306 0.010410078177420295 0.2601125178578647
0.02726040484683718 0.005670298900224127 0.26068505741227815
0.02718864279334239 0.0057952642924696115 0.2605794943102057
0.02721249908176974 0.005757534746616102 0.2606352600772332
0.0251892559744498 0.010314621864155046 0.260048703360502
0.027139655188808405 0.005902231846374412 0.2605576604646067
0.027088811101342532 0.006001692519832049 0.2605199655245603
0.02524023874756391 0.010205453770793257 0.26007573023300584
0.02522371584871184 0.010226471345532692 0.2600029098267616
0.025269472958882516 0.010110556178984717 0.2600480872075289
0.02583310259655329 0.0077066987167496185 0.25997320572787364
0.025295503644267657 0.010032303123837896 0.2600014697249868
0.026918714579132478 0.006383975925865074 0.26042973232277816
0.026854091636086822 0.0065251869673609705 0.26035703438132346
0.02686914871302567 0.006508143691376048 0.2604408780046813
0.02533775263148827 0.009922823897717847 0.2600200520264315
0.026825601542125023 0.0065908365402089705 0.26040797775607355
0.02677530219006896 0.006680290118677833 0.2604508115637711
0.02536097611356017 0.009846903854143269 0.25996648028141517
0.025387976832645612 0.009751080352762922 0.2599279280486384
0.025520381970202625 0.009343305148091076 0.2599294482799758
0.025525951844959108 0.009339921019714474 0.25999414233202334
0.025819092748894604 0.007663243307895578 0.25997942423331366
0.025794200499716438 0.0076548278312817295 0.2598958314149366
0.02541873826819774 0.009659363981459602 0.25998010169637076
0.025757715645924485 0.007544771146340514 0.2600580022974758
0.025448201895027795 0.00956271563467977 0.2599220083322166
0.02576168859398595 0.007553475175354042 0.26001365449299085
0.019508360165592032 0.023970759752496795 0.26887753679767257
0.019556059259385826 0.023918918731100917 0.26881647925799157
0.01965142963094435 0.023775263790593772 0.2687940867235959
0.019686044268407057 0.023709354920972186 0.2687309544673512
0.019704599040071658 0.02366205080651499 0.26865316186677846
0.019848864883435575 0.023010179322769896 0.2683854494277351
0.021379652617823076 0.020091566990088995 0.26394966798272773
0.021445647021143776 0.01993319379439323 0.26391294190186587
0.021719908936681638 0.01927213317126806 0.26333009590536344
0.01944170499799339 0.02120248560036543 0.26629372041290883
0.019413661742413154 0.02115089915072457 0.26626398931420864
0.021826077203041076 0.018906357060477427 0.2630931830458706
0.02183318979083823 0.01886292406471911 0.26302237836117887
0.019386714001265015 0.021090180491005247 0.26626107066573634
0.02185549435715404 0.01876831349986584 0.26304506167309755
0.021868023947617592 0.018703080489846088 0.26296970757522226
0.021877572621579956 0.018676438144281274 0.26288139660450893
0.019367172808767208 0.021027709303949912 0.266307308623992
0.019337076645358716 0.020986128163628145 0.26623944109186043
0.02200717034499578 0.01830034399778671 0.2625611234680175
0.022003077132982895 0.01826027803122513 0.262477783115613
0.022022751351993688 0.018166576406447584 0.26250487846798853
0.022022786589055342 0.018134513808996985 0.2624383870707776
0.022034715730828058 0.018093837930164364 0.2623544701889375
0.02205012737171198 0.01804128638322974 0.26239179125993006
0.022082931460990052 0.01787533430935933 0.2623501329017685
0.02208800376048474 0.01782678931482491 0.2622725041939118
0.022117198267319855 0.017781511199110762 0.26237832289409296
0.02212410346055329 0.017759185915628032 0.2622984747825072
0.022107901169636773 0.01771533631702946 0.26223319775307247
0.022133601894551613 0.017646565452425163 0.26233463125799295
0.022123318437069533 0.017570377801485078 0.2623568264634763
0.022104757819720655 0.01755024251440035 0.2623172293196697
0.022052253628175197 0.01749831684964558 0.26215583212759386
0.02200058794253997 0.017400923698231235 0.2621199617723487
0.02271123820292492 0.01625944167740062 0.26232131642001083
0.02275187881551332 0.016206643865629616 0.2622514669183619
0.022772693265212026 0.016169643915858244 0.26217718502217807
0.02281976101153114 0.016108655017502995 0.26207926957225386
0.02286371005571719 0.016042768529525603 0.26200759484855624
0.022885942416457167 0.015996361996510465 0.2619159278259721
0.02293947879233303 0.015894895622969675 0.2619432102855123
0.023034122381427678 0.015699350242743083 0.26179717627606475
0.023055298197691598 0.015659343258105442 0.2617096799122217
0.023105792873988083 0.015552273641340295 0.26173711379513076
0.023126137134651385 0.015507680193268569 0.2616748261394747
0.023164762309986365 0.015419766051336482 0.26169807393461064
0.023173031554031318 0.015395664283138797 0.2616436654686088
0.02318966582137113 0.015339629174723852 0.26155666768429797
0.02321930219926975 0.015281795837411837 0.2616666976147734
0.023234564084496992 0.01524507839837414 0.26158486300944156
0.02328675936303614 0.015105605652764083 0.2615307382061603
0.02330452938324681 0.015057328830307196 0.26144745967774413
0.02333861027216714 0.01497531103202407 0.26147915592791954
0.02334993529946802 0.014929352284929 0.26141994507062066
0.02335876001811148 0.014899450405327136 0.2613204481343002
0.02338065689554745 0.014844648420391715 0.26143542425880295
0.023392595450211714 0.014806209620674205 0.26137272952785373
0.02339863169184323 0.014780682514784973 0.2612904743939598
0.023428340059343855 0.014665960259171312 0.26131092848566184
0.02342801222340832 0.014643178425476631 0.26124293545530486
0.02344714195754859 0.014600219122610414 0.26132649905365357
0.023459907662834616 0.014539127559135834 0.26125449135239337
0.023461544995933878 0.014501826314350357 0.2611843431857902
0.023489367878191877 0.01442747105890575 0.26121913350931025
0.02351685639660655 0.014343820011361023 0.2612528815996271
0.023515421722612524 0.014300313222413954 0.2611610650737396
0.02355091240377346 0.014192780416533659 0.26119029519878606
0.023557823371039538 0.01414439417020512 0.2611330119621658
0.023590963897039883 0.014025092607235617 0.2610835496471225
0.0236160646048562 0.01395121417685023 0.2611041541148638
0.02363200702023877 0.01387269012041989 0.2610340609115306
0.023663189380682584 0.013799009213356934 0.261066460992264
0.023661900465345918 0.013770014035886798 0.26098071646660365
0.0236955998535082 0.013679424305588593 0.26101652020246996
0.023702780794129873 0.01363933565905388 0.2609382484463201
0.023727732684420372 0.013567233008194096 0.2609863471272784
0.023739707551112904 0.013501697455966757 0.26090151813363854
0.023761916123863334 0.01343257036125533 0.26094903049174833
0.02376416656182436 0.01337621980464738 0.26085292301233615
0.023790346627949988 0.01330065921632869 0.2608972671690041
0.023790360103330223 0.01327128698213443 0.26082997779185696
0.02381250959281329 0.013174719765040902 0.2608577059291628
0.023825783382684047 0.013106675211263689 0.26087043115229386
0.023851164213288423 0.012991568505094567 0.26092234513627444
0.023839444042888975 0.012999580884194449 0.26083835989300536
0.023866480728722838 0.012907187111656027 0.2609462064961749
0.023862224947440617 0.01288172856109102 0.26086422932722636
0.02387272423192663 0.01281019072149408 0.26089975458487624
0.02385851666422998 0.012764866089618208 0.2608250931291881
0.023834694752861884 0.012666506662720478 0.2607872146289653
0.023809576132934024 0.012636279278023351 0.2607251047694639
0.02382564152025188 0.012610453529046009 0.26083883575433653
0.023781723870674877 0.012550100784667444 0.26075523041418647
0.023745524435977532 0.01250835511612433 0.2606999909899907
0.023736369453780774 0.012449106515965414 0.2607494019703513
0.02370357992211929 0.012435292487614253 0.2606558096435602
0.02672114244390206 0.006779174046192741 0.2604895309487655
0.026736683178628054 0.006746719781350334 0.26045665561823167
0.026800360042278457 0.006638101379836513 0.26045497666372547
0.026853081381256444 0.006538412765852615 0.2603997970945142
0.026891764916344048 0.006455098749832303 0.2604442169003185
0.0269379078387886 0.006336505085381221 0.26045832278775394
0.026982029007482873 0.0062342631772826194 0.2604780929294177
0.027061869126602408 0.00606794797262428 0.26053601472305743
0.02706447108846402 0.006046987102470963 0.2604833671863924
0.027113163669559764 0.005942349785466317 0.26050545668245534
0.027150462248631123 0.005870065117283733 0.2605361844035715
0.027186435594568143 0.005807224033792432 0.26062619320485075
0.027284752776367185 0.005623290412332134 0.26070650123408584
0.027275251166429468 0.005610863641517579 0.2606210146779748
0.027321972069505925 0.005550767790084779 0.2607447622806032
0.027362310650090257 0.005469446187576517 0.26076744256679907
0.027403870049532163 0.005371842534249557 0.2607759128486863
0.0274374623939156 0.005291963587074733 0.2608095235805598
0.0274766754573289 0.005202065356106115 0.2608544182687362
0.027523411786026616 0.0051021099701317844 0.26087935716796173
0.027555706749869676 0.0050195371402092 0.260908279573964
0.02759164490676946 0.004943674943911204 0.2609427058277755
0.02762810099306764 0.004869652511550648 0.26097157963907996
0.02766227728156864 0.004780079576875494 0.26098863950947715
0.02768904798927179 0.004698280687848394 0.2610218112694997
0.027714910774661126 0.004609548556279727 0.26104827949874154
0.027743672958098365 0.004527281108426262 0.2610942882590768
0.027758632203702772 0.004465861550684412 0.2611225653363258
0.027776714307519813 0.0043678000579078224 0.2611638887637729
0.02779378261990119 0.004277278543299828 0.2611997116043294
0.027814971873809612 0.00419372133655359 0.26122107285241
0.027831678924608652 0.004130983220168514 0.2612545280837804
0.02785100864296684 0.004067727206565229 0.2613687599008508
0.027849526768162183 0.00405534107335812 0.2613055323091583
0.02786853351184529 0.003991996726662145 0.26139432060476214
0.02786785552043452 0.003969093728481867 0.2613421720122404
0.02788016840272893 0.0038938380805027153 0.2613527555124577
0.0278951293066593 0.00380968603443224 0.26140391137620494
0.027884771291167315 0.0032678318073328955 0.26164133577299203
0.027871614679016516 0.0032057819526280433 0.2617200892077603
0.027856127598718528 0.0031351607553920142 0.26174125509174356
0.027211934834281106 0.002222250234492529 0.26234575787955966
0.02795041158507632 0.001467918557869901 0.2634478464641927
0.028084508951592636 0.0013458342995234266 0.2634220374355906
0.028155745451637165 0.001269671201313818 0.2635383779209452
0.028172455729744847 0.0012354535090557239 0.26347352395235346
0.02858508312624861 0.0008594516799175314 0.263618714731466
0.028678289751646414 0.0007822629306929495 0.26366896072210294
0.028803110855553326 0.000676070271900128 0.2636817923174041
0.02898993384221838 0.000495941803995151 0.2638026493738954
0.02907642120110634 0.0004281845842481149 0.26392259506545934
0.02913577186933574 0.00034896409811783146 0.2639285905102312
0.029181061862708427 0.00028051110044218647 0.26401930542746943
0.029228613319872757 0.00020365674709084316 0.26405683340360053
0.02927592632183299 0.00010466155013497217 0.26406546200285935
0.029309055398025332 5.699070269235101e-05 0.26417285324838136
0.029314977006323337 3.767306283278309e-05 0.26411256347109346
0.029341168958636248 -1.026081612878532e-05 0.26423505624060145
0.029376649599184877 -8.404036905151771e-05 0.2642598692496245
0.029407401762805263 -0.0001670244303874738 0.2642890494466229
0.0294391989465503 -0.0002495294373499624 0.26431041113737996
0.029467603393164607 -0.00031529792886983194 0.2644148120561295
0.029466230817181145 -0.0003229000340888269 0.26436697394233505
0.02948796124462545 -0.00041716090553154696 0.26437334180209704
0.02951107363974869 -0.0005039032166434805 0.2644085259058178
0.029533128589707778 -0.0005927569166006765 0.26444914737534075
0.029546088522496267 -0.0006555334187114839 0.26445064788353695
0.022026947333027052 0.01811937151563438 0.26236324794540794
0.02190401805469531 0.01859221673660394 0.26269694575426356
0.021933302343709837 0.01851760421463014 0.26265288717415003
0.021957779975741505 0.01844761079123738 0.2626204973761901
0.02198464326036491 0.018367775710410608 0.2625950076898712
0.022010599577731143 0.018285025939967475 0.26257399263145154
0.02201844975335855 0.018216931585487966 0.2625165077496944
0.02202699139640351 0.01813641912019232 0.2624883799011077
0.022045905705401752 0.018066748695352224 0.2624505264954788
0.021871165913728327 0.018718591023522163 0.26282708368278473
0.02190366010524279 0.018620014521126545 0.2628066868939872
0.0230572003325541 0.015645443852308188 0.26164425653259754
0.023099615615490492 0.015561274760146017 0.26161501436786894
0.02313522066855081 0.015479167914055415 0.26158293904056534
0.02178001232416825 0.019037923722046674 0.26308773925142553
0.02180258936251363 0.018968560634894733 0.26304840265421237
0.021826288264410368 0.01888351576327527 0.26301430777981577
0.02184254397896591 0.01880801140222365 0.26300435225338703
0.02187624165963758 0.018676272519967816 0.2629198462860276
0.022974277168261874 0.01583091431179242 0.261809910894093
0.023009438911226882 0.015751005359269293 0.2617640088773801
0.023047522905196367 0.015675163910615866 0.2617626985455571
0.02308966084729168 0.015590698375260163 0.2617416557041842
0.023122124255960805 0.015516756131168935 0.2617072102830613
0.023155927285745663 0.015441550644574928 0.26166006186884067
0.023189513627710483 0.01535101052765162 0.2616307682763511
0.023214938916717907 0.015294038297004185 0.26161311859323977
0.023249004432133277 0.015199825947660358 0.2615704604206276
0.021722090167967657 0.019234991509781748 0.2632435761503239
0.021748098204854058 0.019157257158258407 0.26324253110938406
0.021840283654606156 0.01886099881810481 0.2631159793522117
0.022911600917013896 0.015945582709467034 0.2619506738121654
0.022957395569157848 0.015868038829865157 0.26191316676254406
0.022991901846697433 0.015795796710550685 0.2618844127087895
0.02162661936353209 0.01949672650816711 0.2634601817564855
0.021655941769519002 0.019421955256883113 0.2634250976263329
0.02156048749434546 0.01968463585713672 0.2636365000350265
0.024634434699392502 0.011662160751965432 0.26048385484525505
0.024667261389052657 0.011591783915464438 0.26046797747991735
0.02470364326010675 0.011507496066761609 0.26043662435854703
0.024754956401877515 0.011411775573449351 0.2604218839399074
0.024783349920550316 0.01134089327905191 0.2603696583021582
0.024813028528311788 0.011271211454231237 0.2603559061048427
0.02485958149403727 0.011171638033765955 0.26032233164849566
0.024878473604666215 0.011104875804424671 0.2603126615146101
0.02496882441088029 0.010891892611177529 0.2602100061230773
0.024996988103574803 0.010827200375458333 0.260190986342546
0.025030488384018893 0.010729336352393516 0.26015863641364767
0.022693364908083127 0.016282760872828338 0.26236899288124815
0.022747588254171773 0.016211948306118416 0.26232723905106564
0.02445047133148368 0.011920043536563826 0.26066206423859734
0.024523649360230906 0.011832595143747914 0.26068100692062984
0.024578174780799492 0.011763932424085919 0.26064026175723054
0.02462170464853908 0.011696894019973873 0.260595785773951
0.02466308514041039 0.011616101942436466 0.26057195830031926
0.024859495791801304 0.011170483412017635 0.26042221512862984
0.024894980820958163 0.01108107469151171 0.26037915170211456
0.024921298937430482 0.010997278522787252 0.2603269186096113
0.02496354901750505 0.010897568061615032 0.26031187525671007
0.02507829028292467 0.010616372312418793 0.26020641123372673
0.0251103275923884 0.010529767131041375 0.2601633146821138
0.025174654731946182 0.0103616152268617 0.260119070623337
0.02520037678612697 0.010287621323067032 0.2600926937256812
0.025218256541157596 0.010252007635797089 0.2600568372487337
0.025248809087563922 0.010170874813856083 0.26001768696888844
0.02527304735748454 0.010086203545130028 0.25998295271744126
0.025301908571567815 0.010000686966105165 0.25996508857084755
0.025333035719306153 0.009912922902970248 0.2599405311993328
0.02142284705151123 0.019986833674418503 0.26395249217943295
0.022608410782718986 0.016407264014935655 0.26248809114315413
0.02266966832463742 0.016320201881009657 0.2624592932596491
0.022725578744153912 0.0162410808239758 0.2624621209129748
0.025357304621371295 0.009869457750168077 0.2600288893329959
0.025377251020086387 0.009803379564324647 0.2599955801115409
0.025392954334105117 0.00973876862268953 0.2599577771136458
0.025410346130344926 0.009678500693538213 0.2599368764667811
0.021368417734551358 0.020090956014566046 0.2640911297397745
0.025434165908372445 0.00961780906474379 0.2600046113947651
0.025452145219436575 0.009562481835310421 0.2599678544490693
0.025468614602547464 0.009515099568527637 0.2599722603104454
0.02550933343732063 0.009389219105869137 0.26000039211834325
0.025538430811438532 0.00929284575870962 0.2599744408143932
0.025550553201503623 0.009257077795917187 0.26006362436442787
0.02557625313214706 0.009175156781668838 0.2600299934933503
0.025597495495039452 0.009110398804776211 0.2599982189461856
0.02561872386098543 0.009066063628136377 0.260074452447952
0.02564018717704929 0.00899316374084195 0.2600439443425372
0.025665308083701956 0.008920712868299775 0.26001475195625534
0.025689392108770248 0.00883447599427939 0.2599767379352146
0.02572099775756003 0.008724215966077264 0.2600322480770397
0.025737532075579755 0.00865022565410498 0.2599990518398753
0.025755710111298603 0.008569527680776259 0.25995401355595993
0.025793343385249756 0.008453326241620061 0.26002313754260514
0.02580542727781876 0.008393701060241792 0.25996873759971917
0.025839179972197607 0.008263610890940076 0.2600252896144774
0.02584697959503402 0.008197052331034942 0.25998338663502524
0.025859598067051244 0.008170700907038402 0.26006357348567605
0.025866088445541193 0.008096276238528924 0.2600214218806733
0.02587196620201486 0.00802382192474378 0.2599981205010412
0.025870172262365744 0.007942850913067689 0.25995602859625333
0.025855257941253415 0.007864585283927781 0.25990847688418006
0.02684377959870803 0.006563210345288667 0.2604466685975362
0.027152973480628922 0.005877174789022712 0.2605809848419803
0.027363322848422796 0.005467978806010999 0.2607431577249039
0.027420192495681044 0.0053402702573321515 0.2607995857526477
0.02746147795306217 0.005242085660500423 0.26085871785014003
0.0275145570470744 0.00513471690292043 0.26091469200108997
0.019291857140809474 0.024213379814417884 0.268718774371975
0.01934775872431048 0.024155168384245317 0.2688009533739118
0.01949303798346592 0.023986203833578437 0.2687742427528566
0.019549258841230124 0.023920537979631406 0.26876313487827735
0.01966843517196732 0.023733765409132815 0.26869921379958367
0.019392550656420954 0.024097397895837244 0.2689031100187612
0.019469424736082798 0.024018110417609876 0.2688665689655129
0.019538484640826845 0.023937486873069052 0.26885019602068266
0.027669802707069414 0.001722037881979218 0.26341800876324384
0.027768057585498912 0.001629499304397311 0.26342481923488165
0.027856884050723618 0.0015485893006685547 0.263404212057193
0.028014874286090376 0.0014176115245966383 0.2634804664439784
0.028081081147236734 0.001352816198653498 0.2634790889197242
0.02813224649524154 0.0012841143147184872 0.2634767976739214
0.02819786703605002 0.001224686650947963 0.26354791560698193
0.028260999336859126 0.0011577997678978375 0.26353808105206666
0.028345557132632187 0.0010701030005248716 0.2635343649430345
0.028475941292897974 0.0009542085751950067 0.2636070260655775
0.02857131388986591 0.0008649227869497953 0.2635864017724978
0.02861805940639872 0.000832647762545861 0.2636709198113049
0.028732072293781108 0.0007357064853868813 0.2636738136657448
0.028776919862563536 0.0006893436263180593 0.26363524666724525
0.028853405492234703 0.0006341160319009961 0.26374857965877335
0.028920216969413343 0.0005578207850753379 0.26373611009867576
0.028915726133427078 0.0005807182409197367 0.2638004346508156
0.02897478080830983 0.000518204492343533 0.26381874385651755
0.029092289992845195 0.0004000148121892504 0.26388170449942133
0.02913426601944297 0.00035611584508644055 0.2640040031420073
0.029174606740779534 0.00028575054385278137 0.26395862743612464
0.02920949210927857 0.0002360216262801045 0.26402552721730316
0.029245568172618988 0.00016614525118817793 0.26401707423807236
0.02922720728555586 0.00020356424254798353 0.2641206421844259
0.029267244243345054 0.00013043324029673705 0.2641174472007464
0.029306831190692294 4.9323017076394107e-05 0.2640849165046445
0.029286382200820766 0.00010005993472272934 0.2641851613100011
0.029332927121604062 4.999058081939754e-06 0.2641537160515101
0.029349805071507275 -2.7712156768905957e-05 0.26426310709378537
0.02938174904560588 -0.00010504640650373662 0.2642132849407131
0.02939890144312759 -0.00014217340973315777 0.26432057624693345
0.029423567475324465 -0.00021482060981217342 0.2642813361223625
0.029441871891025255 -0.00024226318159495679 0.2643701383279646
0.029478336404755633 -0.00036121730383581474 0.2643958874355279
0.026790339169409393 0.0066543967101045124 0.26045288328884303
0.02669268423652906 0.0068247326698293274 0.26050645787245097
0.026589563212807563 0.006972632543359704 0.26050164480935883
0.026643850445016135 0.006908630639428339 0.2605378771086549
0.026446796730973887 0.0071108939346747465 0.2605120728981805
0.029108678992217963 0.00039244901510251116 0.2639634224754977
0.029160356572887004 0.00031324156367737964 0.26400185551200184
0.029200921626904998 0.0002533590623612657 0.26407032108677225
0.02791452798127492 0.0014963826294621047 0.2634037091137216
0.027771278075503416 0.0016227257831790088 0.2633983112803313
0.027848086445681253 0.0015616439104826465 0.26344875790557565
0.02789214537429186 0.001522386254155699 0.263480099354639
0.024640704024353415 0.011651433552174162 0.2604474806284363
0.027694659411096514 0.0017045628786373258 0.2634270954195656
0.024626332491112814 0.01168176241824419 0.26054617561065535
0.02751024788973786 0.001828494750219735 0.26341984668889945
0.024511071960567368 0.01184578738879004 0.26057866529572354
0.02456744262238164 0.01177535113634216 0.2606057374978452
0.027284459252834344 0.001924590517497847 0.26338115619450514
0.024377876123686682 0.011981467855988028 0.2605764829211958
0.024497447302632456 0.0118658703953282 0.26065700758918336
0.024211284140123926 0.012083354142092072 0.26053953668165014
0.0242919005182532 0.012051696608408918 0.2606234969212783
0.02436796319235477 0.01199319152148874 0.26064479859992057
0.023022428836187533 0.015728234112165295 0.26179515739347387
0.02297811346274722 0.015826838507354182 0.2618612301308645
0.02300510054057437 0.01576611203603145 0.26186270278528373
0.022885618592866894 0.01599035259435606 0.26186778785895887
0.022925730210370362 0.01592347849477212 0.26191068377888244
0.0228789575629191 0.01601358754220434 0.2619866810802901
0.02281198476781138 0.016115377810468283 0.2621290270630302
0.022747442870850527 0.016209478446052104 0.2621908014640341
0.022796417045802684 0.016129525840454254 0.2622170116308758
0.022726632246356827 0.016241528554392877 0.2622730905104713
0.022775638521448337 0.016165315486265992 0.2622820046480263
0.02272153341419116 0.016246639647218734 0.26235161987275496
0.022710833544058128 0.01626526900038517 0.2624150302069264
0.022639251105971824 0.01635951692068298 0.2624605248294345
0.02244812859630543 0.016565810221099368 0.2624250737659507
0.022521218748594626 0.016517722804785986 0.2624627125787728
0.022575582290729774 0.016455759944205475 0.26251888874627466
0.02241156019620026 0.0165884850547715 0.2624909626772461
0.02249015228523159 0.016545949587015073 0.2625468586245449
0.021946980357456042 0.018491469200986595 0.26268077567360437
0.0219093366878476 0.01859323817893258 0.26273727159085697
0.02188748253483225 0.01868583593306359 0.2628199164989026
0.021841257620401466 0.018802780590682952 0.2629685702887642
0.021859834885089146 0.01873827919279875 0.2630020858390015
0.02179080589735161 0.018994772686905123 0.2630169038291838
0.02181945304777538 0.0189206528177546 0.26304389550697
0.021845504428619072 0.018827616735877833 0.26306157229471994
0.021764428121830052 0.019076133225432244 0.2630881769596687
0.021797027967181824 0.018997225242965113 0.26313694828101647
0.021758954812170415 0.019103496894451736 0.263190143581164
0.021699461559990023 0.019318524566754106 0.2633057462644773
0.021665017115074382 0.01940302667895707 0.26336572402158503
0.021601616988307672 0.01958891514968415 0.26351524107003366
0.021621089179761726 0.019524456568288526 0.26352668215147007
0.021560439579259263 0.019681110533680598 0.2635812101010542
0.021587939210183083 0.019627316305656006 0.2636000042419042
0.021501958712223938 0.01978761506390281 0.2636227542743273
0.021539601743616268 0.019725713820748305 0.26365830804323465
0.021496814536260858 0.019821770880487685 0.26373076739087836
0.021457817017888584 0.019893531203860514 0.26376858725008245
0.021414497331532927 0.019984622518320515 0.2638386881787783
0.02145676566561404 0.01990867137011487 0.2638842281603358
0.021366773396980687 0.02008914909200236 0.2638947359616531
0.021412051649623353 0.020015427284519913 0.263944981995717
0.021363734702467795 0.02011572778912244 0.2639942642500693
0.02130327995271171 0.020187002666421837 0.2640557837266429
0.02134864954840114 0.020124556686583413 0.26411261687444415
0.021278498631063614 0.020217915492070783 0.2641297719446764
0.02132320042354141 0.020158083312743012 0.26416552712564595
0.018041805497351182 0.024793802400793725 0.2693422684005847
0.01809462399202069 0.02478579192790948 0.2692465603536659
0.021276144662276994 0.020228822099282263 0.26423189163205385
0.018254077572307723 0.0247440841354182 0.26926313759949116
0.018142241659352392 0.02477666771970248 0.269191476919836
0.018316288625684077 0.02472646505830449 0.26922789707084216
0.01817236928665078 0.024769469610733452 0.2691241414477531
0.021227320100413977 0.02030893032394195 0.2642860392700519
0.018348902942396755 0.02472071641542824 0.2691389775670736
0.018415859945863002 0.024700274579091484 0.26906014104562564
0.018440347532782904 0.024693974056152115 0.26898967187224093
0.0211556745605107 0.02043993467764293 0.2644356017109366
0.018613421002089802 0.02463184115185715 0.2689783983401438
0.018474945765810897 0.024681823582434637 0.26891353812374674
0.021047706680872566 0.02058404839753332 0.26444591828526026
0.021096239260730235 0.020532677619428067 0.264468326737889
0.018725723649085237 0.02458801126988449 0.2689847066461034
0.01861149770728854 0.024630166568279953 0.2689114708629244
0.018774938380231657 0.024566815432204406 0.26891364095182524
0.02096730286861431 0.020660618214602987 0.26448783167558193
0.02102932281937188 0.02061394990388849 0.2645323344651921
0.021095241601894046 0.020542966894378942 0.26456777196752745
0.018873611738852013 0.024518810740172266 0.2688810247711556
0.018992381265362193 0.02445497566507432 0.268833243287715
0.02096159346216212 0.0206716809779634 0.26457264721451684
0.019025118283835157 0.024429488709833663 0.2687667698363674
0.01945388480262694 0.02403150226687406 0.26892219168516485
0.01940177145385879 0.02409303645138875 0.26884762625539815
0.019334585648023428 0.02416571703596835 0.2688361482102939
0.01927687868277565 0.02422984410167326 0.2687614972129398
0.019195606899901806 0.024300138084852273 0.26871893005262415
0.01945966730560179 0.024028370299007604 0.26882566536317637
0.0193706348115057 0.024132493795862377 0.26874824916462725
0.019312285085827403 0.024189798415783843 0.2686888091137448
0.020776806523759083 0.020791585098009737 0.26468172942246804
0.020823488141470625 0.020763415530364634 0.2646868971711576
0.017617026291399957 0.024844123141883476 0.26929853419649186
0.017574521036833296 0.024850062515783165 0.26921913127165964
0.01753050706189483 0.024852680816726706 0.26913867135238134
0.017485499300541336 0.024853938654756783 0.2690577491245237
0.01743845207721035 0.024853338441463806 0.2689759476127966
0.01770943890929734 0.024839479601342238 0.2692797070755067
0.01766692020809665 0.02484624645614222 0.2692002267262101
0.01762264504391848 0.02485057041787894 0.26911972436356213
0.017578873106706642 0.02485272291177483 0.26903927088891527
0.01753406546529649 0.024853229717757122 0.26895852359782174
0.017838796549169766 0.02482488323230546 0.26933827975785596
0.017799119680878203 0.024832399736909205 0.2692596002898791
0.017757961281703 0.024838998788382215 0.2691807393115881
0.017713824598191534 0.02484430455131202 0.26910036300258894
0.01796561355885954 0.02480482122913877 0.26937531473972826
0.017923865637068406 0.024814038544240333 0.2693142503357891
0.017884394656316825 0.024822547962774517 0.2692374132934546
0.017845217419898415 0.02482909814095118 0.2691596568537697
0.017803013553131353 0.024834721280099947 0.26908012178894913
0.018016636071346646 0.024799463172534314 0.26928475976333843
0.017969593836223915 0.024808356189232002 0.2692145036905145
0.018090537296682987 0.024785895595112552 0.2692888006836163
0.01806254731701102 0.024791878679173082 0.2691901749940466
0.018174456762369697 0.0247668750208091 0.2692509406052748
0.018124508171463504 0.024780742037514597 0.2691560084910345
0.01825987249440284 0.024744291299457495 0.2692023596794793
0.01821223477211629 0.024759234814173556 0.2691561693700707
0.018324044915073293 0.02472638805367693 0.26917492523733416
0.018289509530340173 0.02473768810572214 0.26911240962148414
0.01835958492609318 0.024718148738485494 0.26909713109936806
0.018329997223081155 0.024726326816748863 0.2690262111200507
0.01838842442605564 0.024709962401830207 0.2689786913854454
0.018476847578409176 0.024681926912894225 0.2689559643907479
0.02772662259983846 0.0016693774812025928 0.26343049303237587
0.019295778960443467 0.020914231545993717 0.26495102710459023
0.0194159558290093 0.02093622259149057 0.26493213508829583
0.01952408957515854 0.02095664884387951 0.26493825587722164
0.019630297925818302 0.020974784851859475 0.26491377854148657
0.019731398561872355 0.020987496443461293 0.2649235201136602
0.01983378705441267 0.020988189720086536 0.2649024879059101
0.019917836791060357 0.02098663804301464 0.2648721387235865
0.02002459227313287 0.020977128170150815 0.2648586360140222
0.019974407478765104 0.020974284591186772 0.26479626695861075
0.0201213343993322 0.020968883303270243 0.2648553834783112
0.026659102074155238 0.006869916356856016 0.2604855769410309
0.020204716751434922 0.02096189201454089 0.26482644986049864
0.02018096953037908 0.020960416932038532 0.2647565032042259
0.020292028713077833 0.02094754498064823 0.264807435863745
0.02023297616043524 0.020949478972279008 0.26472473331177254
0.020375060265665323 0.020929085465191493 0.26478826632373975
0.020331226939287305 0.020932084813988526 0.26470137795452137
0.020449566985517805 0.020912357209957027 0.2647797047366418
0.020416568738398217 0.02091412087576708 0.264661924330504
0.02052596457260427 0.020894627522378095 0.26474114369197593
0.020491460266010616 0.02089935417634823 0.2646697125575265
0.020596435461635282 0.020873181059441564 0.26471294543801066
0.02069532817688964 0.020834237168187525 0.26468350900134424
0.020653704871043767 0.02084494664989818 0.26461979122037277
0.020740986247392606 0.02080909594930274 0.2646527341575439
0.020810105313468743 0.020768532190691944 0.2646124671140452
0.026612164637789995 0.006953701562551501 0.2605437602038649
0.020882066709811794 0.02072547341349782 0.26456410831295474
0.02096852013092315 0.020664183266608512 0.264616187027152
0.02092977666269656 0.020691940373118056 0.2645273435934723
0.021008705581810578 0.020632057711665534 0.26457927179375734
0.02099738136516462 0.020638212141793025 0.26449344292735955
0.021069815897859726 0.0205715382445981 0.2645187879250134
0.02654694284323524 0.007020300864348203 0.2605027584842026
0.026451215851032484 0.007095334617893074 0.2604540039173111
0.026493222442063136 0.007073231431191196 0.2605326119897185
0.026356064065374486 0.0071505949394336625 0.26042253107267765
0.026390737228632187 0.007144529749791361 0.260515845687419
0.021608893695536983 0.019567825908206868 0.26354075765926127
0.02158949245970369 0.01961154799238009 0.26349282411355784
0.02162043206743616 0.019512071952701045 0.2634349476208935
0.021653473568239896 0.019430908266933486 0.263389746187982
0.021682410999627907 0.019362608793432986 0.2633435486341049
0.021714328606420516 0.01927147486357424 0.2632786431712752
0.026263861612295818 0.0071938815810350205 0.2603993947396678
0.026304201441729368 0.007188010797336414 0.2604810731049798
0.021733511399009312 0.01919454910296622 0.2632202502374271
0.02617497096675265 0.007229740936196488 0.2604134576263671
0.026227621980990885 0.007218789060073682 0.26049296676866573
0.026102125359640155 0.0072525636334570785 0.2604232888121636
0.026152141834412303 0.007242248280396404 0.2605194249517917
0.026060434357624732 0.007265334836474979 0.26046929791587614
0.026066127851976633 0.007261878457686251 0.26053799912378195
0.021673654565169308 0.0167642920110482 0.26235930591168677
0.021711170682222784 0.016763551954009873 0.2623449622727896
0.02186348439211153 0.016734226769707407 0.2624064178270182
0.02181728232454662 0.016739315365338365 0.2623446838254695
0.021925668454817283 0.016730494427941615 0.2623960153287436
0.021906221040191073 0.016729694994307633 0.26233044543648953
0.022013650797411737 0.01672180479366372 0.26237684602912914
0.02199680800767506 0.01671901336541953 0.2622850678712579
0.022127778825124584 0.01669532121632134 0.26240848083308804
0.022093563573128378 0.016706678120378404 0.26233994437154345
0.022085674120960515 0.016705255032120992 0.26227223848801534
0.02224341324203565 0.016652120366493765 0.26246527978202033
0.022207770304557586 0.0166704977092833 0.2623876696578101
0.022176975309175527 0.01668152112781062 0.26231473092047947
0.022363661741231097 0.01660529998726602 0.2625071850493529
0.022320712949462175 0.016624057580043185 0.26244310796999687
0.022280851708926876 0.0166432502205798 0.262379518805415
0.02224566798812733 0.01665455228319526 0.262271796311147
0.02242578976563904 0.016581094218479937 0.26245428156231615
0.02235977887331673 0.0166069219850952 0.26238254464876065
0.022323729956203346 0.016622534949076406 0.2623301951241144
0.025964113069800742 0.007275071065747849 0.2604778926265447
0.022515447380306006 0.016528297885007027 0.26251618898839785
0.02248066295201608 0.016542950738179046 0.2624187041632071
0.025723231285922393 0.00729327701171984 0.26025034467571484
0.02582010120443585 0.007279926615863196 0.2604531672354011
0.025847622774842798 0.007283244964640419 0.2605260111069603
0.022557037015586937 0.01647723456009141 0.2624727858250827
0.022635134961278416 0.01637605619346082 0.2625293219551654
0.02570237573212823 0.007312807112511214 0.2604005300526296
0.025727479286099544 0.0072829689144209295 0.26046469972703057
0.025761188715705787 0.007284467454760478 0.26051433436344984
0.02568712261197276 0.00729878393441804 0.2604699111084134
0.025675212225724803 0.007294883090747459 0.26055893440378086
0.02324605882874302 0.015212706114360033 0.2616173241659586
0.023231757502365953 0.015243812296483682 0.261543113465938
0.023269085904302832 0.015146953083377913 0.261550284452297
0.023311281573996638 0.015046672890450814 0.26149899143946287
0.02329503568572649 0.01507270704360018 0.26143034668959747
0.023339903079719594 0.014964308916759367 0.261438971934734
0.023320106578613116 0.015003108987520282 0.26138671860323365
0.023366643669684075 0.01488293723237188 0.2614079483351961
0.02724133753314319 0.0019378444843995242 0.263395287986757
0.02730104961272644 0.0019181527961924711 0.2633594592292095
0.027442426470920416 0.0018662161271314538 0.2634208126461808
0.02757614562088418 0.0017839097338770286 0.26342851252685606
0.027877903763530856 0.0015320888875045415 0.2634249778304491
0.02778830774984785 0.0016055865355831054 0.26338571071750394
0.019374342659464902 0.02093440383625499 0.26499239733061936
0.019466303874375583 0.020950658642328923 0.2649882884583104
0.019468747418958154 0.020943851881954138 0.26492282824899904
0.01959962550469775 0.020973571351414526 0.26495068150748213
0.01967949699520244 0.020984964543842532 0.26494688227455193
0.019769126241492442 0.020984050750517444 0.26488687723317006
0.0198871734309114 0.02098932495204122 0.2648994903481132
0.0198764481519198 0.020982082447485926 0.26484588177213614
0.019944508378782304 0.020988168029540153 0.2649049331583219
0.01994389197692645 0.02098160012524274 0.2648405410199673
0.020146964974040726 0.020965469484003036 0.26478056971969616
0.021683917305530258 0.019353598697393417 0.2633013818958877
0.02172861134572085 0.016764311699225588 0.26231799349002216
0.02178560646592226 0.01674269424702254 0.2623781783255997
0.021782301903437773 0.016737912102780004 0.2622840646907574
0.021846587069560126 0.016735967560450118 0.2623697147407968
0.021862278902362343 0.01673051575632139 0.2623144277439977
0.021961391255040166 0.016725243094443645 0.26232122850743983
0.022035807296286087 0.016716818685309495 0.26231200554500766
0.02213169990730612 0.016694040876540285 0.2622646027689345
0.02218532121333736 0.01667720113000739 0.2622637568515551
0.0237678536126682 0.01218491471683121 0.2605485904587056
0.023801028541615595 0.012170190410363182 0.26046047524158417
0.023818248146998146 0.012166794570325221 0.2603993390292308
0.02387011321907266 0.012164503883740657 0.2604910863858885
0.023905379956268614 0.012159517850666025 0.26040847340191065
0.02396212980571474 0.01216021493130873 0.26051670310054464
0.023962085976730732 0.012156428376272507 0.26042260993936917
0.02403942750057278 0.012136087901447398 0.2605452386520499
0.024049668506005647 0.01213755091003833 0.26046833278742554
0.024119125257073548 0.01211444741842234 0.26056309020669316
0.02414165218890793 0.012104016826608123 0.2604742083919247
0.024198423809586162 0.012089443627898412 0.26056467552333146
0.024202031388752297 0.012080614304222345 0.26050134661906177
0.024267662087009208 0.012067577473555522 0.26064187403130734
0.024252388634345937 0.012067479048931178 0.26057969900693007
0.024323046800119485 0.012027635274646252 0.2606545748659251
0.02433576334189655 0.012014298255701375 0.2605837003282483
0.02441064789409588 0.011955938886175873 0.2606174505286994
0.024475320337896532 0.011889185930522135 0.26061518997028665
0.024537886359100848 0.01181436861476835 0.26062580803291874
0.02453557684314596 0.01181736815452248 0.26057581242813876
0.027154037112801677 0.001958073089321341 0.26338647786467406
0.02732695709517641 0.0019068676976120244 0.2633676417595721
0.027387002325319543 0.0018858137920621258 0.2633869029718433
0.027198864041100387 0.0019461535705396628 0.2633797119743916
0.02430040616022213 0.012040320680689135 0.260590279576062
0.024239655610668792 0.012067958740839928 0.26052975293597636
0.02420583437671005 0.012086693462706686 0.2605988926621117
0.02415654878635657 0.012103358494103027 0.26053121793483447
0.02407675173689856 0.012123501100934589 0.2605801368932025
0.024095879915525205 0.012120293724803059 0.26045029870613573
0.02404473928680177 0.012137518342624335 0.26050872095818645
0.023955247770811143 0.012157495113295533 0.26056083311511036
0.023996583691919014 0.01215194624656466 0.2604464505320648
0.02392127463021577 0.012163726536103422 0.2605072726251212
0.02383779246388459 0.012163459452581295 0.2605573956405038
0.023718691801243506 0.013591966272412307 0.2609470839973408
0.023701048433979494 0.013654822401037976 0.2609811880731352
0.023675638617891123 0.01374043958452477 0.26100595622078787
0.023649219031058134 0.013833467461301211 0.26104890318545404
0.023635265676932637 0.013890607801983092 0.2611020965297313
0.02173286934484766 0.019223196568955696 0.2633006881772245
0.021705302479725273 0.019313378703989106 0.26336065986527923
0.021675163799785496 0.019377529499492327 0.26338697482695134
0.02164721447724177 0.019443563414472145 0.26341494438078716
0.021622476168581452 0.019508934490706384 0.2634657947679697
0.021606574665023134 0.01956855490018916 0.2635031856860874
0.02158559276411372 0.01963179421878793 0.2635446049487244
0.02170832886064151 0.01926937423955411 0.2632392428358793
0.02167812937533097 0.019351292614983244 0.26327092368110194
0.022076083393843426 0.017926577137530805 0.26237051592993743
0.02205803606215802 0.01803392606758646 0.2624389796278724
0.022032975316351053 0.018104765644796388 0.26246076834560245
0.022015364949311507 0.01819293188391968 0.26247802747801363
0.022038873532498067 0.01807282936147338 0.2623096135949203
0.01932545391186262 0.020944110812260285 0.26627872364842314
0.019359915882673145 0.02103625285679428 0.26623917393291274
0.02385000387613506 0.012680319227642733 0.2608380793976652
0.023794164510989535 0.012554854813726762 0.26080599451741177
0.02382546387776888 0.012656207731367861 0.26076125584705995
0.02375950563369284 0.012507722140393477 0.26074709657407763
0.023790427955762108 0.012595171802323902 0.260712447627108
0.02372221944975265 0.01245682537924216 0.26069374878413765
0.025825340454148707 0.008330255097389177 0.2600284901905096
0.025871165191521463 0.008065086370012575 0.26004515874972095
0.025858114614290825 0.008150415700339008 0.26001873916001966
0.025840642950345806 0.008240052019710467 0.25999065859541465
0.02587628412080399 0.00795096473058033 0.25999279921022417
0.025866742988338846 0.008048779760122474 0.2599729445662601
0.025852673356609717 0.008120516944118313 0.25992938390057
0.025739135369234337 0.007483578090541663 0.26012552691402496
0.0258578930400197 0.007846119006003642 0.2599339374995324
0.025718410366545107 0.007489307902594103 0.26008456559181276
0.025793197448074696 0.0076038052831584255 0.25999413243207486
0.02583522676566496 0.007733580947516724 0.2599465173881994
0.025763648259246364 0.007577252282028628 0.25993129616730215
0.02371924091966279 0.012415811035541943 0.2607084814033666
0.021910883020138827 0.017276351806337135 0.2621092102353919
0.02162504419765174 0.016912954409081183 0.26215695696016755
0.022033513852122745 0.017448556953792285 0.26214404287578685
0.021652579977703253 0.016979193024801942 0.2621134038764151
0.021643720292633534 0.0169311964153704 0.26216545015643145
0.021642178839330145 0.016921638474844302 0.26219479765197384
0.023814150173565612 0.012613603356713904 0.26076937505007153
0.022056982059821848 0.01748378053255584 0.2622686426431481
0.021739976074194867 0.01704942355930077 0.26211382677360845
0.021790589942944753 0.017130379927145112 0.26205296696588926
0.022086779129115462 0.01754287097374223 0.2622876862515747
0.02184951507934565 0.017197055230112394 0.2620693402787597
0.02376549506622606 0.012528404467778519 0.26073168921116674
0.023761801881645696 0.012561424550141854 0.2606734511381527
0.02191309448258999 0.01858845687203552 0.2627695008118068
0.02194427540351328 0.01850278542934264 0.2627142732944147
0.021960041049467374 0.018433240147993954 0.2626565875626453
0.02198697399630193 0.01835967246038148 0.26261749508876386
0.022013382100592786 0.018265474186803757 0.2625528556705833
0.025874780680370236 0.007984480329336189 0.25999321683074533
0.02587536671029904 0.007912191556031196 0.2600053414306554
0.025826191085332725 0.007689007675073417 0.2599599597527468
0.025791753926765085 0.007617206284589483 0.25994995108978125
0.025775599566476338 0.007563424331180416 0.2600811535799677
0.02573419525970662 0.007519779338852444 0.26000509946682715
0.025716423000304058 0.007457014418852499 0.26011672961648724
0.02572474839978717 0.007484420945684583 0.2601079304454777
0.024162875453189687 0.012100043866321332 0.26059495019926504
0.02183583291175535 0.018845773822802555 0.26301026928549087
0.021878216758950925 0.018689864413763767 0.2628574922748836
0.02169446340455975 0.01674335661191386 0.2623966112808218
0.021693662653746705 0.016767770572090824 0.2622961876369595
0.02181826276671609 0.016738569163742285 0.262373127661644
0.02380205714721731 0.012170258046227334 0.26051120644298825
0.023846807969554226 0.012165892186922824 0.2604438270539089
0.023912491882456515 0.012159923692487496 0.26054708327096154
0.023936534700691143 0.012162319815899344 0.26046727453532487
0.02399087829008993 0.012149170260129329 0.2605675200513059
0.024012237235932564 0.012149393576475199 0.26050749359911773
0.024088435757319254 0.012123877062922433 0.26051675887162246
0.025706984055922224 0.007287625705829858 0.26045880104635155
0.025723405270494677 0.0073088735231748745 0.26036089469226753
0.02579418064187541 0.007283640994893541 0.2605056664299183
0.025911403112475532 0.007281439149005064 0.2605249544796149
0.026014492169338037 0.007272860737478202 0.2604949565645062
0.02602958180737932 0.007264356596985484 0.26043177990965427
0.026115539431269003 0.007253833517608845 0.26046959240356404
0.026127798297984842 0.007239727998289962 0.26038087382652636
0.02203252667221608 0.01809932577356338 0.262399361956526
0.022010340759728377 0.01817677516804034 0.2624218770688341
0.02199455490340585 0.01825754044912723 0.26243959878181905
0.02371246566535532 0.012426993035714474 0.2606841389157942
0.021756000770487005 0.01912265132944907 0.2632241967845032
0.021727434047720734 0.019195416206364734 0.263184445423044
0.02180776328039395 0.01895751498831912 0.2631423066507488
0.021781292167309525 0.019041403870526715 0.26313902338803796
0.021762049690710706 0.019089110718782543 0.2631216432521397
0.021833904247697707 0.0188771657063813 0.2630595149360635
0.021814307932973592 0.018942459241017975 0.26307891652063514
0.021784608719267795 0.019017532494111745 0.26304483862933914
0.025741384725877843 0.007286143414246204 0.26041853158871603
0.025760224803243383 0.007282831849878186 0.2604772844407855
0.02569561513676304 0.007298856955367558 0.2604361624419121
0.02571647298398353 0.007287217966496716 0.26051152610389433
0.021742526740295625 0.01675053653709465 0.26237332356233467
0.021733488998223253 0.016752307028360714 0.2622821130498982
0.02181934174680559 0.01673608811130003 0.2624059230817625
0.021813150167081283 0.016736613149702352 0.26230878214716125
0.02726124958108241 0.00198074280493102 0.2629802872588752
0.021624610389729734 0.016910736560008157 0.2621649183392049
0.0216102057718461 0.01692105621626736 0.26213630996668363
0.02576577910942285 0.007601714029860628 0.2598927692796711
0.025740375057749582 0.00752826395153974 0.25998912463838697
0.02572445369890384 0.00750642777490854 0.26004509750969645
0.025816955310769368 0.0076797373161647305 0.2599403476719312
0.02579407636644505 0.007595890242918511 0.2600289190708964
0.025749944899303025 0.007523357249985656 0.26009692927192607
0.02193029926123818 0.01732023757885847 0.26207753104266573
0.021879187531186516 0.017224896864438528 0.26211328021503405
0.021870610245506322 0.017242008022782893 0.2620457084507353
0.02183405570577724 0.01716364779713749 0.2620924810758699
0.02183061342272777 0.017188530608657285 0.2620376061519221
0.021780366816446513 0.017090239417275496 0.2620919218545684
0.021719330861995397 0.017049327642157913 0.26207268265965344
0.02711701613310387 0.00196705359205682 0.2634004205126591
0.021942236969640445 0.018476421658979125 0.2625884860975321
0.021969211766732093 0.018407754304494213 0.2626057010111217
0.021962319665806675 0.01839613313538409 0.26250746823719506
0.02199681086518354 0.01833527546865341 0.2625960223221693
0.02199800042048563 0.018326121899154175 0.26254172682950544
0.02198649986186899 0.018294958964016762 0.2624523895655831
0.02201655158292773 0.018238919911055744 0.2625265542310556
0.021750810557733855 0.01674095068023142 0.2624101051802552
0.021766177245637383 0.016751057392332677 0.2623309787821733
0.021882884665608605 0.01673393293453006 0.26236379807632526
0.02210713224035919 0.017751880066106545 0.26223370139099567
0.022116250341753012 0.017681859157882486 0.2622675967245748
0.022110689987222022 0.017583270502880336 0.26230625296937926
0.022065692050477377 0.017510850740348784 0.2622696895972208
0.023819337511128087 0.012657126217069582 0.26074236399390055
0.023770121917379823 0.012548517287543201 0.2607149342826525
0.023763926523747713 0.012501891764178163 0.26078488732882404
0.022030606334138933 0.017454187351324212 0.2620849561610127
0.022099288757860287 0.017786666019707943 0.26223537115574913
0.022129887685368006 0.017715276277274313 0.2622925132891589
0.025828069479542554 0.0077016955451309045 0.2599523964076802
0.02575107345456272 0.007550157242601324 0.25996346508437435
0.025761492442851617 0.007518930349255363 0.26012867309633203
0.022041839972546117 0.017468942823272597 0.2622126963610896
0.022049345031810903 0.01748373403408627 0.26210934565152233
0.02194247681076152 0.017326582279301443 0.2621080649494563
0.02200220672906125 0.017425904380080737 0.2620493867911972
0.021859346600367608 0.01720017722746777 0.26209746436500103
0.02176212753702501 0.017086618052048815 0.2620684195461695
0.025780294611619604 0.007556650968167132 0.2601209606221159
0.025780915825616785 0.007573534660338441 0.2600495501128626
0.025731643992002538 0.007380977040978542 0.26017252788418216
0.02573434285983271 0.007425869091389626 0.260278911876034
0.02572468349728418 0.007304778826923226 0.2601307003873883
0.02570641136716481 0.007398370150370463 0.2601185108453011
0.025705372731477 0.007368123175730608 0.2603598489348374
0.025726746015568295 0.007346936394838949 0.26023002103975096
0.025752673545112098 0.007462683021631974 0.26020903523031236
0.025754985765391314 0.007486086726939213 0.2601531385254429
0.025727019404021573 0.007324068059492925 0.2602979532257695
0.021716130034739475 0.01922761418482452 0.26319680344366303
0.021707829061437575 0.019255452317405112 0.26321231201924794
0.023718476542122263 0.012291885851504826 0.26066062515311283
0.023741546846187393 0.012221220909438507 0.26060927823272706
0.023704642848341884 0.012377764227421784 0.2606638881067226
0.021644442155033812 0.01682963419472191 0.2623149519408744
0.021640535958849915 0.016785969137298497 0.26236062644680047
0.021666186655499648 0.016780542830230106 0.26232012011577693
0.021958132083657562 0.017365287489887086 0.26206073768348764
