0.029543654888695783 -0.001197522643730576 0.2640961417890326
0.029541834659149873 -0.001044364504747638 0.26407646177562605
0.02953861609999214 -0.0009433643715510837 0.26407928915448703
0.02952667695781399 -0.0008304221915632565 0.26405731393972914
0.029509893025357052 -0.0006954953774520422 0.26405694226101556
0.02949767757308303 -0.0005819698576428295 0.2640756641673768
0.029476246839301383 -0.00047104713402003557 0.26405781380229165
0.029461880984129808 -0.0003918368565485103 0.26409924078321095
0.029531444010539875 -0.0009106920689584525 0.26391970579828666
0.029430553222309707 -0.0002996175697191635 0.26398151251822755
0.02941453427837156 -0.00022507449598965356 0.26397855600101094
0.029398157864849537 -0.00015931907600788672 0.2640010427531817
0.029336686811360098 -3.2896315363062844e-06 0.26393147503480013
0.029305656737384386 6.624873707432094e-05 0.26383142787641956
0.029245804841031144 0.0001868023873862114 0.263759055294599
0.02918138176784543 0.0003090739094774919 0.26366813709715314
0.028617086866814176 0.0008927050618707869 0.2632410916921595
0.02827362338866647 0.0011964690518858115 0.2631329857785895
0.027860596877023813 0.004023801182038317 0.26097490477925506
0.027834117171784023 0.004094773542280007 0.2608458248598557
0.02782577976477837 0.004172501918391129 0.2608581837348671
0.027807020432693383 0.0042720421613887385 0.260877675101769
0.0277935773362198 0.004272509092522282 0.26076348361070023
0.027775737839542024 0.0043617277304727475 0.2607590418317147
0.027656781795083116 0.0048101260148980364 0.26051092965686007
0.027621081421565524 0.004916113583523189 0.2605001446103774
0.027557462136406072 0.005053061726467039 0.26044151981357555
0.027438618392828358 0.005341541501872147 0.2604081501223176
0.02741579956432833 0.005376995290317694 0.2603250633071738
0.0273800356782447 0.005472608179218854 0.26033890358275574
0.027344460851132034 0.005526038931362888 0.26024561779337047
0.02732095796207909 0.005595496247942424 0.2602677924428546
0.027256666156950743 0.005717656179094579 0.2601969170824375
0.02719234717303447 0.0058420323928441865 0.2601486074937279
0.027126793135754532 0.00597251481441707 0.26007886466286506
0.027109604172609842 0.0060160608008459765 0.26010461408639146
0.02704488083751819 0.006147971151504547 0.2600442744652146
0.02701102953647577 0.00622619841235919 0.2600560885236584
0.02694755769317525 0.006358611377365438 0.2599909684268656
0.026890111788024897 0.006498228182163825 0.25992858675327984
0.019551905952141294 0.023768085883264747 0.26784433565337323
0.019519653113281046 0.02383837290990881 0.2679067009343474
0.019486269898132662 0.023900279584580537 0.26793895786348587
0.01946695735085577 0.023938549151365205 0.2679793925512649
0.019346891339323585 0.024099277638739754 0.2679843615371827
0.01932155852926262 0.024131756688398773 0.26804415126429065
0.019266341340353044 0.02419648530190029 0.2680896089945804
0.019223540728142176 0.02424611710409539 0.2680233779572548
0.01919674583987926 0.024271127567020333 0.26806993046639493
0.019156109235340918 0.02432138633110402 0.26797102204408224
0.019104240504775504 0.024362329474039362 0.2678819305992848
0.01907797461109772 0.024393427307132547 0.2679363873913884
0.019026737081740977 0.024426947651189822 0.2678618341941417
0.018970928074084407 0.024482193200415243 0.26790678394558914
0.01888091733553061 0.024541342824512393 0.26789340731618666
0.018814315523354167 0.024583026473248497 0.2679354493837244
0.018777797456282292 0.02460889635454315 0.2680031477339195
0.018760190845953782 0.024627528738018246 0.26808056755669624
0.01867178839098108 0.024676693660835032 0.26814018284852
0.018617186874723045 0.024701316002882015 0.26819400979246477
0.018564255817507 0.02472305515446453 0.2681417887596287
0.01850871297661905 0.02474523022519421 0.26821859013438354
0.0185423184815608 0.024727459640409812 0.268069729268962
0.018497623857393734 0.024748251715329173 0.26813811623841616
0.0184005736663379 0.024786732381654908 0.2682120789454728
0.018366992387327644 0.024798311513629257 0.26813248306679327
0.018326999618247672 0.024812595812542217 0.2682204511907125
0.018256094650232976 0.02483616424290937 0.2681323084434168
0.025742974545060474 0.00866043239843844 0.25945571265816797
0.025718433213472936 0.00875751918398935 0.25947692888109575
0.02569718251990803 0.008836606634695647 0.2594706604711068
0.025679265662915153 0.008922307844038089 0.2595033867457608
0.025464453343640284 0.0095555062869056 0.25941271530076393
0.025032490016216425 0.010754404566263719 0.2596021345115456
0.025001639980725555 0.010832960790859786 0.25962523410001437
0.024976039315493484 0.010909490835496836 0.2596434195449504
0.02485351671411776 0.01120095231928073 0.2597628587471524
0.024829781463495456 0.011258326811426234 0.2597861191046076
0.02479121557513614 0.011349401746201485 0.25983611755569086
0.02476494280325496 0.011415931193618402 0.259872253101682
0.024635750218738647 0.011683483192765222 0.25990315712178497
0.021101229375956154 0.02046191459516818 0.26366655965713015
0.02107927763167119 0.02049853035574368 0.2636951900675415
0.021037107430199424 0.02057757026640403 0.26376058484356113
0.021019206665551602 0.020609063381279623 0.26381509612074705
0.020960718358699063 0.02068001213974276 0.2638676991770659
0.020932424655240214 0.0207042881656846 0.26389696974605664
0.021326628167683267 0.020100410188569638 0.26328775193809867
0.021293903519748483 0.020161867506115413 0.26334398098786505
0.02125654019364305 0.020222985406131714 0.2633610012687069
0.02121593588213056 0.02027643168378237 0.2634227973591325
0.021182603066878587 0.020319848736976755 0.2634864832376245
0.02114955435461742 0.020371875020417648 0.2635285516384643
0.020932886860964287 0.020705176711543136 0.26377205415074495
0.020886926817106504 0.02074720556444793 0.2638225442496959
0.020828968206735278 0.020791971397557583 0.26389329821898266
0.02077613559602942 0.020825914460561163 0.2639342678018453
0.02267734056400402 0.016306921997041778 0.2617552259709243
0.022636545836437358 0.016364803943280437 0.2617999846617273
0.021427331263082498 0.019886350170260112 0.26306797139246657
0.02140361714584478 0.019931539757035117 0.26308640267811756
0.021359962721350066 0.020017391766876825 0.2631378618670751
0.021324730814199114 0.02009377645004185 0.26317455403103807
0.02131190936165549 0.020131031402573798 0.2632124836944496
0.021271493535371836 0.02020982900427377 0.26323940198473983
0.021230736732092064 0.02025716628785969 0.2633070031021058
0.020790482045450424 0.020814772171670357 0.2638011881332732
0.020736337989985944 0.020847265506871337 0.2638491808423586
0.02068666156362007 0.020880386264277195 0.26392577216035473
0.020644819034031474 0.020906705561799795 0.2639823733431652
0.023247259091716804 0.015175700229101603 0.26096314193238557
0.023214104538429082 0.015253196168969146 0.26100482458825497
0.023193320600707616 0.01531321078560374 0.26102526570913903
0.023158439024893517 0.015390000238791392 0.2610599873327743
0.0231385400505609 0.015440052961635803 0.2610752017422721
0.02275598545208818 0.01618654597929941 0.26153934689011593
0.02271682553775431 0.01624764115470102 0.2615833685978521
0.022675982434041623 0.016311431803240798 0.2615924545946598
0.022488242532950554 0.01657146767927608 0.2618682264473078
0.0224704778383698 0.01658387555718184 0.26192679576770955
0.021595072636260437 0.019467271465836457 0.2627340937103389
0.02156325434859433 0.019544208106679502 0.26276494489452673
0.021538656907303774 0.019613747200865953 0.262792011626167
0.021518989513255028 0.019684730394281823 0.2628392103376304
0.021494937764172252 0.01974214910014595 0.2628703549372097
0.021456382330053817 0.019806334092336435 0.26290412607248
0.021428740357449457 0.019865624372750083 0.26296020930882563
0.020602636143580707 0.020920637556295123 0.2639041988787757
0.020545993521584496 0.020951137862862502 0.26397622274060417
0.02368489781234477 0.013678674930509904 0.2604156445831831
0.023644059533516223 0.013823542475731372 0.2604674857504522
0.02361427942779714 0.01391877198366455 0.2604868091539354
0.023592012159655267 0.013985390703406196 0.260497491066193
0.023577164546895624 0.01405137918598291 0.2605368771038532
0.023552364725607025 0.01413003543986377 0.2605307510374575
0.023529947679093343 0.014215806277592186 0.26058789763246526
0.023505757292814983 0.014300190141797897 0.26060564190684915
0.023487014857833843 0.014373474432028674 0.2606058298865148
0.023467294760339815 0.01446424384500996 0.26066402314834003
0.023438212704234695 0.014552455903489298 0.2606311156468924
0.023418267359031155 0.014635150117604955 0.26068343767147556
0.023402753027187938 0.014696290983079726 0.2607158486970141
0.023379981666112055 0.014782185340406328 0.26072201550284896
0.023356179961887977 0.014871783970586753 0.26072955189096353
0.023338768701120626 0.014924404256775927 0.26075300789616174
0.023297783643885062 0.015031039258897127 0.2607851362933522
0.023268565329748928 0.015105879875282597 0.2608009853203912
0.023245844219372473 0.015162753308187284 0.2608415668515709
0.02322620420242056 0.015212906078366704 0.2608921366486584
0.02319578736469615 0.01529176485627997 0.26091034409023783
0.023173629052549397 0.015352927518252556 0.2609335349178045
0.023134387197195537 0.01544792329076538 0.2609735382550789
0.02311423735239426 0.015501577461732358 0.2609881685965764
0.023088124723245698 0.015564134958921588 0.2610172843301988
0.023055951222331308 0.01564005432961494 0.2610644099325018
0.023031799240374424 0.01569120573068962 0.2610796494874711
0.02298597786241119 0.015776948283975356 0.2611428001618744
0.022966347992278653 0.015821110736770283 0.2611875790872938
0.022943101131582235 0.015872927666695104 0.2612194612239994
0.022906803687146947 0.01594227440526686 0.2612298623045653
0.022861403828315786 0.016023743547585994 0.2612763669469991
0.022840026211166684 0.016065544792476086 0.2613257044004261
0.02279696450978696 0.01614292178652449 0.26136463931748427
0.0227712071643575 0.016179340690113217 0.2613900735978519
0.022732227181426597 0.016242022702176603 0.26145837907123726
0.022409214545178472 0.016635489475004765 0.2618492095937201
0.021669971203161737 0.01923742286027328 0.2625111921518053
0.021620257018385745 0.019386005046380668 0.262562592255926
0.0215988112869874 0.019456184197376138 0.26261740671633865
0.020451777742302887 0.020979909485874478 0.26395538863290513
0.023702715307008074 0.01357086021902188 0.26027495193529177
0.02369173482389394 0.013624895477214221 0.26029831438299444
0.023662087251986715 0.013727363046873694 0.26031855113046304
0.02357597979559684 0.014023922933880228 0.26045583388893145
0.02335100839483789 0.014855735050977903 0.2606174436126178
0.023336349492358664 0.014916980477825921 0.26065826045801666
0.022932337240331307 0.015876032219207355 0.26111631677383934
0.022781196267451186 0.016156034976473537 0.26127507125295785
0.02235357743668496 0.016656694530432416 0.26175357092589796
0.022325297423755767 0.016673730299973547 0.2618043339540273
0.021825428330716903 0.018727456272508516 0.2621883839986309
0.021760498305404597 0.018934807432862643 0.2622969165205435
0.021745754892949807 0.018989428438877208 0.2623009866054498
0.020331922479626743 0.021011411117823845 0.2639934709095356
0.022267254263688814 0.01669860685290488 0.2617337673926567
0.021890671898685297 0.018537858046594902 0.2620232940447598
0.02186191357143274 0.01862371609852198 0.2620395571082139
0.021830611123417915 0.018706786580166092 0.2620730629499091
0.0218130706574207 0.018771177372443548 0.26209837178873047
0.022205163031557732 0.016723333251415586 0.26166940433563535
0.0219763812423928 0.018162413763524097 0.26176058481993
0.02195569495296675 0.01824078583870725 0.26178502502576506
0.02195181586171242 0.018306160287556633 0.26182482986954936
0.021941860540647902 0.018368466990759134 0.2618462860276055
0.021919399112934695 0.01844562329923634 0.261886775236381
0.02189533880985827 0.018518638555687257 0.26192091557236746
0.021986401106750517 0.018112636305317408 0.2616617387584367
0.019373927859893624 0.021815747009881738 0.26554263033471115
0.019359328284582835 0.021641446142422072 0.2654759091146716
0.01935284481453819 0.021518321199697193 0.26545812645471334
0.019390405351886558 0.02197717666451836 0.2656684602217075
0.019336385318100537 0.021405909196780305 0.2654805661444888
0.019513374028355707 0.02262384066593506 0.2667465691816828
0.019289126062867493 0.02128085483087817 0.265486123271772
0.019423182227797844 0.02232976351273555 0.2659866252165919
0.029343764318186506 -0.002417135011228482 0.26458699109061895
0.029378112106673106 -0.00229812244549413 0.2645830655813024
0.029422824495467313 -0.002059413416670826 0.2644119539398323
0.029409777885726247 -0.002144362722494512 0.2645013745057797
0.029401144176317475 -0.002218040205649495 0.26459262810865536
0.029481258282411167 -0.001748429472500465 0.2641740602877279
0.029472348451284984 -0.0018342514666357087 0.26429008026114603
0.029453851563337678 -0.0019544929003546363 0.26439818879852156
0.02944853512886003 -0.00201599915296331 0.26450621399148355
0.029513264864676175 -0.0015270563033991961 0.2640467433964928
0.02950692090386358 -0.001616093423411832 0.2641500634614418
0.029496883108714272 -0.001701731129214646 0.2642600858074145
0.02949106427646304 -0.0017721623179733558 0.26433774097878937
0.0294762599453304 -0.001881275780135333 0.2644587429785859
0.029522406799458716 -0.0014834192451855075 0.26412879524643473
0.029516940904360828 -0.0015729377552569784 0.2642394412013781
0.02951155619342845 -0.0016501012529310942 0.264330341800468
0.029531890130357258 -0.0013559741871427705 0.26411541183447956
0.029531413044685505 -0.0014335409226582446 0.26421625045719294
0.029541416967966163 -0.001258616582913777 0.2641203762542813
0.02954195823997879 -0.0013020502821363689 0.26420400538016736
0.029536712438827023 -0.0009703689929852206 0.2639492738638656
0.029538707410759212 -0.0010218134343611617 0.26400993363915803
0.02954612572586561 -0.0011077358455619552 0.2641323506475939
0.029547291385527696 -0.0011973667176668687 0.2641751395597471
0.027851425415528912 0.0033449492916767668 0.2609951826969642
0.029533895302837773 -0.0009144312434600803 0.2640084778250751
0.02954491355156585 -0.000992828859556207 0.26415374652571433
0.02788120858760921 0.0034492998088142407 0.2609472423127984
0.027875857523906047 0.0033933057034358457 0.2610381330278363
0.027860419719296425 0.00332187536381998 0.2611195854045432
0.027716950969453057 0.0017297203389113175 0.2629870539987305
0.02778583650951273 0.0016695311754028417 0.26299915362132126
0.027897535575045554 0.001573048031619975 0.2630202829522351
0.02795378187395176 0.0015251971671124101 0.2630217003531081
0.028008908209916146 0.0014784030787353144 0.2630253460733519
0.02951882150388067 -0.0007625623607633168 0.26406768064640496
0.027904179883013244 0.0035699186034954884 0.2609559536477759
0.027904168198621657 0.003509966989815162 0.26104506468402067
0.02788963101899847 0.0034305689281598282 0.26113927194920744
0.02833752271667151 0.0011398888204806523 0.2631740944807659
0.02789644917738347 0.003721148949389199 0.2609611339538819
0.028852021140170957 0.0006906650339849708 0.2633714307102401
0.028912005045889286 0.0006262938616802367 0.26339527651555034
0.029483154730198618 -0.0005061847316023631 0.2640619865686992
0.019432631797302615 0.022369056308710264 0.2660827360261851
0.02788515217976504 0.0038404559156919186 0.2609932119531406
0.02891175542147659 0.0006494456653696209 0.2634732015915759
0.028949986893266996 0.0006114923131346532 0.2635056154947481
0.0290087981652167 0.0005477418838846596 0.26350933770673857
0.029063581883388673 0.0004908338843948407 0.26355473956922576
0.029107280846370733 0.00043019389673311533 0.26359448656949847
0.029400300610952827 -0.00018236390056563276 0.26394923869638837
0.029426223526719572 -0.00026639597320821605 0.26400082918878304
0.029448472753026856 -0.00034157066156580455 0.2640845151395698
0.027817988172521967 0.004168001960941929 0.2608015136504039
0.027841056123901378 0.004067939520998466 0.260871295500707
0.02786070494372623 0.0040074549244343205 0.2609387147988194
0.027875432293690706 0.003941490171514105 0.2610052464479437
0.029277095234855617 0.0001305406924217103 0.26385558889773286
0.029312600397213468 5.599874525898357e-05 0.26389307639510395
0.02934146018009373 -1.4880686441194678e-05 0.26395480779711267
0.029372357744761754 -9.007166177942981e-05 0.2639955970827801
0.027726716763081565 0.004571658077207217 0.260609694313213
0.02774921561196403 0.004481157110544854 0.26066786453783136
0.027767298536009715 0.004395000382311869 0.260729383986286
0.02778401835331048 0.004338678079578587 0.2607876449082169
0.027806226747041675 0.004260730037417396 0.2608376413808034
0.027825394437634935 0.004187294775284471 0.26089665232735415
0.027597407945560048 0.004963313571997147 0.26047812180806057
0.02763594891110294 0.004882673375256739 0.2605127065220929
0.02766422850832278 0.004806707564620382 0.26054903612428537
0.027686760287265907 0.004736255913259534 0.2606055601497805
0.02771739886646535 0.004644128001696793 0.26064469410531416
0.027508106317702112 0.0051678311286930834 0.2604078709328703
0.027528876258249332 0.005134129050513734 0.26047979860067655
0.027562339477638222 0.005055561073602518 0.26050369765614356
0.027597002143710973 0.0049862349493763405 0.26054258682790776
0.027163957934602738 0.005891925122125544 0.26011104593883316
0.027208552656540715 0.005800832381821309 0.2601392260867948
0.02723261014765586 0.005764956327027753 0.26018392334077856
0.02727488043038284 0.005684161713291969 0.26021931412474103
0.027299326605184353 0.005635539756932422 0.2602408111477289
0.027343437531618414 0.005552566411612712 0.26028590533621915
0.027371032028355106 0.005493026651971843 0.2603212096160129
0.027398527421700743 0.005436340759884928 0.26038697784529613
0.027476065017147385 0.005265260080414335 0.26046837233223635
0.027001795941014612 0.006239779068995648 0.26001972318053906
0.027027327519802736 0.006186833244818051 0.2600561601053097
0.02682504688404451 0.006632277616822567 0.2598962736454492
0.026869642003320128 0.006551081350221449 0.25993153060117186
0.026901842073909554 0.006479554414971037 0.2599921829678835
0.026791125622449747 0.006702793866620404 0.25996507121391105
0.0268142332573413 0.00666707802478923 0.25999071262089307
0.02586906756323692 0.008051348228069088 0.25947326993508174
0.026696865153499998 0.006859924081247374 0.25999879739728016
0.025845313514600367 0.008230007493824756 0.25945360453061034
0.025859551085752178 0.008158874465698539 0.2594906214588635
0.025829925076924696 0.008341822280772515 0.2594951979051519
0.025787362790105402 0.008504415694083958 0.25946948457031505
0.02580921951820772 0.008438565478187714 0.2595340699541343
0.02573446247512472 0.008692459003223066 0.2594605035089668
0.02575928973878953 0.008617095778365004 0.2595216825635354
0.025693481131528622 0.00884962997691543 0.259462981331735
0.02571067656681059 0.008792984299682748 0.25949135183853894
0.02542414969104793 0.009675440565250317 0.2594181666827607
0.02537190034062103 0.009845181663170168 0.25942426182483497
0.02539910416408753 0.009755689561506789 0.2594667065445145
0.025316148074410485 0.01000676064804951 0.2594537849777449
0.02525323577278189 0.010179467253638545 0.25945874864470464
0.025281683576855424 0.010113095457338706 0.2595094764792663
0.025229002630352295 0.010269015126923605 0.2595114882228042
0.02515942383771643 0.010427432177123283 0.2595333768596138
0.025176879864660592 0.01038143844927488 0.2595637570097438
0.02512488350045628 0.010523477294623919 0.2595706878553956
0.025026964318319578 0.010768801116806434 0.2595941723638942
0.025054728902175336 0.010689507812327569 0.2596173341589052
0.024968486873876383 0.010918378700564195 0.25961595950525335
0.024996689255597008 0.01085156222208036 0.2596436088102773
0.024746939837593313 0.011442040252163025 0.2598222081280154
0.02470839878600108 0.011533308042363861 0.25991074015393834
0.024741086597423738 0.011476070010496192 0.25992964975182725
0.02463775190384329 0.011681785014447067 0.25993890644411627
0.024659164600841485 0.011639762071168078 0.259962085828177
0.024538624537634505 0.011843950811116333 0.26001703284848227
0.024575677293536675 0.011793231237740329 0.26002002521487216
0.0238261827133789 0.013001055790340265 0.2602752001667208
0.023771955698437954 0.013283767414170616 0.2602195633290876
0.023790576661108682 0.013193020618454478 0.2602387685814024
0.0238108592270645 0.013116061383215976 0.2603132330442674
0.023750732221858695 0.013381042111291886 0.26024142810994283
0.023775556268037668 0.013297733061164328 0.26027945871207003
0.023724848067839366 0.013498620899019428 0.2602918682541458
0.023747598632699013 0.013430978553298221 0.26032688841639395
0.02368115487125838 0.013666082301567642 0.2603101977748467
0.023710522200999895 0.013585734061870367 0.26035919821179765
0.023658179171747666 0.013753372131820558 0.26036523506462744
0.02368210301264556 0.01368663686224348 0.26038428285271886
0.023626476999656688 0.013859060807303793 0.26041466239268896
0.02359333583321781 0.013967176513513865 0.26045433131324114
0.023541504995210093 0.01413877061929018 0.260484883229617
0.02357443205939099 0.014047178003588958 0.2604966892489896
0.02351370989828928 0.014243962251645415 0.2605375441797566
0.02354162921098617 0.014166748453750717 0.26054970814264705
0.02349051209235224 0.014336290370524429 0.26056417562477885
0.02344415477454459 0.014512732445555208 0.26058217517600973
0.023471343448799684 0.014432402223730928 0.26060627911249146
0.023407893953256896 0.014649463245968516 0.2606166424874495
0.02342175327213263 0.014602234943376934 0.2606178831383341
0.02344370976113292 0.014547508981331407 0.2606734692208456
0.023374238884305322 0.014781712129077987 0.2606454654236319
0.023402167047416576 0.014692334005030555 0.26069037966577174
0.02334573781935524 0.014900741381258367 0.26070616443863287
0.02336933582216816 0.014824346973530932 0.26074821410012045
0.023290537599105557 0.015039261452973598 0.26072716842673943
0.023314302737372 0.014984945226420448 0.26076291521731143
0.023345913947446128 0.014899870544412054 0.2607930963385435
0.023284288443218 0.015073757537485606 0.2608247882029328
0.02331177192635132 0.015005239172567198 0.2608548969728141
0.023241866204428873 0.015178293072263437 0.2608831199252184
0.02307450700798344 0.015583563969161041 0.26095404521262006
0.023103755820197105 0.015512350415302493 0.2609416295639888
0.023037196309659717 0.015674752548135433 0.26102183113634486
0.02307168817992674 0.01560173759802648 0.26104259524831874
0.023099732728274206 0.015540003925594572 0.26106967845152784
0.022984505354971235 0.01577394941914749 0.26109325653431675
0.023025229863886536 0.01569788709373002 0.261149798245696
0.02290951797445293 0.01592880069152308 0.2611530715617484
0.02294889149205936 0.015856197418592267 0.26117879412520995
0.02297967797832999 0.015792443523804198 0.2612116420728241
0.022869688500174203 0.016006673064867673 0.2612343609863273
0.022894145477998073 0.015966716220940706 0.26126861875419255
0.022768519401718076 0.01617869063483482 0.26131634766170914
0.022811958485197074 0.016117258367567864 0.2613155422643256
0.022848106725537196 0.016044308208141567 0.2613633915888766
0.022722818515283617 0.016254126691938 0.26139969180828115
0.022749605764485377 0.016214153417644768 0.26141154846980436
0.02279721623401369 0.016136745542408043 0.26142333338569834
0.022697523024328724 0.01628143094102293 0.2615101967978484
0.022736035548351716 0.01622267175066457 0.26152095028759853
0.01948913364241396 0.022564646362779734 0.2665408997820063
0.022008751758847103 0.018041215527336996 0.26171553960809096
0.02196304980594301 0.01820536520603852 0.2617184533484611
0.021943229657993852 0.018297385686999706 0.2617734477638043
0.0219594575873227 0.018233012526473545 0.26180573577417315
0.02192225453198884 0.018413990631244607 0.2618225625881117
0.021950201246389182 0.01833427336504051 0.26184735489988736
0.0218960960856442 0.01850342930139647 0.26188979570544463
0.021916994431493343 0.018452660340150962 0.26194237681245863
0.02188710959659632 0.01854872621229307 0.261980295646206
0.021908970402508623 0.018465900535639616 0.26197858726926704
0.021852917076033422 0.018649484270197025 0.26206238456753495
0.021828389499147678 0.018737656226224107 0.2621246709283413
0.02175526268441302 0.018953441996039298 0.26225428359983594
0.02177650696328669 0.018858618004894294 0.2622760503340528
0.021755216160403858 0.01897696841165533 0.2623500293637308
0.021728636363248767 0.019063495319768538 0.26241544033800535
0.021742641316247945 0.019015922751612714 0.2624394254469387
0.02169387185864424 0.019161242258757916 0.26247618141173473
0.021663923298044303 0.01927630237359691 0.2625762034022732
0.019503450188114776 0.02259349673478477 0.26664407153518693
0.021601626506472207 0.019446352162554338 0.2626017574789606
0.02155938875910699 0.019551698990670736 0.2626954789973186
0.021587694697182608 0.019485604317067733 0.2627126928112762
0.019413148295163406 0.02402613744141228 0.26803420275444034
0.019348999973402004 0.024098344576364783 0.2680112519510308
0.02152402574244525 0.01965197537437592 0.2627619737040523
0.021549281387852653 0.019581950599253477 0.2627971867434566
0.02148327854700153 0.019751608127895847 0.262825127414074
0.021522041163567193 0.019674965717289786 0.2628810759310648
0.021473842818336766 0.019780971850889145 0.2629633586999558
0.02139349382407373 0.019942043151700794 0.2630274451140836
0.021431844625736007 0.01987256338647923 0.26302440907445523
0.021386654832994994 0.01996475046935871 0.263132827239825
0.021298643190580915 0.02012933498161258 0.26314844409372506
0.021341822886225863 0.020061241491327004 0.2632006765679603
0.01965022935366393 0.02300865677522942 0.2672941970171353
0.019622961868338604 0.022951219150143722 0.26719560452417285
0.021247420269558 0.020238964249247357 0.26325543101694365
0.021307468764367135 0.020148728530486378 0.26328296384881505
0.021193895253453707 0.020302458963756462 0.2633835112510956
0.02123032710261339 0.02025793396889082 0.2634005232527126
0.021173753647041063 0.02033723899333518 0.26352381615811465
0.019546626809486163 0.0227249807059795 0.26694537919437566
0.02111329647086644 0.02043514657609113 0.2636046950972021
0.021157378403904352 0.020367468091851235 0.26359514962442
0.019545232586907556 0.022739990481955064 0.2667676711172701
0.025746574163010325 0.008656608166892192 0.2594944274835414
0.025778967574487822 0.008549639137097477 0.259532528591893
0.02577098353322306 0.008565998101642013 0.25948367181893256
0.025723968296736663 0.008730656884901511 0.25946048753258105
0.025729800239230532 0.00873039637981281 0.2595346164735141
0.025799543737994902 0.008471430649598455 0.25950197211175485
0.025700679401185884 0.00883342725093774 0.25949980219789576
0.025817957002439232 0.00839231762045498 0.25948222370138213
0.025664146584471585 0.008955328961108813 0.25945559927988926
0.02584535950538149 0.008269959020900426 0.2595353419557544
0.02583579895156329 0.008289384456970226 0.2594489998875362
0.019360479376828464 0.02408715933018296 0.2680422904136992
0.019450202413201324 0.02396917869186132 0.26804786663331936
0.019428630625467833 0.0239982275619485 0.26797027656358974
0.019499702266208903 0.02388482539845116 0.26797791285827405
0.019567721756177218 0.023745759002555048 0.2678958794448565
0.01959541276127723 0.023672606115005827 0.2678188413518133
0.019631944637306463 0.023561218300905972 0.2677477634930678
0.01965715579094444 0.02345633584230011 0.2677063406321209
0.019670961151101184 0.023364416112833814 0.26766260344010095
0.0258521298615321 0.008203252640881804 0.2594823552324889
0.01968540251437399 0.023264954131046706 0.26770932526161734
0.0196803840027881 0.023276661257864744 0.2676232169767481
0.019687491905522932 0.02317479121400122 0.2676780365506423
0.01968498892365215 0.023197528087058248 0.2675890818279722
0.01967551130286762 0.023204302672266756 0.26750024743260903
0.01968482523576731 0.02310854480917228 0.2676467074903364
0.019682838852720007 0.02311571437707224 0.26757240184735753
0.019675745795680783 0.023118251882482517 0.2674745660348545
0.01966563117170114 0.023035294101092733 0.2674561983352534
0.019658385224677645 0.02303842506286399 0.26735060924381804
0.025860273203612352 0.0081318795869041 0.2594590674042162
0.019641609268002902 0.02296349563271046 0.26732368042144306
0.01963816602991482 0.02298974460251949 0.2672416780001652
0.019615562527292883 0.022902960213153047 0.2672556268471253
0.019606814201442804 0.022904900025920244 0.2671656334416934
0.019584231266204847 0.022833016681419956 0.267116708925145
0.019590760085057057 0.022856483550650494 0.2670422493147988
0.0195612402778025 0.022768515178518335 0.2670235688173734
0.01956165527125915 0.022771529214351334 0.2669205210286129
0.019549237051521236 0.02274466066106062 0.2668437323050748
0.01953399949556459 0.022689452182666117 0.26679275738769553
0.019533177095108094 0.022701813676841976 0.2667263724736018
0.01951428153301375 0.022634458250014578 0.26667988980898333
0.01950663798124532 0.02263922105733156 0.26660096996557986
0.019493768794375883 0.022562219927984236 0.26660219144359626
0.01948641167732674 0.022579472846369263 0.26648157804576705
0.019481787716799467 0.022574533223708254 0.2664248408514673
0.025611063817432493 0.00911311577845693 0.2595047033837363
0.019476084789140338 0.022508735369004863 0.2664728286471298
0.01946875891247898 0.0225010215345671 0.2663791542317892
0.019458351013161214 0.022481164681584547 0.266281956488907
0.01945095770740253 0.022402652908461277 0.26626177353790864
0.019443562329033548 0.022396720996405026 0.26616984692751683
0.019425505748061612 0.022358663031132025 0.2660222808485459
0.0194279110912832 0.022285532322632008 0.26602726625708256
0.019416942336281648 0.022205356471197417 0.26598055263315507
0.019409212712328566 0.022196268579901868 0.26588421396259454
0.019403819035616988 0.022119641006156803 0.2658546459715658
0.019397885693998147 0.02202734672850376 0.2657526421761965
0.019382281362255827 0.021880309379132316 0.2656027063471873
0.025722093317729736 0.007593394384861071 0.25940762516264293
0.019377560909693694 0.021721491015292357 0.26554838874014475
0.01937872196159895 0.021625303484725026 0.2655466989112122
0.01936842850398367 0.021546064699346643 0.2655066668425412
0.025875073394906044 0.008014294885915037 0.25952998186699355
0.019351326880114532 0.0214729332440331 0.2654766296721558
0.019328144922411937 0.021356824523335517 0.2654985573148709
0.02586633357417478 0.007921983495322908 0.25949132246192164
0.025857171533019477 0.007944708650593928 0.25942083007637695
0.025592700126597787 0.009179098062374741 0.2595563184015889
0.028604914733704575 -0.003538578179527678 0.26467175305075447
0.028618141525427077 -0.003553567925372361 0.26476103169041837
0.02867988469070922 -0.003465604103071812 0.2646343375484575
0.028692372148237933 -0.003481861718353168 0.2647248604115906
0.02875108651477865 -0.0033921192462569947 0.26459970658878124
0.02876363722765346 -0.0034087178562284 0.2646903992205291
0.028773757588920455 -0.003423053116000792 0.26478262701902333
0.028831949643892206 -0.00333282832657311 0.2646575127008543
0.028843007863207468 -0.003348597217816731 0.2647490372759941
0.028894158547711102 -0.0032572930129818626 0.2646300181907418
0.028906463846605817 -0.0032735887661754317 0.2647207549784686
0.028914669111582043 -0.003288766119251013 0.2648147592580535
0.0289634779236555 -0.003198780199684403 0.2646980574896705
0.028972269188160468 -0.0032139746418514293 0.26479173311668003
0.029024445964248826 -0.0031380408945230346 0.2647723169519276
0.029074020401264437 -0.00306195749217239 0.26475576847522037
0.0291213215105358 -0.002985350847987971 0.2647403552072828
0.02916685041974045 -0.0029081766770695616 0.2647260312144849
0.02920704795020783 -0.0028306120871143627 0.2647160523653824
0.029210921094624063 -0.002844023622298176 0.26481045403473386
0.029241177354258224 -0.0027529278295055424 0.2647103142734577
0.0293013405685009 -0.002597148439137111 0.2647091762539374
0.029327962989376916 -0.002519654539645056 0.2647114151706882
0.029352144235100113 -0.0024184648652124463 0.2646472457633083
0.02936151189512906 -0.002341706884356073 0.2645548954150661
0.02937201553574457 -0.002343413080259273 0.2646325445427455
0.029382409447683288 -0.0022579449906174947 0.26453938889209777
0.029395518596539893 -0.0022563825679858974 0.2646350606044885
0.02940857228498817 -0.0021735060522898985 0.26455461720908546
0.02942167876817987 -0.0020876077070526864 0.26446438748347423
0.029429876068910826 -0.0020949081292832633 0.26453700085618187
0.02943788999102903 -0.002004544441966458 0.26438740556191503
0.02944501221246894 -0.002005477761166355 0.2644443096283518
0.02946525656973726 -0.0019040805889561502 0.2643867302781769
0.029464824242250776 -0.0019356784892869687 0.2644727987827975
0.029484302527806247 -0.0018289325698359902 0.26439720581174603
0.02950006705559278 -0.001753987128526337 0.26438808814808923
0.029503875613088076 -0.0017054259991056554 0.26434077419455343
0.02951586671592116 -0.0007182493273260341 0.2641036950490198
0.029508009721139386 -0.0006434005310724268 0.26410779909974846
0.029489807740835105 -0.0005407107491412835 0.26406330644080417
0.029462626740476103 -0.0004222534838673967 0.26403343544277397
0.02946956892774801 -0.00042729543247538673 0.2640995011985792
0.0294348021033179 -0.00032457573953362316 0.26396895443837043
0.0294474420207708 -0.0003559855839607273 0.2640301216187849
0.029422077847163403 -0.00024129249011116925 0.26401177520985986
0.02943517074230051 -0.00027910006786303735 0.26408645050337437
0.029387000120794513 -0.00014747261185825086 0.26392668253239954
0.025855422410354392 0.007849293162417961 0.25948829700224474
0.02583995879235764 0.007848237793145474 0.25941757357179823
0.029257620693464784 0.00016600624469058432 0.2637487424928338
0.02918951666808981 0.00028985287588833593 0.2636420259909763
0.029204641068846085 0.0002618691851576447 0.26371173092950195
0.02709980346056241 0.0022524077730211372 0.26144238756156896
0.027112551775760704 0.002237598631681419 0.26153405269284785
0.02711679526123618 0.002225928929417147 0.2616317531446385
0.027107075112839524 0.002218162091377751 0.26174186007376654
0.027085211360168185 0.00221518442553808 0.2618713382523345
0.027181132923318273 0.002323543758335821 0.26139998496517247
0.027196739753082996 0.0023076640559410062 0.26148947023556124
0.027203619428629797 0.002293994179207018 0.2615858577121048
0.027196787764344935 0.0022852433266297703 0.2616928889502658
0.027176677428416326 0.0022809930325052336 0.2618217429117443
0.02714027657962529 0.0022628927498177798 0.2619077225731411
0.027275217131562522 0.0023790532632959444 0.26144953545072136
0.02728577134607731 0.0023652786387656265 0.2615423607100802
0.027282765262379736 0.0023545736380297198 0.26164623445902585
0.02726333610553491 0.0023484291353759908 0.26176267208976195
0.02724883158704119 0.002353465802121201 0.2618735109806412
0.027348734477028982 0.002451612438469003 0.2614141551085273
0.027361800726286686 0.002437950116613479 0.2615041376456766
0.027363247049008315 0.002425610282602237 0.2616043675645989
0.027346236111039382 0.0024168582773768177 0.2617201295121203
0.027321638513149806 0.002414177131291215 0.26183574259543585
0.027415992181084148 0.00252512517707914 0.26138380700303016
0.0274305251393702 0.0025103714945385377 0.2614728899311082
0.027434254494751554 0.0024979375422987202 0.26157054924628154
0.027422855859004974 0.0024877007892138026 0.26168390616000714
0.027398304633394616 0.0024847506183776507 0.2618186277852685
0.027492459287305957 0.002584111706144169 0.2614469066516419
0.027496436354422074 0.0025714430569087946 0.26154415541083037
0.027488955640887963 0.002560450560982795 0.26165302130704365
0.02747485134646203 0.002562048858021924 0.2617876226459127
0.027536049912404756 0.0026706090911806325 0.26133668668482385
0.02754833446023251 0.0026575052250158615 0.2614268781959334
0.027551945423952 0.0026450951288553796 0.26152403520213613
0.027545978887173753 0.0026339510174740433 0.2616286053700637
0.027589453379604608 0.0027446272390073425 0.2613187878557186
0.027600955200437514 0.0027311505430024628 0.26141006012413737
0.027603881841810098 0.0027186242675720194 0.26150765520031505
0.027638906957488777 0.002819708656779666 0.2613043568114128
0.027649323502506155 0.0028058081185171994 0.2613964992143874
0.027685184286275463 0.0028951139717666332 0.26129162903815584
0.027694410682861957 0.0028814728885876366 0.2613841823301325
0.027727690760631325 0.0029713932173153178 0.26128121813827354
0.027735129083413905 0.0029581182896277125 0.2613749375015295
0.027766276896522078 0.003049161889190146 0.2612733711329948
0.027772170629749546 0.003034578258506721 0.261366259027926
0.027804347508692047 0.0031342657640749724 0.26127617200225006
0.027802184468766783 0.003106786513990561 0.2613566647688388
0.02783118258264753 0.0032367003220995314 0.2611706959602875
0.027827735701672435 0.0032073692748709657 0.26124610802815473
0.027849075247333786 0.0033176275542906885 0.261050883176995
0.027855390678584994 0.0032993084301119993 0.2611753230870618
0.027851764586958067 0.0032847842285226234 0.26124687985912226
0.02786704556598718 0.003401133995339455 0.2609698901985902
0.027877026627850975 0.003382261542259194 0.2610983063857273
0.027875525153914824 0.0033754288850524872 0.2611725349258685
0.025552763779390784 0.009283203912920309 0.2594880309250361
0.02789608510713874 0.0034794313872146395 0.2609958213087718
0.02789618415815698 0.003468024260937759 0.2610882127383473
0.024631699084965413 0.011694819049907611 0.259970447079862
0.027902115549833854 0.0036415420262849 0.2609320439690568
0.02469113852917776 0.011575991971045092 0.2599555670294343
0.024667537702547235 0.011609763687332787 0.2599080974448424
0.027886434263599057 0.003805964732419909 0.2609632393400157
0.024727510239779118 0.01149939771630858 0.259905605855416
0.02470972011752777 0.011517791218901266 0.25985259963302026
0.02786917523326561 0.003923444741838549 0.2609406461494718
0.02788320921449065 0.0038961002365789452 0.26102753820896557
0.025479370426429435 0.009519976732830632 0.2594639139602024
0.02478014817147595 0.011382530008833406 0.2598699903307649
0.027851685695392352 0.004011331572245646 0.2608929244268921
0.027867139031621913 0.003987581475186432 0.26097279453074246
0.027844997627523512 0.0040949519602164934 0.2609266719151511
0.024814034075541294 0.011294824371209414 0.2598548060087632
0.02480271115091663 0.011313252126110871 0.2597810091062047
0.027808070737047955 0.00422336614815642 0.2607893024691468
0.027817598679052567 0.0042219370755626415 0.26087297164789675
0.02782863466152078 0.004175189107104973 0.26093034153403954
0.02485637526258742 0.011198602185922288 0.2598162667257122
0.02484254102282822 0.011227443683640578 0.25973772563124786
0.02778180723368007 0.004321332825504741 0.26075700099673205
0.027793057805035198 0.004305291959865762 0.2608077264575356
0.02777213923380887 0.004406515394568766 0.26077971636391245
0.02778227732825821 0.004361972687605873 0.2608196677105399
0.024902798785262168 0.011082333323961191 0.2598529796332614
0.02488452723644543 0.0111085810716052 0.25978024425571067
0.027732893230288866 0.004531819179792804 0.2606243009762694
0.02775662140681477 0.0044840515623810594 0.2607184076644778
0.027727794394878193 0.0045946535945792545 0.2606327402887945
0.024927599611458063 0.011001062591319714 0.2598082871961391
0.027695339858826457 0.004700879261097574 0.26059042982481206
0.027643473178536535 0.00484561965744484 0.2604926623509727
0.027667222457209678 0.004802006120528058 0.2605880913364022
0.024977167788756638 0.010904536277168149 0.25971122383242445
0.024972747792054918 0.01091814581600562 0.2596610365164791
0.02763258591561187 0.00490233363807691 0.2605494587373618
0.025003015268622763 0.010832904792584044 0.25968741762313274
0.024989518699107528 0.010863791910209033 0.2596100392057532
0.027576981893881823 0.005012092348149277 0.2604681226726015
0.027530823689987757 0.005112126832547312 0.26043074403907246
0.027546672930665657 0.005093969166690389 0.2605107852362184
0.025043090254816533 0.010726408195859492 0.2596471485125433
0.027492262848035874 0.005215712919432801 0.2604249007034059
0.027449208705354076 0.005304767529195685 0.26038458496977845
0.027458951050371154 0.0053000990122328475 0.26045102896546607
0.025071535888566497 0.010645260536069116 0.25960231596486744
0.027405315899606743 0.005409669586800958 0.260319828001707
0.02741669789090893 0.005391167434857508 0.2604143701682122
0.027331360045249067 0.005552579516296233 0.260235485146302
0.02735952608984326 0.005512432397430907 0.260286172917793
0.02512107497477102 0.01054058127520158 0.25962126714641987
0.0251079515672623 0.010562015737399736 0.25957725408465815
0.02728772576842328 0.00563673866060994 0.26019355585684617
0.02729941604114427 0.005642190358587851 0.2602853480167122
0.025148996285604252 0.010464317879464325 0.25958164094584507
0.02725238417874166 0.005736056170043075 0.2602400319846838
0.027181976710750337 0.0058596522908174594 0.26013197414146744
0.02720506092034878 0.00582261287151914 0.26018852202016557
0.025181595267794104 0.010368212039781196 0.2595194036416059
0.027133106540376057 0.005966255094654436 0.26010818110757755
0.027082636394767868 0.0060651669389067756 0.2600685873357328
0.025232386036952048 0.010259472369842655 0.25954844412283484
0.025216927691606512 0.010279623257846735 0.2594751465275684
0.025262231655360363 0.010164331815603196 0.25952233200111274
0.025831873456067484 0.007761039996237382 0.2594834353038696
0.025289128047489264 0.010085611674412881 0.25947701036873444
0.02691314428394289 0.006446019054026478 0.2599714299846116
0.026849342619887664 0.006586249537675551 0.25989615427259677
0.026863159752789394 0.006570194822468381 0.25998040553346546
0.025331314931039392 0.009976445358862072 0.25949747893500996
0.026819947324018618 0.006652410777187295 0.2599459075264305
0.026768819548768367 0.006742233562445241 0.2599869504362502
0.025355505257980214 0.009899972700417333 0.25944513511404815
0.025383285211667477 0.009803777211117285 0.25940809245065233
0.02551648991579501 0.009396341759042238 0.25941627219947105
0.0255210836797886 0.009393706273520406 0.25948107766026296
0.025817860146601063 0.007717627033590038 0.25948993607551424
0.025794257519230448 0.0077082056433878336 0.25940607692581746
0.02541343927798228 0.009712729115489205 0.2594617694919938
0.025755540526055446 0.007599920016289483 0.2595689211182329
0.025443980288010672 0.009615492011471098 0.25940523596646586
0.02576016856069134 0.007608127783133551 0.2595245422261912
0.019339225296403428 0.02411121557738933 0.26810471353470133
0.01938795254141244 0.024058789701644136 0.2680449816224082
0.019483947045706957 0.02391510218788153 0.26802567802600863
0.019519651793462503 0.023848556648136572 0.2679638338983347
0.01953948294329339 0.023800412039082976 0.26788687631511193
0.019689137149398482 0.023145860168463244 0.26762883662405035
0.021293104127322115 0.020180390756518327 0.26325036118565265
0.02135997402907197 0.02002175744630887 0.2632164491740352
0.02164441339958656 0.019354721567519436 0.2626454083853792
0.019317504860280884 0.021313583669468037 0.2655519354923843
0.01929002241789926 0.02126159995295759 0.2655223731383085
0.021754918713351914 0.01898651134361283 0.26241432101307105
0.02176319495045251 0.018942291594325283 0.2623441324451101
0.01926324697189545 0.021200792117930693 0.2655197392076648
0.02178534691582047 0.018847995152076937 0.2623682292646022
0.021799153415584017 0.018781937167663108 0.26229382295062625
0.021810096781016548 0.01875431320550639 0.2622059766145174
0.01924313433851524 0.02113880761716222 0.2655663853205038
0.019214157784683425 0.021096390096947703 0.2654985481219556
0.021945315879259828 0.018374889487065848 0.2618920169096903
0.021942571071922132 0.018333868955160676 0.26180908662333563
0.021962024131336227 0.018240525724735453 0.26183754443971735
0.02196313497686718 0.018207708909197286 0.2617714313552322
0.02197642065057814 0.018166107651651133 0.26168817451860843
0.02199137176378723 0.018114018569665397 0.2617263220985014
0.02202514572659528 0.017947676815481817 0.2616870619641233
0.022031496049246802 0.01789826322959744 0.2616100779922054
0.022059173286912308 0.01785425707962012 0.26171683684935276
0.022067336095174323 0.017831040277860654 0.26163736251653164
0.022052217107196747 0.01778641488459365 0.2615723518821838
0.022076515854991013 0.01771885988984048 0.26167494139694797
0.02206605316611172 0.0176429069504555 0.26169784593667694
0.022048137420378554 0.017622281171538984 0.2616582042490373
0.021998197029888814 0.017568405830592593 0.2614966325205832
0.021947282316600737 0.017470496005313477 0.26146109648978905
0.022657137821410264 0.016332965070269333 0.26168621251478313
0.022698942891274713 0.01627946671582136 0.2616175941250835
0.022720958961287053 0.016241670554696594 0.26154406331136937
0.022769633443415586 0.01617967668924418 0.2614475749222452
0.02281480117767589 0.016113077145776235 0.26137733112969624
0.022838518330089486 0.016065680408254394 0.26128654713797045
0.022891842689735604 0.01596465053883135 0.26131579400536986
0.022989094720252772 0.01576766782355689 0.2611734522018003
0.02301167896407807 0.01572671529817488 0.26108674908596424
0.023061971199558298 0.015620077506554721 0.2611161651623304
0.023083350605692082 0.01557482376423833 0.26105470593682495
0.023121798926969875 0.015487266086131591 0.2610795381758594
0.023130942963211276 0.01546256537737473 0.2610255398574772
0.02314901156666903 0.01540558135697073 0.2609394492442391
0.023177092481566727 0.015349069723588816 0.26105056851759445
0.023193670750207653 0.015311457755993923 0.26096939894815796
0.023246968505482395 0.015171494935775992 0.2609176664976137
0.023266100302126044 0.015122313523693948 0.26083522317427704
0.023299864456193545 0.015040737781748144 0.26086836617845743
0.023312181771638744 0.014994133737203121 0.26080986203268747
0.023322577831597607 0.014963121587640862 0.26071085795743376
0.023342838813189926 0.01490968012727978 0.26082677060963083
0.023355807030832187 0.0148705572570674 0.2607647067227278
0.023363144122895276 0.014844109527750681 0.26068284915683393
0.023392774212393816 0.014729693883944154 0.26070505886526635
0.02339352575364403 0.014706139315820486 0.26063733302746245
0.023411472589343483 0.014664176205140511 0.260721661740428
0.023425455846507612 0.014602297986008905 0.260650557549861
0.023428234898171092 0.014564204843436492 0.26058087241255884
0.023455679044590862 0.014490312384178701 0.260616926631343
0.02348282380117412 0.014407112155237774 0.26065203979261065
0.023482873007566803 0.01436256052582991 0.26056071442211687
0.023518136684903688 0.014255446576192175 0.26059170422453104
0.02352601617651082 0.014206427289052947 0.2605350881261104
0.02356014915161678 0.014086644877495873 0.26048749829639867
0.023585085882726422 0.014013061757178917 0.26050932250190517
0.023602252237548485 0.013933781076238381 0.2604403795175505
0.02363309037861933 0.013860543213373586 0.26047408716354215
0.02363316329083391 0.013830571624271044 0.2603886693443796
0.02366650123458922 0.013740470405735592 0.26042601110953073
0.023674952333418278 0.013699509982785652 0.26034831969443006
0.02369931910029966 0.013628014983839795 0.26039761064692124
0.02371271544455648 0.01356154544855134 0.2603137261844797
0.02373434200325524 0.013493013022110619 0.2603623553792602
0.02373816745017204 0.013435577883342367 0.26026694223503694
0.023763826371024355 0.013360585202195505 0.2603125374119212
0.02376492204501677 0.013330449442267448 0.2602455954663858
0.02378684636543347 0.013234253527040912 0.2602747561757051
0.023800065225975647 0.01316638789625611 0.2602884566860663
0.023824891342074703 0.013051936093191307 0.26034205939900723
0.023814431437853757 0.013058966343272088 0.26025782017009635
0.023840017161330527 0.012967865964877655 0.26036711140126595
0.02383705907700352 0.012941467013581917 0.260285374929556
0.023847164708105564 0.01287036153759135 0.2603218691606642
0.023834185748534974 0.01282415889166816 0.2602475228607014
0.0238111440210603 0.012725322057618133 0.26021041221357755
0.02378703365486141 0.012694334125335577 0.26014827757915676
0.02380142317729424 0.012669839793143069 0.2602625263088416
0.023758904332860212 0.012608442086181717 0.2601789587550429
0.023723633798163297 0.012565990114027736 0.2601236567357089
0.023713851347379532 0.012507287226953006 0.26017359599887674
0.023682515309528272 0.012492336288096843 0.2600796810024221
0.02671387492787278 0.006841430651968471 0.26002371354363735
0.02672997977797876 0.006808639187376991 0.259991450023169
0.026793897930199272 0.0067001508832463304 0.25999197603036883
0.02684765592336394 0.006599958693731502 0.2599387430750579
0.02688583163375044 0.006517241829604632 0.259984691914276
0.02693199870709515 0.006398919438836759 0.2600008478971238
0.026976024637703436 0.006297007640656362 0.26002244990225526
0.02705531767722015 0.006131540487716015 0.26008346925395653
0.027058761899848745 0.0061099878703417924 0.260031109790487
0.027107328409340825 0.006005717397829023 0.26005512736983477
0.027144304576502118 0.005933870283663526 0.2600872397560453
0.02717903604028981 0.005872137588150148 0.26017849471441923
0.027276500241632556 0.005689349058120175 0.26026237741612873
0.027268323449120203 0.005675929395734966 0.2601769039744895
0.027313283223814842 0.005617349533413468 0.26030202328430935
0.027353439815833106 0.005536381313545305 0.26032623887822864
0.027395066338136053 0.005438973194869628 0.2603364512999303
0.027428308536128706 0.005359556852058159 0.2603714766317215
0.02746702003545701 0.005270262798038192 0.2604179834165644
0.02751357762867261 0.005170701999309383 0.26044476681012196
0.027545599330528615 0.005088535726088269 0.26047511572534465
0.027581166424866944 0.005013150369630183 0.260510946169551
0.027617331922816065 0.004939542639296116 0.26054121203304703
0.02765142925623322 0.004850245967874047 0.26055980893673475
0.02767786123107699 0.004768889616674034 0.2605943138570402
0.027703501438401543 0.004680522201695813 0.26062218179091423
0.0277317306817293 0.0045988478034300695 0.2606695569393476
0.027746385019115406 0.004537787407831256 0.26069875647162294
0.02776403905142178 0.00444024292270337 0.2607414654058691
0.0277807474418749 0.0043501730714962 0.26077857334830706
0.027801781581383748 0.0042669117184878005 0.2608012053228195
0.027818107596115773 0.004204595657898559 0.2608356236193436
0.0278358304003725 0.004142686548506496 0.26095084963065834
0.027835334303787092 0.004129578625453195 0.260887752270639
0.027853120726026637 0.004067291006432522 0.26097753545225266
0.02785328179591169 0.004043794758734386 0.2609256472734389
0.027865587207594373 0.003968692011327078 0.260937274150715
0.027879942504372632 0.003885160943292258 0.2609896077348402
0.027867094095731567 0.0033460211473768224 0.2612330144622649
0.027852870662464547 0.0032848420963126077 0.2613122621881438
0.027837209150482083 0.0032144319304194804 0.26133399519026757
0.027185788862181426 0.0023070244541358743 0.2619390380295567
0.02790899367099799 0.001566927216043655 0.2630607306438111
0.02804371816475071 0.0014448563667988578 0.26303835220892974
0.02811333616564652 0.001370180700226033 0.2631566207329469
0.02813109965892645 0.0013352647222990256 0.26309242218240325
0.028542246694616354 0.0009618594587735831 0.2632481325880123
0.02863483802883335 0.000885455233140588 0.2633006633098171
0.028759667905287157 0.0007796938460024802 0.2633165965936954
0.02894500393937367 0.0006013687557013899 0.26344231945573005
0.0290297989827889 0.0005351734034031781 0.26356432785276196
0.0290892144791595 0.00045615870768868664 0.26357212588149853
0.029133262309211486 0.00038884326982483526 0.2636642921068359
0.02918039627833273 0.00031252698966474055 0.26370341110525597
0.029227776183812795 0.0002137420434758991 0.2637138849232402
0.02925936856727821 0.00016736998080011154 0.263822302994198
0.02926624472023819 0.00014738093757306526 0.2637623342475766
0.02929067201052168 0.00010090220735804343 0.2638857489502136
0.0293259233434123 2.7488967992153547e-05 0.2639119371825948
0.029356399356813057 -5.508901421919258e-05 0.26394252514364314
0.029388038011017036 -0.00013727459412566734 0.2639653063840745
0.02941498892980836 -0.00020178763319711988 0.26407086951526193
0.029414358588180818 -0.0002099365250506182 0.26402310593781003
0.029436183521945092 -0.0003040701924565915 0.26403087754812493
0.029458937216687714 -0.00039035489203923684 0.2640673953861426
0.02948055536123976 -0.00047869133586233713 0.26410935766824006
0.029493620026010185 -0.0005414176683646139 0.2641117706218759
0.02196846738476708 0.01819172207168022 0.2616965415999102
0.021839513212050465 0.018668057951272927 0.2620229208107241
0.02186961648423363 0.018593014460837564 0.26198016541285285
0.021894726972527364 0.018522711799276323 0.26194895112197414
0.021922138281431015 0.018442651958234423 0.2619247841549211
0.02194858077127832 0.01835972650873258 0.26190511051378434
0.021957442933894667 0.018291000236724034 0.2618485318993654
0.021966576206803104 0.018210192214784017 0.2618214571968532
0.02198620632910527 0.018140137974910646 0.2617846922505841
0.021804428948509664 0.01879583107460243 0.2621510954080767
0.021837431688594873 0.018697101559722706 0.26213231961678873
0.023014602934592718 0.015712076764466995 0.26102152490388963
0.023057630307786996 0.015627675169076954 0.26099389136717044
0.023093887034779593 0.015545288273103506 0.260963298398703
0.021708671469469542 0.019117904579474154 0.26240667873571644
0.021731985782336094 0.019048148944965513 0.2623684828894783
0.021756374463292177 0.0189627747131808 0.26233572374741976
0.021772934651357125 0.01888719838983634 0.2623268779110563
0.02180818243730769 0.018754582056011562 0.2622444010846838
0.022928792716799738 0.01589923456855606 0.2611837761685715
0.022964811633387927 0.015818887128777822 0.2611393272026793
0.02300306694890223 0.015743120736788303 0.2611394597915042
0.02304569311216466 0.015658515381152198 0.26112002327938877
0.023078827772087262 0.015584258573803455 0.2610869198615262
0.023113497394060507 0.015508597076228299 0.2610411504602091
0.023147710739839567 0.015417804624486537 0.26101340433656417
0.023173518171885562 0.015360692085973062 0.2609967933132441
0.023208421131407704 0.015266076671863582 0.2609557341774823
0.021647984568663202 0.019316602955272034 0.2625593610324173
0.02167416520740866 0.019238919895364012 0.2625595973758447
0.021768870558752956 0.018941447153558427 0.26243784610147997
0.022863750560842624 0.01601535700552567 0.261322255230457
0.022910268794631875 0.015937493681226652 0.26128633394353357
0.022945356162488495 0.015865006185642558 0.2612589324435594
0.021548697697847136 0.019580571867720595 0.26277149401675554
0.021578703127091963 0.019505471843008392 0.2627377138420364
0.021479509853143806 0.01977032713551413 0.2629446340277002
0.024617461214359156 0.011719374573472325 0.25993069075957137
0.024650669818147022 0.011648894986453402 0.2599161168840367
0.02468769678798776 0.011564337181816025 0.259886282652367
0.024739424503034887 0.011468569771440859 0.25987341494448907
0.024768753462866635 0.011397161358912519 0.2598224378953849
0.02479878065399023 0.011327393898952898 0.25980993314732603
0.024846042676482303 0.011227548943859411 0.259778206581607
0.02486521664740307 0.011160723286590667 0.2597695863165457
0.024957553516283575 0.01094678786852045 0.25967074918920735
0.024986135704913495 0.01088194635889025 0.25965289791132595
0.025020324465937906 0.010783795530434043 0.25962217825649403
0.02263849469969488 0.016356785269076458 0.2617333433607494
0.022693491290820184 0.016285623273796585 0.2616932270474544
0.02443028315575999 0.01197885751050657 0.26010313674812163
0.02450334469129318 0.011891793570818621 0.2601241831951274
0.024558623585196265 0.011822793426545417 0.2600850554188154
0.02460296153296308 0.011755350541554493 0.2600420122573153
0.024644865070089603 0.011674385029095659 0.2600197382193211
0.024844442574870413 0.01122753055089393 0.2598780839536014
0.02488076116138704 0.011137716995659077 0.25983658635283335
0.024908041620925626 0.011053390866919834 0.2597857177216426
0.02495072014021847 0.010953610114058827 0.2597724552501742
0.025067627468691765 0.010671489123340353 0.2596719580330721
0.025100493480574654 0.01058447085899465 0.25963034305580196
0.025165830579297385 0.010415970252439498 0.2595890007092186
0.025192102257744427 0.010341738559239533 0.25956386274517523
0.025210597618098813 0.010305759181324344 0.25952869012357543
0.02524190786640248 0.010224254495452195 0.2594909357618137
0.025266844793368104 0.010139247769410201 0.2594575412727304
0.025296149677890064 0.010053598017511772 0.25944109358465894
0.025327826489916102 0.00996562983533584 0.2594180138726909
0.021336465885958486 0.020075792864470705 0.2632550346711998
0.022551486058869117 0.01648244567317495 0.2618497117029368
0.022613352678721832 0.016395198273461274 0.2618228410443815
0.022669376230518967 0.016316239294878163 0.2618274185595549
0.025350840122374478 0.009923226906853192 0.2595072199446657
0.025371425823398127 0.009856818662234722 0.25947497302760275
0.025387834162306767 0.009791816983578215 0.2594381520731598
0.025405665186903337 0.009731354080817066 0.259418206475863
0.021279723648468637 0.02018136415077883 0.26339163411260375
0.02542857833195297 0.009671490209547858 0.25948698278574206
0.02544722743275175 0.009615788591721755 0.25945113628227295
0.02546372537296488 0.009568496333879404 0.25945633163759224
0.02550427098292381 0.00944303511577312 0.2594865119169868
0.02553395712400089 0.009346437846591941 0.2594621059747862
0.02554479731442187 0.009311713913760912 0.2595518653412077
0.025571173321812204 0.009229473067386581 0.259519564816107
0.025593028816266097 0.009164405290456956 0.2594888568828062
0.02561318817686198 0.0091209876829605 0.2595659043340271
0.02563526210300193 0.009047793443039838 0.2595365588569105
0.025660972287407113 0.008975071306881318 0.2595085791923237
0.025685808010813348 0.008888461424147669 0.25947192104785693
0.025716793642097564 0.00877891075723244 0.259529158349788
0.025733982211052386 0.008704584599992486 0.2594970629366075
0.0257530079202456 0.0086234201719012 0.25945322905813084
0.02578982594840565 0.008508096805736928 0.2595242369261382
0.025802857075694022 0.008447883668586342 0.2594707102567475
0.025836014440763996 0.008318520830734442 0.2595292480413359
0.025844586280310552 0.008251507407724918 0.25948823023540557
0.025856039757922538 0.008226098133833808 0.2595688946082782
0.025863322451478443 0.008151213384731952 0.25952769811781456
0.02586970229428787 0.008078511945705424 0.25950531669093424
0.02586871419214966 0.007997063511546585 0.2594641289788438
0.02585468459813557 0.007918228925852424 0.2594172526565666
0.0268375924923093 0.0066252671204329126 0.2599851821942712
0.02714612058134842 0.005941494753884982 0.2601319890865458
0.02735482368958564 0.005534640005374219 0.26030199049602903
0.027411092280439014 0.005407708731965657 0.2603607276223996
0.02745167676087171 0.00531029546151905 0.26042159521384944
0.02750412032662692 0.0052036890018051125 0.26047958901574364
0.0191246598679532 0.024351530685346883 0.26793992916711357
0.019179426612485753 0.02429438266354464 0.2680236050495254
0.01932544174146342 0.024125449333212517 0.268001029580261
0.019381959655592012 0.024059786805309492 0.2679915252700838
0.01950247658651063 0.023872565151998124 0.2679315534675988
0.0192227807328024 0.02423787807604402 0.26812708151275716
0.019300363659657385 0.024158351518330425 0.2680926171401552
0.01936982981221227 0.02407770101684576 0.26807821401690046
0.027628348490109707 0.0018200646933349538 0.26302374467708345
0.027726678627851796 0.0017278287686006216 0.2630330993657487
0.0278159739077727 0.001646887703997085 0.26301476572332005
0.027973056859616412 0.0015171383207589206 0.2630948960396139
0.028039410054716586 0.0014524792144935653 0.2630952617949497
0.02809074540827575 0.0013838698987369948 0.2630945305177311
0.02815540043704699 0.0013254015448297975 0.26316730854907266
0.028218812156534216 0.0012585479576649964 0.2631591960454599
0.028303596719006716 0.001171003237316376 0.2631577631444025
0.02843310039837704 0.0010562337937128834 0.263233710215738
0.02852895851807965 0.0009669319002979476 0.2632155542685143
0.02857448143787933 0.0009357247481970911 0.2633011340373307
0.028688636260087046 0.0008390769772140768 0.2633068619541199
0.028734159523703097 0.0007923784088936909 0.26326951080036837
0.02880902867443366 0.0007386143212659276 0.26338461309769745
0.028876178491499274 0.0006623312237321268 0.26337402918543845
0.02887066431422511 0.0006859489330860147 0.2634380128298631
0.028929562519714055 0.0006237792823309834 0.2634579273048796
0.02904634475997019 0.0005065756879778206 0.26352400663093134
0.029086548925167568 0.0004641645636031739 0.26364742051074247
0.02912771860233371 0.0003933776624250073 0.2636034673947707
0.02916168618636591 0.00034449092334382135 0.2636714513993383
0.02919803001039397 0.0002746034699415689 0.2636643441275715
0.029178021629596186 0.00031315729003639784 0.26376718813689604
0.029218252727600556 0.0002400840732669885 0.2637654350982959
0.02925849574774071 0.00015869742596476684 0.2637344358423227
0.029236422597394382 0.00021052581789925687 0.2638337737043053
0.02928363496718441 0.00011521730865955617 0.26380412434671824
0.029298917014450653 8.37904099011738e-05 0.26391412479201626
0.029331772776909917 5.965731203190364e-06 0.2638656782352885
0.029347370201995928 -2.98999356289323e-05 0.26397363386401335
0.029372778549069587 -0.00010293370966665816 0.26393560361357005
0.029389788716959617 -0.00012932337319557935 0.26402498044472417
0.029426102450582133 -0.0002478953039864195 0.264052634928609
0.02678387652723301 0.0067163989720468295 0.25998954518835077
0.02668506937021229 0.006887115369224813 0.2600396861751387
0.026581729529401844 0.0070347207496784135 0.26003162313213785
0.026635591739436346 0.006971256324938742 0.26006940217292335
0.02643853725308403 0.00717277334231409 0.26003830739496014
0.02906150645662095 0.0004999766000726786 0.2636060446903519
0.02911275715783662 0.0004213268713081778 0.2636461579897697
0.029152400854205215 0.0003623177010900103 0.26371590946049545
0.027873726020259778 0.001594807274480373 0.2630157324521478
0.027730315200098936 0.0017207613067258777 0.26300672229000227
0.027806474049470575 0.0016604286154982806 0.26305902122815233
0.02785013256418676 0.001621628340911939 0.2630914729150853
0.02462430421486737 0.011708248247526908 0.2598945405297656
0.027653100210453575 0.0018027496315995764 0.2630334059284062
0.024608373292019137 0.0117396658706234 0.25999265382782555
0.02746856567121786 0.001926179761060983 0.2630219486569069
0.02449229576227421 0.01190379259384458 0.26002151879470553
0.024548393484211888 0.011833794684268924 0.2600502443851859
0.027243193552803094 0.0020213257481262866 0.2629787455460627
0.024358869808798266 0.01203914229809804 0.2600157694123448
0.02447744175403629 0.011924735164300357 0.2600994112884516
0.024192649002803983 0.012140230174070486 0.25997514166461017
0.024272046008292147 0.012109709604011028 0.2600606702096859
0.024347896533691456 0.012051620291004145 0.26008378874361504
0.02297737383384548 0.015796500725614754 0.26117092685415016
0.022931857629402898 0.01589575142933277 0.26123519083040925
0.022958944001200653 0.015835105931432086 0.26123776521328995
0.022838937927641915 0.01605912301541713 0.26123847949046114
0.02287853090082496 0.01599283080858839 0.26128273880347347
0.022830424463758978 0.016083694168147235 0.26135698522697315
0.022761088700311644 0.01618694777659692 0.26149712885704357
0.022695422877487673 0.01628160104925644 0.2615568399982793
0.022744157632774337 0.01620206113640276 0.2615847001434759
0.022673299214079276 0.016314538804870903 0.2616384330523494
0.02272232102819802 0.016238541478372726 0.26164895810368577
0.022666997965170455 0.01632053159511671 0.2617168126595649
0.02265529813895295 0.016339857251469418 0.26177983681027733
0.022582839515889915 0.01643445689982376 0.2618231626810134
0.022391853746130647 0.01663990711966706 0.2617824667313897
0.022464462596876043 0.016592414015470305 0.2618217555344662
0.022518094058482915 0.016531215562072977 0.2618794527460772
0.022354242473269576 0.016663248536533032 0.26184753066158495
0.022432063958336797 0.016621526974001717 0.2619050933846086
0.02188292311210011 0.018567228962374754 0.26200855444460525
0.021844216752183804 0.018669549951193885 0.2620633083700272
0.021820919820615403 0.018763033006917604 0.2621445506014839
0.021772202563809587 0.018881557983365254 0.2622911425649314
0.021790401281356127 0.01881748361363079 0.26232566964159304
0.02172062814692055 0.019073974624969098 0.2623365120266479
0.02174901440738296 0.0190002306503284 0.26236477881495396
0.021774985537597994 0.018907459977139256 0.2623839088539346
0.02169300390895698 0.019156081766616546 0.2624064441520798
0.021725021507128944 0.019077806588695623 0.2624566012186683
0.021685926578399985 0.019184591441343535 0.26250799723789764
0.021624242826372497 0.019400787262031684 0.26262022383524786
0.021588717934707277 0.01948588928644082 0.26267870447831576
0.02152267265634038 0.019673324990320293 0.2628251125570432
0.021542101319897963 0.019609044294355667 0.26283758221857306
0.021480308796657903 0.0197661729264172 0.2628893935422204
0.021507630376033773 0.019712657409128146 0.26290921497278685
0.021420985001924298 0.019873012613953214 0.26292882847147864
0.02145821095133938 0.01981160389903129 0.262965652792542
0.021414130985687646 0.01990838350229237 0.2630363544609859
0.021374416225719037 0.019980482364660213 0.2630727575389589
0.02132984986471163 0.020072268538775296 0.263141149795157
0.021371577808028765 0.0199969347800202 0.26318818895372037
0.02128106556027274 0.020177319376613424 0.2631952713768958
0.02132572702235964 0.02010427505539546 0.2632470359395044
0.021276461199894972 0.02020502181742125 0.2632944324359805
0.0212149328348286 0.020276857073391143 0.2633542110876214
0.021259562422537896 0.020215162965108155 0.2634124343149801
0.02118896733065017 0.020308554338482557 0.26342745758295383
0.021233243900719293 0.020249232569675736 0.26346456669219337
0.017864093839590617 0.02493622191034944 0.26853773662218855
0.0179183759748768 0.024927240838270557 0.268442937985948
0.021185040478489753 0.020320616749911764 0.26352939876139825
0.018077644830174527 0.024886079773055635 0.268462405593467
0.01796684327686671 0.024917596689186243 0.26838869050558006
0.018140419941340708 0.02486819959254049 0.2684283156174796
0.01799800468691824 0.024909700147150587 0.2683219060489492
0.021135234723607867 0.020401226809628158 0.26358188244698877
0.018174392534176142 0.02486151240602329 0.26833997217871636
0.0182425808683845 0.024840324254408443 0.26826239821782066
0.01826814864217383 0.024833277018560827 0.2681923848740185
0.0210610571275732 0.020533764226792213 0.26372883708317973
0.018441500700532274 0.024771405715692137 0.26818444624414783
0.01830392391923422 0.024820338311832623 0.2681169280067403
0.020952649031113355 0.020677745032183396 0.2637358706669641
0.021000941223028497 0.02062674079119509 0.2637595969920322
0.018553784460239402 0.024727900804801348 0.26819295611103366
0.018440597402436306 0.024768965546379473 0.2681175207622573
0.018604116151230077 0.024706007571363462 0.2681228911882001
0.020871460790643805 0.02075460736496439 0.26377568390105693
0.02093289358961235 0.020708586691127916 0.2638216514177457
0.020998412403551082 0.020638158507840794 0.263858891800651
0.018703371893063092 0.024657854927750758 0.2680923245719941
0.018822984276161848 0.02459374521693187 0.268047080675299
0.020864441346357947 0.020766621580981616 0.26386027139254004
0.018856779274249665 0.024567576679395617 0.2679814063062693
0.01928395336333781 0.024172340639833433 0.2681478414532273
0.019232851962594624 0.024232906251649443 0.2680717972962694
0.01916569894780781 0.024305301651488212 0.26805847347972783
0.0191090005569975 0.024368446531817214 0.26798222938246274
0.01902824022935228 0.024438070410225218 0.2679376357177325
0.0192912074278376 0.024168123619448208 0.2680514559113276
0.019203146963092013 0.024271160977748982 0.26797151585413975
0.019145588924980732 0.024327655488453358 0.26791054805846815
0.020677773167311692 0.02088734685259107 0.2639651643781317
0.02072442873245265 0.02085934199628398 0.26397136033363483
0.017439925201365496 0.024985095130821252 0.26848699604604914
0.0173986185039989 0.02499003604427786 0.26840689522566086
0.017355826141031205 0.02499164072079567 0.2683257526179573
0.017312049925224223 0.024991877551707054 0.26824414823976145
0.017266251658599706 0.024990241908035775 0.2681616550143186
0.017532622412871016 0.024980443646938005 0.26846962637199384
0.01749130174525853 0.02498621107489045 0.26838943849633395
0.017448245362187302 0.024989520232676248 0.2683082300327875
0.0174056958681471 0.02499065974613021 0.26822710285259493
0.01736211863605722 0.02499014803161457 0.26814568498237185
0.017661105410301893 0.024966802885268785 0.2685303162483511
0.01762261253917404 0.024973335356832545 0.26845096364229687
0.017582642953315547 0.024978945070451543 0.2683714175643332
0.01753972110232668 0.024983237706119363 0.2682903260297151
0.017787386371940293 0.024947446167671482 0.2685694961413008
0.017746551700460446 0.024955875121157836 0.26850770462369317
0.017708234673525503 0.02496342185941692 0.2684301859047376
0.017670229345262047 0.02496899968387866 0.2683517747607728
0.017629226656954745 0.02497362355214155 0.2682715500015406
0.017839789031707305 0.024941171956240432 0.2684797921568839
0.0177938009154534 0.02494916026447317 0.26840873405745114
0.017913648104833414 0.02492781594623322 0.2684851075697221
0.017887146795858302 0.024932614221931566 0.2683860070143607
0.01799817173938409 0.02490855293653132 0.26844874362934734
0.017949642102920754 0.024921227702548336 0.26835291311807274
0.018084361590456233 0.024885608385915046 0.2684017241092606
0.018037400168721553 0.024899919247013038 0.26835464938118614
0.01814897988323371 0.024867537233922734 0.26837547179309246
0.018115374658176624 0.02487804834703015 0.26831231491262725
0.018185714002033802 0.02485849263185892 0.2682983244905507
0.01815718991973983 0.024865797392788266 0.2682268753912068
0.018216365511946993 0.024849023661553622 0.26818043673783065
0.018305181031099835 0.024820928543368682 0.2681593742903996
0.02768508037662655 0.0017676764797646797 0.2630376889637686
0.01919257797473921 0.021009748411049158 0.26421056025125667
0.019312982413807783 0.021031790855662515 0.264193242751782
0.019420968528544955 0.021052526337737968 0.2642007688202823
0.01952749883006876 0.021070619333699515 0.26417769921139145
0.019628413534859498 0.021083666193127213 0.2641888267994531
0.01973110796498785 0.0210843483117177 0.2641693427922974
0.019815611890273633 0.021082638764687963 0.2641402910649777
0.01992257943080333 0.021073213811626138 0.2641285178184924
0.01987335348088819 0.021069549037986288 0.2640654315768137
0.02001937653670752 0.02106514807844016 0.26412682665417564
0.026651715361927324 0.006931983628924048 0.2600177843509477
0.020103202841075755 0.021058013902496828 0.2640992421797456
0.020080523617009034 0.021055690239614993 0.2640289649111125
0.020190822778987216 0.02104364608487135 0.26408171904084105
0.020133029066313812 0.021044507471990628 0.2639981140099658
0.02027417362583081 0.02102515475389736 0.26406402241095656
0.02023165872632181 0.021027067720820504 0.26397645090202077
0.020348835994938395 0.021008496253107443 0.2640567828259772
0.02031762655415047 0.021008846316504532 0.26393850321166734
0.020425846625172477 0.020990499306763166 0.26401958927743413
0.020392421373307296 0.02099433610379796 0.26394759395170886
0.020496781528859958 0.02096889052174884 0.26399270920397705
0.020596189690640903 0.0209298347337752 0.26396522170869113
0.02055551684617895 0.020939725844679447 0.263900762156657
0.020642361410898764 0.020904446834530143 0.26393543147337245
0.020712167217636916 0.020863581723348085 0.2638966824006903
0.026603727669698235 0.00701632053990819 0.2600742895944229
0.02078494302707734 0.0208201360378511 0.2638499145862023
0.020870721438858007 0.020759635147461524 0.2639039939254592
0.020833274597917378 0.020786293308620724 0.2638142624062076
0.020911528783711535 0.020727181328939363 0.2638680611205403
0.020901496602223433 0.02073233366294863 0.2637820058011878
0.02097367480365219 0.020666114003099968 0.26380920511897415
0.02653899926832808 0.007082303560944264 0.26003154657755434
0.026443869644881986 0.007156564286708264 0.2599804933861555
0.026484723032909545 0.007135450492636399 0.2600599763527996
0.026349093373580393 0.007211250799626541 0.2599469531252291
0.026382357901621294 0.007206324894458445 0.26004084582320136
0.02152960437622794 0.019652543675651942 0.2628509754864993
0.02151084344182802 0.019695674262988766 0.26280225759269815
0.021542862778584276 0.019595615412482885 0.26274599553879724
0.02157675364239496 0.019514016569290648 0.2627022292008211
0.021606529602377356 0.019445260595732254 0.26265725792880035
0.02163961641438403 0.019353465507529984 0.2625938878210745
0.02625716410666701 0.0072540658514091295 0.259921929200165
0.02629627093842162 0.007249214585007439 0.260004271438563
0.021659841805861706 0.01927592334614502 0.26253667389228685
0.026167996635937312 0.007289884699519491 0.2599342327477717
0.0262194565921056 0.007279955438157061 0.26001465077609864
0.02609496337762215 0.00731265537827407 0.25994269735461
0.026143535305632674 0.007303545886314711 0.26003969218212963
0.026052552346933423 0.0073258562484990195 0.259987920384155
0.026057209013766278 0.007323194381018663 0.2600567349779234
0.021618061384971608 0.016835901493766677 0.26170270431145887
0.02165579243376525 0.016835081905401485 0.2616889404845257
0.021807215303502974 0.016806797271650627 0.26175302879714174
0.021761945664198562 0.016811080239583043 0.26169054737796016
0.02186955770393747 0.01680308540742305 0.2617436135344252
0.021851109929146916 0.016801496722841983 0.2616777697231247
0.021957838673417548 0.01679437433630129 0.261725880738042
0.021942397298512398 0.01679050143219127 0.26163389559546574
0.02207152734735069 0.016768506763510525 0.26175954231104814
0.022038333530265405 0.016779006940979942 0.2616903698737596
0.022031476078893594 0.016776796099267223 0.2616225728027345
0.022186374465973015 0.01672621268287612 0.2618185770676533
0.022151876488544404 0.016743626417678646 0.261740230858469
0.022122170062818688 0.016753750670544694 0.26166671259764535
0.022306068733524306 0.016680140157597275 0.2618628320744864
0.022264059471681193 0.01669807179736867 0.2617979013705435
0.022225129095033207 0.016716450886893837 0.26173350034072046
0.022191562095963388 0.016726448261575995 0.2616251348680231
0.02236904258594025 0.0166554725972218 0.26181115620993595
0.022304075717029612 0.01668033540006218 0.26173813673870494
0.02226879389453481 0.016695271418828855 0.2616850719655983
0.025956091840715196 0.007335474957869018 0.259994942126829
0.022457858101528665 0.01660358390786532 0.26187501416329834
0.022424527996041412 0.016617049208389002 0.261776852340526
0.025718656352461327 0.007350554153390614 0.25976357538985045
0.025812462372351793 0.0073397279690626 0.25996798240848046
0.025838867717948744 0.007343936145896648 0.26004119256400293
0.022500206915881484 0.016552122910014008 0.261832831949949
0.0225776451370585 0.016451768571379186 0.2618916963162338
0.025695482459189647 0.00737174507735116 0.2599131947128417
0.025719669949159887 0.007342694863506529 0.25997807386206945
0.025752618612430205 0.00734483309939038 0.2600281935382056
0.0256792063677114 0.007358478177075523 0.25998249201656454
0.025665953533088717 0.007355563843473349 0.2600713632156908
0.023204737747717596 0.01527948256269387 0.2610023978751032
0.0231915010887726 0.015309710513817808 0.26092762881511966
0.023228915310625493 0.01521302257520465 0.2609364695351061
0.023272091067052338 0.015112259606922538 0.2608869696050056
0.023256835978452035 0.015137474858619559 0.26081779387910653
0.02330178994217792 0.015029282126403169 0.2608283345451614
0.023282709504525104 0.015067441005454136 0.26077534780674005
0.023329165764744943 0.014947622554095876 0.2607986503323647
0.027199835053714733 0.002034643503642035 0.26299206980382156
0.027260124677418264 0.0020146785904426746 0.2629573774643988
0.02740066000952412 0.00196375845746588 0.2630214558218023
0.027534415715776528 0.0018818431774940989 0.2630321206964879
0.027836709730633222 0.001630671486046336 0.2630360346966303
0.02774756945139599 0.0017035178077101578 0.26299457772933194
0.019270462755368103 0.021030565074883167 0.2642528839934497
0.019362442155169586 0.021046976972109752 0.26424998464152555
0.0193658934518802 0.021039431394693536 0.2641846509234891
0.01949627211407945 0.021069757396727888 0.2642141443506171
0.019576168500260102 0.021081284588615225 0.26421142675564013
0.019666700308556148 0.02107988793083828 0.2641528018220904
0.01978453125884536 0.021085568332738926 0.26416714221916265
0.01977463620070776 0.021077692526886002 0.26411346331821794
0.01984177920065878 0.021084601175783743 0.2641734665108662
0.01984215420003454 0.021077299770628135 0.2641091515541438
0.020046147205131672 0.02106094047239695 0.2640524539013457
0.02160869457598258 0.019435774744463393 0.26261522441699137
0.021673639022751514 0.016835573649642034 0.2616622323088269
0.021729757948028925 0.01681476936302981 0.2617235170563933
0.021727892768160978 0.01680890947566873 0.26162942482438556
0.021790873742292785 0.01680808273178844 0.2617160562753256
0.02180741450090022 0.016802037279760308 0.2616610793382114
0.0219064227808817 0.016797063206866674 0.26166944168799844
0.0219809874564562 0.01678870026783716 0.26166144473187397
0.02207763546446065 0.016765598393227853 0.261615764204969
0.022131297934803815 0.016748869645715776 0.26161592352648205
0.023748924294414317 0.01224089877365575 0.2599763121867276
0.023783463669997715 0.01222524692610086 0.2598888837943001
0.023801616619067757 0.012221194159891107 0.2598280584005397
0.02385208707824232 0.012220062984846236 0.259920601707125
0.023888614444741833 0.01221421601485091 0.2598385951656878
0.02394371267326752 0.012216270805917301 0.25994765781762236
0.02394510548664748 0.012211413940085809 0.25985362413309826
0.02402061755873247 0.01219264228937128 0.25997763542088637
0.02403202221011577 0.012193253087729077 0.2599008819750211
0.02410007935489703 0.01217138395253679 0.25999693896888504
0.02412397479892572 0.012159993081489079 0.2599085336935252
0.02417939591868688 0.012146576588870486 0.26000001152750835
0.02418398290578411 0.01213703542520448 0.2599368494546696
0.024247498713316277 0.012125744458873525 0.26007849534191263
0.024233171416588706 0.012124904659879131 0.26001610107129325
0.024302766157235343 0.01208607285811629 0.26009248929189155
0.02431658488751386 0.012071958756507883 0.2600219724752499
0.024391068092512062 0.012014154148567864 0.2600575177657128
0.024455904483761955 0.011947524078812763 0.26005699971733637
0.02451845570779431 0.011872972012794514 0.26006941804349015
0.024516899506712073 0.011875397420506407 0.26001936220231636
0.027112637089710002 0.0020545759767405494 0.2629817069041498
0.02728592805881917 0.0020035450731421137 0.26296608006175815
0.027345717024095235 0.0019828455173800316 0.2629864883669908
0.0271575859990986 0.002042680179095693 0.26297575785017724
0.024281078457964393 0.012097975491910063 0.2600277175896668
0.024221197359163813 0.012124787724590498 0.25996596547241463
0.024186291663621975 0.012144232399755168 0.26003436623576176
0.02413800528076874 0.012160016568395325 0.2599657663330556
0.024057433337140565 0.012180536535040936 0.2600132368614795
0.024078537523322768 0.012175894872955112 0.2598837486473493
0.024026480321175603 0.012193669021309018 0.259941188513774
0.02393616689983024 0.012214037887525774 0.2599917065789975
0.023979246332483217 0.012207280213931804 0.2598780345950707
0.02390299828340913 0.012219583844507241 0.2599375695653575
0.02381876532435225 0.012219700978479632 0.2599864209214098
0.02369082466957196 0.013652279755071325 0.2603579353293587
0.023672536282373917 0.013715480333930425 0.26039104863522744
0.023646577342926682 0.013801316919311805 0.260414450260659
0.02361931746348018 0.013894768264332185 0.26045592757116054
0.023604440524670926 0.013952478834725758 0.2605082478660424
0.02165791944889574 0.019305482572792215 0.2626167607723841
0.02162925974609801 0.019396279495470178 0.2626752748148676
0.02159859313394231 0.019460658195081044 0.2627003961949115
0.02157008662543203 0.019526943590207197 0.2627271835774921
0.02154444465885775 0.019592833654507293 0.26277690391917186
0.02152785466957557 0.019652840006623602 0.2628133668011383
0.021506116268145487 0.019716499532553618 0.26285373898911013
0.021634220005684112 0.019350903409757876 0.26255442758250264
0.021603374589547673 0.019433109405748536 0.2625847102446469
0.022017883604835562 0.01799913283088788 0.2617067528596355
0.021998578075023215 0.018107213219425128 0.2617737058508482
0.021973043785058422 0.01817824007344186 0.2617943024754375
0.021954992167479585 0.01826655749601407 0.2618102856031975
0.021981302318842353 0.018144599441063225 0.26164362872764807
0.019202026258213423 0.021054796573714774 0.2655381267764371
0.019236895363764255 0.021146559277929265 0.2654980553977071
0.02382565054635845 0.012739746481680095 0.2602613423383982
0.02377056286087397 0.012613801045669353 0.26022984809358995
0.02380232959739866 0.012714707923326648 0.26018443565705535
0.02373689933242424 0.012565924241954761 0.26017097303165054
0.023768164429517163 0.012653042745510523 0.2601358014103917
0.023700532261090517 0.012514340890915146 0.2601176502361675
0.025821990955365963 0.008385166130296712 0.25953147786275255
0.02586810225667827 0.008120306972028072 0.25955186353351606
0.02585527900909233 0.008205300918848435 0.2595242773009854
0.025838051563488933 0.008294572816843739 0.25949491422474513
0.02587425027366653 0.008005608731068509 0.2595008930635565
0.02586481070176067 0.008103170045882076 0.2594797813503603
0.025851256754751105 0.008174375480371657 0.25943519675302423
0.02573606281937654 0.007539457873671028 0.2596368500432391
0.025856970712956704 0.007900059418196229 0.25944295932438954
0.025715950491409987 0.007544675112776124 0.2595955165086713
0.0257918667120682 0.007658302627734937 0.25950492716390444
0.025834347394584234 0.0077876215294413464 0.2594564772694319
0.02576332977519824 0.007630970694827783 0.25944195716090585
0.023697414664924043 0.012473490274190318 0.26013280298533525
0.02185800725776331 0.017345610267024327 0.2614504081250143
0.02157222391798031 0.016982143518296734 0.26149795868517794
0.02197974076375091 0.017518473395855726 0.2614851289949717
0.021600281684864085 0.017047943554861875 0.2614540751870777
0.021590731349193364 0.017000522541388417 0.26150652537649316
0.02158876406658695 0.01699129568513893 0.2615359532667147
0.02379098150238589 0.012672173569470953 0.2601928679510289
0.02200124169973759 0.01755516443618986 0.2616096602625751
0.02168751673562108 0.017118368936818007 0.2614550217576077
0.021738882440069846 0.017198740271275676 0.26139401662336476
0.022030624620252893 0.01761453396009146 0.2616284780258237
0.021797414966318762 0.017265728677915766 0.26141051964874634
0.02374307951714243 0.012586443241900305 0.26015542328058877
0.023740203267605398 0.012618790319543896 0.2600967629672883
0.021847494516311728 0.018665144001030635 0.2620956433118933
0.02187968653592304 0.01857891949413448 0.2620418759157887
0.021896469271888378 0.01850875774679445 0.26198523304877347
0.021924143917367467 0.01843481027850601 0.2619473952934048
0.02195172413265585 0.018339941801691653 0.2618842426138767
0.025872671775261844 0.008039123478417504 0.2595009054294981
0.02587322221060177 0.007966978806480576 0.2595138614872334
0.02582520026812182 0.0077431840464075455 0.2594702887675076
0.0257910667306934 0.007671196874945941 0.25946057899575
0.025773032439965617 0.007618875185323158 0.259592126555412
0.02573287763041244 0.007574275616334212 0.2595159563524728
0.025713541311621353 0.007512745290190949 0.2596280130543712
0.025721943018282012 0.007540068422520394 0.259619029003787
0.024143370210362648 0.012157441323305429 0.2600296208602498
0.021766056896695474 0.01892501063384524 0.2623322612923192
0.021811076244223303 0.01876746805630475 0.26218193317149646
0.021638344313073984 0.016815438283612698 0.2617405573054988
0.02163901845784671 0.016838706331324674 0.2616398610573835
0.021762495590585813 0.016810659869334818 0.26171900947152027
0.023783721636003712 0.012225894002125873 0.25993962068567283
0.023829499369139202 0.012220861606510838 0.2598729817102653
0.023893619838371585 0.012216214597627036 0.2599772832751331
0.02391886684550962 0.012217756179394534 0.2598978260856772
0.023971708802855204 0.012205869068889716 0.2599990274895594
0.02399397631473041 0.012205457065456731 0.2599393331215834
0.02407007764118148 0.012180217477409142 0.25995004310326275
0.025699257127840394 0.007347238562482208 0.25997181238258005
0.025717119497582337 0.007367407696400383 0.2598739301983778
0.0257857399906229 0.00734398160284831 0.2600200367888375
0.02590266032388992 0.007342260560481259 0.2600411237108958
0.02600621044337305 0.007333571175165174 0.26001279201419675
0.026022275160712455 0.0073243824918444 0.25994995253412534
0.026107670119657832 0.007314481850401242 0.2599891814939092
0.026121303779357063 0.007299395274279717 0.2599008256794763
0.021973538863575594 0.01817210096729058 0.261732962403927
0.021950854451930842 0.018249751864708383 0.26175425346539727
0.02193463531928772 0.018330678155003388 0.26177081119094764
0.02369098687448104 0.01248437948814367 0.26010823458226334
0.021682416395156754 0.019204125418629852 0.2625417809876153
0.021654307100612034 0.019276369508507408 0.26250077349149603
0.021735755816255798 0.01903818388586275 0.2624625744445794
0.02170916523234216 0.01912197078922569 0.26245793333781703
0.021690090878200494 0.019169433822953677 0.26243972029734003
0.02176331611084412 0.018956956361917462 0.262381110680758
0.021743293260317872 0.019022422565489576 0.26239946672463077
0.021713960708238653 0.019097036897993042 0.2623640881707655
0.02573426831814282 0.007345374897218183 0.2599320886389827
0.025752220797630267 0.007342773951378472 0.2599911543325872
0.025688210236342393 0.007358186170377357 0.2599488773489064
0.025707945122305453 0.00734745183191859 0.2600246764627132
0.021686740882764496 0.016822459895034003 0.261717920556279
0.021679085641849113 0.016823172454767516 0.26162656924241234
0.02176308152830655 0.016808554490974754 0.2617518436527793
0.02175836473218256 0.016807960555499088 0.2616546203450029
0.02722595858709073 0.0020728619843743603 0.262576956242932
0.02157167382217887 0.016980015425597714 0.2615059373577538
0.021557684116271212 0.01698997682051412 0.26147699800669094
0.02576599514393318 0.007654997239294236 0.2594031904268353
0.025739281848462192 0.007582591689606721 0.25949998129014135
0.025722557266988032 0.00756135828610772 0.25955595183195007
0.025816282453320596 0.007733670608895776 0.259450645960023
0.025792233543654737 0.007650785834369899 0.25953981116958197
0.025747223582595864 0.007578933102051278 0.2596079675864759
0.021877812075057432 0.017389175954131305 0.26141852830665147
0.021826359453505514 0.017294134454664677 0.2614545838917194
0.021818774114794926 0.017310456607104726 0.2613866990268643
0.021781674673272498 0.01723255230522641 0.2614338030499152
0.021779014951131933 0.017256801479426695 0.26137860192376056
0.021728151474137994 0.017159022854566965 0.26143326747533213
0.021667498939594052 0.01711775893645885 0.26141357314072133
0.027075390270808037 0.0020636319984810155 0.2629949833024536
0.02187961267751774 0.018551121912492276 0.2619163812485724
0.021906464038413013 0.018482715132297753 0.2619347854693241
0.021901088350532023 0.018469961822965772 0.26183659847639273
0.02193435585542308 0.018410192558235228 0.2619263538801961
0.021936388592007312 0.018400424552360944 0.2618721906321102
0.021926310073512284 0.018368221721943793 0.26178305063391594
0.021955347227354524 0.018313097150334082 0.261858296924865
0.021694484883573003 0.01681331159482977 0.2617549305110864
0.021711030568036808 0.01682255167575615 0.2616759360250123
0.02182726110619238 0.016806061817124927 0.2617107142015371
0.022051365502993123 0.017822960194169696 0.2615724268373336
0.022060111746313147 0.01775334992662908 0.2616072531905838
0.022054167682524113 0.017655195285548146 0.2616469429907844
0.022009879125178294 0.01758226414530665 0.26161053023242553
0.023796488944784255 0.012715397768623255 0.26016544384327916
0.023747918914609183 0.012606374405264463 0.26013851204588795
0.023740757815614917 0.012560534042407425 0.2602088905283546
0.021977719276271745 0.01752342472531984 0.26142594459816904
0.022043426081236488 0.0178577453279223 0.26157358050625673
0.02207330042730064 0.017787078657946244 0.2616319907647885
0.025827167214667508 0.007755789203968072 0.25946261050441244
0.0257503236402255 0.007604215429556969 0.25947423877073816
0.02575829682336439 0.0075748933709194124 0.2596399312769896
0.02198698146348506 0.017539657498143207 0.26155366376773437
0.02199602467205734 0.0175532886517385 0.2614502766939274
0.02188951147957871 0.017395894739404383 0.2614491689538101
0.021949921282154176 0.017494675706994242 0.2613902737477677
0.021806811836593287 0.017269192332962053 0.26143875210919093
0.021710278675060476 0.017155093709614717 0.2614095341870417
0.025777136366025185 0.007612565611932816 0.25963207489172924
0.025778807207821424 0.007628637139499031 0.25956049402774034
0.025728069488259044 0.007437381739770729 0.25968489956816515
0.02572906026521949 0.007483487084083364 0.2597907931439232
0.02572190161184708 0.007360697277300241 0.25964384343200764
0.02570362435090665 0.007454102916860492 0.2596303112580929
0.025698983166165146 0.007426601285974488 0.25987193524573227
0.02572236899532396 0.00740398654747784 0.2597426964903325
0.02574837423890074 0.007519544424938562 0.25972078697497303
0.02575148690103936 0.007542315791335574 0.2596646683719358
0.02572165777277428 0.007381893200695259 0.2598108815003452
0.0216427505676509 0.019308680726335906 0.2625125905532441
0.021634157840776904 0.01933667492616632 0.26252765287447044
0.023697631832702456 0.012349027269375616 0.2600863576468107
0.023721624412417156 0.012277834329065608 0.26003617597118445
0.023683573687011152 0.012434906168505722 0.260088430476741
0.021589391629558016 0.016900669587933955 0.2616571699321123
0.021584882056167227 0.01685751838425366 0.26170327517551006
0.02161115600471708 0.016851688775038585 0.26166322693979377
0.02190580404330778 0.017434093808579125 0.26140164596483295
