0.029702996923418573 -0.0008839430604550191 0.26290056315429133
0.02969697753911549 -0.0007311937943171296 0.26287866656992415
0.029692381614304673 -0.0006302182140958288 0.2628801463584511
0.029676734652840008 -0.0005178635838515596 0.2628574968803201
0.029657797047719228 -0.00038322581421281247 0.2628564377301871
0.02964542842578623 -0.00026958438681193915 0.2628743378382809
0.029620721444595974 -0.00015931692983074826 0.2628566625586122
0.029608755188272197 -7.961871625115582e-05 0.26289791597134154
0.02967073680394852 -0.000600435169387397 0.2627213060668607
0.0295657495023701 1.0067437951264552e-05 0.2627819303057424
0.029548326649068944 8.430349740141198e-05 0.2627791973476087
0.029532917779368093 0.00015019134989736977 0.26280197834469
0.02946307029345094 0.0003040640273222016 0.2627355850223363
0.0294222768480941 0.0003713870065718746 0.26263754729806205
0.029354371752644014 0.0004897682151841216 0.262568786770436
0.029280262122846984 0.0006094769492011624 0.26248192850732077
0.028671357503578677 0.0011772090272319864 0.26209678270699516
0.02831486814418735 0.0014739492651970867 0.2620143983710257
0.027668698992488822 0.004256928723212294 0.2598558798427616
0.027629872788548938 0.004325247572270162 0.2597285026978296
0.027621390168276683 0.004403047702747707 0.2597402984365096
0.027602797790117487 0.004502624368857254 0.2597597637117683
0.027579403112773404 0.004500907258487803 0.25964720096436056
0.027559798944197546 0.004589762392887858 0.25964291330005485
0.027412322649466615 0.005031975481965008 0.259399049527343
0.027374101291436987 0.005137221496792506 0.25938974346731186
0.027303381550188827 0.00527217644061349 0.25933474387244
0.027177410725170725 0.005558248412624068 0.2593073188733654
0.02714683345119055 0.005591911684359209 0.2592259991134542
0.02711087298851177 0.005687212990373553 0.25924139195256524
0.027066405974856832 0.005738483094275428 0.25915074586471526
0.027043811585073813 0.0058079613623618674 0.2591737824337747
0.026971589250869104 0.005927908995783671 0.25910687726672055
0.026901279530572 0.006050464331844729 0.2590624146595691
0.026827764183395754 0.006178733372138195 0.2589966149359241
0.026812191755267903 0.0062224623168584394 0.2590230729229196
0.02674030390338783 0.006352334677833288 0.2589665430440335
0.02670635293749214 0.006430247845506348 0.2589800284849939
0.026635284928956147 0.006560558017609183 0.2589186192641126
0.026570341864277976 0.006698206637663935 0.25885929293650645
0.019674276247991177 0.023993008358761392 0.26711098627782676
0.01964647187591766 0.024063885965183912 0.26717480807505467
0.019615041532042014 0.02412584517374925 0.26720887528594456
0.019598725196583594 0.024164523117298164 0.2672502309636689
0.019476964934535025 0.02432352565903901 0.2672631466481582
0.019456440662115392 0.024356662377565216 0.2673244015543042
0.019404373030778722 0.024421350362969975 0.2673734888531835
0.019355139158987983 0.02446918640447987 0.2673104849048854
0.019332120804931754 0.024494604734602764 0.267358803527282
0.01928217129252007 0.024542531258689312 0.2672630525612356
0.019222044786673338 0.024581149654983446 0.267178214984288
0.019200146637076348 0.024612799021568252 0.2672342623146348
0.019142041999400856 0.02464425866274797 0.26716396850866697
0.019089494191461526 0.024699448488447844 0.26721275382633525
0.01899771074875626 0.024757022774353835 0.2672063862092306
0.0189343783388477 0.024798444505703975 0.26725344053344363
0.018903512796201734 0.024824946352387148 0.26732366059467655
0.018892452061128964 0.024844660509996883 0.2674020187437702
0.018808822815991284 0.024893545665955273 0.2674683705152961
0.018758751442352485 0.024918292417355284 0.2675263824195664
0.01870110620027202 0.024938337289567167 0.26747866918279195
0.018652148321408553 0.024961023027617928 0.267559685696456
0.01867287580843473 0.02494116408377873 0.26740875301433864
0.018634008807572093 0.024962480841824418 0.26748045831031014
0.018543195523607617 0.02500080648141565 0.26756203083083946
0.018502591294860166 0.02501050329711397 0.26748551579393093
0.018470227315187514 0.02502572380477 0.26757641553301986
0.01839150496331889 0.025046707781662354 0.26749447291083794
0.025351301505431675 0.008834709543554404 0.2584543771754831
0.02532714088494056 0.008931778118561233 0.2584761074576632
0.02530414342145035 0.00901042263234978 0.25847046237803717
0.025287773276696 0.00909640642825605 0.2585032575804649
0.025055608804388955 0.009724695821028449 0.25842166096149033
0.024622504948368595 0.010920206253741927 0.2586290371729358
0.02459252603558259 0.01099868880266652 0.25865349428647094
0.02456737826686907 0.011075137656673874 0.25867262840912375
0.024451073183910738 0.011366793510225081 0.2587976775921174
0.024428538327698812 0.011424207547725718 0.25882200961327
0.02439302620182157 0.011515559514918944 0.25887373507707284
0.024368942673988862 0.011582312595014308 0.2589109669664275
0.024238630577211945 0.01184842727823042 0.2589488032903819
0.020905292553134946 0.020637896340196936 0.26286683664192145
0.020885340860892332 0.02067467672320219 0.2628966934133921
0.02084778182143219 0.020754211370575766 0.26296426314420396
0.020834213937025284 0.020786380221116632 0.26301962387548167
0.02077941289173579 0.02085736274686921 0.2630760155093732
0.020753400559663335 0.02088172421220806 0.2631072645555458
0.021102493373540764 0.020273222681272497 0.26247554353155805
0.021073825013501836 0.020335159213192594 0.26253343655053607
0.021037109196315823 0.020396006208318815 0.2625526900632667
0.021001209756955942 0.020449914389804355 0.2626169482123419
0.020972881003494558 0.020493936045650966 0.262682610863399
0.0209428030303048 0.02054619297624466 0.2627265793820656
0.020742910229601348 0.02088044718153558 0.2629827927464169
0.020700871626239906 0.02092266532699987 0.2630364433216325
0.020648611823849836 0.02096779517185285 0.26311128658891625
0.020599025542561 0.021001662729557086 0.2631561877274663
0.022375179383925674 0.0164739899382223 0.26089133604514525
0.02233752674678752 0.016532033563307194 0.2609385704224943
0.02118702574329248 0.020056881569056634 0.26225122880906
0.021164286728227698 0.020102030207462027 0.2622709444892161
0.021123918851710517 0.020188110969491864 0.2623246553955004
0.021090800704623828 0.02026459428539193 0.26236307040197526
0.021080746820694454 0.02030231004027861 0.26240137734326874
0.02104157052193374 0.020380959243891217 0.262430474006076
0.021006126478798348 0.020428858714443755 0.26250062532129526
0.020601844626697084 0.02098842077210302 0.26302255811724673
0.020551590487199647 0.021020941764854147 0.2630745927421983
0.0205082798515012 0.02105465320137593 0.26315470946818637
0.020471132155918687 0.02108133286054524 0.26321433698783564
0.022891830178773106 0.015337693039637756 0.2600705021672805
0.02286120003090351 0.0154154047371719 0.2601136875236858
0.022841315134172268 0.01547545271097629 0.26013491009242706
0.022808366844026033 0.015552311592092043 0.2601713251740563
0.0227890673289412 0.015602322424515098 0.2601874238652405
0.022436563672383295 0.016351051031404808 0.26067134246360024
0.022400422731385705 0.016412318342925683 0.2607176477443229
0.022359502977557247 0.016475648107245014 0.26072926135693375
0.022192436019625346 0.01673764326047407 0.26101624953308716
0.022179668405287907 0.016750804407367405 0.26107594607684464
0.021331665297843288 0.019634579616169427 0.261910672065995
0.021301426887608183 0.019711563516661076 0.26194296081498825
0.021278169266066967 0.01978119246871885 0.2619709647392772
0.021261561238903954 0.019852687921882703 0.2620185642362352
0.02123940068550374 0.019910278593675786 0.2620507761113036
0.021202914291413123 0.019974465585268608 0.2620867691308563
0.02117933079126182 0.020034308060180125 0.2621441053507969
0.020422046772745405 0.021093279799343008 0.26313995527360357
0.020371440221206075 0.021124189314645193 0.2632161764701639
0.02330407137350101 0.01383799014722414 0.25951075742755053
0.023265584981593406 0.013983119274171922 0.2595636555508565
0.023236070794173336 0.014078220885788962 0.2595839903488338
0.023213746961695002 0.014144679668594092 0.25959551705658307
0.023201336564896678 0.014211116930011857 0.2596349919061283
0.023174823523927125 0.014289280496600833 0.2596298071576636
0.02315610792028052 0.014375692185930003 0.2596873192435882
0.023132198857780773 0.014460005943205432 0.25970576423381536
0.02311235904035871 0.014532998063824078 0.25970642254397264
0.02309634025881652 0.014624465000445093 0.25976466018165717
0.023063062346824797 0.014711653035729248 0.2597330237473327
0.023046436125327537 0.014794941455880981 0.2597855627987834
0.023032829601546553 0.014856401239773234 0.2598182267234484
0.023009295834924667 0.014942044702359816 0.2598249916436078
0.02298479566006482 0.015031400096478137 0.2598331517768051
0.022968653892861065 0.015084157823581848 0.2598571995684375
0.022928915391572623 0.015190719395640501 0.259891089321693
0.022899987183946875 0.01526538528438091 0.25990824109309363
0.022879987023883896 0.01532261454652518 0.259949744129752
0.022864039160395557 0.01537334401505981 0.26000103274127895
0.022834058514194313 0.01545205035715149 0.26002057434735154
0.022813026821918218 0.015513273625202042 0.2600446379270772
0.022775902771946934 0.01560836163728258 0.26008640468266464
0.022756243851643907 0.01566195912574206 0.2601018859385363
0.022731769653622173 0.01572462158194709 0.26013217563997987
0.022702618752147498 0.01580086623494292 0.2601807213424956
0.022679067508289557 0.01585191317970335 0.26019720091904874
0.022637566643010375 0.015938055862001074 0.26026274867467497
0.022621219029437128 0.015982696022329466 0.26030836465670226
0.022600015569534417 0.016034711068842494 0.2603413302391239
0.02256364846519714 0.016103685380066797 0.2603537654799041
0.022521179385785652 0.016185272519863715 0.2604027651331036
0.022503528349771977 0.016227605581108945 0.2604531127621764
0.022462791768640782 0.016305004486145885 0.26049443318759574
0.02243877296286063 0.01634147636592173 0.2605214439068478
0.022404911539060754 0.01640475502620649 0.26059189478711775
0.022111018907165107 0.016800152332011112 0.26100322172919643
0.021390478393371447 0.019402019219710576 0.26168576772323293
0.02134305250228851 0.01955072346251837 0.2617389463836707
0.021325352992946835 0.019621521288305452 0.26179430027181666
0.02027530811067309 0.02115120180783317 0.2632032373072757
0.023311248716555495 0.013728019701490334 0.25937078999165275
0.0233014810510247 0.013782285238210946 0.2593941572408384
0.02327206147095058 0.013884640866583586 0.25941527408124365
0.02319350642402854 0.014182241080981156 0.25955481630923777
0.02297008984262945 0.015013329631001975 0.2597222023459322
0.022958069580152413 0.015075052732875918 0.25976316174760067
0.022580213850397986 0.01603586250081479 0.2602394929015524
0.022439031893054025 0.01631632423666622 0.26040639704183577
0.022046885831538632 0.01681886835103586 0.26091251033937934
0.02202288618716626 0.016836365377102848 0.2609652809064486
0.021525325341837667 0.018888864347363518 0.2613587718205433
0.021466793036647593 0.019097091382290453 0.26146924892846446
0.021451578853780805 0.019151551548476586 0.2614737218512985
0.020158752182853054 0.02118159000324024 0.26325118696702327
0.021958492133471487 0.01685915243775961 0.2608996939670828
0.021578930513800363 0.018697406776513763 0.26119165094392055
0.02155031807057957 0.0187831012197133 0.26120899811076853
0.021520726406755324 0.018866271135313112 0.2612437873069541
0.0215044273071136 0.01893082662235223 0.26126950321339365
0.02189061163398334 0.01688183756054453 0.26084064363267667
0.021647387095325193 0.018318755756512782 0.26092848229153554
0.02162765191649135 0.01839722739696699 0.26095338515805366
0.02162621309904132 0.018463219815671277 0.26099232385317694
0.021617165510384475 0.01852573661635451 0.26101356982154333
0.021597087038510866 0.018603245705491316 0.26105463298957016
0.021574927347145945 0.01867648084029523 0.2610895793986686
0.021649520369246632 0.01826742015992836 0.26082994883241784
0.01932714854424974 0.021998527995408815 0.2648653903459422
0.019309591781337853 0.021822896926129993 0.2648030112726882
0.01930357363137739 0.021699399157674146 0.264787842457392
0.019351959399386373 0.02216234673336006 0.2649866835615952
0.019290966815800746 0.021587163859154858 0.26481343970465204
0.019558342074404125 0.022829403278698528 0.2660393260994368
0.01924640950455106 0.02146154171990545 0.2648251289067037
0.01940674418249416 0.022520857855444415 0.26529504889035593
0.02956664948928062 -0.0020976507017490013 0.2634265543544731
0.029598587428645913 -0.0019782308204723265 0.2634177208396039
0.02962427090758608 -0.0017418999541288839 0.26323953982904746
0.029620482263947014 -0.0018254646332936755 0.26333111071293225
0.029621066705902078 -0.0018976634697900926 0.2634239391511189
0.029656602642826407 -0.001434271890867051 0.2629924800300309
0.029659277261382806 -0.0015181854899293265 0.26311019489021414
0.029652268359173888 -0.0016367885301191965 0.26322142342633487
0.02965742789153118 -0.0016964787396523719 0.2633304701319786
0.029673746082120114 -0.0012146981971734828 0.26285931251286937
0.02967791664201076 -0.0013020090875184873 0.26296420438699386
0.02967893969938988 -0.0013858593727734806 0.26307604165098153
0.029681084665467396 -0.0014550077123900414 0.2631550267321603
0.029678702033137803 -0.001562207016155425 0.2632785946573489
0.029689327741029444 -0.0011695108674556745 0.2629395346484592
0.029695022062408174 -0.0012571626840574364 0.2630516537848742
0.029698868217782334 -0.0013328048554746507 0.26314390121514825
0.02969553521505546 -0.0010421918167519597 0.26292332913414695
0.02970514611052965 -0.0011179919376092004 0.2630250504508226
0.029703880224061625 -0.0009446327058423264 0.26292587666299194
0.029712445294226997 -0.0009865929026251347 0.26300982064049494
0.02967954061726511 -0.000659504728448022 0.26275125005062144
0.02968767255098092 -0.0007098515625930067 0.26281231711822434
0.029707172148823416 -0.0007935135291810139 0.2629349713359693
0.029713532660437518 -0.0008823598539248881 0.26297892378153837
0.027672346643483014 0.003578470668766201 0.2598877634074852
0.029681010932437808 -0.0006025935637784679 0.2628095684405962
0.029705974806800175 -0.0006782822356164238 0.2629545464159312
0.027696122358190654 0.003682399624038509 0.2598357265374204
0.027699657906937528 0.0036279216661447154 0.25992762184632556
0.027692570749456306 0.003557698617684042 0.2600112496202032
0.02773898397022359 0.0019963152746503153 0.2619093823144147
0.027809631174024466 0.001937367988106162 0.26191634965997834
0.027924300897824533 0.0018429245293195922 0.2619291330255777
0.02798122377674924 0.001795940194614174 0.26192637285398657
0.02803720909386614 0.0017500345939642904 0.261925913510658
0.029668717673445238 -0.00044995696800902466 0.26286742426498105
0.02771780929398787 0.003803477294263834 0.2598404526339633
0.027726571374913956 0.003745090647811906 0.25993016995867785
0.02772162714292017 0.003667137024932626 0.26002655033972094
0.028383030151655112 0.0014190408826291801 0.262050638988594
0.027708110674837253 0.003954644405770608 0.2598438670278004
0.028920045789347357 0.0009809524796588667 0.2622092106810768
0.0289829228961519 0.0009178972570881615 0.26222872599676594
0.029628536966989936 -0.00019427096472472867 0.26286077531369106
0.01942393354935475 0.022561951060537336 0.26538931648851205
0.0276977324340288 0.004074311570417646 0.2598748965979402
0.028989121162237987 0.0009423944030317098 0.2623059908473654
0.02903065400728929 0.0009055783488850418 0.26233552666357224
0.029090591262978832 0.000842776485757027 0.262335091729027
0.029150055044492026 0.0007874806496686419 0.26237641405349504
0.029198043530107104 0.0007281920001504158 0.26241313724489607
0.029530890262285652 0.00012628329173625813 0.2627505623011875
0.02956258948999534 4.3552448163504984e-05 0.2628010175505116
0.029593295939718215 -2.9819379176224863e-05 0.2628836207532232
0.027608741052909162 0.0043974485773107235 0.2596846108555354
0.02763944922631879 0.004298965762634037 0.2597536924898472
0.027665903266142523 0.004239958999715264 0.2598200868420683
0.027687466528978116 0.004175385494565244 0.25988611707702547
0.02939490159707425 0.00043566119975755826 0.26266308929528076
0.029434756423736653 0.0003623140830753632 0.26269850432268604
0.02947005541920769 0.00029295211087762156 0.26275859129824286
0.02950562054218744 0.00021894560309531662 0.26279770992466694
0.027494493322580544 0.004796318262373635 0.25949510143900784
0.027523463026125464 0.004707184128130071 0.2595525145088541
0.027548257126301743 0.0046223862227558945 0.2596135815567654
0.02757092449589858 0.004567338223421371 0.2596710445642121
0.027598685748746604 0.004490607333601135 0.25972014080325034
0.027624134414543932 0.004418499963552164 0.2597784101991093
0.027347828424743925 0.0051836771560959775 0.25936913074322193
0.02739055174103775 0.005104227666381139 0.25940148575255456
0.027423131415449203 0.005029330368930681 0.2594364047967836
0.02745166470123856 0.00496021219787136 0.2594918539783056
0.027487101571096035 0.004869240552944024 0.2595296181037941
0.02724941487279115 0.005385603054338195 0.25930372354475645
0.02727694601588508 0.005353466776513897 0.25937408053238054
0.02731364262983349 0.005275828275007534 0.25939620519076373
0.027352696449380737 0.005207707575164727 0.2594330066721428
0.02686890556024237 0.006099272286452256 0.25902669613059426
0.026917267356971253 0.006009350873666476 0.25905230810903723
0.026945724235534492 0.005974616154073918 0.25909528954709193
0.026992235131719826 0.005895081299153612 0.2591281224176463
0.02701925465326086 0.005847206293522416 0.2591481664040639
0.027068483737711875 0.005765689149517027 0.25919053724518515
0.02710002492317998 0.005707185700742917 0.2592242319257862
0.027134088226562453 0.005652063654857087 0.2592882319134426
0.027221217919446008 0.005483586238546126 0.2593652352699358
0.02669375204401177 0.006443056449160541 0.25894440140462066
0.026723230748941243 0.006391134496234026 0.25897929965758537
0.02650053282161346 0.00683069984357527 0.2588306734055949
0.026549354116645624 0.006750795396568117 0.2588631752793851
0.026587896162981135 0.00668081658375657 0.2589219045993348
0.026471626079941288 0.0069018938612120185 0.2589010446428914
0.026497465948064045 0.006866973942982402 0.2589251271350016
0.025488306941031828 0.008227948458956745 0.25847055526665286
0.026378144887890795 0.007058179670336393 0.25894039446371864
0.025460028640815414 0.008405869026790568 0.25845019045684364
0.025478603874278794 0.008335608134880084 0.2584869496307968
0.0254465297595385 0.00851815108792895 0.2584911767759123
0.025399248933285396 0.008679627453862663 0.2584666972208991
0.025427741006149467 0.008615239746610185 0.25853016110227006
0.02534272337903889 0.00886668560677234 0.25845938298497545
0.025374030217193585 0.008792771936130957 0.2585193457782481
0.025299573260465086 0.009023254473261008 0.25846293015476657
0.02532010271278993 0.008967370431810198 0.25849058547791354
0.025013997799675003 0.009844099373003456 0.25842870717766986
0.024959737302357857 0.010013131832586723 0.258436645171
0.024992000175436856 0.00992480223227634 0.258477966197484
0.02490417125778951 0.010174360035171501 0.25846835607578567
0.024839143015588726 0.010346180313641347 0.2584760558759652
0.024872995222342306 0.010281127388355172 0.2585251471288482
0.02481817145384395 0.010436264641603125 0.2585292774632552
0.024748216671050788 0.010593995079899924 0.2585546490970037
0.024769008905275582 0.010548799007415448 0.25858411242044016
0.024715522737861692 0.010690154678529452 0.25859330460403734
0.0246160706803054 0.010934379122341036 0.25862136125017937
0.02464703850675688 0.010855918625886425 0.2586432636066956
0.024557307596607174 0.011083434334653763 0.2586457986861476
0.024588902053430093 0.011017531910293886 0.25867193220794543
0.02434620645226292 0.011607279149518385 0.25886228406924755
0.02431408953096262 0.011699494349903219 0.2589523840247647
0.02434923113422474 0.011643082052118706 0.2589692653333288
0.024243781681189812 0.011847380705656425 0.2589842613700486
0.024267820062219978 0.011806087518712366 0.25900614159284124
0.024149258487108215 0.012009401094403646 0.2590681808243534
0.0241872484584923 0.011959293143561874 0.2590687206731093
0.023443486662871736 0.01316018844111701 0.2593693290683436
0.02338001997397058 0.013441059436016532 0.25931414435375605
0.023401719817369257 0.013350944787633375 0.25933309243659486
0.023429689017514844 0.013275599522929348 0.25940671225410267
0.023359217764602723 0.013538376078730633 0.2593362262566691
0.023388623602609928 0.01345611607170142 0.2593732606425104
0.02333594592232287 0.013656419702573194 0.25938685325664945
0.02336276892152357 0.013589739401809072 0.2594208201685472
0.023291315673255406 0.013823511977886428 0.25940626203040834
0.02332615914430826 0.013744469764575608 0.2594537760655972
0.02327183433696829 0.01391139734784019 0.25946169793740537
0.023298412871562174 0.013845363445136065 0.2594796386673935
0.023242871707450992 0.014017450542257691 0.25951201762187637
0.023211582102184856 0.0141257392268835 0.25955270530409486
0.023159849586419194 0.01429705566395278 0.25958493599912996
0.02319516462623963 0.014206177716772355 0.2595952717419067
0.023135069675204626 0.01440272579021797 0.2596381412903638
0.023165195043188414 0.01432615529982342 0.25964904279505757
0.023112798504149032 0.01449515091355066 0.25966522348223875
0.023065340207851767 0.014671176502111229 0.25968439358616274
0.023095833709354387 0.014591687248065352 0.2597073015139898
0.023030023955797393 0.014807936386952172 0.2597197156860315
0.023044702638257593 0.014760946313583143 0.2597204914347073
0.023072325815657716 0.014707524950361503 0.2597748048669488
0.022996881617411095 0.014940155795424246 0.25974925897341766
0.023030080310442853 0.014851993767281484 0.2597929742347659
0.022971877897797133 0.015059789307892596 0.2598103104328591
0.023000302309802198 0.014984493953318575 0.259851344658595
0.022916489751168168 0.015197824592357582 0.25983385731281566
0.022944170831281613 0.01514449454348122 0.2598682452611492
0.02297967828729555 0.01506043295647932 0.259896893827573
0.022918252631157484 0.015233917069047713 0.2599310832243851
0.02294937396506613 0.01516634536705095 0.2599597567987176
0.02287941078557623 0.015338814176450308 0.25999123155844683
0.0227123544396598 0.015742745058916437 0.26007007327569837
0.02274155480299554 0.015671765442708978 0.26005628036215184
0.02267964795931864 0.015834538457558618 0.2601394031733575
0.022717004635410792 0.015762412194817443 0.26015822606830835
0.02274830990777468 0.015701579083736 0.26018372813525176
0.022631811092021243 0.015934174546394057 0.2602135801733558
0.022678557373573962 0.015859715748847817 0.26026753942398967
0.022559847456005325 0.016088919878641757 0.260277258886745
0.022602493825035482 0.01601736339660341 0.2603005851913567
0.022637067602391314 0.01595465126601993 0.2603316206081741
0.022526030345928268 0.01616759820263411 0.2603604729991287
0.02255403732186107 0.016128608113233446 0.260393086953621
0.022429651750251467 0.016339504821373134 0.26044825868434607
0.02247384389472516 0.01627871509883934 0.2604446268664701
0.022515220607209008 0.01620714902150043 0.2604902803782558
0.022390205941965603 0.016415696608527132 0.26053407392937256
0.022418572995627887 0.016376334923089104 0.26054417183935397
0.022468281272665605 0.016299854192802103 0.26055296986690063
0.022374242841830295 0.016444542311444314 0.260645921331923
0.022414496625361748 0.016386553318657883 0.2606541920106748
0.019517151538736097 0.022766290507132844 0.2658375549874394
0.021677650549099085 0.018197283089770158 0.26088271714650013
0.021629723577426218 0.018360766814215182 0.2608870011432129
0.021613304799873313 0.018453427393337885 0.2609420414350028
0.021633338862944447 0.018389871731536153 0.2609738074430902
0.021594822247455653 0.018570546772453747 0.2609909329597454
0.021626121106325554 0.01849169346340853 0.2610144501276459
0.02157320370089666 0.018660745562565993 0.26105876104247633
0.021599445692412688 0.01861121231383435 0.26111011098163256
0.021571441650220093 0.018707471884408917 0.2611489627743025
0.02159440905358054 0.018624960404926456 0.2611466692537554
0.02154293801651797 0.018809126972283742 0.261232111386287
0.0215225313154464 0.018897997408075323 0.26129488955760155
0.021457543568006266 0.019114902548240477 0.26142694722285637
0.02148214667508158 0.019020794991090828 0.2614482815662857
0.021465498245152648 0.019140087088322093 0.2615219377895058
0.021443347706952054 0.01922733697450857 0.2615880346730774
0.021460168292208287 0.019180400376834765 0.2616114568230736
0.021412454192875907 0.019325602072937827 0.26165001913983094
0.02138951579020415 0.019441929922730118 0.2617504273364364
0.0195399760534552 0.022797138557311122 0.26593859536267644
0.02132694637198948 0.019611461199254693 0.2617786238962306
0.021291373487630993 0.019717787504088966 0.26187399156003077
0.021322145764096245 0.019652426760972494 0.26188971058227806
0.019548508247275054 0.024252248232461714 0.26730814334206665
0.01948143456397305 0.024323091532789644 0.26728975952562545
0.02126034655198056 0.019818672613775207 0.2619417187038339
0.021289720198667286 0.019749650798383714 0.261975695942986
0.02122367475623377 0.019918776765378073 0.26200660128106823
0.021268424409727166 0.01984369878705569 0.2620601512743758
0.02122590245507311 0.019950397418432624 0.26214463867186616
0.02114887160239412 0.02011135637173033 0.2622129428180715
0.021187930870753355 0.020042407419489143 0.2622076650495967
0.021150917730440467 0.020135789427787737 0.26231814084862193
0.021061954214850395 0.0202993048421653 0.26233878544003936
0.02111063944815979 0.020232774080481554 0.2623881093359458
0.019736358688172115 0.02322566022751485 0.2665665827541481
0.019701499117199296 0.023166121001804985 0.2664716987875709
0.021018523784752472 0.020410010644796805 0.2624480858915719
0.02108220740657004 0.02032116266568005 0.2624716824256197
0.02097539516785605 0.020474926731342345 0.26257933708818443
0.021013893666968934 0.020431246380330698 0.2625937958399132
0.020967053231282482 0.02051184046560866 0.2627202930742821
0.01960722853762843 0.022934464507534162 0.26623280149376133
0.020912329546153824 0.020610237463675317 0.2628045884879022
0.020956498078458737 0.020543060646300154 0.26279229515388003
0.01959003822832592 0.0229463596497751 0.2660556845923736
0.02535833829703472 0.008831612601791631 0.2584926826870403
0.02539567324806789 0.008725811614302238 0.25852950188553253
0.025383178278541314 0.008741199016449812 0.2584812789813097
0.025331650116355867 0.008904718527125424 0.258459676281705
0.025343953068061864 0.008905833121941062 0.2585330014094426
0.025414760609366482 0.008647395538918815 0.2584985142063661
0.025310229308850983 0.009007802388787962 0.2584992316880432
0.025432654569691043 0.008568231203444564 0.25847849587544613
0.025267995054747198 0.009128365027970134 0.25845645915697796
0.025466582714965443 0.008447232181351579 0.25853095720035113
0.025449185955392098 0.008465010176557517 0.2584454879067843
0.01949576713922226 0.024312618205692464 0.2673198453911812
0.019587535026736966 0.0241960883147275 0.26731941199437853
0.01955878493128978 0.024223462305837377 0.26724356020189804
0.019632081622729607 0.02411127047693362 0.26724674302316354
0.01969490388894922 0.023971816808622128 0.2671612934376672
0.019716926418234876 0.023897751668573643 0.2670833039016161
0.019748896486571733 0.023785695557114496 0.26701108736808543
0.01977208159285865 0.023680491839279193 0.26696929724484925
0.019783493402282117 0.02358803903983222 0.2669259957774365
0.025469768844234866 0.008379721593991767 0.25847865671398046
0.019803580621431536 0.023489628322469473 0.2669728572940037
0.019790853481513042 0.023499761059929382 0.2668873457360654
0.019804384366929297 0.02339897557471831 0.26694295522186257
0.019793734717683458 0.023420122789973123 0.2668542109079156
0.019776407489332112 0.0234252111067866 0.2667664547326933
0.019800059610541983 0.023332162284455997 0.26691304722917625
0.019791459446097892 0.02333800859278403 0.26683909768657815
0.019775787944186003 0.023338739569585515 0.26674223455478524
0.01976545054502673 0.02325533480025732 0.26672615804608685
0.019748938342316467 0.023256522002505012 0.2666215764960291
0.02547699829694738 0.008308082227808832 0.2584558908178553
0.01973108636916174 0.02318089639552421 0.266597429274175
0.01972005192090092 0.023205661822736944 0.26651563577830556
0.019700166589728743 0.023118809224794333 0.2665329047891281
0.019683542683273735 0.02311905462656722 0.2664440076878697
0.01965793169333497 0.02304600619614229 0.2663984136476143
0.019657535174870823 0.023068268462453904 0.2663233018158446
0.01962792352576187 0.022979562804545203 0.26630869801524176
0.019619266221399763 0.022980790275124972 0.2662059768012831
0.019600610178235833 0.02295241029779204 0.2661310156890978
0.01958186550414857 0.022896105063885668 0.2660824671646288
0.01957503396929025 0.022907296847471656 0.26601622130580244
0.019553236071073767 0.022838871995450483 0.26597266300970146
0.01953863626115316 0.02284214850816641 0.26589465301088927
0.01952717367634089 0.022764998858768412 0.26589823388329575
0.019509006392311734 0.022780041449004446 0.26577847140014677
0.0194995135810762 0.02277404831757547 0.26572244587908256
0.025216863697027764 0.009286181908759841 0.2585074992323658
0.019499101500749953 0.02270901792975672 0.2657717975604111
0.01948372865416128 0.02269956916096453 0.26567926397647484
0.019465174455810894 0.02267787381354272 0.2655836863963432
0.019457316551478324 0.022598922461532958 0.26556549166206844
0.019441998605305596 0.022591284519626713 0.265474676447107
0.019411711509034424 0.022550404142371944 0.26532989494602705
0.019415729559393087 0.02247741460668965 0.2653358214502414
0.01940201464327447 0.02239628554034416 0.2652915425718708
0.019386028678789097 0.02238541078914901 0.26519641284451967
0.019379310254536465 0.022308209437726767 0.2651686647452307
0.019365966624050136 0.022214077908127863 0.2650690684844535
0.01933968163242727 0.022064241431225054 0.2649234581843209
0.02534359485751117 0.007766804788563395 0.2584254186336457
0.019332799640146454 0.021904450211460494 0.2648723175735656
0.01933536778678819 0.021808275422400367 0.2648720743204903
0.019322895258219334 0.02172820932267021 0.2648343760101158
0.025499854825576176 0.008191979480494056 0.25852710738731066
0.0193044176235926 0.02165432236947388 0.2648071326243868
0.019285130158662497 0.021538283276481246 0.2648328694131148
0.025489261907190284 0.008098890954040858 0.25849084937822525
0.025473596204692497 0.0081202492980607 0.2584210786178311
0.025202021928392472 0.009352773772969404 0.2585594630902369
0.02885633917006108 -0.003228223960623368 0.2635938308765211
0.028877572777925565 -0.0032414622898776805 0.2636818319931936
0.028926552403421322 -0.003154813919128793 0.263548812016375
0.02894717910276206 -0.00316930905507694 0.2636381376325673
0.028993247973168584 -0.0030809003768215736 0.26350688927147803
0.0290139580688869 -0.003095732533901047 0.2635963838900409
0.029032345169386554 -0.003108311073585997 0.26368758467443776
0.029077889440730535 -0.0030194272187690804 0.2635564137927581
0.029097172353344244 -0.003033437415372625 0.263646854788287
0.02913621935308733 -0.00294347227204014 0.26352235580115757
0.029156683964667498 -0.0029580045022708167 0.26361191109445403
0.029173332759480263 -0.0029714222662847577 0.26370506292879003
0.02921027144364399 -0.002882769304357361 0.26358309877604924
0.02922747541425272 -0.0028962012264511132 0.2636758720877513
0.029276513838748967 -0.002819855415041971 0.2636507347171012
0.02932320889806324 -0.0027433484969279875 0.263628679696894
0.02936773056154795 -0.002666332256745109 0.26360794658500375
0.029410573226972395 -0.0025887558299005965 0.2635884449179631
0.029448479773276512 -0.0025107921475439675 0.26357373293370934
0.029460819812932332 -0.00252250152666559 0.2636676326651353
0.02948071163015799 -0.002432724570403429 0.2635637756950669
0.029538010342598786 -0.0022761182598398173 0.2635548623935292
0.0295634665019072 -0.0021982129815812843 0.26355351255179144
0.029580292949863425 -0.0020978088639247872 0.26348585400091423
0.029580293574685664 -0.0020225385785587104 0.2633918193709074
0.02959758130131459 -0.002022739194279961 0.2634682635914956
0.029598392366585284 -0.0019387599340323744 0.26337319714619867
0.029619800120805072 -0.001935340963100721 0.2634673108338165
0.029624415371064534 -0.0018536923265217433 0.26338471389010887
0.0296281774204917 -0.0017691920422237368 0.26329231660693647
0.02964281779851957 -0.001775107007688874 0.2633640373592663
0.029636237686133115 -0.0016872499501143787 0.2632128870679819
0.029648328673115 -0.0016870884911662945 0.26326895356301067
0.029661807460565542 -0.0015864203907921311 0.26320820113132326
0.029669424450792254 -0.0016165198043286639 0.26329447052603916
0.029680476398277957 -0.0015108288835885377 0.26321575790996093
0.02969416484985018 -0.001435828998353428 0.26320409108484555
0.029693028566527578 -0.0013880470731684191 0.26315585318391865
0.02966820914114039 -0.0004050727714533007 0.2629028440785667
0.02965952901106865 -0.000330287931230245 0.2629064219151688
0.029635838935536615 -0.00022866694625985117 0.2628620591398393
0.02960422995662409 -0.00011116073053075049 0.26283279536159526
0.029617010345526554 -0.00011495017490380731 0.26289806864151016
0.029569286743285964 -1.503996006026767e-05 0.2627694493165271
0.02958774091144722 -4.519160495489795e-05 0.2628297659128138
0.02955901154955749 6.87786114118507e-05 0.2628118815244618
0.02957920326141444 3.247246924573062e-05 0.26288571508805786
0.02951510206809806 0.00016057714294582894 0.26272870480147886
0.02547930785328982 0.008026006004577084 0.25848995923632195
0.025457730968233505 0.008023493061223394 0.2584208928621087
0.02936557499744348 0.00046897239291921193 0.26255781093870056
0.029286390362604196 0.0005899268276837329 0.26245551540401707
0.02930801106830691 0.0005633855469695852 0.2625240626023769
0.026980577731536004 0.0024829057289300423 0.26041669436627424
0.02700154077088959 0.002469882400097872 0.2605071115681066
0.027014510244035558 0.002459977225021607 0.2606042364756898
0.02701459444072479 0.0024539837196769845 0.26071488190806086
0.027004201552578735 0.0024529359116054693 0.26084581081577124
0.0270567183986439 0.0025544852176512447 0.2603661793615057
0.0270803551122838 0.0025403958538509413 0.2604541915612054
0.027095867786998254 0.0025285070678154713 0.2605498093147337
0.027098575675725666 0.002521518915852015 0.2606571534718677
0.027089895225493568 0.002519213812781962 0.26078732708779506
0.02706145991646316 0.002502076548646702 0.2608764499893316
0.02715386697266881 0.002612229353005542 0.2604063808962663
0.027172729420092686 0.0026002280899648325 0.26049812967425595
0.02717900294438659 0.0025912878065775477 0.26060202434941265
0.027169944638700767 0.002586883124487715 0.26071980174441595
0.0271651199460004 0.0025936319703559496 0.2608313910997317
0.02722281826862418 0.0026852385694120817 0.26036352327493956
0.027243932073756628 0.0026733371917133483 0.26045221829927406
0.027254347813361064 0.002662764795351921 0.26055211893392505
0.02724768124598686 0.0026557771996301325 0.2606690527976493
0.027233346681376922 0.0026547444186074388 0.26078640725653696
0.027285959893072354 0.002759196298473687 0.2603262121697014
0.027308473517535643 0.002746209829481103 0.26041389987942537
0.027320939693187492 0.002735532306085873 0.2605110412097578
0.02731967665240392 0.002727101289817409 0.26062511062981714
0.027307065580508716 0.0027261325168979364 0.2607614975971002
0.027366691179706783 0.0028203923679863225 0.26038139998569887
0.027379371944814844 0.0028094767223482107 0.26047811440952784
0.027381630333026527 0.002800269841401743 0.2605873788247138
0.027379340416254172 0.00280400031935623 0.26072265574778414
0.027399056446155576 0.0029055934638245497 0.26026640588108624
0.02741940089499681 0.002894242503034844 0.2603553687339546
0.027431704785518554 0.002883578348971394 0.26045201977376353
0.027435097706197998 0.002874167522426432 0.2605568750799383
0.02744948059233276 0.00298006864826546 0.26024270278034384
0.027469146088044585 0.002968352205292438 0.26033281678282105
0.0274808086108081 0.002957569428323652 0.2604299660956526
0.027496256899457294 0.003055608880110278 0.26022278341377214
0.027514924482124458 0.0030434678316948295 0.26031386616790664
0.02754001344147401 0.003131455704230175 0.26020483422990004
0.027557527368869256 0.0031195636377325197 0.26029642657948027
0.027580202776639424 0.003208160912513531 0.26018950977685384
0.027596031883914567 0.00319662881510872 0.2602824146824958
0.027616687661148748 0.0032863419317982535 0.2601770593501167
0.027630926739265413 0.003273464235675124 0.26026929271174326
0.02765347234717271 0.0033720338012857964 0.2601751419879042
0.027658810563580726 0.00334592948845478 0.2602559438548207
0.027669305524083025 0.003473003331480445 0.26006608869918163
0.027672950212480788 0.0034449404221134528 0.26014197256218524
0.027675325369618926 0.003552089954263007 0.25994388585569367
0.027692807402468027 0.0035360326133916068 0.2600675681362822
0.027695695974719294 0.0035227030179324657 0.2601393904909864
0.02768477939248597 0.0036344312994655062 0.2598602997030015
0.027706269589746337 0.0036179439728585804 0.25998762938407816
0.02771138353706458 0.0036123817127522817 0.2600618029953246
0.02515457762604617 0.00945507618082163 0.25849328624441814
0.02771470428204843 0.0037135874899766794 0.25988232236152486
0.027723076722002526 0.0037037913874093985 0.2599745191468468
0.024240302925734952 0.011860870555347356 0.2590159986764215
0.02771249852982557 0.003874635890034751 0.2598156716143731
0.02430013029086556 0.011742692148089848 0.2589978633920398
0.02427191966813916 0.011775281602321507 0.2589521143205926
0.027696944603106045 0.004039327064920771 0.25984548390174317
0.02433322541784533 0.011665785388094062 0.25894613561480984
0.02431056704369379 0.011682990037809609 0.25889460827149596
0.027675871200127402 0.004156129148526957 0.2598226133103175
0.027697900176144274 0.0041305096745382925 0.25990836452819926
0.025075525154610825 0.009690285774994903 0.2584719149068659
0.024384431134622263 0.01154910497360339 0.2589079134492034
0.02765284805966886 0.004242905385898809 0.2597752090770572
0.027675617702724614 0.004220778211409515 0.25985378412210486
0.027647785252087463 0.004326992246100732 0.2598080687852237
0.024418275190185305 0.011461657797759688 0.25889122008704957
0.02440023755910573 0.011478630530425426 0.25881841662689214
0.027596896212759823 0.004452439782923878 0.2596724318257278
0.027613734674792664 0.004452606513075879 0.25975495330049286
0.02763050753016376 0.004407031047447727 0.25981187445258497
0.024458634324965596 0.011365414854911497 0.25885065905166205
0.02443751114628328 0.011392679092937208 0.2587731839308346
0.027566320548291487 0.00454943200374026 0.2596409951521852
0.027582227518641284 0.00453444328280309 0.2596907873567856
0.02755729845792868 0.004634844857048164 0.2596631033989562
0.027571616250234944 0.004591157947247081 0.2597027190339442
0.024509972919967055 0.011250499210217216 0.2588850126914657
0.024484980400511117 0.011275205892867212 0.25881375132252243
0.027502570038397827 0.004756834799118703 0.25950974602473087
0.02753521749732464 0.004711065934222459 0.25960215919928803
0.027497211471980625 0.004819724440646679 0.25951759220561316
0.024532080222405654 0.011168838174649752 0.258839623603031
0.0274594591657448 0.004924708160090806 0.25947659773616233
0.027396892081390754 0.005066945989691562 0.2593814548247821
0.0274296089679784 0.005025353430074754 0.2594751165801391
0.02457451882316528 0.011071380078542976 0.2587401423748077
0.024565501835268646 0.011084048190508785 0.25869032535493997
0.02739010095434663 0.0051244723110843516 0.2594380714348934
0.02459934090277618 0.010999734411207813 0.2587153097326629
0.02457862267585915 0.011029068934702322 0.2586389302085431
0.027325817150229335 0.005231968161189875 0.25936018323400073
0.027274947771467557 0.005330645984749578 0.2593254034476023
0.027298036046174316 0.005314118601088798 0.2594040244986028
0.024637457988407458 0.010893156228941502 0.25867338945418367
0.02723434888955975 0.005433534891413218 0.25932130904002626
0.027186492136912713 0.005521230395724625 0.2592835073092504
0.027202088621518607 0.005517862156045631 0.2593489054554735
0.024663181359767018 0.010811669546483152 0.2586275387960877
0.027135403274143696 0.005624331851349278 0.2592211815284769
0.027155317180213127 0.005607646352114971 0.2593146434515276
0.027052039747966643 0.00576464739014319 0.2591413786107589
0.027085182582140554 0.0057258074734035545 0.2591900343484531
0.024715880192796733 0.010708077574927064 0.2586437422656671
0.024698608036282443 0.010728547594440797 0.2586007136645924
0.027003543277810096 0.005847412088402109 0.25910209917460614
0.027023135075322988 0.005854630938329035 0.25919241104412477
0.024741457939837976 0.01063155668818379 0.2586030449236369
0.02697080061616551 0.005946990785307847 0.259149901134095
0.026889208315759826 0.006067637482117548 0.2590464758897713
0.026917752157821856 0.006031931418732492 0.25910136475947987
0.02477003692845488 0.010534874310282426 0.25853973404532227
0.0268367206505898 0.006173078165730637 0.25902536032574386
0.026781380725372308 0.0062705315352437115 0.2589887708634974
0.024824931623935075 0.01042741688646095 0.25856594171736297
0.02480279077122959 0.010446060003233565 0.25849397107724853
0.024853915272891606 0.01033228712225334 0.2585388381206466
0.025456857788313587 0.007937343972195697 0.2584885993478875
0.02487801337537497 0.010253195976542605 0.25849259745643344
0.026597880335563148 0.006647095735695002 0.25890077955723173
0.026525467939113045 0.0067850399341570795 0.25882915891320346
0.02654686666729258 0.00677065819666803 0.2589121179516447
0.024923594809576427 0.010145036082355412 0.2585110297635479
0.0264994724826274 0.006851615654133869 0.2588802342404336
0.026450684613579217 0.006941374823567533 0.25892416302298354
0.024944346363814946 0.010068029820721448 0.2584579965318355
0.02497033269490196 0.00997162486252908 0.25842020431659807
0.025110330903799112 0.009566401883975062 0.25842318563466493
0.025120622838721764 0.009564961730468377 0.2584873712890858
0.02544417320312142 0.00789384868795864 0.25849700052326013
0.025413475262450136 0.007882623458010492 0.2584156996361115
0.025006542706657697 0.00988197849811246 0.25847247871373014
0.025390924782525057 0.007776626738170551 0.25858302920563914
0.025033589602779634 0.009784233984995403 0.258415047687571
0.025391516001352057 0.007784128913234702 0.2585382895137581
0.01947967252177552 0.024337440251016598 0.2673835000403057
0.01952382680415755 0.024284707886159586 0.2673205682101725
0.019620079864905354 0.024142137649444145 0.26729521567184655
0.019651307395269466 0.0240750605236892 0.2672315498682482
0.01966510283446816 0.024025882654707065 0.26715392982856967
0.019802184756958573 0.02336922077255315 0.26689427094858986
0.021064532084738824 0.020352037902125468 0.26243996372809597
0.021130739602469733 0.02019384223814471 0.262402858042634
0.02137487069786778 0.019521244433712108 0.26181981224414796
0.019279906723675456 0.02149582495312543 0.26488766191903257
0.01925078816720389 0.021442935415757793 0.26486146400487803
0.021470675942910005 0.01915074112288071 0.26158584596733586
0.021473491346444214 0.019105434403960182 0.26151591963378684
0.019224874448143678 0.021381702738829327 0.264862166386994
0.02149919397853014 0.019011908161819698 0.26153948660293747
0.02150750251820622 0.018944777094947476 0.26146522379711207
0.02151115943342548 0.018915794128638544 0.26137720996902236
0.01920993059864619 0.021320248888439197 0.2649113859139567
0.01917581781040341 0.021276235464907693 0.2648470437937916
0.021624506700262402 0.018533003613574336 0.2610587118095653
0.021615177427930916 0.018490511190915687 0.2609770110807169
0.021638558220461634 0.018397973946554437 0.2610051433477189
0.021634408603391393 0.018364032400460133 0.26093972263672544
0.021641026969237625 0.018321190120346713 0.2608562983544796
0.021660103107200696 0.018269998407297205 0.26089381575811404
0.021693002901104853 0.01810351525084094 0.26085441296535244
0.021693389321996787 0.01805286947922216 0.2607779707159347
0.021731016856721005 0.018011139348299246 0.2608825785029476
0.021732565762239052 0.017986666973919582 0.26080307677539455
0.02171253876449216 0.017940699754938436 0.2607403685124592
0.02174681804129581 0.017875304578684977 0.2608414977224066
0.021739633740558872 0.017799615382005925 0.2608664469935183
0.02171865298470843 0.01777804143728033 0.26082886730628024
0.021655639001652138 0.017720634072606628 0.26067318927051214
0.02160340292744818 0.017621380941612752 0.2606438352258219
0.02234859251193384 0.016498528241674137 0.26082395459739144
0.022385091496287656 0.016444467070877787 0.2607527967787539
0.02240119539266482 0.016405726768124428 0.2606782321010301
0.022442234254019464 0.016342788963105273 0.26057884850903396
0.022482152675362396 0.016275651332795342 0.2605059865022412
0.022498596061672423 0.016227038018498646 0.26041424203145547
0.02255590734179483 0.016127329341778962 0.2604403092149922
0.022643505170437863 0.0159293567866022 0.2602931534321842
0.022659072935489473 0.015887240265144965 0.2602054697335188
0.022713469879238328 0.015781883352792382 0.26023206158622436
0.022730117423703535 0.015735887932088945 0.2601696957531297
0.022772006804539197 0.015649351806929168 0.2601924562301796
0.022776787513094914 0.015623853384389224 0.26013826645186594
0.022788171142790168 0.015565653595709496 0.26005184629060374
0.02282678527587489 0.015511503008545603 0.2601609620916407
0.02283680121318289 0.015472733831597522 0.2600792636827295
0.022887627584553583 0.015332693780450124 0.2600253011749308
0.022900262986115364 0.015282373673135523 0.25994229532015395
0.022938117412119256 0.015201893369588219 0.25997364881553886
0.022946019469041238 0.015154465748331456 0.25991504364052576
0.02294820933693998 0.015121893382174382 0.25981601897773143
0.0229794044717717 0.015070780204468004 0.2599305464706211
0.02298752188740483 0.015030779510934192 0.2598682186936652
0.022988092093990994 0.015003023430237496 0.25978646753924634
0.023021404159420864 0.01488946067873079 0.25980782077476317
0.023016605285120735 0.014864745629536288 0.2597406768342415
0.023042544190919043 0.014824524477609733 0.2598237656752714
0.0230512501115146 0.014761632116782811 0.2597527092941631
0.023048534897455706 0.0147223781011354 0.2596836688794181
0.02308022471091774 0.014649536507348732 0.25971835376571395
0.023111684857070675 0.014567368784403466 0.259752276833235
0.023104460771760052 0.014521241402058791 0.2596620257911942
0.02314403434738979 0.014415214200415277 0.2596915123580257
0.023147720666518736 0.014365339352778587 0.25963521608706125
0.02317949384175997 0.014245263884499846 0.25958673902802587
0.02320743535309825 0.014172447127122982 0.25960746591610045
0.023219783116466313 0.01409224134959822 0.259538561553456
0.02325463738907142 0.014020063427398002 0.25957060071898846
0.023247717707683597 0.013988615371401312 0.2594859978639331
0.023285653453294322 0.013899678534731551 0.2595217074395137
0.023287933304923878 0.013857502406229696 0.2594442406094434
0.023317677956380387 0.013787242442549693 0.259492341185463
0.023324754836020367 0.013719529067529294 0.2594086806761535
0.023351664189164408 0.013652178990048865 0.2594563152631335
0.02334805236549134 0.01359315605186778 0.259361867686149
0.023378817189385538 0.013519354104178137 0.25940622984037953
0.023374536422247762 0.013488078279919012 0.25933994193462273
0.02340048645368813 0.013392737757732797 0.25936860301620585
0.02341595270314055 0.013325322941255147 0.2593821759210962
0.023447228902390697 0.013212199091479268 0.25943521926254776
0.023429321450838685 0.013217608426836122 0.25935212206662694
0.023465851104153647 0.013128809502604866 0.25946019064154147
0.023456176835532895 0.013100952473773976 0.25937946332168393
0.02347059033158252 0.013030649105435749 0.2594160642633647
0.023451903104669724 0.012982974263819393 0.25934389496776644
0.023427306484721307 0.01288317801666489 0.25931053996153036
0.0233983544858985 0.012850762131854439 0.2592512671458716
0.023423086437961812 0.012828473039119447 0.2593641889320431
0.023374415719929 0.012765011123960172 0.25928567260806856
0.02333513195600702 0.012721088417077307 0.2592343688498026
0.023330712362909355 0.012663124927422689 0.25928590870199403
0.02329152100323888 0.01264608268302704 0.259195359800106
0.026397568362929745 0.00704037515312161 0.2589640139786197
0.026411316297144105 0.00700726867368128 0.25893099070767484
0.026476785733830447 0.006899760295864814 0.25892764099735305
0.026527294278782705 0.006799461231491864 0.2588715060815455
0.026570682386119465 0.006718127839104762 0.2589152452141904
0.02661999910007313 0.006600797952602533 0.25892917941880306
0.026667393879302285 0.006499937519098772 0.2589484628742833
0.02675439719043916 0.006336743753026568 0.2590049283032323
0.026753593159467282 0.0063143370485536756 0.258952820870664
0.026805760210667336 0.00621122751661752 0.25897414936318003
0.026846565915686803 0.006140502756775402 0.25900403837258373
0.026890149730870685 0.006080885116674189 0.25909286886139693
0.02699753456604829 0.005901040011304902 0.25917078843627117
0.026982124692229287 0.005886016956688186 0.25908658926692335
0.027038809876922632 0.005830291031687297 0.2592082002632153
0.027082239910704062 0.005750357120184505 0.2592300909337763
0.027126174634041936 0.0056537657583870735 0.2592381687683458
0.02716363895987456 0.0055754693273925284 0.2592714082972748
0.02720771622295767 0.005487578058101378 0.2593157615267119
0.02725804811658237 0.005389195445734239 0.25933994570269453
0.027293931965348912 0.005308050482612267 0.2593686787299912
0.027333717079515877 0.0052338322746172585 0.25940245139930745
0.027373582220901624 0.0051613032923995775 0.25943060066112295
0.02741062019212029 0.005072856037105578 0.25944756062040825
0.027441287238510557 0.004992510624723532 0.2594809109078861
0.027470698279705885 0.004905028884434343 0.25950783260493127
0.02750428739470256 0.004824615812156589 0.25955384902983125
0.027522430005827193 0.004764295143280672 0.2595826239628102
0.027545334716243045 0.004667779019932489 0.2596251757744591
0.027566685978135 0.0045786242465695 0.259662112176588
0.027590968047344035 0.004496088268639997 0.25968414142219787
0.027611252956426028 0.004434627662070188 0.25971798762735604
0.02763999718021644 0.004374999666946625 0.2598321898212764
0.027634191455180604 0.004360790633469075 0.25976959798854704
0.02766077767576828 0.0043003427390339325 0.2598584593914912
0.027656776308131112 0.004275952689229736 0.259807140805895
0.027671268538822756 0.004201253108680416 0.2598188445666301
0.027691503025452535 0.004118865477694715 0.25987104764806584
0.027708757752897283 0.003583908970746454 0.26012325281485377
0.027702520906197407 0.003523914117107706 0.2602044137887274
0.02768996598927192 0.003453669216008431 0.26022856385561216
0.027108817503209415 0.002547412479177608 0.26090293669128695
0.027939353904998295 0.001837677619493115 0.2619685112557601
0.028073563419777403 0.0017172360964058941 0.26193634883266775
0.028154470098852163 0.0016456630485929711 0.26204922918130236
0.028167108642206517 0.0016099017481739286 0.2619842867628518
0.028596309691864927 0.0012453642409678881 0.2621092586437374
0.02869437117794896 0.001171258745878191 0.26215467403919424
0.028821815092356262 0.0010676427366674347 0.26216127781960963
0.029020313461076582 0.000894283284354831 0.26227308309367686
0.029116526820794006 0.0008314771893715199 0.26238821978133475
0.02917767024174945 0.000753494812587113 0.26239203600786387
0.02923070372375731 0.0006884491124797378 0.2624810455538894
0.029282312777166336 0.000613527980016605 0.2625170929007635
0.029332023242315704 0.0005156495370766323 0.26252494796042486
0.02937373399844664 0.00047164069582793374 0.26263090247762405
0.02937565672541082 0.00045071545037719406 0.26257088971961506
0.029411545523207853 0.0004067550852571516 0.2626924118747605
0.02945013998241767 0.00033433615652654066 0.26271657693589867
0.029484511885953874 0.00025276095451588006 0.26274569037891415
0.029519351975691315 0.00017145944651042398 0.2627669198829858
0.029556483903773027 0.00010919625407704 0.26287072919704263
0.029551806522130984 0.00010020962267942861 0.26282334224042897
0.029575751518980155 6.557410835714595e-06 0.2628306752713633
0.02960301103609198 -7.873430833355564e-05 0.26286643242264757
0.02962964943968375 -0.00016599931030170307 0.26290774488427343
0.029643890554274157 -0.00022847471805679859 0.26291000645033763
0.021633422496058805 0.018346826093359074 0.2608649198320435
0.021525831193267255 0.018826811926578042 0.2611936844128194
0.02155328849545137 0.018751488390881463 0.26114965921518285
0.021576706390716693 0.018681031513609142 0.26111749147627594
0.021603191167087716 0.01860097646879008 0.2610922972960035
0.021629150825517817 0.018518120408217188 0.26107170950931985
0.021634138736796083 0.01844855884153236 0.2610156801671729
0.02164217563471234 0.0183674357081125 0.2609892068202741
0.021659644945957374 0.018297049850469767 0.26095198782366585
0.02150003609373364 0.018956263292365626 0.2613223800255487
0.02153286481049809 0.018857719629097734 0.26130236378001304
0.02265651230997682 0.015871514469994963 0.2601404837907013
0.02269831803062349 0.01578728880355517 0.26011053524592886
0.022733088232371808 0.01570492600690905 0.26007820131021087
0.02142181280759063 0.019281285319518136 0.2615801890131164
0.021442821560230252 0.019211227437053537 0.26154121653799484
0.021465629644803655 0.01912566539978483 0.2615078150761026
0.021482575056683443 0.019050199109319127 0.2614987618269864
0.021512612375271255 0.018916702843547163 0.26141564485027896
0.022582213219749157 0.01606017960252342 0.26030662235624025
0.022615500401455612 0.015979611282594133 0.2602604759223823
0.022654843910245363 0.015904431029111182 0.26025846328670926
0.022696970963443412 0.01582013827723739 0.2602367175429789
0.02272827988309766 0.015745813761495364 0.2602020270066642
0.022760031544869743 0.015669887306988185 0.26015460877725105
0.022793152014399715 0.015579140510525714 0.2601254244813042
0.022818328719844676 0.015522134541756534 0.26010752909844637
0.022851032505234122 0.01542734444578416 0.2600650856545857
0.021371512364980583 0.019481692112951712 0.2617344057788031
0.021398869317004292 0.01940441943316474 0.26173358746681186
0.021487362684411326 0.019106303468773067 0.26160877438977365
0.022527670276928063 0.01617772071724559 0.26044839861214486
0.02257212138918572 0.0160999389847127 0.2604097840695054
0.022605845772003905 0.01602751126750515 0.2603805728664553
0.02128691179838281 0.019747817046099583 0.2619501791242108
0.02131505833883766 0.019672591618428582 0.26191510282178104
0.0212300802473006 0.019939513435920514 0.2621256617496504
0.024222242800946064 0.011884518410937212 0.2589772576578675
0.024255186375730337 0.01181429343488276 0.25896095566355465
0.024290825388655648 0.01172978484609882 0.25892934459936084
0.024342773928465292 0.011634581383515696 0.25891352116029637
0.024368681250995256 0.011562737595698503 0.2588613168540429
0.02439862565312319 0.01149321362658618 0.25884734366900625
0.02444454127052568 0.011393539888013822 0.2588131941343454
0.024463967943255643 0.011326864455810806 0.2588039957797545
0.02455075382568037 0.011112627626979765 0.2587008743465594
0.024578711006095794 0.011047914047763476 0.25868162389907795
0.024611665971183496 0.010949758718053627 0.25864959804662074
0.022333763480069525 0.016522886884920526 0.26087215253109364
0.022386183343160386 0.016451856819131708 0.26082850781884154
0.02404669829643503 0.01214417231723078 0.2591612919347902
0.024122723964945376 0.012058574399235028 0.2591772344773209
0.02417547650172269 0.011989726975188311 0.25913451491545886
0.024216963507300838 0.011922206978725938 0.25908883134570027
0.024258063361755615 0.01184149312569919 0.25906426451250225
0.024451692032094914 0.011395234674730893 0.2589128136324718
0.02448568957392563 0.011305258440616299 0.2588697322009262
0.024509775480928517 0.011220471971409518 0.258818022812772
0.0245527412802891 0.01112111589990305 0.2588026651130707
0.024664960300502532 0.010839044687767115 0.2586968256578259
0.02469546337964277 0.01075181006297857 0.2586538856787742
0.02475965365557236 0.010583597857671092 0.2586096720727045
0.02478482381607222 0.010509335755228496 0.2585835174218521
0.02480074976667167 0.010473026856695803 0.25854743785305134
0.024829951855305836 0.010391348567200405 0.2585083913123019
0.024853244425091663 0.010306150976851187 0.2584743030079812
0.02488238171346335 0.010220669628967385 0.2584567206221841
0.0249133384710297 0.010132790106948003 0.25843236157108135
0.021109826801406315 0.02024818790811511 0.2624424876112305
0.022255250862284724 0.01664925507159104 0.2609936822889565
0.022315933937254305 0.0165624754217747 0.2609628849434542
0.022373416028110556 0.016484442726257063 0.2609637904604599
0.02494475819092342 0.010092288782304112 0.25851987044379654
0.02496351571788793 0.010025640627854713 0.2584870090927796
0.024977689212879167 0.00996025753360748 0.2584499362249866
0.024994683576499345 0.009899726461361473 0.25842947367876434
0.021063557335198407 0.020355270326061783 0.2625818320681118
0.02502449771708606 0.009841411997306364 0.25849692304053334
0.02504083758927574 0.009785376534749562 0.25846047490597385
0.02505849168223801 0.009738430202024865 0.2584649589047896
0.0251035528334584 0.00961412431526771 0.25849346946718693
0.02513255063374915 0.009517565531858197 0.2584681025926303
0.025151769190261214 0.00948457131065158 0.25855710839891605
0.02517654605283837 0.009402179125534298 0.2585239389941515
0.02519668133180945 0.009336916576931358 0.2584924774987867
0.025224210088486285 0.009295147319476005 0.25856814317718485
0.02524481398185368 0.0092217873333223 0.2585381497777503
0.025269151612133438 0.009148976700931157 0.2585091898767981
0.0252920836437332 0.009062118126412262 0.25847188552773204
0.025329733629759883 0.00895404817281298 0.25852792953170434
0.02534524916786569 0.008879436702287118 0.2584956442929217
0.025361677733555563 0.008797811709611024 0.258451615737415
0.0254064361593863 0.00868429602245876 0.2585209557358828
0.025415705635437616 0.008623359926169801 0.25846746362914913
0.025455953834076027 0.008495537591797298 0.2585249297952117
0.025461987142425254 0.008427954734987683 0.25848439718666205
0.025480869254337582 0.008404123642101774 0.25856414114732124
0.025485730524206912 0.008328649387673574 0.2585236699344192
0.025491304376198485 0.008255671737530095 0.2585019829647482
0.025488034896892695 0.008173513690565626 0.2584623519513364
0.025471235306455613 0.008093677575056128 0.25841815829317694
0.02652092616933375 0.006825422208848598 0.2589182378238277
0.026852168858975945 0.006148930172564391 0.2590483274083557
0.027081523590049356 0.005748215016211382 0.2592058457368233
0.027144769246554713 0.005623167893306969 0.2592614421079867
0.027192100982932284 0.005527436858935415 0.25932006449952466
0.027251142168613563 0.005422639934261089 0.2593749305990048
0.01924763589022693 0.02457166332940188 0.26723436214045704
0.019310437527054195 0.024516792831323693 0.2673138110476394
0.01945663544269634 0.024349664081882078 0.2672812121155714
0.019513161478554007 0.024284686801411354 0.2672678354794903
0.019630984980462663 0.02409824818445292 0.2672005215901018
0.019363594965331972 0.024462741615476825 0.2674139733130951
0.01943914190878434 0.024383780515849093 0.2673741087802297
0.01950837889200273 0.024303924915280335 0.2673549561586694
0.027652480746504407 0.0020859675708638195 0.2619522584811023
0.027752734910389428 0.0019953683307186295 0.2619544200335149
0.02784138286023096 0.001915446307493123 0.2619296160702745
0.02800696112023034 0.0017894404866083582 0.26199771303583647
0.028074131222014336 0.0017257830351124622 0.26199328736126987
0.028126311136877465 0.001657935862069493 0.2619891510470946
0.02819802909148258 0.0016017016909072998 0.26205689848971037
0.028261562716439134 0.0015356595233839562 0.26204432186024557
0.028347304591371865 0.001449362930735718 0.2620368531066463
0.0284848039825127 0.0013378537113883549 0.26210296511188313
0.02858013983111745 0.0012496729025238283 0.2620778958753805
0.028633480419206422 0.001220633322154252 0.2621596369533908
0.028749250429845757 0.00112579367739201 0.26215686738339744
0.02879208001321417 0.0010791290629526655 0.2621164165113709
0.028877600709671828 0.0010284845371780723 0.2622253469854655
0.028944794111220914 0.0009530274594741081 0.26221013171968927
0.02894452061491863 0.000977670327512632 0.26227396559278665
0.029005936450883042 0.0009167316817373601 0.262289625316407
0.029129940483141603 0.0008024297554599697 0.2623470650337888
0.02918147746631818 0.0007627685802603811 0.26246713582393705
0.029219783341155204 0.0006918428923509178 0.26242087773440076
0.029260360658152768 0.0006446519452560579 0.26248639132655976
0.02929707109656022 0.0005751950198584133 0.2624772413415195
0.029285520984415517 0.0006152321194340365 0.2625808137710895
0.029326623673659114 0.0005427406879674338 0.2625767063752164
0.029365312546838888 0.0004614295994272896 0.26254360170979735
0.029351183661796502 0.000514646403142681 0.26264365051493654
0.029397158125143676 0.0004195433195866217 0.2626115015426658
0.029422519531453174 0.00039026275061302296 0.2627202247520121
0.02945226522977973 0.00031210037584540216 0.26267033399934464
0.029477833711905106 0.0002783512860524985 0.26277706400993167
0.02950099583346631 0.0002050498757308102 0.2627381251402815
0.029526191233290616 0.00018047209176790324 0.2628260745715655
0.029566704476739293 6.29473743538334e-05 0.26285233058805735
0.02646632785744289 0.006915814108955368 0.2589258393850985
0.026369534847404657 0.007085900958074197 0.2589817199547501
0.026263506162983334 0.007231803844611012 0.2589803972756083
0.02632149103282744 0.007169807144998396 0.25901431321443213
0.026119229342914375 0.007367825178790142 0.25899741554634587
0.029152331350199318 0.0007974825295917122 0.2624275500772976
0.029208165671498906 0.0007203065529853868 0.26246426367423203
0.02925471542911503 0.0006631102441997082 0.26253120151724474
0.02789983469688812 0.0018642478762019128 0.26192634259738956
0.02775416233686526 0.0019878976613933843 0.26192794220593235
0.027835575717350125 0.0019296131685254444 0.26197431204817023
0.02788253109072327 0.0018920310998210383 0.2620034225312181
0.024226074099237643 0.011872867270974268 0.2589408291938459
0.02767826075343637 0.0020691900146173683 0.26195998529473935
0.02421828679013126 0.011905747894915329 0.2590394461446513
0.027491454690667598 0.002189667563872514 0.26196279903572
0.02410253614727484 0.012068622133816142 0.25907575773344593
0.02416206096371243 0.011999969183295633 0.2591005647871383
0.027261652534646134 0.00228071407706243 0.2619380329111984
0.02396694212775713 0.01220186909354008 0.25907957774592844
0.024094221004659265 0.012090694688766626 0.2591543079347266
0.02379618547285017 0.012299773016776388 0.25905208746546554
0.02388324998824494 0.012271918477939769 0.2591307920811198
0.02396176516516537 0.01221536481433605 0.25914808911052234
0.022631142228008626 0.01595796543644969 0.260291205200063
0.02258982376282932 0.016057636617199132 0.2603576184958949
0.02261801128602292 0.01599745108318655 0.2603587762660924
0.022494912022250846 0.016219652667982656 0.26036643451477354
0.022539297525675 0.01615473118385355 0.26040810314787155
0.022496409071671625 0.016246152588677273 0.2604848209297298
0.022437943970654153 0.016350793849170556 0.260628838398689
0.022376231864960825 0.016445492485558863 0.2606925600353369
0.022428501910215524 0.016367176384025232 0.2607173045783647
0.022360805424770036 0.016479514253697786 0.2607752420946711
0.022411786268770103 0.016404442610223557 0.2607826387487198
0.022361294124028534 0.01648677550953679 0.2608537660874165
0.022354845138041046 0.016507019538150813 0.2609172562471675
0.02228493355971636 0.016601279469217904 0.2609652553431108
0.022087812129699135 0.01680315222105872 0.26093819889670405
0.022164342391415546 0.016757425393304964 0.2609717164512865
0.02222380451235928 0.01669803703097123 0.2610254549960398
0.022055668079453666 0.016827064329476005 0.26100593157496843
0.02213889656003194 0.016787502177667328 0.2610570998812224
0.02156944581991962 0.018726399481270188 0.26117717980530275
0.021534027768463634 0.01882907520066572 0.26123347383409506
0.021516420283241824 0.018923603127661913 0.2613149390191864
0.021478808724072523 0.01904392797012476 0.26146332381558807
0.021500996932027578 0.01898073901913252 0.2614971421109362
0.021428291248310485 0.019236322974253955 0.2615099566315948
0.02146023524098913 0.019163508303601945 0.2615368000659798
0.021489282290177047 0.019071477386196793 0.26155506026792386
0.021405567907027117 0.019319217459379368 0.26158071917462944
0.02144311876844434 0.019242306964150302 0.26162911927721677
0.02140694732851667 0.01934938126614618 0.2616820313721068
0.02135182840404703 0.019566562770200066 0.2617957609890156
0.021320184656752846 0.019652135721298807 0.26185576350060824
0.021264180435201632 0.019841094649982183 0.26200438213281585
0.02128566593486972 0.01977733400681697 0.2620161263648969
0.021226107102236987 0.019934411509778822 0.2620706381958943
0.02125592325812985 0.01988165748092386 0.2620888392312316
0.021168739065238404 0.020041034332949667 0.26211341233539476
0.02121003683248407 0.019980830878283277 0.26214780522225734
0.02117075258619472 0.020078164725883765 0.2622205440083673
0.021133213575163016 0.020150292201195137 0.2622591334130787
0.02109332364443928 0.020242586586572978 0.2623296947541558
0.021140225618143244 0.020168705723360075 0.2623740895940988
0.02104776805106448 0.02034783183375761 0.26238620013759234
0.021097968476256227 0.020276365242667328 0.26243500723408963
0.02105141428898906 0.02037718348939853 0.262484925647265
0.02099419910518759 0.02044913222825722 0.26254871696814186
0.021044749195146248 0.020389124739462444 0.26260377781624383
0.020974235460717323 0.02048171203553603 0.26262344301552243
0.02102254693885924 0.020423703909578497 0.26265746699680975
0.01803493371515836 0.025148008750999103 0.26793110002760534
0.018080846308787202 0.025138182035604556 0.2678320573059604
0.020979053511907948 0.02049548606205126 0.2627251287489184
0.018241854372046593 0.02509971887261324 0.26783812178929967
0.018124528147718318 0.025128311811789247 0.26777392509690695
0.01830168551556301 0.02508217626989776 0.26779894228885004
0.018149846887891747 0.025119715531184472 0.2677047975491724
0.02093273342750802 0.020576253340221166 0.2627804842252349
0.01832789718658252 0.02507445559604183 0.26770807558318965
0.018389366691334164 0.02505292956447177 0.2676251633642443
0.018408817553501326 0.025045043734745226 0.2675532973740231
0.020869567197055808 0.020710217833056578 0.26293124128075734
0.018581789292799786 0.024985606829654193 0.2675311603503464
0.01843805432756467 0.02503132383434134 0.26747520771545497
0.02075987085986941 0.02085268486280676 0.26294545810325926
0.02081087548909658 0.020802818605700442 0.2629656667919749
0.018695077536294524 0.024943917013804752 0.267530474099432
0.01857506985939704 0.024981990204592963 0.26746462043948155
0.01873943016570704 0.024921553333258066 0.26745662021492617
0.020681244411850614 0.020929022275377532 0.2629910094294083
0.020747203853588397 0.020884718822464975 0.26303213679141546
0.0208168647855426 0.020815922703483487 0.2630646042932035
0.018836396372618722 0.024874345371199508 0.26741823192979336
0.01895261211907318 0.024811229458233497 0.2673636932352133
0.02068146362967712 0.020942400749837248 0.26307568307385976
0.018980947449284462 0.024784424071924605 0.2672957329723632
0.019427404820380228 0.024398484301655886 0.2674303293951208
0.01936886670763009 0.024456958261141443 0.26735810512137764
0.019299640050156237 0.024528112872312026 0.2673495706850069
0.01923546785078659 0.02458907941629164 0.26727759739035367
0.01914999520707248 0.02465671881200348 0.26723915718712504
0.01942625994898415 0.02439269929907001 0.267333759211241
0.019329879816582157 0.02449302119662624 0.2672602191381592
0.01926629664976411 0.024547592062999564 0.2672036432507101
0.020502762661689586 0.021062165898948312 0.26319461335511185
0.020550229462553037 0.021034964076801173 0.26319713670361455
0.01760721501618366 0.025189731877895305 0.26791702428146563
0.01755897948209152 0.025192669496355194 0.2678407910803743
0.017509227071256846 0.025192231720906497 0.26776370418091144
0.017458476466668635 0.025190403917169854 0.26768626567003073
0.017405664385920873 0.025186658850973105 0.26760814942712124
0.017698098769765268 0.02518614653307496 0.26789165888106586
0.017649828297606307 0.0251899087313534 0.26781532695077664
0.01759977951204525 0.02519116995550786 0.2677381703206177
0.017550277898650803 0.025190270987684935 0.26766108491714724
0.017499753953550884 0.02518770101064241 0.267583826695646
0.01783160600479452 0.02517545934728975 0.267941043234406
0.017786212820145128 0.025180042615310823 0.2678652826718313
0.017739346809841572 0.025183678224402664 0.2677894738687492
0.01768942631231572 0.02518592668795592 0.26771240612362573
0.0179611294450956 0.025158651181020737 0.2679692884421278
0.0179149104741658 0.025165401274658314 0.26791119410279873
0.01786983654510324 0.025171033028346 0.2678372284089315
0.017825026870685514 0.025174685458161795 0.26776237804196495
0.017777088428196912 0.02517730844177858 0.26768599978400687
0.01800557217123129 0.02515159149775134 0.26787544168264327
0.017953416084690872 0.025157663927819374 0.2678085773301835
0.01807981981585602 0.02513942056222563 0.2678744644947858
0.018044669762475436 0.025142103522596354 0.26777800964332166
0.018161136439772522 0.025120776665240638 0.26783113256337215
0.018104204126828095 0.02513106608765077 0.2677397427295323
0.018243239467116958 0.025098291465220628 0.26777710028800883
0.01819211115384695 0.02511108749925728 0.2677341076956807
0.018305595750898067 0.02508072141072689 0.267745568376267
0.018266424214158035 0.025089635990369195 0.2676854459413594
0.01833557642003322 0.02507087934734771 0.26766564841714147
0.01830079185548648 0.025076519144389055 0.2675968720886654
0.018355938715894502 0.02505981489097276 0.2675456915356698
0.01844301302509705 0.025032670550478586 0.2675173647240589
0.027711057578083977 0.00203467205782548 0.26196200528284586
0.01904296593972189 0.021166901207576035 0.26356748073335645
0.019161018607732155 0.021190412347618613 0.26353930649033985
0.019268898507358388 0.021212865742052014 0.2635369880350241
0.019372692588094157 0.021232123839682523 0.2635043662174802
0.019473969143613493 0.02124684895762132 0.2635063790770951
0.019574538817513778 0.021248706487882164 0.26347794444903505
0.019656191366987773 0.021247738352141138 0.2634416159109749
0.01976185613517041 0.021239688534798816 0.2634206480544878
0.019707361957776465 0.02123420178802793 0.2633621948352434
0.01985825150515625 0.021233022922001105 0.2634105933018144
0.02633366829736191 0.007129884843184553 0.2589621151354796
0.019939445540889802 0.021226647088987326 0.2633758726118056
0.019910741334898254 0.02122276753415283 0.26330790454053193
0.020025416298244208 0.021213270394935868 0.26335095592992064
0.019960518588439145 0.021211825484754372 0.2632727455987831
0.020107186592901987 0.02119570528790353 0.2633263074081288
0.020057142697856703 0.02119546802198865 0.2632427879638443
0.020181188708562704 0.02118002624672046 0.263312807736084
0.02013974223325957 0.021177859216725152 0.2631977350956956
0.02025492900775315 0.02116252286637358 0.2632692889211674
0.020215271150190353 0.021164613826936407 0.26320045449941903
0.020323579215903918 0.02114149833113072 0.2632366338091836
0.02042081931016383 0.02110344065056078 0.2632011531578655
0.02037450423013151 0.02111160851338409 0.2631403637872609
0.020464611183305483 0.0210782222050089 0.2631678344971677
0.020531409889741035 0.021037723308560886 0.26312376556474326
0.026289450710151107 0.007214474745118911 0.25902125673819715
0.020600506609316088 0.020994548867996086 0.26307149047004336
0.020691659945684903 0.020936269035300124 0.2631187916219297
0.020646073636818345 0.02096080770729953 0.2630322791313841
0.020729685542616002 0.020903800587464043 0.2630799392079359
0.020712075567040272 0.020907307222334054 0.262995025713884
0.020787422107086975 0.0208426421318857 0.2630168400206641
0.02622016737566435 0.007278742827824875 0.25898331041284545
0.026119741795070203 0.007350693641865473 0.258939623891798
0.026167733965563916 0.00733156991833934 0.25901554074348326
0.026021518800278816 0.0074033850751642465 0.25891366312233494
0.026062951334962618 0.00740058369360087 0.2590043390807307
0.021273685871434 0.01982087068839894 0.2620298662643473
0.021250034877987448 0.0198628662460201 0.2619822988695366
0.02127862375012372 0.01976232724091212 0.26192505365103
0.0213098713860572 0.019680488331504077 0.26187979404038797
0.021336706727421165 0.01961140731955166 0.261833489772318
0.02136560253451707 0.01951902206802031 0.2617689386799044
0.02592706959464052 0.007444398207950511 0.2588961249897844
0.02597330878187617 0.007441556748724744 0.2589747823923174
0.021381995867570672 0.019440803425550525 0.26171142007855164
0.02583875265702913 0.007479106771643571 0.25891563496511266
0.02589720977905429 0.007471337344340918 0.25899137252174037
0.025766381324662482 0.007500941727747717 0.2589301137476378
0.0258233998866656 0.0074942375225783165 0.2590226023892114
0.025727883945885002 0.007514300131244836 0.2589786687245532
0.025738589958998682 0.007512904245192254 0.2590468424085182
0.02130693197425667 0.016986297822269313 0.2609235589481602
0.0213433214366919 0.016985795513228007 0.26090655008549096
0.02150021240837656 0.016960865643500425 0.26095753971580155
0.021449582909735202 0.0169633934317883 0.2608992141129011
0.021561543082862435 0.016957910362353446 0.26094274732990713
0.021537429749025203 0.016954905087927512 0.2608788116805644
0.021648062168581103 0.016950195046557072 0.2609174731116488
0.021624691672343394 0.016944495908173908 0.2608272731026284
0.02176466578071993 0.01692659606552587 0.26094143210015974
0.021725377536507568 0.016935401174533356 0.2608752821702877
0.02171264757290164 0.01693191085765227 0.2608083932996539
0.021884910995409537 0.016887033145106985 0.260990824569952
0.021843408510866844 0.016902571259231843 0.26091554118608656
0.02180721942780248 0.01691097639896623 0.2608447625820244
0.0220087514143242 0.01684350723582284 0.2610251312276735
0.021960933601214424 0.016859685636807585 0.2609638610539267
0.021916221562013994 0.01687636598494017 0.2609028409151468
0.02187313844184652 0.01688398138966546 0.2607976952211431
0.022067350929916206 0.016818876146808735 0.2609685273777483
0.021995846138986298 0.016841504705824177 0.26090110550154366
0.02195581647401482 0.01685499380868164 0.2608511111836028
0.025632265346909988 0.007522615973843328 0.25899397832911825
0.02216224577561539 0.01676942110407175 0.2610251633831477
0.022120235700845054 0.016780684458132723 0.2609301042217108
0.02537527236829677 0.007530166631454806 0.2587841423057259
0.02548677707604798 0.007524281024959586 0.25897966996281174
0.02551941882003098 0.007530150551673797 0.25905020182161254
0.022201567782611967 0.016717864478220046 0.2609802558158952
0.02228547919127462 0.01661970177463632 0.2610336940430492
0.02536494600352493 0.0075536120453284705 0.25893485960784773
0.02539518859976838 0.007526054252982836 0.2589978215570987
0.02543235967717927 0.007529549347610771 0.259044813723655
0.025355016617222694 0.0075413135894673595 0.2590055221394404
0.025349644300384645 0.007539749963072457 0.25909524902662756
0.02285123176038335 0.015441503970806316 0.26011167164012355
0.022831011547718903 0.015470228706163202 0.26003787880118595
0.022870618931790536 0.015374271367398476 0.2600449487420762
0.02291092334984716 0.015273310533977546 0.25999347031164116
0.022889263696990923 0.015297091370617157 0.2599255060640777
0.022936716252470107 0.015189772975198261 0.2599337915202032
0.02291245390439329 0.015226719174271116 0.2598820800665409
0.02296270859070818 0.015108022152093874 0.2599031308748306
0.027219416835224015 0.0022936206746715657 0.2619548977661483
0.02727675342981187 0.002273946754118482 0.2619153699699647
0.027423166262728605 0.00222622654173667 0.2619676685271869
0.027558652652026193 0.0021464904541745244 0.2619678589356581
0.027864161352374527 0.0018999099354877886 0.26194923928969893
0.027770564405830683 0.0019707019048354167 0.26191460744346523
0.019123909262786686 0.02118959696727269 0.26360246290943257
0.019215003388574327 0.021207310567655964 0.2635912354783619
0.01921284339500976 0.02119868175651196 0.26352598044065567
0.019344794626521264 0.02123143538362423 0.26354342167379996
0.01942394884663629 0.0212440905252827 0.26353351456384866
0.01950901114604066 0.02124300983894776 0.26346719654867107
0.019627537483546786 0.021250675739610002 0.2634710420765186
0.019613109871628082 0.021241722638089544 0.26341857255310275
0.019685127418473777 0.021250663021771567 0.263472329761791
0.01967998857883469 0.02124225066966233 0.2634083556306195
0.019878472776727985 0.021227917916637966 0.26333423416289653
0.021335336901081543 0.019601224938080766 0.2617915859862911
0.0213587508828624 0.016986085877358045 0.26087837355129057
0.021420349696199364 0.0169671802466567 0.26093481941671276
0.02141034921683658 0.016959658204461298 0.26084136047067913
0.021480677985042988 0.01696126687003737 0.26092212909984686
0.021492437871155408 0.01695451091422015 0.26086601608941595
0.021591865682302504 0.016951143586293495 0.26086573100498206
0.021665569675156635 0.016943743339798048 0.2608513525944593
0.02175820910081788 0.016921278363080168 0.2607977381725729
0.02181194363436688 0.016905348075476112 0.26079345297232953
0.023352693319569014 0.012393892356001471 0.2590906025775887
0.023379694993088236 0.012377233621421862 0.2590007411910572
0.02339251632640585 0.012372391908784761 0.2589386295638792
0.02345090678491149 0.012373614535822796 0.2590263898620705
0.023480204250625608 0.012366881726902474 0.258941596960323
0.02354459869820998 0.012371644991317439 0.2590453532393253
0.02353783213412976 0.012365174772425852 0.25895165044972934
0.02362420578457614 0.012349677986781294 0.2590688370084436
0.023628835512584406 0.012349122138289736 0.2589913787148203
0.023705386686665848 0.012329932640131283 0.25908142681867147
0.02372163208825809 0.012317359825197625 0.25899145877905866
0.023785059465238043 0.01230635480632169 0.25907792006697994
0.0237842531354712 0.01229578543811093 0.2590147602697357
0.023860100770834954 0.01228789713635161 0.2591504445061269
0.023840381411823708 0.012285761300193015 0.25908957081078915
0.023917017128504865 0.012249294198383371 0.25916016553024007
0.023924836120179555 0.012234161326223833 0.2590889430187047
0.024003072746804077 0.012178088219595826 0.2591187327009371
0.024068686651180907 0.01211242258072907 0.25911359153135743
0.024133285489744433 0.012039028257492717 0.25912166273776827
0.02412731378067253 0.012040559663261263 0.25907190447124767
0.02713133473915659 0.0023120818890607873 0.26195191347131624
0.027303396759429943 0.0022633479737788264 0.261921950527857
0.027365070627605306 0.0022438903655912276 0.26193735917373856
0.02717577717058519 0.0023007485805437954 0.2619422319369971
0.023889551843704664 0.012259747600166104 0.25909736595283683
0.02382406746457096 0.012284596008643393 0.2590406886338671
0.02379497356797553 0.012304710310795702 0.2591115697133581
0.02374061714951336 0.01231858542867384 0.25904723059403056
0.023664188515795315 0.012338737362822459 0.2591012576400174
0.023673947520636313 0.012332156448091146 0.25897050756282497
0.023626837706257744 0.012350157131315247 0.25903200432446893
0.02354097554625171 0.012370067344040192 0.2590899245507145
0.023574041529105007 0.012361970057722214 0.25897303187202064
0.02350310907687293 0.012374181343549498 0.2590388272268626
0.023423485684608912 0.012373905772443973 0.2590948780927341
0.023305350265880497 0.013810685726346845 0.25945318118301475
0.02328900879140818 0.013874175992192315 0.2594867551558948
0.02326380994268296 0.013960014388667062 0.2595109669239748
0.023238774366566444 0.014053760699505572 0.2595531744035571
0.02322760137106738 0.014112146682399306 0.2596056671427989
0.02138661341533528 0.019471719253324415 0.2617908822805453
0.021361718172917852 0.01956308744147979 0.26185022395222873
0.021332328845698648 0.019627434012811355 0.2618769059312312
0.02130520598379087 0.01969374760843371 0.26190502702469426
0.02128295046470718 0.01976010700035051 0.2619557443429864
0.02126864568938025 0.01982048716135002 0.26199255658769544
0.021249495972945717 0.019884511603815117 0.26203365605274687
0.021356814380406933 0.019515694881991695 0.2617301508702155
0.021327409762959684 0.019597951228367806 0.26176170347793065
0.0216866592075346 0.018155193203825193 0.2608738381558854
0.02167153956475467 0.01826412505264302 0.2609404866788648
0.02164675823761028 0.01833511505350651 0.26096210473849946
0.02162874559304227 0.018423421248131164 0.26097819352423907
0.02164233803739791 0.01829898488081589 0.26081184647333105
0.019167873983193667 0.021235162089503788 0.26488819641754985
0.019197608465546263 0.021326718338909277 0.2648437523228463
0.023445980410389037 0.012898698239102393 0.2593597617869297
0.023390396382755706 0.012771425530828705 0.2593352491983117
0.023416424941534272 0.012871984951274474 0.2592856112089536
0.02335248838633099 0.012722040968767145 0.25928033250470167
0.023379137449945284 0.01280898627985497 0.25924115951415583
0.02331243378333409 0.012669007503310436 0.25923124272144277
0.025441100634747055 0.008561997541855984 0.25852731384804095
0.025493108151518704 0.008298241708500863 0.25854781457901327
0.025476542526170362 0.008382544763093904 0.2585201020918802
0.025455365268093548 0.008471028812102233 0.2584909380093224
0.025496629107870844 0.0081827776191965 0.25849834620176587
0.02548379678375148 0.008279807258296572 0.25847658383301153
0.025465238739849363 0.008350019024447694 0.2584322260084426
0.025378451952024837 0.007717074300760586 0.2586533664382961
0.02547605755880188 0.008075993517262806 0.2584438528467295
0.02535471618183704 0.007721274844269044 0.2586138803008828
0.025420557397055905 0.00783441706866795 0.258515165127092
0.025456530728578886 0.007963486303493921 0.2584611056132153
0.025387063992095043 0.007805576429574086 0.25845539036685994
0.023311317564175756 0.01262838502351628 0.2592472635294798
0.021515571672680884 0.017495025301100205 0.2606430304297814
0.021240979928826148 0.017128265553567897 0.260721311412765
0.0216370585510143 0.01767024241506019 0.2606641526448243
0.021264017353088967 0.01719369915105636 0.2606740846628974
0.021259865851474474 0.017147061687725805 0.26072792420086377
0.021260632388822857 0.01713831994182813 0.26075755526731703
0.02340654984247148 0.012829440937676899 0.25929568808473485
0.021668781801038813 0.017709406462236364 0.2607857107466385
0.021349846870609257 0.017265409108816625 0.2606662386205664
0.021394364399147523 0.017345456201205832 0.2605996783767803
0.021698732845749955 0.017769521074618946 0.2608009216933151
0.021453023081441477 0.017413577323239837 0.2606099021150577
0.02335694994336733 0.012742375376469344 0.25926397325128936
0.023348424941713325 0.01277365158416523 0.2592052811583043
0.021540194861627997 0.01882528100523541 0.2612654625140138
0.021568949817269815 0.018738618673615183 0.2612104650831266
0.02158184449346034 0.01866773768925349 0.2611536992590609
0.02160729558024186 0.018593559589773913 0.2611147677610258
0.02163077553144213 0.018498024325678653 0.2610509660188407
0.02549451453074997 0.008216260591727333 0.2584979599193513
0.025497366878290992 0.008144368084527325 0.25851197232892303
0.02544934966128469 0.007919165651483234 0.25847637746241126
0.02541566885895265 0.007846524995126608 0.25847085754408317
0.025410071493528884 0.007796238446686584 0.2586043022436642
0.02536413067856139 0.0077497337970856605 0.2585326769046729
0.025355679357532093 0.007689882878235733 0.2586469704801078
0.025362818109768523 0.007717166580712965 0.2586368465877909
0.023751592956622325 0.01231720033621862 0.25911040043000627
0.02147558281783772 0.019087993711937257 0.2615041215572839
0.021509816714359607 0.018928541911309868 0.26135296563478794
0.021330780156065005 0.016966797263512814 0.2609598078341102
0.0213222584375534 0.016988318193476647 0.2608590813689331
0.021452629308923412 0.01696347620869087 0.26092752104668016
0.02338438342965431 0.012378766598892954 0.25905124253700607
0.023424226735402787 0.012373251791487948 0.2589809305409718
0.023497299426105477 0.012371365255082842 0.25907925992901953
0.023515464727175747 0.01237189706068791 0.25899787828600457
0.023577149680479866 0.01236255207588171 0.2590942262895897
0.023594109221283514 0.012361430522980848 0.25903282152190166
0.023671255193412746 0.01233750597063301 0.2590372109614093
0.025374234990333325 0.00753018686934303 0.25899330466284914
0.025383129846268532 0.007548912093385148 0.25889392142622214
0.025464649191675164 0.007529044663229646 0.259033794837718
0.025582979195578035 0.007529414930681064 0.2590445585581886
0.02568377850570889 0.007521762158964037 0.2590073866351526
0.025694426846411135 0.007511720046919482 0.2589435346490756
0.025783077643558427 0.0075037634210101175 0.25897526730212084
0.025789166273511622 0.007487345395030708 0.25888630883760944
0.02164198060346292 0.018327918199399572 0.26090106444358774
0.021619991226337138 0.018405584623408994 0.26092301774801335
0.02160397393899476 0.0184865386217984 0.2609396364017181
0.023302587788187983 0.012638749397707672 0.25922318306729936
0.02140609209880631 0.019369445868872022 0.2617156753864272
0.021373332850092335 0.019440543580376897 0.2616761418216693
0.021454975865090743 0.019202956724965664 0.2616347612037695
0.021426725989627176 0.01928624902159523 0.2616311304933065
0.021405363255394997 0.019333101727412233 0.2616139042649397
0.021476611665574772 0.0191207401618809 0.26155250456761203
0.021457213890068442 0.019186213271456053 0.2615714961691235
0.02142369062046961 0.019259760452369545 0.2615376384982778
0.025405659549777377 0.007528149228188964 0.2589506950678936
0.02542875406850967 0.007526840792451244 0.25900799030155613
0.025361046513196876 0.0075405699088251935 0.25897125571135626
0.02538751324123286 0.007531447457287254 0.2590451914306334
0.021376888816036502 0.016974137104875248 0.26093289925547064
0.021361254668368954 0.016973148079250835 0.2608425733552258
0.02145612167218181 0.016961950972934667 0.2609602064632258
0.021442921392914774 0.016959597015595386 0.2608637949285833
0.027208473944066242 0.002324996030684895 0.26153853470358385
0.021241165052681837 0.017126268643423898 0.26072934065177217
0.021224535765803382 0.017135517920415497 0.2607015855622741
0.02538593518533691 0.007828961917388418 0.2584161592127222
0.02536897600986622 0.007757864358307093 0.2585160699651967
0.02535756233839612 0.007737363116919461 0.2585736260057584
0.02543890180645098 0.007909181609847197 0.25845774861268866
0.02542409872979017 0.007827514238017847 0.2585499981644484
0.025386399665428744 0.007756201613028427 0.25862298651258286
0.021531800364863022 0.01753831735822973 0.2606088405184105
0.021485249816959026 0.0174431687841168 0.2606507935806838
0.021471486664207635 0.01745819438311364 0.2605835841178
0.021439921698992753 0.017380582334433688 0.2606350064929949
0.021432046519581773 0.017403826088746528 0.2605798705670057
0.021387756450336075 0.017306273398006597 0.2606403514532063
0.021326289668314413 0.017263783320536227 0.26062672296376427
0.02709525135812487 0.002320817155225814 0.26196826231036824
0.021558339991098584 0.01870864499789187 0.26108592339190523
0.021587805177203306 0.018640971999135253 0.2611029928543193
0.021574061413381244 0.01862643535483658 0.26100587423906707
0.02161602396263382 0.01856873297084566 0.26109330823555565
0.02161346504771612 0.01855805563367001 0.2610393392646068
0.02159614455916928 0.01852416249186159 0.26095195623584916
0.021632547982327124 0.018470788910692516 0.26102523604627187
0.021387990597407164 0.01696574894811089 0.26096922812796197
0.021397404816456536 0.016973856982368786 0.26088894799430395
0.02151648589846243 0.0169596901783116 0.26091364561708635
0.021711104534555964 0.017977224309495207 0.2607399321652137
0.02172399377591526 0.017908366711743486 0.2607749672860074
0.021723139687070712 0.01781084009877279 0.26081659391203854
0.021677021672699144 0.017736641627534973 0.2607853844244365
0.023408933578220555 0.012872258237988708 0.25926719700546624
0.023359966372917613 0.012762078653418473 0.2592463851038532
0.023359738600988653 0.012717368418699323 0.2593178462403633
0.021629783246475978 0.017674133487784655 0.2606053026287076
0.021702733619943196 0.01801190338214203 0.2607412208113647
0.021738748934786837 0.017942711326274126 0.2607979074023848
0.02545043217918354 0.0079316630205356 0.25846835508609445
0.025377369580286312 0.007779197668770918 0.25848911403003844
0.025400292832188264 0.007752882042758278 0.25865391504262575
0.02164992718087836 0.0176927195398726 0.26073143849939706
0.021649661964730137 0.01770468270552645 0.26062745154190753
0.021546026930775553 0.017545739734999573 0.2606382238562982
0.02159943885289912 0.017644361734458942 0.26057267588228133
0.021464798203759725 0.017417669585301485 0.2606371412373933
0.02136794051174871 0.01730166901189272 0.26061834526529426
0.025417758882461155 0.00779068569556611 0.25864383189717133
0.025412895627611613 0.007805532962480816 0.2585721324326168
0.02537635221023083 0.00761574236212494 0.25870356222095503
0.02538586239376031 0.007663691718747626 0.2588082070937807
0.025367857802810468 0.007538272952181411 0.25866444072602485
0.025346953858664065 0.007631149471025936 0.2586510702785212
0.025363931086720387 0.007607788155192544 0.258892578154894
0.025376275939927903 0.007583276820632355 0.2587621642814857
0.025398385995993374 0.007698807162759591 0.2587362064682352
0.025396203911685077 0.007720642662626838 0.25867967354991667
0.025381895339295902 0.007562364400433575 0.2588304937073004
0.021362332878712992 0.019472881466094646 0.2616884085643895
0.021354639061538103 0.01950100359413027 0.26170371656203856
0.023309485732757727 0.012503149936361027 0.25920297951951154
0.023330144010904136 0.012431456701887469 0.2591520325384946
0.023294272399661912 0.012588835245071452 0.2592049019573694
0.021273339385405286 0.01704983449844684 0.2608796856150913
0.021273583895008507 0.017007429736741346 0.26092669447063743
0.021296341812663745 0.017001292695101422 0.26088459245401224
0.02155747478624895 0.01758334275573567 0.2605888476430311
