0.029645519765830578 -0.00033053220108479435 0.2638619357774149
0.029638266172056026 -0.00017726046844156664 0.2638445233378987
0.02963260469968115 -7.642522246800935e-05 0.2638489483802702
0.029616154330627448 3.639982939397402e-05 0.263829421930763
0.029595845681569616 0.00017081537431629578 0.2638320872181149
0.02958202496019094 0.0002837398781907891 0.263853177850758
0.029556459854927525 0.00039423996062633743 0.26383841574811007
0.029543026493355422 0.0004725401529155361 0.26388183769284257
0.02961314271797903 -4.209532823023808e-05 0.2636907445388825
0.029500917621267393 0.0005652443050875845 0.26376791424064083
0.02948277367817375 0.0006393536251449071 0.2637671246776897
0.029466330178721738 0.0007043717597242579 0.26379161691526815
0.029395944721786665 0.0008594748621544177 0.2637287483184287
0.029355997754697022 0.0009293092827882112 0.26363212907803074
0.02928795807223337 0.0010490289926029146 0.2635658643408613
0.02921398455993467 0.0011705584654002183 0.26348145295051734
0.028605351385435112 0.0017435827447098715 0.26310378819240465
0.028247148849493982 0.0020391371812985763 0.263024635622907
0.027606134650067015 0.0048792443631349445 0.2609402643831768
0.02756860361101143 0.004950975558037923 0.2608143837528749
0.027559134054373075 0.005028298522456528 0.26082836378401236
0.02753921147287438 0.005127056905206159 0.26085049878984257
0.027517600868771915 0.005128493952619352 0.2607375760366656
0.027497149302536633 0.005217240266463369 0.26073563500147207
0.027348948194161622 0.005665109432269711 0.2605027812810887
0.027309791942956213 0.00577020577618874 0.26049601776969356
0.027238551451585706 0.005906049494794618 0.26044395674199894
0.027110076698580583 0.006191561027111386 0.2604230915735506
0.027080430120694943 0.006227350709417261 0.2603423372054946
0.02704325043512312 0.006321787101487257 0.26035999710735125
0.026999680670748188 0.006375318262088988 0.26027022660787097
0.026976011821293524 0.00644384650399896 0.2602949669661185
0.02690361043023497 0.006565033522864072 0.2602305344686394
0.02683274302830266 0.006688171115700428 0.26018864013520604
0.026758945576227013 0.0068176293984338185 0.26012554064472576
0.026742509908295485 0.006860387566358702 0.26015304253730337
0.026670177977745527 0.0069911857361748 0.2600992814808064
0.02663521693525787 0.007068319842557394 0.260114547195357
0.026563776568926188 0.007199710370030064 0.2600559357754044
0.026498351646041793 0.007338433429081871 0.25999972323451825
0.01929564103376124 0.02430853776856061 0.26865378870101136
0.019266110151739027 0.02437718719373902 0.26871924955518894
0.019233511893475108 0.024437781436773567 0.2687546483711187
0.019216151401810776 0.024475035939698277 0.26879687648427814
0.01909256768812888 0.02463237041797902 0.26881259628887877
0.019070745715867712 0.02466344677444874 0.26887447934791125
0.019017250463643602 0.0247261134669243 0.26892464188616083
0.018968517407930503 0.024775334309526338 0.26886231888531525
0.01894448405533702 0.024799060452050804 0.2689110024916322
0.018895547218650083 0.02484934913002295 0.2688159425743016
0.01883636048843211 0.0248899059426448 0.26873134903071777
0.018813261773507055 0.024919638701306514 0.2687879611056768
0.018755942824675468 0.024952623052069023 0.2687177211753694
0.01870207033446158 0.025005800684559515 0.2687672902221713
0.018609807920719593 0.025062632863447523 0.2687611831972537
0.01854532206492399 0.025101995027180024 0.26880843843895874
0.018513088833986086 0.025126068385278998 0.2688789180732734
0.018500599645506852 0.02514330801863183 0.26895764419735557
0.018415441310056707 0.025189349677904906 0.2690240850749442
0.018364214882940114 0.02521184651267966 0.2690820045948833
0.018307119667625462 0.025232747511850208 0.26903399825757407
0.01825666768496382 0.025252503768197723 0.2691148653082228
0.01827995960582195 0.02523739646727296 0.2689637562853901
0.018239756640059668 0.025256163812026555 0.2690354375640813
0.018147286333814655 0.025291122856090184 0.26911666004250395
0.018107786945181902 0.02530271480220911 0.2690398309621839
0.018073848340361777 0.025314876018703796 0.2691306171368816
0.017996205896942594 0.025337536910394753 0.2690480928115729
0.025263792441556295 0.009474023449329785 0.25963947377520186
0.025238293049037668 0.009570152018721804 0.2596637086287771
0.02521457552277876 0.009648700182448794 0.25966005148189925
0.02519680652741603 0.00973349367502617 0.25969513775443315
0.024959469404976623 0.01036163309362024 0.25962867067521
0.024510844236148473 0.011546041747074822 0.25986476522706553
0.02447967689942489 0.011623454268116595 0.259891076722795
0.02445344420085253 0.011699041754587304 0.25991208456929665
0.02433218875340761 0.011985645917163737 0.2600439271946454
0.024308683783036793 0.012042077610072985 0.2600696024571224
0.02427142435369115 0.01213147881560928 0.2601234631661178
0.024246072548578086 0.012196841810589786 0.26016228543375747
0.024112441774574004 0.012460401343777948 0.2602059780338712
0.02062754675907722 0.02109482850446709 0.26433139540130457
0.02060675117436898 0.021130496247004894 0.2643620164594002
0.020567319228770645 0.021207589555889007 0.26443132629630406
0.02055255469567024 0.021237944290912608 0.26448740063646037
0.020496147128334034 0.021306655844038597 0.2645450079165059
0.020469398474526227 0.021329809290599216 0.26457655237294164
0.020834606229098315 0.02074404439636368 0.26393256934313297
0.02080439669984826 0.02080392693937423 0.26399182367533813
0.020766757303292447 0.020863802761172848 0.2640122997001197
0.020729301259777677 0.02091539834486024 0.26407756004066574
0.020699494720933097 0.020957144753736556 0.2641440492562427
0.020668193821498447 0.021007757249365155 0.2641890751474701
0.02046087184240704 0.021332171410280452 0.2644519464901138
0.020417564552030063 0.021372341184358018 0.26450615781781156
0.020363675999106556 0.021414683347589974 0.2645814736167959
0.02031304560561454 0.021446695344937775 0.26462657038254067
0.02217112005799605 0.017006883363198354 0.26225597437885095
0.022132134915841747 0.017063106813566112 0.26230431641252716
0.020924870512840945 0.020535388244634287 0.26370326329758276
0.020901360405456506 0.02057969744387919 0.26372395484448097
0.020859269454159935 0.020663722532566153 0.26377956474279146
0.020824765572933404 0.020738686270823828 0.2638197162325115
0.020813724100802507 0.020775132448075447 0.26385896852616325
0.02077328664032764 0.020852481405741634 0.263889775115366
0.020736255729518697 0.020897898612779665 0.2639607528263006
0.02031809302640676 0.021437505023490587 0.26449266657029097
0.02026669712593324 0.02146795009751199 0.2645448417998769
0.020221791571834485 0.021498809247877712 0.2646252293981107
0.02018344128692094 0.021523316842737207 0.26468502764257695
0.022712269667604937 0.015900924104129396 0.2614098785462766
0.0226801659754844 0.015976996725491674 0.2614548740808472
0.022659331966722922 0.016036180634376597 0.26147756272796485
0.02262502534222691 0.016111581546567846 0.26151572938299805
0.02260496052338449 0.01616089314434896 0.2615330063002315
0.022237207735467363 0.016891224586812574 0.2620334105724238
0.022199715264663314 0.01695071294156704 0.26208094456427816
0.022157966627197493 0.0170132585247322 0.2620937922331824
0.021983729439007237 0.017264848207145397 0.26238578380147654
0.021969893526788565 0.017276082296952912 0.2624456358512265
0.02107917902850592 0.02012496133785764 0.26335258242900406
0.021047645115087665 0.02020063796544823 0.2633866721054627
0.021023233827758538 0.020269160948053887 0.2634163708866794
0.021005144904891866 0.02033902595379808 0.2634658159101083
0.020981888984180855 0.02039540099519952 0.26349937775390253
0.0209441824003824 0.0204581141741199 0.26353668720348233
0.02091908718730384 0.020515970568659996 0.2635954035835765
0.02013540559159487 0.02153701005391971 0.2646102626003308
0.02008329533832689 0.021565113878342465 0.26468655669287516
0.02314869496952894 0.014422862643813856 0.26081218881307844
0.023107887861401374 0.014565949519111198 0.26086878212844256
0.023077078011600773 0.014660101290994295 0.26089147804892465
0.023053891058262367 0.014725960239435634 0.26090462918595114
0.02304017847881611 0.01479105520758162 0.2609458699629444
0.023012943755600437 0.014869074173075241 0.26094260239891665
0.022992438340009805 0.014953529178120586 0.26100236671899335
0.022967373665243696 0.015037010557761967 0.2610229407786813
0.022946772942751586 0.015109750788109066 0.2610254647679558
0.022928900289703673 0.015199263280766812 0.2610861484249914
0.02289522276527812 0.015287030715703488 0.2610566062752183
0.022876916486056983 0.015368534111195964 0.26111134036664463
0.022862166040840442 0.01542884705555414 0.26114560620398675
0.022837645715080304 0.015514012304495431 0.2611545526556516
0.02281209896008773 0.01560283615756511 0.26116498909351177
0.02279503850857401 0.015654685432397352 0.2611903430753197
0.02275367554097384 0.01575978315299817 0.26122676568554765
0.02272371252312965 0.01583361089694684 0.2612456786753989
0.022702474892346572 0.015889366690559605 0.2612885500110129
0.02268520279793376 0.015938371710486558 0.2613410716044442
0.022654108370435105 0.01601615566726918 0.2613624770814482
0.022632071148553805 0.016076417570621122 0.26138802195091665
0.022593317389046318 0.01616983644421103 0.2614320156684365
0.0225728658403055 0.016222747921513174 0.2614487770205241
0.022547274377313863 0.016284227187887593 0.2614805325338723
0.022516580909035442 0.016358686935477852 0.26153086507199486
0.022492248442307086 0.016408980767217703 0.26154848578854767
0.022448838750942092 0.016492700733812656 0.26161590950610264
0.02243131869349272 0.01653578608591013 0.26166257326314823
0.02240906550066413 0.016586575068955167 0.26169673692820605
0.02237179753440286 0.016654782549018372 0.26171064719255194
0.022327725930634416 0.01673443718458304 0.26176138064181714
0.022308852438984197 0.016775061500196684 0.26181268353836157
0.022266676519384434 0.016850777930429002 0.26185564458000155
0.022241862279996878 0.01688618279351587 0.2618833470924042
0.02220625013624363 0.016946978086097395 0.2619551093318984
0.02190188481806038 0.017326915103480854 0.26237333340785407
0.021143905356650335 0.019899858230628877 0.26312179166844185
0.02109411899522319 0.020046421881650414 0.26317862960748867
0.021074824591160123 0.02011534573527205 0.26323578628753386
0.01998710363927117 0.021591554254213656 0.26467289861993043
0.023159198416103567 0.014317225743647431 0.2606691279196335
0.02314850602172455 0.014370665361730494 0.2606939485566433
0.02311770357740416 0.014472044941684468 0.2607176444949503
0.023033903218102753 0.014764526897774107 0.26086475201189935
0.022799319378366018 0.015587965182271712 0.2610533283780168
0.022786022325789516 0.015648307567124955 0.2610959181136699
0.022390849676588904 0.016590592207694092 0.26159467653652735
0.022244182121689042 0.016864504385810046 0.26176761834587225
0.021838989793538058 0.01734771658924647 0.26228221035325056
0.021813987462001114 0.017363381884437992 0.2623350908179259
0.021289149299394107 0.019398119686694706 0.2627817908250207
0.021226746509890173 0.019602344332023597 0.26289749694543973
0.02121090234436847 0.019656492803439146 0.2629033530159888
0.01986950360081303 0.02161933686347948 0.26471986939996456
0.02175039611297349 0.01738749450157033 0.26226919534824944
0.021347339357743706 0.019212310388691957 0.26260989630740894
0.021317575052591787 0.019297158404900164 0.26262933940346767
0.021286584717860522 0.0193789491567049 0.26266612339009854
0.021269218962634083 0.01944253858749711 0.26269349480286713
0.02168321765130638 0.017411274360180015 0.2622097740422007
0.021423815797093775 0.01884243515873242 0.2623366486055215
0.021402883526410968 0.01891992434917126 0.2623635687431363
0.021400153585553344 0.018984698962522875 0.2624044354580528
0.02139012910624275 0.019046456582663226 0.2624273942596144
0.021368610550720906 0.019122494503191888 0.26247043115204316
0.021345151056995724 0.019194423978317103 0.26250719378473425
0.02142802163252093 0.018794108434308586 0.2622366707301949
0.019004335348992703 0.022379142032316987 0.2663443030996736
0.018989572708941155 0.022205301083863635 0.26627642784424455
0.01898506896051341 0.02208226182478177 0.26625747878424966
0.019025550513488698 0.022539476968905493 0.2664708211873313
0.01897322314173148 0.02196918892974188 0.2662795039989974
0.019208525880487316 0.023176589016255238 0.2675460992024946
0.01892978848549551 0.0218428390666218 0.26628671898529005
0.019071794251388118 0.022889078458179238 0.2667906040644568
0.02951350064429868 -0.0015607887970039767 0.26434915571106626
0.029544337517927066 -0.0014408483253184022 0.26434440792456554
0.02957036441899806 -0.0011990260590404095 0.26417380609587426
0.02956600617617239 -0.0012853390879207748 0.2642627650918497
0.02956588314032359 -0.0013602866630239843 0.2643533905758391
0.029603380154693756 -0.0008838060956328164 0.2639366031309563
0.02960507834662529 -0.0009711901104442848 0.2640517837894871
0.02959755464784268 -0.0010931466582390383 0.2641592900102682
0.029601622765669276 -0.0011560343302908975 0.26426657149525623
0.02962033693322862 -0.0006601700043656999 0.2638103515628691
0.029623766650408945 -0.0007505493752687776 0.26391263888737826
0.029623904933892217 -0.0008377096931231811 0.2640219208642509
0.02962552735627989 -0.0009091767524381777 0.2640988270667216
0.02962231812188259 -0.001020060621974504 0.2642190804163265
0.029634193104063244 -0.0006172633711623011 0.26389212748387864
0.02963903669093129 -0.0007081857463596098 0.2640016520398227
0.029642219464060118 -0.0007865253154593465 0.26409164593555157
0.029639337843691296 -0.0004894596905580039 0.26387983752951916
0.02964813765680325 -0.0005681851140696605 0.2639793871396746
0.029646633608442278 -0.00039194374329944067 0.26388543405048875
0.029654316488229856 -0.00043632206247224857 0.26396821175307555
0.029622086450482636 -0.00010194872531461922 0.2637190454683081
0.029629781061041187 -0.00015402601954053117 0.2637787017101816
0.029648221344890403 -0.00024114117219893832 0.2638990949085312
0.02965481052400452 -0.0003312016402915982 0.2639404668531983
0.02761629173041202 0.004200203390200402 0.26095190008233593
0.029622055552457182 -4.680474380650808e-05 0.2637790556128567
0.029645527290611248 -0.0001265678359617765 0.2639220853651388
0.02763980422069114 0.0043058790292233255 0.2609033802892824
0.02764246330472002 0.004248700603240331 0.260993650177253
0.027634793647329847 0.004175928801508827 0.2610750169402971
0.0276676134421147 0.002558722227515798 0.2629261100265312
0.027738748131008652 0.002500291365509752 0.26293243808319966
0.027854173257561395 0.0024066411879385173 0.26294421990399086
0.02791161473397624 0.0023603244402910007 0.26294096474275963
0.02796807164856278 0.0023150074768387083 0.2629400263831102
0.029607281793772148 0.00010389498859530065 0.26384124626897426
0.027660162485891794 0.004426967781830672 0.26091207030827
0.027668121660955215 0.004365999617289531 0.2610001299888554
0.02766247476992949 0.004285138860486644 0.26109404506342265
0.028315298767365483 0.001983838681596922 0.26306030124676055
0.027648850395794906 0.004577860978124352 0.2609198482790807
0.028854263359333783 0.0015464959179737764 0.263214251567679
0.02891747531390207 0.0014835053647897828 0.2632328735495614
0.029564570729250214 0.0003592568217259675 0.2638416056400202
0.019087080256460554 0.0229274866238562 0.2668863206082633
0.02763675190552069 0.004696433119707298 0.26095427277869243
0.02892220979274432 0.0015057285818175176 0.2633109254498267
0.028963653285770215 0.0014684524315333174 0.26334000618237935
0.029024235618618364 0.0014062858840919342 0.2633386500386204
0.029083613287326907 0.0013503616181201354 0.2633792440558428
0.02913163093052545 0.0012904716858334422 0.26341493906182895
0.029465354955104352 0.0006820013710078266 0.2637394831426483
0.029497113408687062 0.0005981075977447494 0.26378794138378137
0.0295272792800308 0.0005225919270563147 0.2638687931239392
0.02754741682232401 0.005024251616443314 0.2607723389143131
0.027578055527236855 0.004924044035486862 0.2608389259954936
0.027604075086266826 0.004863331598324363 0.26090393989263616
0.027625267939744503 0.004797017943206265 0.26096834537304225
0.029327563425392066 0.0009925136107053639 0.2636591415149724
0.029367614559948275 0.0009185314013785641 0.2636929789236187
0.02940268324398807 0.0008477457380562166 0.26375152056834905
0.029438394260355348 0.000772950845095459 0.2637889712745774
0.027432035277189206 0.005427492590471593 0.26059304249938237
0.027461021912230286 0.005336962658476918 0.2606482195290419
0.027485731675882263 0.005250615778532123 0.26070711146740405
0.027508064156471973 0.005194091295140223 0.26076325710114334
0.027535844617720535 0.005116196510487235 0.26081047368505916
0.027561121523011736 0.005042624369319827 0.260866959506315
0.02728336646104502 0.005816998875227887 0.2604763867740978
0.027326396530735368 0.005737037613691786 0.2605070292210629
0.027359197572849808 0.005661449198611292 0.2605402084787673
0.02738757182539112 0.005590979947555151 0.2605940143162603
0.027423351085114508 0.005499267865106858 0.2606296019490369
0.027183908082538004 0.006019819922332314 0.2604154847955077
0.027210664916776563 0.00598585601040926 0.2604852797409436
0.027247810795381716 0.005907952973507918 0.2605056556935399
0.027286985363548757 0.005839144989180826 0.26054102226111114
0.026800429702114506 0.006737709309710705 0.2601538849919197
0.026849311011845012 0.006647539657114717 0.26017756512303725
0.026877448839372816 0.00661181070239122 0.2602199373209551
0.02692425922341076 0.006531787087038784 0.2602511152447497
0.026951454796060603 0.00648359980955319 0.26027014730235737
0.02700085404840046 0.00640133495689685 0.2603108418177825
0.02703246658562155 0.00634215875491738 0.2603432710639922
0.027066091420907542 0.00628547607513448 0.2604061295659201
0.02715374082288394 0.006115626933336692 0.26047944117116617
0.02662304368872353 0.00708206886074341 0.2600791225109162
0.026652507271685076 0.007029414347918557 0.26011291852929475
0.026427634134358623 0.007471032572242916 0.25997396803360084
0.026476763510971096 0.0073906722740221835 0.2600048409687309
0.02651510230265665 0.007319342860023431 0.26006205904586294
0.026396895273519298 0.007539790492623977 0.26004596643441064
0.02642271433537772 0.007504418782672732 0.2600694032447711
0.0254067890121138 0.008868430211299615 0.2596396851066548
0.026301199883940137 0.007693893673698682 0.2600884752310996
0.02537699639041949 0.009046595189909176 0.2596242010409854
0.0253957187481412 0.008975447498681923 0.25965913452713224
0.025361698227816868 0.00915745584132842 0.25966830593400064
0.02531314072803291 0.009319121240080766 0.2596479145151936
0.025341299430432992 0.009253138737947836 0.2597098712435726
0.02525480710812009 0.009505748464808384 0.25964529598920705
0.02528593330537835 0.009430377763921624 0.2597035137072324
0.02520999151887398 0.009661706988111675 0.2596528343623458
0.025230661747562062 0.009605221896512972 0.2596791303215993
0.024916521838547027 0.010480354888100979 0.25963861930089716
0.024860400322265986 0.010648529251709907 0.2596507413689983
0.024892923163559805 0.01055931967636071 0.2596899122122392
0.02480268193995018 0.010808175726653435 0.25968636848621185
0.024735769500892117 0.010979037536294157 0.2596981640279792
0.024769519276254037 0.010912875059049231 0.2597458220322159
0.024713037751256793 0.011067270086938492 0.25975371413567766
0.02464106854185622 0.011223469291641109 0.25978267141366645
0.024661862782660703 0.011177615056363955 0.2598110981274495
0.02460678175700068 0.011318096414589439 0.25982365841022365
0.024504384848491496 0.011560374854521844 0.2598574148432654
0.02453581491979845 0.011481600448233457 0.25987745262087547
0.024443709619199186 0.011708041576953257 0.25988535764621506
0.024475570231168427 0.011641697934422874 0.2599100096786005
0.024223844546187225 0.012223035277874454 0.2601140142489644
0.02418937003691852 0.012312179123870988 0.2602063073946018
0.024224823975130174 0.012255633964928493 0.26022205291667794
0.024117047673220728 0.01245834011661979 0.2602414666466964
0.024141165885296082 0.012416646776343736 0.2602624831264902
0.02401955346375553 0.01261682486792509 0.26032867431909085
0.024058045970631867 0.012567100239174397 0.26032832174288273
0.02329730229427626 0.013751026119297047 0.2606527983997637
0.023231809003221016 0.014032789905281349 0.2606050313940532
0.02325413937265869 0.013942364638493583 0.26062162020435214
0.023281729502500022 0.013865119598784953 0.260693391028339
0.023209659363402364 0.014129188951616698 0.26062967867831627
0.023239330075833484 0.014046146635838402 0.26066470124838176
0.023184379506844467 0.014245422127778289 0.2606834350408401
0.023211354901882263 0.01417801847574964 0.2607158165580336
0.023137727008875487 0.01441140736540155 0.26070711696273025
0.02317263709097512 0.014331319788648973 0.26075279615621805
0.02311647327407421 0.014497390180339204 0.2607648381442184
0.023143448466220413 0.014431111977728525 0.2607812181157502
0.023085632316994308 0.01460159207359019 0.26081783800657005
0.023052592491562874 0.014708294961527764 0.26086124111407694
0.022998594603471523 0.014878046782098406 0.2608977505648348
0.023034680489620853 0.014787251711142852 0.2609059264324338
0.02297189441095185 0.014981820280021117 0.2609536896696568
0.0230026348691781 0.014905257340972972 0.2609627759886223
0.02294824832102347 0.015073165455547224 0.2609831646580234
0.02289867971883067 0.015248058833426911 0.2610068300473182
0.022929630434191207 0.015168221279253123 0.2610278344864257
0.022861403816510414 0.015383340280736561 0.2610456577644803
0.0228765532313249 0.015336495096950738 0.26104526218028784
0.022903873150848544 0.015281739968576274 0.2610983877750037
0.02282643882332267 0.015514278677531804 0.2610786089085584
0.022859858105958884 0.015425173838555314 0.2611201925558137
0.02279924776944864 0.015631770491582778 0.26114280364526044
0.022827802656777037 0.015555559423391124 0.26118201635741783
0.02274207467355494 0.0157684828415584 0.26116958073565616
0.02276976348417694 0.015714418559359282 0.26120279594989054
0.02280568463706528 0.015629887806673022 0.26122948101735266
0.022741942255095345 0.01580165178891106 0.26126785817913584
0.022773307307263502 0.01573355868082292 0.26129499133843176
0.022701081891933008 0.015904305321870628 0.261330488819346
0.022528647582468836 0.016304017159066923 0.2614186979630036
0.022558792040519693 0.016233775549883638 0.2614032564738215
0.022493913139672694 0.016393357999830313 0.2614902109636072
0.02253171370729203 0.01632107020739463 0.2615074624143413
0.0225632426997615 0.01625980947306995 0.2615316303262052
0.022443894064655946 0.016490242748970325 0.261566561346177
0.022490556608873488 0.016414659861681703 0.26161900905552893
0.02236934748121948 0.01664228693989519 0.2616336823727182
0.02241236042191031 0.01657048540054233 0.26165553609733644
0.02244709012974823 0.016507212459583115 0.261685230151217
0.02233342073399646 0.016718090931551355 0.26171866171010666
0.022361315008096877 0.01667841597333923 0.26175053795460435
0.022233908786171114 0.01688632244729838 0.261809999408509
0.022278778038737106 0.01682610793900543 0.26180525712370023
0.022320172103427145 0.01675361308588611 0.26184940467832846
0.022192339297816187 0.016959507468428656 0.26189741420599816
0.02222094992357759 0.016920141534609218 0.2619067819777751
0.02227130184919564 0.016843924575505778 0.2619140812196247
0.022174329979227712 0.016984818987755786 0.26200980516663713
0.022215046290420745 0.01692700716971446 0.26201697943995167
0.019171153428908246 0.02311916753421934 0.26734189945454234
0.021456045346520403 0.018722697413929623 0.2622877603399225
0.02140637077108699 0.018885498097435165 0.26229616566000236
0.02138813591656563 0.018976295812029344 0.26235368311826557
0.02140832574494722 0.01891201448042562 0.26238385009254495
0.021367681225377043 0.019091704586749213 0.2624057537935641
0.02139942104849206 0.019012492282481315 0.2624273989912117
0.02134407275131276 0.01917960605937874 0.2624758951020912
0.021370017954167438 0.01912881257435365 0.26252615313058253
0.02134041612947136 0.019223579946790255 0.26256741413149287
0.02136426783309221 0.01914140510972935 0.26256302112700813
0.02130956557389667 0.019322403544852193 0.2626530998676852
0.021287261514009045 0.01940914108548701 0.26271817378378953
0.0212179769106922 0.019621327098318736 0.2628556045438174
0.021243213926277624 0.019526867802491216 0.26287450517544997
0.02122418288640638 0.019643721801776697 0.2629514205592974
0.021200100082391957 0.019728722646688 0.26301973499346154
0.02121703593164717 0.019681271220675617 0.26304200857825144
0.021167226422949614 0.01982477063899439 0.26308412923690594
0.02114151832731407 0.01993779564715175 0.2631875922073342
0.01919207340352575 0.02314718761373267 0.267444168452318
0.021076767042073563 0.020105777656692747 0.2632198435225056
0.02103860892621389 0.020208833118229796 0.2633177681595558
0.02106980494973628 0.020143335865821885 0.26333201475365375
0.019164130346621847 0.024560481169682694 0.2688565774381226
0.01909662438029156 0.02463118052078258 0.2688392522205518
0.021005484896997727 0.020307325856788086 0.2633879779967567
0.021035034519549967 0.020237606693589046 0.26342034052122326
0.020966769601835054 0.02040506790098568 0.2634552314674222
0.021011448673175212 0.020328858765282926 0.26350721977687364
0.02096650919821805 0.020432544956123858 0.2635941706383961
0.020886759682881846 0.02059061065863034 0.2636660193808676
0.020926607024270943 0.02052223989118719 0.26365930619656724
0.020886906110431973 0.0206118891531865 0.2637719202341617
0.020795945751058677 0.020773825174480502 0.2637960228280089
0.02084453756899683 0.02070632481639518 0.2638441058581528
0.019374162975971377 0.023558551750534694 0.26808774289203724
0.01934141009276165 0.023501551151673433 0.2679905767633147
0.020749668103028508 0.020880761637188716 0.26390787781420205
0.020813889005201733 0.020791876497592288 0.2639298202658195
0.020703821625222368 0.02094127438922956 0.26404030651129295
0.020742538259786978 0.02089756072048892 0.26405406515850927
0.0206928930704465 0.020973849950949593 0.2641821522062193
0.019253289404749498 0.023276263204800356 0.26774338518611607
0.02063584278227581 0.0210691241627651 0.26426846823533656
0.0206808900123089 0.021002785909620146 0.2642548780426955
0.01923875207036525 0.023293307496778798 0.267566451424725
0.025270260300903805 0.009469845866148519 0.2596777769642888
0.025308105304618907 0.0093633589805471 0.25971200706491254
0.025296208514558733 0.00938006521044659 0.25966407259747204
0.02524333827972295 0.009543644380049192 0.25964654969701173
0.02525447961585213 0.009542675362120353 0.2597200623553332
0.0253284845580243 0.009286101865551021 0.2596789969344505
0.025220237013697595 0.009645276366343566 0.2596888230286747
0.025347506620936038 0.009207755337295913 0.2596569084299074
0.025177434266610996 0.009766648192846679 0.25964900624611836
0.02538185754658412 0.009085574204893657 0.259706262839964
0.025365618239480282 0.009105741227927365 0.2596210966460443
0.019110591628036872 0.024619949261320426 0.2688692363397038
0.019203554038686555 0.024504395290365043 0.2688667830760327
0.01917571368974334 0.02453375247094572 0.2687913346252927
0.019250106723496103 0.024422243607389996 0.2687923304553845
0.019315696397847703 0.024286047802467355 0.2687037624490845
0.01933970118700882 0.024214581362944416 0.2686239544130278
0.01937395387509971 0.024105067472646347 0.2685489387727231
0.019398876015422874 0.024001401262910553 0.2685043967736577
0.019411918859781694 0.023910408973549756 0.268458537705984
0.025386559360763276 0.009019701092944104 0.25965202449775565
0.019432285599529087 0.0238108367516257 0.2685027501016798
0.019420794736198125 0.02382340964310692 0.2684173875720797
0.01943449387643986 0.02372113623163888 0.26847016727142836
0.019425016956733578 0.023744835749424764 0.26838193635933055
0.01940901406913594 0.023752388880640435 0.2682941062511822
0.01943132835844362 0.023655212861821324 0.2684382095476718
0.01942382701980889 0.023663194568276584 0.2683643400730508
0.01940966715679282 0.02366668263769306 0.26826730436698804
0.01940044492435643 0.023583701020486916 0.26824857809841296
0.01938556063026136 0.023587868833920944 0.2681438286353095
0.025394884065295616 0.008948853245035407 0.2596272448379282
0.019368871128958527 0.02351283103817773 0.2681171489903293
0.01935886327978187 0.023539934205850543 0.2680359669562519
0.019339608376626797 0.02345240992714536 0.2680503115803885
0.019324376581542804 0.023455163799155736 0.2679612076090547
0.019300238562487523 0.02338327015070845 0.2679130467136203
0.01930078802772104 0.023407775402397052 0.2678386374149566
0.019272326644373134 0.023319261290209573 0.2678209169154831
0.01926526632636175 0.02332349085171504 0.2677181532734737
0.019248080310041698 0.023297194694501568 0.2676420888773422
0.01923068067684139 0.023242192361499277 0.2675915854365803
0.019224771827516335 0.023255302710011423 0.2675256032877706
0.01920436659223519 0.02318800671201794 0.2674796760744088
0.019190956780630927 0.02319348283740199 0.26740157588936725
0.01918023719350131 0.023116151170969677 0.2674026647964203
0.019163792631766863 0.023134607496965706 0.26728313102495777
0.019155240509682803 0.023130208053245872 0.26722680699631257
0.0251238824272759 0.00992234768625278 0.25970392018931066
0.01915472771604119 0.023063722529009546 0.2672741791580715
0.019140903842915974 0.02305690873607895 0.26718117087587184
0.019124073353473683 0.0230379146458769 0.2670847033716928
0.01911731733265243 0.022959472335989696 0.26706403283221725
0.0191035027406414 0.022954417346437002 0.2669727969564436
0.019075909928360033 0.022917611363783674 0.2668263928825545
0.019080588552490233 0.022844519806487017 0.26683019751502
0.019068407406891724 0.0227646272902072 0.266783299232169
0.01905402589944165 0.022756460231329684 0.2666876438732352
0.019048540640797654 0.02268006547447106 0.2666574959717804
0.01903773106255191 0.022588843633749335 0.2665549292067273
0.019015278263024113 0.022443200456995487 0.26640450259020465
0.025267573144682136 0.008407447861149733 0.2595784756089802
0.019010848929533523 0.02228495879595465 0.26634850334453225
0.019014414024510415 0.022188864776945615 0.26634542532431216
0.019003361044672065 0.022109849114121977 0.26630515544021455
0.02541782111681449 0.008830892976541122 0.25969531344540897
0.018986076501518415 0.02203663601261737 0.26627542341646826
0.018967588321514784 0.021919691180899238 0.2662973677377056
0.0254087594040199 0.008738836634273741 0.2596561236239042
0.025393968093255816 0.008762127342221824 0.2595867816297797
0.02510754178576757 0.009987197764806688 0.25975760862145997
0.028812376574767606 -0.002702826390054971 0.26447119362846294
0.028832365518615795 -0.0027184943122102187 0.26455908716826637
0.028882523838246472 -0.002627407629562224 0.2644295162713951
0.02890189822894069 -0.002644377529159338 0.26451868628256986
0.028949100384241238 -0.002551613370499924 0.2643908921711906
0.02896855899263803 -0.002568924381090168 0.26448022234062735
0.02898564502138162 -0.0025840570915774143 0.26457128801415525
0.029032316547838524 -0.002490825494420711 0.26444357717510936
0.029050324916515918 -0.0025073574740881446 0.26453385498138454
0.029090384692159875 -0.0024133097462852604 0.2644127408522729
0.02910959381114115 -0.002430325223932762 0.26450213671273853
0.02912491996560992 -0.0024463725263202925 0.2645950994798837
0.029162845668956473 -0.0023537333078702733 0.26447644584601326
0.029178732973752373 -0.0023697779095878282 0.2645690387442401
0.02922736757065131 -0.002292231253693508 0.2645469813295214
0.02927360929470934 -0.002214639333045882 0.2645279719158967
0.029317652048399305 -0.0021365995081767926 0.2645102641977543
0.02935999103326895 -0.002058053347117686 0.2644937771742788
0.029397315782112875 -0.0019793127689707764 0.2644820098901048
0.029408304581300507 -0.001993717496713697 0.26457570245016737
0.0294288913289496 -0.0019006672224359399 0.2644749071686406
0.029484701586157576 -0.0017433065557149897 0.26447159632894
0.029509369551709852 -0.0016651487736132377 0.2644729830778158
0.02952621497735158 -0.0015625950825029382 0.26440863428004463
0.029526910129032833 -0.001484535568054004 0.2643169044786269
0.029543000119975796 -0.0014868637703292463 0.2643935746570904
0.02954443174969509 -0.0014000606331973527 0.2643010869886128
0.02956432702602693 -0.001399261635103712 0.2643955904651718
0.029569391034027302 -0.0013151253194889161 0.26431555614929575
0.029573725959117524 -0.0012278525724573797 0.2642257987816314
0.029587302050662612 -0.001235776360454145 0.26429753508431103
0.029582181757634152 -0.0011434842102091241 0.26414899380182544
0.029593391204533862 -0.0011448891412411662 0.2642052258600219
0.02960677871314047 -0.001042312211689978 0.2641477336845789
0.029613354739378914 -0.0010749149376139398 0.26423317500854593
0.02962454511802813 -0.0009668016981665569 0.2641578444365191
0.029637638978806037 -0.0008913536966299722 0.264148645459725
0.029636764440182088 -0.0008421567459421837 0.2641018459530479
0.0296057551352627 0.00014768690179509602 0.2638779797761863
0.029596247909617044 0.00022224118790321006 0.2638836533097791
0.02957220666285475 0.0003249114389600272 0.2638419767204028
0.02953984741262704 0.00044292700083822193 0.2638157390932373
0.02955164282121783 0.00043730316212305624 0.26388106550500373
0.029504909022278085 0.0005405595497943276 0.26375474609065375
0.029522727161630406 0.0005087916430461796 0.2638144209078789
0.029493105403402088 0.0006229592689195207 0.26379949634953037
0.029512512749641263 0.000584650720977875 0.26387252405911066
0.02944955743357427 0.0007167795184892517 0.2637184117314172
0.025399574018980235 0.008665916811772804 0.2596528956852256
0.025379108154924543 0.00866526873959011 0.2595834495239861
0.02929954602123927 0.0010286839702368408 0.2635544517468196
0.02922072720433662 0.0011518725763360442 0.26345456821699903
0.02924154517150901 0.0011234970079456205 0.26352262739904914
0.026927682277091913 0.0030824671741792663 0.26143672736734913
0.02694736065399383 0.0030669388446318588 0.2615270377153939
0.026958909645005722 0.003054246665772146 0.26162401759373166
0.02695732354497956 0.003044930729303956 0.261734421572439
0.026944893562346053 0.0030398449726135985 0.26186507806676906
0.02700386088764228 0.003156279952123717 0.26138959687608554
0.02702626113311177 0.003139784775734318 0.26147751439344574
0.027040396966307084 0.003125180355867111 0.2615729692531451
0.027041496055410782 0.0031149953765665264 0.26168008598012915
0.027030803023088832 0.003108692539645922 0.2618099773474578
0.02700115450646027 0.003088604322869702 0.26189808281385163
0.02709976643761651 0.0032137442259351674 0.26143305233281366
0.02711731318667821 0.003199176714655721 0.261524690532886
0.027122051454842748 0.0031871794272212337 0.2616283582868359
0.027111196392641312 0.0031791469972341324 0.2617457917428571
0.027104555846740704 0.003182490269831151 0.2618574417965002
0.02716862229155082 0.0032886849511208267 0.26139350284877627
0.027188466778135294 0.0032743312698812325 0.26148212796421805
0.027197425922820102 0.0032608635866384714 0.2615818212700845
0.027189002068353365 0.0032502984699337226 0.26169837261106765
0.02717284346124597 0.0032455969593262026 0.2618154000036487
0.027231572863799316 0.0033643497067680685 0.26135943234531034
0.027252843903580633 0.0033489555577081932 0.2614470406162745
0.027263897407749312 0.0033354859624256 0.261544005780888
0.027260935885461766 0.0033236175223362316 0.26165773739221737
0.027246201844547423 0.0033184248144568604 0.2617938157752296
0.02731079373571412 0.0034246518383179822 0.2614177067048829
0.02732207093505625 0.003410959189016909 0.26151424151223285
0.027322713462188526 0.0033984944331787942 0.26162320387463744
0.027318267590379773 0.0033981337302943435 0.2617584780784506
0.02734407336845276 0.0035135863022960016 0.2613058429106429
0.02736313875471179 0.003499767127316998 0.261394739882187
0.027374037539888048 0.003486324034307888 0.2614912128479962
0.027375885533358412 0.0034737991662424526 0.2615957806413174
0.027394090314783764 0.003589233809198238 0.261285185118428
0.027412462621456843 0.0035750080362695028 0.26137521081438253
0.02742271357653821 0.003561425078498226 0.26147216798471107
0.027440389824727764 0.0036657961255822445 0.261268282521324
0.027457753614339848 0.0036511070003535356 0.26135924779057734
0.027483636089336003 0.003742575886540311 0.2612533099529185
0.027499835876443314 0.0037281089273459088 0.2613447735598305
0.02752326581532465 0.003820099534344324 0.26124092934916815
0.02753775681121434 0.003805936298214099 0.26133368863539025
0.027559131501504845 0.0038989753395384237 0.2612314061349103
0.027572057162796582 0.0038834716934914326 0.26132342865193425
0.027595054441450856 0.003985044541690274 0.2612326393123439
0.027599396417441847 0.003956576821383601 0.26131269934947243
0.027611548981731803 0.004089397994535035 0.2611269206180636
0.027614294955567702 0.00405910381170266 0.26120197988407523
0.027618663853592112 0.004172178070241071 0.2610072489628376
0.027634372402096208 0.004152582908723755 0.2611306590003103
0.02763627376602872 0.004137129310033218 0.26120208759194363
0.027628574112969283 0.004257084181591453 0.2609263239381887
0.02764823746135578 0.004236989108759387 0.2610534303856181
0.027652246753763765 0.004229250208563356 0.2611274766603261
0.02506008495994022 0.010090970733661062 0.25969377179809333
0.027657331192834908 0.0043358336659826795 0.26095117847632
0.027664359984416173 0.004323353342857543 0.2610431629653581
0.024112933303642635 0.012470834825506953 0.2602735335862573
0.02765450546649641 0.004498783384391113 0.2608893466144584
0.024174254972722634 0.01235385048506935 0.26025282959887275
0.024146428849153023 0.012387520877208479 0.26020763113827644
0.027636786110128635 0.004662342575665696 0.2609238182775966
0.02420894862964265 0.01227886350089346 0.26019935995819954
0.02418692318120705 0.012297385226899002 0.26014801510171914
0.027614867768733585 0.004779566013182187 0.2609041172368295
0.02763581507484733 0.004751598621226043 0.260989404633048
0.024978950998236053 0.010325925837060526 0.2596781846192364
0.024261949159926487 0.012163895278291832 0.26015848783956774
0.027591694317690436 0.004867496954955815 0.2608589676815098
0.027613458427270792 0.004843243147697752 0.2609371992772219
0.027585249257807094 0.0049505039789550995 0.2608942421435169
0.02429695202911082 0.012077327320073 0.260139729247971
0.024279881993475416 0.012096302401907911 0.260067187303189
0.027535196613956706 0.005079464669931277 0.26076162224822774
0.02755073848224612 0.005077316504711861 0.26084437000418675
0.02756708810684716 0.00503021800032593 0.2609001632829936
0.024338933359934593 0.011982749735396972 0.26009695764829205
0.024318745133739987 0.012012121197635119 0.26002000523163665
0.027504116446237462 0.005177052013495062 0.26073261603939735
0.02751939594997139 0.005160730720576619 0.2607821852764614
0.02749386741985884 0.005261668554222613 0.26075712168555476
0.027508013827690355 0.005216953705107806 0.2607956366854133
0.024390912307851422 0.011867364909998143 0.26012867452615124
0.024366784565045468 0.011893955156951899 0.2600577940655571
0.02744028921268614 0.005387668253597516 0.2606066268963638
0.027471957003340233 0.005339465949730425 0.2606981393509097
0.027434159034145224 0.00545023771979505 0.26061626362873597
0.024414569955337785 0.01178732716697104 0.2600812224207549
0.02739597055758217 0.005556029151015369 0.2605778295574168
0.027333434509309314 0.005700439272996995 0.26048599615861406
0.0273651090224937 0.005656374332924742 0.2605788824674597
0.024459565360933928 0.011693326813895951 0.259979561330868
0.02445119899046566 0.011707397320254293 0.25993000785171655
0.027325163909322766 0.005756167829510145 0.26054419205851115
0.024485512018225502 0.011622708210264739 0.259952996670197
0.024465690132182187 0.011654119977046176 0.2598772075902359
0.027261000236514867 0.005865317724237618 0.2604685371798
0.027209664848442984 0.005964490292844643 0.26043591633267127
0.027231688961344445 0.005945835230996951 0.2605143664417747
0.024525379748319802 0.011517819321856837 0.2599085217774406
0.0271680742525227 0.006067050598694339 0.2604342530542824
0.027119911729891005 0.006155366887843687 0.2603983316736762
0.02713451643241089 0.0061501880475409035 0.26046384041490533
0.02455265825337054 0.011438005364226256 0.2598606712870612
0.027068742439706528 0.006259786807895434 0.26033830943581077
0.02708736203575585 0.006240496268347937 0.2604315365044493
0.0269851933135229 0.0064016094539903765 0.26026141786170404
0.027017969849917146 0.00636165296393503 0.2603094131215165
0.02460616436260502 0.01133449758818597 0.25987460873925916
0.024589357397907158 0.011356080649393294 0.2598319413394489
0.02693646526071217 0.006485035522916729 0.26022386197145025
0.026954565161946345 0.006489728889501812 0.26031465046182983
0.024633165289435162 0.011259490584308033 0.2598320547709416
0.02690195124129346 0.00658280458847938 0.2602740916278554
0.026820746047758724 0.006705695839962306 0.2601730314133694
0.026848794442619707 0.006668638919551211 0.2602272765430622
0.02466372924489276 0.011165041580951907 0.25976634527016873
0.026767508870927888 0.006811201153205391 0.2601542433405425
0.026711744704104055 0.00690916021749404 0.26011970590111594
0.02471931414460413 0.011057391182492155 0.2597902006308984
0.024698111314144656 0.011077970330175437 0.259718475496802
0.02474969980855641 0.010963409528547434 0.2597607304926567
0.025378065170050985 0.008577118752150408 0.2596485270784648
0.024775334687829276 0.010885985612686755 0.25971253591705457
0.02652576381393876 0.007286372374488907 0.2600400971251638
0.02645306029245963 0.007425686834558583 0.2599714869737282
0.026473305076130438 0.007409029280829958 0.26005430977637267
0.02482173694867118 0.0107777750401225 0.2597284507520859
0.026425582002455733 0.007490437546047023 0.2600241089106007
0.026375187681240697 0.007578350278281387 0.26006991793264184
0.02484411066983301 0.010702606178181001 0.25967347645085537
0.02487168005227265 0.010607641748883394 0.2596332378721023
0.025015793359250266 0.010203911957142757 0.25962633431410426
0.025025093508117578 0.010200644401100039 0.2596906042643809
0.02536570064682189 0.008533267649330682 0.25965542037570255
0.025336396875868562 0.008524189543380672 0.2595733406546974
0.02490799146177226 0.010516825691615298 0.2596833794066064
0.025312325810725015 0.008412993283021381 0.25973704462259356
0.02493694251570976 0.010421123220694462 0.2596234901693801
0.02531353983873706 0.008421842510419105 0.25969256440777344
0.01909324686221817 0.02464268662806733 0.26893333982051504
0.01913892338492618 0.024592307768392267 0.2688695719291343
0.01923702932509804 0.024451519825252795 0.2688415067394937
0.01926994105786869 0.024386698030942164 0.26877637006143595
0.019285457306663086 0.0243400142018649 0.26869754421779296
0.01943336422651221 0.023692838205924105 0.2684205861194482
0.020796394387354387 0.020823515590861173 0.26389876098180487
0.020864805498820364 0.02066716720957676 0.263858002683291
0.021124970154528886 0.020014840224815596 0.2632590752600814
0.0189619466468484 0.021875555432428147 0.26635077578404576
0.018933789760055126 0.021823192918696853 0.26632254670184585
0.021228249095522584 0.019652500310124214 0.2630156932279414
0.02123262679883141 0.019609346171904997 0.26294449720650537
0.018908502205098217 0.021761714345960817 0.26632100412003556
0.021258922187655887 0.019515411620176636 0.26296566411034517
0.021269085419681574 0.01945062856933151 0.26288956916085465
0.021274419011658913 0.019424342059734798 0.2628007975915892
0.018893425318170506 0.02169866430161023 0.2663681192512352
0.018860780541974282 0.021656270934555626 0.2663019536014093
0.02139668721140873 0.01905243523044535 0.2624728447648627
0.021389077633823417 0.019012328235230393 0.26238977146190806
0.0214129699024424 0.018919222056206157 0.2624154935618953
0.02141019585824084 0.018887223297658677 0.2623490292750174
0.02141856171058251 0.01884697563051782 0.26226447744236825
0.021437576008569333 0.01879486971580513 0.2623007469367681
0.02147280683710983 0.018629978731802242 0.26225691350187075
0.021474913152861413 0.018581660154661638 0.2621790068940827
0.021511327506733176 0.018537177053160853 0.26228290719635833
0.021514373599899453 0.018515122205164547 0.2622027440758084
0.021495806742256162 0.018470865747158026 0.26213837770398307
0.02152917237195078 0.018402801016841268 0.2622380403461414
0.021522380696740527 0.018326328859034166 0.2622605973190803
0.02150221484071981 0.018305688639384997 0.26222205929002085
0.021442242231166524 0.018252368927870015 0.2620637484790592
0.021391500291405394 0.018153533039748336 0.2620306097680332
0.022145339240866774 0.017033172960127685 0.2621889411321637
0.022183504321717857 0.016981637793698802 0.26211679007933153
0.02220117295697478 0.016945317209215216 0.26204136679266943
0.022244410708105553 0.01688580313467835 0.2619408131969646
0.02228615639845061 0.01682128299191063 0.26186662248113807
0.02230453542002921 0.01677561414934268 0.2617737394601691
0.022362458625521043 0.016675736662891433 0.261797724686158
0.02245439010523847 0.016483150510880423 0.26164613143534976
0.022471762967431287 0.016443844501638445 0.26155748715185273
0.022526822487861323 0.01633827710745192 0.2615817813403489
0.022544918650837947 0.0162943436696388 0.2615183416167725
0.022587338351057726 0.016207579534095358 0.2615391698264086
0.022593230009548243 0.016183770070957997 0.26148432500326785
0.022606565849206128 0.016128309617381265 0.2613963958262577
0.02264402437003246 0.01607128648050006 0.26150444589093946
0.022655718097166908 0.016035091483778796 0.2614217949559294
0.02270882710142855 0.015897244770237733 0.2613644869684209
0.02272327963448628 0.015849569750319356 0.2612802257361488
0.022761467999033294 0.015768560306017497 0.2613097587218957
0.022770776134547713 0.01572299612584664 0.2612498951069146
0.02277485239908187 0.015693438563970742 0.2611499882853087
0.02280477712471877 0.015639215498649113 0.2612634193656292
0.022814282131602696 0.015601188561388332 0.2612000608098794
0.02281641883807134 0.015575909626811109 0.2611175357448864
0.02285056397777151 0.015462090151989976 0.2611360124731219
0.022847072448540805 0.015439358676334407 0.26106809148344884
0.022872121528695222 0.015396915493308107 0.26115034379769
0.022882588083263253 0.015336276551050954 0.26107758652095825
0.022881359741412786 0.015299090937995844 0.26100736864319185
0.02291325350727931 0.015225555465489888 0.26104036114813134
0.02294502592206562 0.015142719170503877 0.2610723097301288
0.022939692573093775 0.015099256828548246 0.2609806159265187
0.02297989294008849 0.014992786344329174 0.2610075465686137
0.02298497521515089 0.014944665197082381 0.26094985007679783
0.023018742242008703 0.014826420359202333 0.26089831732787144
0.023047106627009473 0.014753292373721276 0.26091730078127184
0.023061359559620638 0.014675319884511864 0.2608462346850059
0.023096451791340535 0.014602558480112902 0.26087665333393734
0.023091182714289695 0.0145736013191226 0.26079104828178257
0.023129471553181243 0.01448400942243353 0.2608246832689834
0.023133399506032666 0.014444205713592366 0.26074603615048
0.02316311175266254 0.014372828098260225 0.26079248279330486
0.023172196682278757 0.01430773340726206 0.2607069584724497
0.023199051362318486 0.014239250282608838 0.2607529811613944
0.023197528563383012 0.014183060603904786 0.26065676526670667
0.023228355922173108 0.014108265219201806 0.2606993860008293
0.023225436787426765 0.014078955625246366 0.2606321326369395
0.02325191852509723 0.013983056999313502 0.26065834042231195
0.02326786603359011 0.013915420347131849 0.2606701364536167
0.02329947500880933 0.013801066807814864 0.2607202657148446
0.023282815745303474 0.013808795017754085 0.26063709224906034
0.023318564503481975 0.013717151823300707 0.2607430263446059
0.023310443551368045 0.013691640232159063 0.2606613580242228
0.023325007819862395 0.013620413820231924 0.2606960656851525
0.02330794625548255 0.013574748221386695 0.2606222140345074
0.023284907155185917 0.013475762210181494 0.26058550149518883
0.023257223082961853 0.013444859051240992 0.2605248313920689
0.023280413116237016 0.013419430205712261 0.2606374164668869
0.02323363579902109 0.013357880694395882 0.2605562708764287
0.023195615898542337 0.013315135064372947 0.26050305629025605
0.02319098903154098 0.013255607617045136 0.26055276273265926
0.02315339821362143 0.013240909705655373 0.2604611308265952
0.02632043410862356 0.007675579468772236 0.26011185873380427
0.026335038644129304 0.007643617832500846 0.2600780838548332
0.026401659684498455 0.007536909305343339 0.26007256604621
0.02645407435989483 0.007438845859964878 0.26001427019143797
0.026497610343164297 0.007356665958207986 0.2600562444955775
0.02654791238249314 0.007239462025902578 0.2600674492129544
0.026596038932754733 0.007138539546750076 0.2600844619188424
0.026683828919285613 0.006974587582846594 0.26013740337610514
0.026684072279880983 0.006953750640989562 0.26008464303086676
0.02673696148228593 0.006850565751068551 0.26010370850125103
0.026778022748236745 0.006779380083788564 0.26013211665698843
0.02682082413277579 0.006717551441034672 0.2602198088922021
0.026928828210616682 0.006536512412455357 0.2602940194992662
0.026914894426495885 0.0065238762070322885 0.2602091735655241
0.026970241477105347 0.006465081012898725 0.26032995291986755
0.027014146968252016 0.0063849571207734955 0.2603501338330748
0.027058945395885575 0.006288604337703473 0.26035601979741446
0.027096691640412843 0.00620971712893367 0.26038749681151363
0.027140974794359497 0.006120970964840865 0.2604298997587621
0.027191935620795363 0.006022406690549645 0.26045193133388533
0.027228201645997863 0.005940792272767555 0.26047879403527807
0.027268217791475837 0.005865988094156357 0.26051096286900544
0.02730838453536663 0.00579304213738548 0.26053756331591893
0.027346064233133276 0.005704494385062139 0.26055245977303776
0.027377033828317812 0.0056234888899346054 0.2605838777397647
0.027406922007756695 0.00553553151721931 0.26060863737051404
0.02744061556269271 0.005454106425175867 0.26065275880455113
0.027458927677389097 0.00539312974176857 0.260680002973395
0.027482159309746398 0.005295608497401498 0.26072000975600895
0.027503849627620654 0.0052055984180848815 0.2607545996899772
0.027528635235620998 0.005122680854128593 0.26077453572327386
0.02754902165527321 0.005060433466010426 0.260806848350314
0.02757658896122451 0.004997685466150806 0.2609196605901472
0.027571910954442697 0.004985307975533848 0.26085658718387666
0.027597725828201882 0.00492248101891116 0.26094401423812386
0.027594780555045943 0.004899606493709822 0.2608919319555044
0.027609858738051524 0.0048247353139768585 0.2609016265386644
0.027630123558695235 0.00474101902927189 0.26095165891437727
0.027648953563315225 0.0041989185112216556 0.26118799785605984
0.027642067017357667 0.004136452323635091 0.2612672186569469
0.027629861937088093 0.004065392823744367 0.2612890539790398
0.027047620730795068 0.0031335881119545386 0.2619266657058616
0.027868661339886212 0.002400361480555146 0.26298365882950514
0.02800459505407502 0.0022822700328913085 0.2629500550925775
0.028084459738152108 0.0022081368644030703 0.26306202147399244
0.0280984822130759 0.002174470365256041 0.2629962486974646
0.028529417341869076 0.0018105890370189437 0.2631170973628788
0.028627516170552546 0.0017361219391444109 0.26316183558753165
0.02875590474701065 0.0016336154911280416 0.26316737094209347
0.02895440882997231 0.0014589382941999735 0.2632770957219789
0.02904945160555915 0.0013936507375539755 0.26339182356845026
0.02911133016922685 0.0013161953648207776 0.2633942814523337
0.029163632832777932 0.0012490291419931707 0.2634821411273647
0.029215442488280976 0.0011735705575559988 0.263516751000687
0.029266032426221528 0.0010759949664216311 0.2635224680011197
0.029306531741110625 0.0010292340578324788 0.2636277112808169
0.0293096098360623 0.0010101423637735106 0.26356713796615255
0.02934404399803581 0.0009629045201139767 0.26368784848067217
0.029383001520685542 0.0008901758110074793 0.26371045002930693
0.029417754355923597 0.0008081050302272683 0.2637376559346413
0.029453095893861452 0.0007265494310725564 0.263756998086608
0.029489239357945243 0.0006615626652238849 0.2638594784709191
0.02948539750404131 0.0006539589903339822 0.26381177537472233
0.02951019101747925 0.0005603692371652838 0.26381668585262413
0.029537767103202356 0.00047431396717448527 0.26385030701415985
0.029564655600116497 0.0003861132741713138 0.2638894113756487
0.02957950424356289 0.0003237415273434093 0.2638900307183906
0.021410558754384017 0.018872264631365224 0.2622737391985855
0.021292880645735875 0.019341066228956365 0.2626149508087939
0.02132180052608217 0.019267374546734342 0.26256913669533466
0.021346445798615665 0.019198150807214 0.2625352542924009
0.021374147398354547 0.01911915429358456 0.26250810337149016
0.021401280795068523 0.01903721451122759 0.26248546405944106
0.021407863639985425 0.018969421304999276 0.2624274664272301
0.021417151667194767 0.018889213850899172 0.2623987107415778
0.021435927748110383 0.01882015431274634 0.26235968717849634
0.02126373792381355 0.01946632963912815 0.2627470317833174
0.021297892292966643 0.01936876063358961 0.2627246041992752
0.0224703826399101 0.016430054968214057 0.26149202744161915
0.022513520007285702 0.016347183867035445 0.2614602446691575
0.02254964119231245 0.016266177064269458 0.2614260213072843
0.021178134452710603 0.019782667575143055 0.263013163387365
0.02120047341544347 0.01971402345004699 0.26297245364364424
0.021224684352031783 0.019629733189528258 0.2629368768094512
0.021242548165447805 0.01955474386916816 0.2629258425309441
0.021275260595401767 0.01942410919875262 0.2628392607481493
0.022391546531400137 0.016612898775742985 0.26166252647400157
0.02242638265891061 0.01653408616934393 0.2616145285439142
0.022466527449909554 0.016459391864126476 0.26161089681929184
0.022509858368022755 0.016376210283036638 0.2615873152565176
0.022542472729148093 0.016303274464370215 0.26155092177902733
0.02257574556176399 0.016229124497269765 0.2615017670845545
0.022610254611839974 0.016139626944514734 0.261470414521442
0.022636295982550472 0.016083435656405014 0.2614512265603184
0.02267063777116315 0.015990291321951705 0.2614064949125268
0.021123358106317255 0.019977842118606877 0.2631724815522411
0.02115152136874624 0.01990090237849338 0.2631697896123039
0.021245033037235076 0.0196075601000684 0.2630375459582224
0.022333579286741855 0.016725581293701434 0.2618068656637361
0.022379430677261985 0.01664943749666667 0.26176665677963723
0.022414354699279115 0.016578256614717922 0.2617358347529168
0.021032645034711403 0.02023651327219144 0.26339473871285246
0.021062112919736396 0.020162657417942362 0.2633578822853902
0.020971095790842696 0.02042227809331787 0.2635749458290023
0.02409523855480179 0.01249545747021944 0.26023523375687363
0.024129157050229697 0.01242608244923234 0.26021736692920483
0.024166157745128963 0.012342917761148797 0.26018381572307253
0.024219328425483744 0.012248749703323665 0.2601659835348707
0.024246790696651047 0.01217876663209344 0.26011207433154215
0.024277666846380264 0.012109992694736326 0.2600965080757848
0.024325138751422497 0.012011848057377096 0.26006013037397074
0.024345394841568672 0.011945674014840658 0.26004925354049907
0.024435993169315627 0.011735499951483604 0.2599411700343501
0.024464915368087443 0.011671673054833184 0.2599204416798042
0.024499379966957308 0.011574854469853227 0.25988602501629315
0.022129506606908055 0.0170559242968071 0.2622376031181613
0.022183334343606753 0.016986758553690674 0.2621926960147026
0.02391416128634387 0.012747718549987684 0.26042412528575193
0.023990808313681014 0.012662433597461761 0.2604387122858898
0.024044931632813155 0.012595424870487863 0.26039480037707846
0.02408782409167653 0.012529720966975135 0.2603477860799354
0.024130135183135646 0.012450191176653342 0.26032147567532227
0.02433071116021872 0.01201061768516817 0.260159857424185
0.0243663067331189 0.011922316734860544 0.2601146527489326
0.024392073873251922 0.011839364628918247 0.2600608220912261
0.02443629900316239 0.011740943496519975 0.2600431878523189
0.02455306935028783 0.011463301411574162 0.25993076531810444
0.024585140536914872 0.01137770200078748 0.25988572823048434
0.024651749520944236 0.011211535888994671 0.2598375343819327
0.024678091925165645 0.01113834533371282 0.25980957578830965
0.0246949550260602 0.011103296229665363 0.2597726853636213
0.024725607094536573 0.01102312050300076 0.25973168486543013
0.02475030941877457 0.010939219930647092 0.25969544021291463
0.02478059995768543 0.010854597147731359 0.25967577678076054
0.024812840513072643 0.010767799048172011 0.25964929790047425
0.020842714508232742 0.02072008817939476 0.2638989008359191
0.02204779967836172 0.01717780185551191 0.2623615888847301
0.02210985075282346 0.017092589641003776 0.2623291826761157
0.02216811471876808 0.01701513538764393 0.2623286715901364
0.024843303140108894 0.010724996980700811 0.25973604679253787
0.024863260374704082 0.010659554971659657 0.25970151069634895
0.024878687247404344 0.010595458812695331 0.25966273017927255
0.024896624324043472 0.010535740707067403 0.2596407405443994
0.020793165405408258 0.020822471893458844 0.26404062890972135
0.02492597972386492 0.01047572162676893 0.25970688316758195
0.024943466240801834 0.01042097099337248 0.25966904111599765
0.024961532036534863 0.010374087378345604 0.25967240044130857
0.02500742313249839 0.010249430791100111 0.25969789662862297
0.025037810519517516 0.010153968762836878 0.25967011970888704
0.025055973137879977 0.010118504772349494 0.25975839444917515
0.025082116125078838 0.010037395207344561 0.2597231757441303
0.025103414639118263 0.009973309608142954 0.25969010211906934
0.025130185496871904 0.009929557923425963 0.25976491461441303
0.025152013214680736 0.009857339424811847 0.25973307358438597
0.02517755215724342 0.009785675739131604 0.2597023414697907
0.025201961515079325 0.009700208142074887 0.25966282719890804
0.025239843966763088 0.009590878588713657 0.25971620823782887
0.025256633033432077 0.009517427974192859 0.25968195806167027
0.025274591271129642 0.00943732937972787 0.2596357761630136
0.02531942901803085 0.00932222717814242 0.25970239615207846
0.025330163842326517 0.00926302105284942 0.259647260548562
0.025370825848904453 0.009133931863454191 0.2597015137448026
0.02537819085674258 0.0090676608129448 0.2596590797934907
0.025396067422591866 0.009041630480379849 0.2597383666434723
0.025402341163831898 0.00896745858399793 0.2596957393745244
0.025409007493808224 0.008895224367678862 0.2596719715825061
0.02540720781358162 0.008814266621119109 0.2596298544147114
0.02539192784457329 0.00873563344080735 0.2595830307401315
0.026446707559811218 0.007463326205376376 0.26006164976346063
0.026782844277543794 0.006786527077057566 0.2601767216605459
0.027013832472820656 0.006383537895796464 0.2603258270810687
0.027077488492813072 0.006257505425699946 0.26037866154046874
0.027124883151125188 0.0061605265358925425 0.26043514295595394
0.027184137665751944 0.006054714637307146 0.2604877860040618
0.018861166086358544 0.024878988702736624 0.26878758864561964
0.018923279741033083 0.024822376288677166 0.2688663533234729
0.019071688911399938 0.024657752277767668 0.2688311085652374
0.019129085706868134 0.024593766835364815 0.2688166986682741
0.019249868425089484 0.02441060654866193 0.26874572867775715
0.01897541815328773 0.02476586499144206 0.2689656900530968
0.0190523916576858 0.024688886507840367 0.2689246928631557
0.019122741299323207 0.024610329124957676 0.2689042682403659
0.027579527984667007 0.0026461880227687125 0.2629702619737928
0.027680666661385748 0.002556557361531493 0.26297131299127835
0.027770513015106836 0.0024782948163003652 0.26294554805120524
0.027936297837742957 0.0023519370264197537 0.26301248029545266
0.028004183060139964 0.0022891065842835655 0.2630072255432147
0.028057119487198582 0.002221932060317069 0.2630018954850402
0.028128345170695027 0.0021643963176819912 0.26306906693232174
0.02819274679945011 0.0020993915452222236 0.26305553656753955
0.028279482055770157 0.002014207839202316 0.263046859883852
0.02841707425887172 0.001902122292504037 0.26311179370914367
0.02851369681012398 0.0018156789933531433 0.26308562341450614
0.0285660483336658 0.0017847224007412944 0.26316730038039443
0.028682821134367126 0.0016911546388071873 0.2631635439135691
0.028726758555553074 0.0016461516042284932 0.2631224043657078
0.02881108206747762 0.0015931007044184607 0.26323112259355413
0.028879281404379068 0.0015188011327996564 0.2632147319802812
0.02887775402160567 0.0015415099733171766 0.2632792617002885
0.028939543456771438 0.0014807364417696006 0.26329407027770585
0.029063807295312057 0.00136598727127733 0.2633500379273125
0.029113865196070954 0.0013232443415186674 0.2634696761846856
0.029153621262752238 0.0012541223662864778 0.26342193509334877
0.029193653332514807 0.0012053855214817528 0.26348664744339884
0.029231218126302413 0.0011366002905905555 0.2634760115946345
0.02921763494806825 0.0011733898684611662 0.263580537413594
0.029259543625892767 0.00110146335299403 0.2635749206088308
0.029299583993743387 0.0010215695282746826 0.2635400209438739
0.029283341499215514 0.0010716127221897802 0.2636413781198127
0.029330793700272122 0.0009779768903243773 0.2636071374450858
0.02935475103724632 0.0009456924919553777 0.2637153273361435
0.029386080067255713 0.0008693622808560517 0.26366360266744265
0.02941032181275318 0.0008326735598946591 0.26376967018852926
0.029434846748691876 0.0007608077461421464 0.26372893140441755
0.029458914745773668 0.0007338466508454216 0.2638164974306886
0.02950022397296826 0.0006159907865161926 0.2638398705668023
0.02639106599930766 0.00755290615934153 0.26007107863361173
0.026291657998453528 0.0077202738741337755 0.2601304685192105
0.026184161336359892 0.00786509835984938 0.26013181747285474
0.026242245531036525 0.0078026846603110106 0.26016478538511345
0.026038238219487142 0.007999117854715547 0.2601505909823284
0.029084985305825612 0.001358843660093043 0.26343068610701886
0.029141032350482543 0.001281152979788546 0.2634659618490955
0.02918711687934154 0.0012224318359593939 0.2635318937531118
0.027829534752496336 0.002427796583574145 0.26294167826993825
0.027682585538697516 0.0025499004876586083 0.26294464976303983
0.027763860799924194 0.0024910536785815365 0.2629905493041484
0.027810740439849272 0.002453078133723734 0.26301926857560937
0.024099759851364096 0.012484945052871822 0.2601985389635248
0.027605355820329507 0.002629440693142628 0.26297789405446487
0.024090090328627717 0.0125147678008606 0.2602979582002572
0.027417293905279434 0.002747931993453704 0.2629813277053331
0.023972108905106267 0.012675327939437899 0.26033727214312585
0.024031944145371287 0.01260655033472059 0.2603609619386459
0.02718697929087691 0.002837412291934041 0.2629556311301432
0.02383510234795957 0.012807056805866902 0.2603429105780274
0.023962337454547764 0.012694946079415832 0.26041630454621345
0.02366379465013711 0.012904054989486241 0.26031563872548086
0.023749899462341264 0.01287470654612828 0.2603948545817708
0.023828714295783343 0.012818435129180647 0.260411703521328
0.022441764279210418 0.016511681546403943 0.26164484250980236
0.022398383641107418 0.016608899017134172 0.26171353872019715
0.022427169863067132 0.016548986650641653 0.26171334593391576
0.022301676774634707 0.016769633388194045 0.26172567978015987
0.022346072839916648 0.01670392925468933 0.26176609145208607
0.02230104639737684 0.016792575826701045 0.2618448144826603
0.02223925586714912 0.016892258910864363 0.2619909452662271
0.022175578687289157 0.016984386223254835 0.26205647722619174
0.02222826124235104 0.01690588067341043 0.26207969981941
0.022158509055643667 0.017015753285290307 0.26213988294418966
0.022210140706019562 0.016940999379946566 0.26214584406114194
0.022157693325523597 0.017020655107987816 0.2622185867485361
0.022150042365357822 0.017038916771889498 0.262282542865836
0.022078417830771854 0.01713099743258044 0.26233221735196394
0.021879669091313263 0.017331639479848407 0.26230806730368794
0.021956133566326287 0.017285682286665667 0.26234141952483947
0.02201535747385399 0.017225294265999315 0.2623943002239381
0.02184622327360172 0.01735318657032814 0.2623759631413325
0.02192904477111014 0.017312926368725473 0.2624272472043284
0.021337783357632006 0.019241630125803634 0.2625961490866874
0.021300429476442652 0.019342213000632512 0.2626549158481368
0.021280573138634216 0.019434071016934916 0.26273887988561617
0.021239402080425157 0.019549504094077352 0.2628901772536281
0.021261709756756658 0.019485548826615712 0.2629224406778202
0.021186175782326847 0.019739902945379695 0.2629417302468825
0.021218446165821594 0.019666632620423778 0.2629668906667906
0.021248153014719356 0.019574385144793607 0.2629828519376806
0.021161492229221188 0.019820404662642566 0.26301456828038017
0.02119907333061278 0.019742447786442185 0.2630612399813487
0.02116097369688951 0.019847521284731884 0.26311674625907755
0.0211018402586157 0.020060631784520014 0.2632360252541186
0.021068378650211148 0.020144046170058022 0.2632980471788573
0.021008105438596797 0.020327890650030815 0.26345133708245566
0.021030062015355587 0.020264020648083844 0.26346151081767577
0.020968037470507645 0.020418793694791694 0.2635197379251875
0.020998108443394253 0.020365812806354876 0.2635368268236335
0.02090890834707009 0.020523511775497702 0.26356476031333775
0.020950282381841073 0.020462711599807497 0.2635979922269571
0.020908860723740298 0.020557422799684914 0.26367297286284375
0.0208699790266912 0.020627984058386194 0.2637130978501344
0.02082803794276031 0.020717717807542134 0.2637857419327641
0.02087499991596702 0.020643001628571016 0.26382865049336096
0.02078051844821461 0.020820762644044956 0.263844634986754
0.020830684274761698 0.020748359398814968 0.263892078099289
0.020782315219642595 0.020847167627533594 0.26394423965260544
0.020723368111201994 0.020916598661915732 0.2640092327350922
0.02077366725065426 0.020855464227016694 0.2640632742445079
0.02070190152530708 0.020946718937933012 0.264084571488484
0.020750271132270612 0.02088819321654016 0.2641176122808117
0.017631815244702812 0.025422146401931744 0.2694818080026857
0.017679371837932136 0.02541575462392992 0.26938326102447535
0.020704984494414973 0.0209574766494445 0.26418668756334257
0.01784065400036853 0.025378715463382467 0.2693907412628258
0.017724058046879782 0.025408067504687652 0.26932556415257014
0.017901269224213995 0.0253629492271525 0.2693520144977491
0.01775054336311974 0.025401803231018233 0.2692566233127214
0.02065697153011105 0.0210360828033635 0.26424368721268204
0.01792897860401326 0.025358222453655196 0.26926138742351935
0.01799195770844812 0.025339805640077574 0.26917886009784947
0.018012611710745217 0.02533427594580935 0.2691071099928291
0.020590072244991254 0.02116482549434589 0.26439735553397514
0.01818651363304919 0.02527723927192728 0.2690859686742458
0.01804320760991068 0.025323198659365033 0.2690291215059911
0.020478700794046602 0.021305712537153312 0.2644140737899687
0.020529895248086388 0.021255766475545064 0.2644335936697171
0.01830022339146743 0.025236707640953315 0.26908584405058217
0.01818087445620319 0.02527555856943918 0.26901925161927726
0.01834595547364347 0.025217012561379377 0.26901207165262453
0.020398586403265497 0.02137986733394384 0.2644606269069721
0.020464348078181017 0.021334999837544423 0.2645014584349762
0.020534199202246785 0.02126594875698125 0.26453296174971935
0.018443993316953886 0.025171938071261488 0.268973841180228
0.018561694501554267 0.025111638855883495 0.2689193010741733
0.020397341766069787 0.021390695783872427 0.26454565545071107
0.018591365722983904 0.025087169234884826 0.2688510304855787
0.019039624570085994 0.024701777116850752 0.26898113355568837
0.018981623356958365 0.024761816024755842 0.26890976515152176
0.01891180738279213 0.024832509213461633 0.26890225860625555
0.0188481433938974 0.02489497637774954 0.26883112566238393
0.018762588795206352 0.024962895010982006 0.268793366162882
0.019040051512998687 0.024698886851359944 0.2688844276019671
0.018943803201600606 0.02480041929528585 0.26881239163328857
0.018880553163074267 0.024856036907432218 0.26875646540111126
0.020215573025804706 0.02150506419720026 0.2646652469629322
0.020263272996753633 0.021478268015568874 0.2646677129356506
0.01720396110900128 0.025460055757279276 0.269462162373649
0.01715689717530184 0.02546480819501863 0.26938529106703685
0.017108364868283668 0.025466197640774804 0.26930744141247115
0.017058854408277646 0.02546619848509967 0.2692291828535189
0.01700731325240763 0.0254642830808876 0.2691501567231678
0.01729526302036721 0.025458130594483284 0.26943815467427695
0.017248157181573943 0.025463709822920233 0.2693612087948444
0.01719931209108916 0.02546679659269154 0.26928333552479683
0.017151035278595815 0.025467727504081 0.2692054775767153
0.01710175628316616 0.025466983360883322 0.26912738062760494
0.017428084045126663 0.025447280133700984 0.2694893216067887
0.01738383756008526 0.02545369120572489 0.2694130172352429
0.017338129054090563 0.025459142025733843 0.26933661280971033
0.017289400638263855 0.025463214133159662 0.26925885994203247
0.01755731615485522 0.02543090798039143 0.2695191149317308
0.01751194507084691 0.02543894556545106 0.26946051824869915
0.017467978853775025 0.025446353787240222 0.26938604416188827
0.01742431114339716 0.025451812876078297 0.26931063094010704
0.01737754977048759 0.02545625812566432 0.2692336099925686
0.0176032932076762 0.025427111158059602 0.2694258202156206
0.017552130351869824 0.025434676543618903 0.2693583435490827
0.017677668827609808 0.02541570755281758 0.2694256645012214
0.01764400728198735 0.025420942354162826 0.269328784368577
0.017759842137633167 0.02539917718843144 0.2693830976282676
0.017704244286371372 0.025411647669501276 0.26929115945210036
0.017843008916090936 0.02537913687292649 0.26932973424367274
0.01779243046789056 0.025392714986444145 0.2692863330765116
0.017906029393303262 0.025363138184584154 0.2692986901488516
0.017867713892814642 0.0253734696082316 0.2692382437237487
0.017937357648460626 0.02535599914972847 0.2692190002422755
0.017903597660896498 0.025363360828916166 0.2691498769790481
0.01795970864624943 0.025348747129003382 0.2690991063734029
0.018047491536052854 0.025323326240814542 0.2690713736940975
0.027638471859997488 0.002595202568970218 0.26297940407759773
0.018749113692880726 0.02158414855020155 0.2650177362905586
0.018867343775894958 0.02160965855354917 0.2649921651877343
0.01897500902449156 0.021633233781858628 0.2649922410480689
0.019079096596016518 0.021654486028983726 0.26496187020767603
0.01918017169527491 0.021670141550559283 0.26496593842031846
0.019281149642089795 0.021673844280845955 0.26493918058323346
0.01936336656730393 0.02167477360239841 0.2649041469940683
0.019469424170395173 0.021668399698307396 0.2648846366897863
0.019415911374269377 0.02166413578827152 0.2648251833608466
0.01956602885637332 0.021662989863624735 0.2648759266877328
0.026255650277966353 0.00776447157109306 0.26011161783888315
0.019647818044457272 0.021658461339611496 0.2648423310007652
0.01962022303756505 0.021656344068268434 0.2647738279069906
0.019734301954511497 0.021646687811839954 0.26481840057148487
0.019670655005615555 0.0216469551123466 0.2647391563234496
0.019816625213622797 0.021630678502109292 0.26479454587150253
0.019767900106421942 0.021632458861248177 0.26471026871238085
0.019890987635229566 0.021616142582356987 0.2647817660479619
0.019851372350588873 0.021617027451531247 0.2646660333165096
0.01996557709635402 0.021600683101791772 0.2647389255992035
0.019926982246 0.021604451431198192 0.26466956038732004
0.020034943663446023 0.02158132746737016 0.26470675609056565
0.02013311529314737 0.021545313967732058 0.2646717095705443
0.020087675661685657 0.021554848683885602 0.26461046026621776
0.020177681614364864 0.021521541440871803 0.26463835479157916
0.020245576885383615 0.021483046069596577 0.2645941661373376
0.026209640675610383 0.007846805339789677 0.2601725492981078
0.02031592587755802 0.021442145841596143 0.26454173270192133
0.020406924752947652 0.021383371700037485 0.2645887185887584
0.020362447342295677 0.02141004951134866 0.264502262106495
0.02044588734620965 0.021352462319337344 0.2645495244219598
0.020429573598267713 0.02135834631565226 0.2644644835528705
0.020505233432390513 0.021293800498960347 0.2644855540547178
0.02614029963552359 0.007911499078992228 0.2601354409329098
0.02603983232221072 0.007983737297433976 0.26009232843179875
0.02608682510807343 0.007962813968401754 0.26016839567822625
0.025941488673701277 0.008036214609234716 0.2600663907383003
0.02598152328982336 0.00803109709966197 0.26015759201410127
0.021017419173496595 0.02030700439470593 0.2634763535086736
0.02099408316822194 0.020350175789211195 0.26342969180109366
0.02102460188819183 0.020251689838650062 0.26336992930889774
0.02105739807174011 0.020171560514952454 0.26332274715095183
0.021085667288333387 0.020104170615121597 0.26327483201979285
0.021116523028546847 0.02001405699372248 0.26320801656922765
0.02584690694021506 0.008076803460550537 0.26004858185176566
0.025891935932931584 0.008072054578677877 0.26012784698430125
0.021134622040864436 0.019937768239455984 0.2631484536728441
0.025757941525158756 0.008110037591611738 0.2600677091217346
0.025815282925985856 0.008100571418456059 0.26014410370215085
0.025685130674146395 0.008130712985089663 0.2600816775962178
0.025740760517731186 0.008121793744000549 0.26017482253296215
0.02564574191216436 0.00814222555534997 0.26012998977952095
0.02565539317473956 0.008138886436658992 0.2601982533995324
0.021097263412267284 0.01750743635488186 0.26228645090655406
0.021133917943202064 0.017507804315603004 0.2622700175056018
0.021290240602151362 0.017482900536243746 0.26232273605900236
0.021240507007977544 0.017486681407171273 0.2622637116028374
0.021351822599315534 0.01748099596653361 0.2623088425267125
0.021328745495348085 0.017479676566252246 0.26224446894319126
0.021438801850355203 0.017474897136325947 0.26228473280753795
0.021416906463648945 0.017471682111016705 0.26219404125581863
0.021555253664090255 0.017451739070265697 0.2623098331353079
0.021516916970618815 0.017462141128326954 0.26224335754263084
0.02150527247919828 0.017460537915367967 0.2621761995883159
0.021675113192865032 0.017411896361286233 0.26235993307845223
0.021634636077339685 0.017429280801291608 0.26228449527980696
0.021599474595782115 0.017439452787623377 0.26221343116925355
0.021798844410249225 0.017368581600163004 0.2623948947462251
0.021751827079543942 0.017386122486163925 0.2623333804712018
0.021707905876283753 0.017404188165116227 0.26227218065953395
0.021666397760762398 0.01741453601238472 0.26216663557436765
0.021858574240372266 0.01734624210260556 0.26233852202372254
0.021787903769300117 0.01737018136919881 0.26227067445756563
0.021748524471674215 0.0173847720926033 0.2622204734266098
0.02554981454489528 0.008149134477243462 0.26014401335635046
0.021953076655906248 0.01729604458608048 0.26239516099346033
0.0219124458006838 0.01730974590880926 0.26229982285282727
0.025296073844234997 0.008160456330937782 0.25993042254976617
0.025404558671185316 0.008149794755758763 0.26012744127485654
0.025436029827550454 0.008153862741805412 0.260198629024551
0.021993627429151463 0.01724625139335364 0.2623493650520759
0.022077701606513418 0.017147358466625177 0.2624011763128595
0.025283147535452022 0.008179257305584877 0.260081589544489
0.025312683817483507 0.008150118626326523 0.26014417387970834
0.025349076564873996 0.008152565673021523 0.2601918367405104
0.025272240700576282 0.008164742850335055 0.2601516852622027
0.02526548077017389 0.008160429650844547 0.260241228104748
0.022669961384233033 0.01600304523907354 0.2614534807188813
0.022650603228953684 0.016033774670080367 0.26138026655089314
0.022691084307465616 0.015938043237602756 0.2613850951032965
0.022733230588694493 0.015839077787189654 0.2613312704304865
0.022712393073316656 0.015864676384551787 0.2612637106979088
0.02276081628592218 0.015757630371362713 0.2612695395349514
0.022736986076037278 0.01579587348890845 0.2612185754038666
0.022788128633269147 0.015677098409105368 0.2612368667230524
0.027144353655955158 0.0028493891131447604 0.2629721982331248
0.027202502241320054 0.0028314785077129105 0.2629330198317648
0.027348563562524547 0.0027836531613102855 0.2629861978543818
0.027484846897058695 0.002705286757094319 0.26298616594029256
0.027793140797917375 0.0024624008297192013 0.2629650589183217
0.027699371134660495 0.0025332758888402273 0.26293107020920703
0.018829260642605115 0.02160657916333622 0.2650546687389513
0.018920331511571974 0.02162551933707718 0.2650454311394642
0.018919282638619993 0.021618835273728362 0.26497992110158697
0.01905059922514765 0.02165234882788173 0.26500043743631657
0.01912976387828158 0.021666075691099435 0.26499217759852245
0.019215860614385717 0.02166782768244107 0.26492722281148906
0.019334226699236196 0.021676542457732408 0.26493318682429867
0.019320715553740195 0.021669028981510144 0.2648802494884907
0.019391786474634843 0.021677058701105097 0.2649353924191927
0.01938773699027006 0.02167052311880742 0.26487112148765746
0.01958749474570774 0.02166038227023901 0.26479978146429883
0.021085058919887805 0.020095239554423522 0.2632326259699582
0.02114978279078732 0.017509093675608565 0.2622421120695388
0.02121068239916549 0.01748910779483375 0.2622989431760652
0.02120222452984103 0.01748430053816026 0.26220515341100653
0.02127125983864439 0.017484173536737896 0.26228704605358866
0.02128396592547629 0.017479223769082425 0.2622309509294014
0.02138341549587254 0.017476846759936562 0.2622321520020582
0.02145740807504339 0.017470608969023152 0.2622187367461097
0.02155110264757187 0.017450680162629684 0.2621659597212367
0.021605059391859555 0.017435416335431525 0.2621620581285954
0.023218805191986838 0.012992597844783915 0.26034986881182093
0.02324738103665302 0.012978915049587007 0.2602599918135555
0.02326122251860761 0.012976069362091882 0.2601979756991982
0.02331821614863166 0.012975228653130395 0.26028665393635436
0.023348905486521146 0.012971337074039564 0.2602021759596261
0.02341161504675512 0.01297361353487682 0.26030704267398924
0.02340638347475572 0.01296989678229518 0.2602130922652373
0.023491067423065837 0.012951736238745432 0.26033112645925155
0.0234969147217339 0.012953554881887661 0.26025376993247185
0.0235722409356134 0.012932422499496148 0.2603444140939885
0.023590021858308743 0.012922720759975744 0.26025438103373616
0.023652198182336836 0.012909747226342212 0.26034147574686745
0.02365248998125285 0.012901073932587378 0.26027802331957867
0.023726281573210644 0.012889858225455141 0.2604146041014254
0.02370754075259331 0.012889359090237933 0.26035338683093223
0.023783434541979624 0.012851543400697092 0.2604240734870785
0.02379252351617871 0.012838636291537813 0.260352564161245
0.02387085930583579 0.012782466886879375 0.2603819085003775
0.02393722055277923 0.012717635432602 0.26037585377987293
0.024002439912960666 0.012644671962213387 0.2603827565363058
0.02399723242024898 0.012647639588305604 0.2603329773557679
0.02705614305160527 0.002867062573342233 0.2629683620651311
0.027229147359322026 0.002820949829967505 0.26293970485469625
0.027290770167048686 0.0028016466629244585 0.2629555070130928
0.027100846318544092 0.0028564640580216465 0.26295905641641665
0.023756849248052245 0.012863608746238295 0.2603611842830466
0.023692006985493994 0.012889503087864658 0.2603042375547994
0.023661600730800262 0.012907189690305524 0.26037521509469486
0.023608117786176715 0.012922456254651321 0.26031046041882133
0.023530648590147675 0.012940220562139214 0.2603638393589203
0.023542520814467324 0.01293766979052728 0.26023312335701587
0.023494270563005907 0.012953348363249061 0.26029437126711347
0.023407311048157936 0.012970661045635386 0.26035148338059205
0.02344228487246129 0.012966407813159631 0.2602349434079342
0.0233702086887708 0.01297593584029148 0.26029993415684183
0.023289724651194353 0.012973190536484854 0.2603546739330782
0.023151157102442057 0.014397315373996565 0.26075384958265496
0.02313363696337067 0.014459603467219268 0.26078904201748976
0.02310717669671211 0.014544422646527057 0.260815404549802
0.0230805162458992 0.01463660639774695 0.26085999152742423
0.02306792022805268 0.014693274966459724 0.26091402170560696
0.021137675366923247 0.0199663252865373 0.2632288683727564
0.021110911550671633 0.020055618394772393 0.26329051082453564
0.021080444904851416 0.020118840941269152 0.2633186326115866
0.02105220147412235 0.020184008604865904 0.26334828767425705
0.021028470303253145 0.020248590723845036 0.2634006050216414
0.021012967939310786 0.020307692994827688 0.26343897336897226
0.02099251671889913 0.020370261082399872 0.26348165813090474
0.0211083780337314 0.020011810900671605 0.2631690113115633
0.02107763482082385 0.020092787683729497 0.2632025362361078
0.021465626259531193 0.018680984319160418 0.26227777160974003
0.021448340479211184 0.01878770899335537 0.26234739791666994
0.021422491666636675 0.0188577692983172 0.2623707308859871
0.021403318013554024 0.018945370070980704 0.26238916357586717
0.021420797865927217 0.01882613075751284 0.26221940802725474
0.01885261818380678 0.021613902672632343 0.2663417276041088
0.01888209734901471 0.021707042278402762 0.26630052133692067
0.023302646865864807 0.013489979009424856 0.2606354571373557
0.02324877123982633 0.01336295902360778 0.2606062658112127
0.023274533433358804 0.013465216904888166 0.2605600787134425
0.023212239853856568 0.013314876446784474 0.26054929899591495
0.023238599257843492 0.01340321854755172 0.26051317368687155
0.023173508713401483 0.01326295046336811 0.2604980123748009
0.025355251334528893 0.009200140466471112 0.2597056467326445
0.02540965364345359 0.008936413003074326 0.2597190786064504
0.025392653839493406 0.009021343671921695 0.25969363857786454
0.025371022745168243 0.009110451423634171 0.259666799217905
0.02541514130063142 0.0088225285542106 0.2596662421481504
0.025401649509778607 0.008920037361657949 0.25964718895551014
0.025383063806234105 0.008991364554418867 0.25960465999012655
0.02529936925768526 0.008351233208977099 0.25980536161599477
0.025396529685226953 0.008717233329790979 0.25960825868252047
0.025276212439338273 0.008356384731524306 0.25976564499504723
0.02534241861514711 0.008473086927907452 0.2596714205091419
0.02537789851481093 0.008604071299496335 0.2596218256493346
0.025310164857658364 0.00844572754985115 0.25961028318698726
0.02317256155316614 0.013221855692619414 0.26051279144123274
0.02130500248147874 0.01802639908889731 0.262024625428561
0.021033022557414932 0.017654762964370095 0.2620875123298412
0.02142432712311231 0.018202091009403995 0.2620529136870386
0.021056119282261903 0.01772181063469499 0.26204263699468544
0.02105160744664207 0.0176735370527664 0.26209498475898463
0.02105200027405177 0.017663916459204877 0.2621243496302793
0.023264941840510915 0.013422293914224705 0.26056872002810755
0.02145373714029707 0.01823789382720971 0.26217607930085335
0.021141315689992002 0.017794566590540517 0.2620383094666496
0.021186040440706082 0.017877013380774284 0.26197489151293213
0.021482823731520984 0.018297816299120237 0.2621935570630412
0.02124382497982605 0.017945371253666326 0.26198808247015154
0.02321674666015697 0.013335736450762385 0.26053362839506455
0.023208818890228775 0.013368677393086725 0.2604757692265365
0.021306133886450477 0.01933751983894881 0.262686871106544
0.021336640109252597 0.019252837678837044 0.26262977271139004
0.021351153489046117 0.01918382579299243 0.26257112574370084
0.02137797592927571 0.019111106069723015 0.2625304046392493
0.021403437578107063 0.01901776810111047 0.26246415748720436
0.025412687226810202 0.008855985535004319 0.25966682357557425
0.02541606243138735 0.008783735885389993 0.2596787236690474
0.02537093750489172 0.00855924294182831 0.2596356488179182
0.025338099502915795 0.0084864725968294 0.25962742243262665
0.025330933504176922 0.008432144386610064 0.2597591974277374
0.025286602541148888 0.008387363401975797 0.25968548949578846
0.025276981718433122 0.00832402320525696 0.25979779282588117
0.02528399583780464 0.008351667964954167 0.25978860452948144
0.02361811702114792 0.012919281010931708 0.26037372769414846
0.02123508278783058 0.019592289503863998 0.26293221776053366
0.021273324385517964 0.01943779906748766 0.26277692695406213
0.02112074136908587 0.01748709090335776 0.26232247641759704
0.021113575730554602 0.017511545135431177 0.26222231537198487
0.021243108858920536 0.01748594319824684 0.26229205336212025
0.023251262190929236 0.012978975284805351 0.26031058480134234
0.023292256225491158 0.012975969718183005 0.26024078412369805
0.023363796162189494 0.012971848393716678 0.2603401667068896
0.023383226837678284 0.012975005512128962 0.2602591376117856
0.02344348911383245 0.012963376788599917 0.26035613519351725
0.02346141857569808 0.012964268939188985 0.2602950028136803
0.023538729424257866 0.012940984836219298 0.2602999054297026
0.025291761913775076 0.008154178422081765 0.2601394487761495
0.025302017639553025 0.008175969642788555 0.26004082452462446
0.02538153811806231 0.008152710773531364 0.26018132437586483
0.025499674968551437 0.008153923655280013 0.260193981313661
0.02560111754921239 0.008148385771353696 0.2601582104823811
0.025612867392777745 0.008140373187676516 0.2600942648259296
0.025701088006332754 0.008132340420203655 0.2601271560252192
0.025708737864197796 0.008118664928672846 0.26003785489417347
0.02141874483632116 0.0188523639679826 0.26230943421587716
0.02139561325935088 0.018929114796107552 0.26233334643511763
0.021378502273463062 0.019009370792105323 0.26235212067993213
0.023164103227448055 0.013232852744158464 0.26048889542726605
0.021159384616710637 0.019866555995532977 0.2631509572808236
0.021126515528097033 0.019938483679901094 0.2631130496703061
0.021211246545983203 0.019703064511329423 0.2630658912036539
0.021182197979250555 0.019786145801476647 0.2630643024310952
0.021160624647008117 0.01983328234159072 0.26304814621489103
0.021235015690864355 0.019623575196236843 0.2629815685979201
0.021214647596722223 0.019688253394865254 0.26300219755967774
0.02118090045736841 0.01976245116082826 0.26297002363527394
0.025323869067244292 0.008153732498120458 0.2600973042112814
0.025346076059280093 0.008150929931570372 0.26015489594441604
0.025278813674317197 0.00816508910804237 0.26011751251104337
0.025304212495915093 0.008154009425147851 0.26019155532222965
0.02116718735387394 0.017495690499976922 0.2622965385912608
0.021152980264909093 0.017497263271648307 0.262205985523878
0.021246104661009724 0.017483470550016603 0.26232473012114826
0.021234440386717103 0.01748388601238754 0.26222809294095223
0.027139606889179987 0.002893157749386078 0.26255683798660767
0.021033102577830465 0.017652527500845866 0.2620954801965297
0.02101681517900836 0.01766244261558459 0.2620677522604484
0.025309408831994066 0.008470269585249667 0.2595717558509298
0.025291623011060343 0.008396036897349971 0.2596692125470615
0.025279522083695494 0.008373703143934055 0.2597259403322753
0.025360886276901556 0.008549720940098064 0.259616565393201
0.025345485312678506 0.008465175296863454 0.25970608363162795
0.025307386955164157 0.008391332567651325 0.25977629599091895
0.0213213163214149 0.018070857270611952 0.2619920086935133
0.021275100159926168 0.01797403626819865 0.26203034958563814
0.021262236390250766 0.017990939156034412 0.2619634084121159
0.021230673757243478 0.017911508944221687 0.26201197670886417
0.02122342300605044 0.017936320952627795 0.261957441841614
0.02117920170173581 0.01783656232878704 0.2620142640953013
0.021118398062711177 0.01779389734540414 0.26199839196959923
0.027019719825626738 0.0028749463074182096 0.26298438689418907
0.021328291564154302 0.01922651844132313 0.2625042369713339
0.021358183473709946 0.01915865660931189 0.26251974322810967
0.021346112740751527 0.019146911382468573 0.26242202640482803
0.02138729522055429 0.019087023038059037 0.2625083543490939
0.02138569197178018 0.019077948256302664 0.2624540562705879
0.02137009270260391 0.01904652829093833 0.2623654335495866
0.021405893902816175 0.01899133729401576 0.26243765617015696
0.021177805097074655 0.01748632384159199 0.26233277292497925
0.021188390714680955 0.017496934022534126 0.2622529316050986
0.021307210553975966 0.017483205627320808 0.26227909172655817
0.021494002256808697 0.01850737099869692 0.2621390109040769
0.021507052115956212 0.018437621681260986 0.26217217255200714
0.0215065540525308 0.018338884075166456 0.2622108453173021
0.021461699301678638 0.01826520638984889 0.2621766990654988
0.02326732884683853 0.013465969786368624 0.2605415637140488
0.02321983435234771 0.013355988338690493 0.2605166876721673
0.023218949772077047 0.01330914995037155 0.26058676715488105
0.02141793422152185 0.018207677590997562 0.26199409773839083
0.02148525436739977 0.01854191145968013 0.26214120222467346
0.02152109072383869 0.018471404911948854 0.2621963619507805
0.025372016314428328 0.00857198589683439 0.2596280220317211
0.025300216714797878 0.008418252623145342 0.2596430439708018
0.025320827773233866 0.008387221820268312 0.2598073291951617
0.021435907886723077 0.018222660958482427 0.26212103836765505
0.02143714708468037 0.018237741613288602 0.26201746465844744
0.02133500369443549 0.018077532831511568 0.26202182412754454
0.021388413527122594 0.018178602471718715 0.2619601152408206
0.02125512931290492 0.017948758663038453 0.2620156162205569
0.021159781333976006 0.01783242647887287 0.26199181664195903
0.025338058053157333 0.00842548183577379 0.25979866100231164
0.02533416475090566 0.008442429187336098 0.25972736910043914
0.025297530919874477 0.008248422294691162 0.2598524649462144
0.025304905800307975 0.008293295520700612 0.259958635274113
0.02529045081520819 0.008172084018532044 0.25981091382696403
0.025268800351566135 0.008265109941648434 0.25979999473577353
0.02528223503226283 0.008234667371676304 0.26004093620374474
0.025296872627676003 0.008214210537520411 0.25991006130914357
0.025318191618435643 0.00833068133992238 0.25988792592071625
0.02531666938010942 0.008354183912697153 0.2598320436045201
0.025301637360553172 0.008191309833366547 0.25997781581061663
0.021114991364710102 0.019970328183874786 0.2631261008168036
0.02110676871517916 0.01999790020208396 0.26314211816822525
0.023172717146007073 0.013097996520222963 0.2604647587710579
0.02319491005689688 0.013028074388841213 0.26041202690735793
0.02315659116878891 0.013183431185477445 0.2604689995530143
0.021063707184903024 0.017571929038169745 0.2622439666270215
0.021063653795880505 0.017528134717018702 0.2622896843553611
0.021087130237246357 0.017523490758302986 0.2622477861901477
0.02134683406081405 0.018116714235653537 0.2619737834052268
