0.029438934429163708 -0.0005452485569223128 0.262993924778143
0.02943429450788599 -0.0003912920468935522 0.26298279392685914
0.029430318429492373 -0.000290641221249989 0.2629913368887505
0.029415808069688895 -0.00017685002398545776 0.26297642373739094
0.02939775488752834 -4.233262752609821e-05 0.2629845623099731
0.02938578791758092 6.985122314212642e-05 0.2630102400431193
0.02936211479802473 0.00018127855254931402 0.2629999786508321
0.02934990527782008 0.0002579515510305879 0.2630465513844886
0.029411777025599394 -0.0002495417899346788 0.26283464349741814
0.029309605523278652 0.0003559379264656225 0.26293645883291034
0.029292710986391645 0.0004303130864512731 0.2629386786528302
0.029277309413607767 0.0004945425763139678 0.26296578917454716
0.029209675437398868 0.0006532543868820525 0.26290922282546575
0.02917111574647291 0.0007276487638289929 0.2628154864343769
0.02910524005683079 0.0008511112783769178 0.26275408102976394
0.029033500909960666 0.0009772245990776033 0.26267460964341544
0.028435396431035393 0.001575414411857358 0.26231983955522276
0.028082381473907028 0.0018799632384553138 0.26225233353133276
0.027493668446184092 0.004813409790139986 0.26028509694856017
0.027457619278013858 0.004890855886913525 0.26016220498027587
0.027449420038776158 0.004967690688414069 0.26017932632234664
0.027431111829763034 0.005065782532239027 0.2602054584014404
0.02740977187837461 0.005072204413416521 0.2600926577036726
0.02739081844571101 0.005161288284873541 0.260094323127493
0.02725066511569578 0.005620749224685542 0.25987979130660693
0.027213294771353223 0.0057266801079033265 0.25987728054090337
0.027144459012872914 0.0058657235257736084 0.25983072261567675
0.027020844510151885 0.006153977113387609 0.25982138042938535
0.026991977552117914 0.006193537010881768 0.25974211630039795
0.026956351747894125 0.006287785467010491 0.2597635747227716
0.026913881107771907 0.006345673405111069 0.2596760082711475
0.026891313659624556 0.0064135213344234596 0.259703499878451
0.026821097589773434 0.006538448335896601 0.2596439788776397
0.026752399478575137 0.006664375698839428 0.25960705924356686
0.026680923639103276 0.006797534858256588 0.25954920685178323
0.026665149422457235 0.006839402896741264 0.25957841280396166
0.02659514127623162 0.006973493707053288 0.2595299480265258
0.026561448264048007 0.0070505173866765875 0.2595483088709313
0.026492351961369467 0.007185383438412199 0.2594950233734163
0.026429388261177456 0.007327375143966541 0.259444443877453
0.019494169442269293 0.024048205753847078 0.2687757296519295
0.01946565506421292 0.024114607111575655 0.2688439039134646
0.0194340032155931 0.024174243288187576 0.2688817069797165
0.01941718009868286 0.024210025967165066 0.26892540000916776
0.019296223587209223 0.024368648319903437 0.26894736944575276
0.019274793464665454 0.02439752978361398 0.2690104413277741
0.019222250615416235 0.02445898478417726 0.26906304996298286
0.019174485843654932 0.024511530423438913 0.2690027238419973
0.019150749619883167 0.024533646407097286 0.26905230307502775
0.01910286960242751 0.024588602089698243 0.2689593109792435
0.019044555097543617 0.02463358006029502 0.26887636284857663
0.01902183720366896 0.02466135651281364 0.2689341112735195
0.018965232048566125 0.02469815047950328 0.2688651972870507
0.01891215387025636 0.024750156378404928 0.26891682373053405
0.018820872687280298 0.02480873971384808 0.26891291428775455
0.01875695554162725 0.024847217485712926 0.26896164746909834
0.018724979467415984 0.024868926676958107 0.2690330066191318
0.018712612014913973 0.024883138159335794 0.26911235438083475
0.018628096221541303 0.02492785252137243 0.2691805003506219
0.01857713026283369 0.024948821290650014 0.26923921752841523
0.018520497873079682 0.024972630027326005 0.26919202388171726
0.018470210739469913 0.02498990866800678 0.2692735581988453
0.01849357122321744 0.024980607528789694 0.2691219915220712
0.018453534821750266 0.024997101218701537 0.2691943223049417
0.018361490046800853 0.025030262257258254 0.2692767728248087
0.01832235668743099 0.025045653758420112 0.2692004251701203
0.01828843157823588 0.02505466018358362 0.26929158341095394
0.018211358880613145 0.025081986532278132 0.2692099427394221
0.025231662480472015 0.009496448590068306 0.2591701553859893
0.025207729551086328 0.009591921367653822 0.2591982696640547
0.025185342988279374 0.009670942434998945 0.25919779794239006
0.025168925517226236 0.009754516684049511 0.25923630159987676
0.024942319007001147 0.0103887656534336 0.2591952693459928
0.024513148390359268 0.011569921137596032 0.25947901807628815
0.024483229407735854 0.011646706871921328 0.2595084323854405
0.024458225125315033 0.011721803149847835 0.259532479986198
0.02434151808298655 0.012004776634774632 0.25967577262557395
0.024318909242623882 0.012060498846037567 0.25970370315026325
0.024283041078536526 0.012148236815771589 0.2597611256203595
0.024258707383263325 0.012212374674225424 0.259802555199012
0.02412942963019037 0.012476142651229412 0.25985680988975457
0.020781208021563392 0.02099207269737423 0.2643272955039238
0.020760948664858444 0.021026803178096118 0.26435932120570727
0.020722668211715905 0.02110164969590054 0.2644316725414223
0.02070829491282662 0.02112992888310248 0.2644889213741635
0.02065292567783897 0.02119716727440569 0.264549211808329
0.020626501864610076 0.021219458394296363 0.26458163885519514
0.020983203988667036 0.02065446100792446 0.2639147408824241
0.02095387714783985 0.02071236954327505 0.2639763537742621
0.020917204980624438 0.0207719838139183 0.26399920977319896
0.020880480490888764 0.02082148999292789 0.2640664735940354
0.02085123628475827 0.02086097727332077 0.264134573074907
0.020820693155306536 0.020910225590259672 0.26418158820462057
0.02061828473345541 0.021227061800949222 0.26445722191075893
0.020575541689263045 0.021265704312163472 0.2645129694551015
0.020522209907262227 0.021305831904343688 0.26458987720421967
0.02047202739955569 0.02133682124360193 0.2646361729899094
0.022260352460709454 0.016967027632155796 0.2620884497346257
0.02222221331186239 0.01702187535599059 0.26213899676634234
0.021070443993632258 0.020453870955882976 0.26367721381942766
0.021047637091087885 0.020497686611972286 0.26369966830400876
0.021006844004333895 0.020580063678883 0.26375861122063365
0.020973517981656208 0.020653892909293363 0.26380174870954404
0.02096300581160031 0.02068888321199728 0.2638424445753957
0.02092380727795377 0.020765577909355334 0.2638763340096948
0.020887391733839532 0.02080867060117874 0.2639490579710713
0.020477208324770367 0.021333035006178856 0.2645020126685766
0.02042621883637304 0.021362182177615173 0.2645553156719651
0.020381664907367068 0.021390478853662034 0.2646368338137181
0.020343602976418424 0.021413162236206006 0.2646975293668404
0.022784667139471266 0.015887648657561246 0.26119856092840427
0.022753749150257446 0.015962346929601592 0.2612465873273652
0.022733863565680263 0.016020895818579156 0.2612716503843521
0.02270074639471149 0.01609523969847692 0.2613128229007769
0.022681475691421923 0.01614413445928458 0.2613320755593021
0.022324967231862197 0.01685947582737613 0.2618614327259292
0.02228837713521554 0.016917593136448646 0.2619113083042572
0.02224765761412098 0.01698025609864301 0.26192664567922375
0.022077042952231757 0.017222589121550357 0.26222844094949316
0.022063268754508942 0.017231596128787982 0.2622886825497186
0.021218590744925016 0.02005559468716661 0.26331024380803886
0.021188259307556176 0.02013033408008527 0.2633473581280959
0.021164938751649154 0.020197986351716886 0.26337980268873806
0.02114791963664478 0.02026606449087981 0.2634320411342796
0.02112554185863641 0.020321403131205958 0.2634678496589386
0.02108881389890202 0.020383164173527438 0.26350764105153957
0.021064567759017105 0.02043898425911405 0.2635686409543737
0.020295965389027833 0.021430712518555182 0.2646233175655075
0.02024417032630202 0.021456545683413014 0.26470062222947194
0.02319748544633806 0.014428133046750825 0.26054147572151237
0.023158966188293037 0.014569452085237978 0.260603822120131
0.023129693668804505 0.014663102601030167 0.26063031000971565
0.0231075881821184 0.014728750031047358 0.26064611351219175
0.02309488232639505 0.014792324731260562 0.26068996565151403
0.023068969340486717 0.014870860527657199 0.26068985635531294
0.02304975696058256 0.014953132805615804 0.26075299945183117
0.02302605409372412 0.015036113280864545 0.2607769386546204
0.02300667298553857 0.015109026538632641 0.26078240956744647
0.02299017597900135 0.01519626929256303 0.2608466822285238
0.02295804153472298 0.015285728057633898 0.26082071024856607
0.022940989228887973 0.015365220380151168 0.26087870967637805
0.022927180348832465 0.01542432072043059 0.26091539535628816
0.022904075107039498 0.015509450108621004 0.2609277864848896
0.022880001839300418 0.015598190854899345 0.2609418146897042
0.02286376029712316 0.015649239537980877 0.26096924596680426
0.022824090487032392 0.01575344156679346 0.26100988186052776
0.022795331370843636 0.015826928512378748 0.2610317588224876
0.022774941122390625 0.01588123344591321 0.26107684661309477
0.022758381621053644 0.015928332351573413 0.26113130587310707
0.022728552352720765 0.01600568871461712 0.2611558336053173
0.02270747568221426 0.016065217949569992 0.26118379287294513
0.022670202171298507 0.016157398689485396 0.26123151900386593
0.02265060638602634 0.016209917427117193 0.2612504034047601
0.02262598304984711 0.0162704686280477 0.26128461274823933
0.02259643648038435 0.016343313383654474 0.2613379076749544
0.022572914502796703 0.016393247361613864 0.2613575378179879
0.02253077227378626 0.016474858357975054 0.26142827019817516
0.022513878016160956 0.016516287325903385 0.26147663372653773
0.022492407674278934 0.016566003832573416 0.26151281624695855
0.022456261015901948 0.016634204040843398 0.2615294537882465
0.02241342464475595 0.01671244794013317 0.26158334244782316
0.022395125799730835 0.016751251258584003 0.2616362384367822
0.022354135429174592 0.016825846923153455 0.26168220269952075
0.02232985986875431 0.016860502043732628 0.26171129565028073
0.022295119562318413 0.016918901695010848 0.2617854354050641
0.021996279688583323 0.017286485855379383 0.26221842313781424
0.021280023335330744 0.019839065522257372 0.26307052222123506
0.021232583997792258 0.019983999441575133 0.2631332422753255
0.02121432713963899 0.02005084208068874 0.263193145584305
0.020148466089473863 0.021485142357674132 0.2646879175581125
0.02320652096632791 0.014328277482398415 0.2603942238218764
0.02319667443646759 0.014380829316466198 0.2604211966727791
0.02316752859930452 0.014481659501985874 0.2604489797821107
0.023088337119600184 0.014769248219297837 0.2606078201284245
0.022867214933957613 0.01558812002618703 0.2608296199818931
0.02285484179022166 0.015646884581824776 0.26087462590277904
0.022474481949489124 0.01657450142730045 0.2614109794339948
0.022332064618511 0.016843542144322397 0.26159477964841615
0.02193393958927029 0.01731205767590075 0.2621281364222197
0.021909090049844884 0.017325965302522665 0.2621815774168968
0.021417549677911946 0.019349283001208813 0.26271047009990883
0.02135833758507588 0.019549625004699978 0.2628343520190864
0.02134339281127574 0.01960374809183337 0.2628423977182611
0.020031248447902956 0.02151295987335803 0.26473581439439364
0.02184605497694925 0.01735382427541042 0.26211663168482247
0.021472980153779887 0.01916970899052916 0.2625311950588867
0.021444603729297254 0.01925418035567944 0.26255405333317006
0.021414912707575215 0.0193349084364381 0.2625941109143018
0.021398558801706838 0.019397608350946692 0.26262403832453834
0.021779413760148778 0.017381146382112196 0.2620581357900202
0.021543820389024873 0.01881008897383967 0.26224313995518816
0.021524134980202288 0.018886753675496554 0.2622731805377285
0.02152240561147224 0.0189498383116529 0.2623166619068976
0.02151337066379007 0.019010764920911978 0.2623421161482841
0.02149303993145742 0.019085330062406702 0.26238819964529436
0.021470713038287764 0.01915608032482348 0.2624278430383045
0.021547429195467826 0.01876583042436719 0.2621412729133414
0.019175468190357536 0.022220137093153763 0.2663887346507573
0.019157933296047987 0.02204949360676596 0.2663137747332348
0.019151403872229376 0.021927426495575886 0.2662897956404596
0.019199101364089373 0.02237477886057051 0.2665217444190811
0.01913761255364706 0.021813762931067668 0.26630715382973846
0.019390436721525017 0.02296417094081373 0.26762248158682
0.019092045788884356 0.021687974612379986 0.26630912414209673
0.019250522775071353 0.022710169570103363 0.26685564512820237
0.029285214646292513 -0.0017920115602178214 0.2634301538990962
0.029318072434333802 -0.001672514735830738 0.26343036773649486
0.029348526164057517 -0.0014243865678072794 0.2632698517728674
0.029342526658367993 -0.0015141822367226005 0.26335519449356193
0.02934094910940392 -0.0015927632673943565 0.2634426740080658
0.029387344431941066 -0.0011003248270657498 0.26304580704303415
0.029387325976967693 -0.001192365802311383 0.2631573144084198
0.029377522648123326 -0.00131847570719313 0.26325972426992883
0.029380302365878748 -0.0013857610600052069 0.2633643458755662
0.029408328198387738 -0.0008720270588987006 0.2629288459268645
0.029410018487647016 -0.0009665619908297926 0.26302735064739596
0.029408456821124758 -0.001058111750957206 0.26313297116253526
0.02940871252803315 -0.0011326836469085606 0.2632068880330602
0.029403381598389525 -0.0012483262342718555 0.2633224941443911
0.029422726979524794 -0.0008327431370094571 0.2630123307906588
0.02942580621259543 -0.0009281405964579211 0.26311804649457476
0.029427478371282706 -0.0010101402325363306 0.26320476087036304
0.029430044685719872 -0.0007046485801786085 0.2630052931926055
0.029437305998183335 -0.0007875195646314704 0.2631015476843298
0.029438965693229135 -0.0006075803978641207 0.26301488969234166
0.02944572344630356 -0.0006554326824611058 0.2630957914941277
0.02941965288213375 -0.0003106457001874256 0.2628604823274162
0.029426342853855036 -0.0003652433234522471 0.2629179667828125
0.029443057370164335 -0.00045751155599780765 0.26303471786121196
0.029448043330984226 -0.0005492881444916079 0.2630723760741163
0.027492390507710338 0.004134386911899353 0.2602689260982718
0.02942041910171705 -0.0002580112794167832 0.2629227005543091
0.029442239077684382 -0.0003439460060318245 0.2630623776634229
0.027517779653560066 0.0042415479341628495 0.26022480972058204
0.02751928312902704 0.004180686237383643 0.2603126657916681
0.027510216553582257 0.004104785126060103 0.26039097241597003
0.02751187106833004 0.0024128509196979114 0.2621743220058493
0.02758200022190114 0.0023530179535377663 0.2621783558476758
0.02769580998788857 0.002257029591697768 0.26218646130615436
0.02775247207813949 0.002209922147264847 0.26218139607097807
0.027808161551121206 0.002163735302206466 0.2621786851961054
0.0294080452955489 -0.00010975524207511582 0.2629909895527836
0.027540150663017918 0.00436181877480423 0.2602384817441059
0.027546894562386147 0.004297172072170532 0.2603239820163856
0.02753968751331479 0.004212642239858294 0.2604144980729334
0.028149515673022187 0.0018221092402168457 0.2622858042095003
0.027531358567456914 0.0045124366056521065 0.26025241677142336
0.02868072335609074 0.0013697994937984688 0.26242250284279206
0.028742827805256076 0.0013050418525199705 0.2624386219150332
0.029369629885541662 0.00014606228657256068 0.263001744937974
0.019266245557671948 0.022744364761524513 0.2669528767531552
0.027521179725187243 0.004629687782553381 0.2602916510050122
0.02874776673089131 0.001323968976552067 0.26251752538003603
0.02878851532181214 0.0012848398295688841 0.26254511569888767
0.02884804743403257 0.0012217674011963098 0.2625413033251175
0.028906389505792995 0.0011632345790432376 0.26257965976777703
0.028953317115169023 0.0011011321799404938 0.2626129422407009
0.029276070863892428 0.0004743442422199236 0.26291278154401687
0.02930631081930315 0.00038801355123414013 0.2629578095640787
0.02933502935515806 0.00030875386306405115 0.2630355446766696
0.027437757259637506 0.004966138395180983 0.26012316559791687
0.027466564463532787 0.004862786831035774 0.260185637416303
0.027491420128150142 0.004799034024672803 0.2602481482147084
0.027511356985809365 0.0047297918429686225 0.2603098146219291
0.02914368915823318 0.0007901654273638019 0.26284502317316105
0.029182418643474723 0.0007141950273888379 0.2628758607508961
0.0292161668470062 0.0006404910542797682 0.26293150542724825
0.029250535394354304 0.0005636341264950826 0.2629659136196548
0.027329553547266704 0.00537826913646241 0.25996036634355735
0.02735689610598472 0.005285080588881906 0.26001183164529157
0.027380024678224996 0.005195991125629436 0.26006717379183014
0.027401283270482982 0.005136847336232819 0.2601209899003017
0.027427649268946506 0.005056627698459061 0.2601650171775338
0.02745156471467339 0.00498038935413592 0.26021847927822706
0.027187701560767105 0.00577467669686809 0.25985954382137444
0.027229315987312538 0.005692813596118654 0.25988694860269046
0.027260770853277588 0.005615387846651253 0.2599170521693653
0.027287841109935023 0.00554230676567608 0.25996796816398376
0.027321997683227916 0.005448624331364228 0.2599998220664495
0.027091796297995286 0.005981469790579111 0.2598068542193062
0.027117828224891224 0.005944231171783473 0.2598752386762558
0.027153616014273158 0.005864943748207824 0.25989246126299187
0.027191552694225525 0.00579409470917726 0.2599250373521165
0.026720997989006744 0.00671583303160572 0.2595743148843969
0.02676830631375046 0.006623957752870961 0.2595943536684758
0.026795748492164602 0.006586054841631073 0.25963526815079474
0.026841140488867068 0.006504043739901637 0.25966321094644024
0.026867481547324823 0.006454665856573105 0.2596802932582661
0.026915403872848267 0.006369982544218593 0.2597176566497758
0.0269459477605982 0.006309003669520627 0.2597476812923496
0.026978479959818807 0.006249236543908415 0.25980821470221477
0.0270631051476825 0.006075074422147973 0.25987463663400656
0.0265495841185295 0.007065908167520992 0.25951345922794716
0.026578085984269632 0.007011424914478677 0.2595451134549518
0.026360964192599843 0.007462091729613821 0.25942403755512855
0.02640866985002248 0.007379717624191918 0.25945166522795493
0.02644568140955067 0.007305469419616788 0.259505969971566
0.026331229739954443 0.007528354300250405 0.25949874654360056
0.026356400303229645 0.007491622376938602 0.25952075278031245
0.02536446358556766 0.0088890273317576 0.25914577270283995
0.026238045518352432 0.007682181520285068 0.25954739099879176
0.025337701941569257 0.009068154108231117 0.259137555126512
0.025355150969720876 0.008995330512576102 0.25916957269094837
0.025324173459863014 0.009177359162470965 0.2591861410885915
0.025278383000564706 0.009340520034848704 0.2591723169986689
0.025305295549792006 0.009271591351986904 0.259231560485003
0.025223198894099356 0.009528055846980311 0.25917725890738463
0.02525292884207553 0.009449851118210357 0.2592323863596325
0.025180993724443844 0.009684309217853293 0.25919111289039237
0.02520065530703166 0.009626454482755623 0.25921510358018907
0.024901350787268368 0.01050768863423683 0.259210009180076
0.02484803666908516 0.010676149061629973 0.2592289267619741
0.024878971611716566 0.01058487498403823 0.25926445858692265
0.024792931972110025 0.010835154922397153 0.2592709780248916
0.024728874334577853 0.011006495622077145 0.25928966360775535
0.024761404952248017 0.0109378779914538 0.25933462120757594
0.024707508489967587 0.011092751785814819 0.25934874748712494
0.024638111470353958 0.011248827214142193 0.25938397243483485
0.024658071062012808 0.011201503615661667 0.2594105276815419
0.02460533107394851 0.011342262693867547 0.25942875040531144
0.02450694658211116 0.011584650023227935 0.2594722514447409
0.024537005473412473 0.011504602379414683 0.25948909207340126
0.02444870075587098 0.011732052267024659 0.2595061298574736
0.02447938902756183 0.011664227088392405 0.25952809062531396
0.024237026693066946 0.01224089314417178 0.259755364801212
0.024203855883289438 0.012326754095803248 0.25985118095936716
0.024238320787033564 0.012269021671787431 0.25986464928618114
0.024133923740775748 0.012472553286047246 0.2598921910150568
0.024157292706484063 0.012429633688115133 0.2599115175448816
0.024038918221695196 0.012628958755643026 0.2599856736114303
0.024076570548990532 0.012578647742299895 0.25998334116944216
0.023335127582383427 0.013760970745573163 0.26035492046757336
0.023274480528151835 0.014045518451375371 0.26031863786794573
0.02329525271284485 0.013954126082057417 0.2603315419011736
0.02332138639603387 0.013873553838526358 0.2604001291213779
0.023253900526124333 0.014141188034070894 0.260347180218294
0.023282096306157744 0.014056293075075466 0.26037881566874876
0.023230461241564672 0.01425553378411235 0.2604056149535702
0.023256230526959444 0.014186415730619953 0.2604352481361811
0.023186553086328714 0.014421174334190658 0.2604360068961461
0.02322001415584535 0.014338706661821235 0.2604784187145554
0.023166622567163394 0.014505069171198013 0.26049717004869155
0.023192445050074437 0.014437730358665104 0.2605108612247905
0.023137422474538403 0.014607520238268678 0.2605543479993961
0.02310608653403519 0.014712899718245931 0.2606020364689932
0.023054869674232394 0.014881902123174256 0.26064538866502035
0.023089407323495705 0.014790252501834985 0.2606498918407586
0.023029796219053083 0.014983735045647997 0.2607054919124021
0.023059226357011124 0.014906356546034085 0.26071147984837917
0.023007624665900398 0.015074183382522465 0.26073864872448405
0.022960950524969437 0.015248773225641 0.26076938472696015
0.022990510183615056 0.01516763200303945 0.26078714695867444
0.02292586912243889 0.015382961987486567 0.2608136659407064
0.022940230176552903 0.015335923272017838 0.26081137424443784
0.022966511728704977 0.01527858654021153 0.26086225262985097
0.022893037997605857 0.015513013469016004 0.26085190102661154
0.022924865811754555 0.015421730149374547 0.26088984923212577
0.022867686435888213 0.01562822166568996 0.2609208141149013
0.022894872289834323 0.015549998597813584 0.26095691434062385
0.02281276071032354 0.015764668886500348 0.26095308426681174
0.022839465624934545 0.01570883096596056 0.2609840978358649
0.022873903913403812 0.01562268477982161 0.26100735098836114
0.022812973737905782 0.015793785373133827 0.26105263745523577
0.022843131780196674 0.01572411926215577 0.2610770048856783
0.022773708903408543 0.015894464519194983 0.2611193599890628
0.022607824702535223 0.01629308421460901 0.26122361336900146
0.022636818000159462 0.016223034748975386 0.26120535213527235
0.022574442098478347 0.01637999681834186 0.2612986745284566
0.0226109855589155 0.01630643596209158 0.26131300618317643
0.022641428699510965 0.016243714118143203 0.26133469093317274
0.02252589337216448 0.016474505885085172 0.2613788555790648
0.02257116631065275 0.016396063149218744 0.26142823195327786
0.022453767277241864 0.016624911947659 0.26145203825510394
0.022495520612067423 0.016551560552604233 0.26147099587295186
0.022529118290227523 0.016486548295408354 0.2614981243992027
0.022418936081823708 0.016697769959935792 0.2615399982572233
0.022446091069818725 0.01665635858909996 0.26157026363005226
0.02232206796560191 0.01686377765941783 0.2616380036528517
0.02236592934676198 0.01680305909915162 0.26163086490072496
0.02240600433449923 0.01672812997433077 0.2616720668486333
0.022281545587903913 0.016934014814702837 0.26172828153177663
0.022309470534403582 0.01689382127576948 0.26173607104979757
0.022358518991000477 0.016816530611878808 0.2617403163272681
0.022263721846338746 0.01695500562930108 0.2618415883565451
0.02230344556270697 0.01689626977868071 0.2618464484707202
0.019352545059864754 0.022915793649088037 0.2674160467946412
0.0215741389962451 0.018691925579108398 0.2621894358761832
0.021527188623037596 0.018855060916635018 0.2622044291915513
0.021510357884683987 0.01894372332694813 0.2622655904222774
0.021529399808159384 0.018877929673658866 0.2622931288579121
0.021491732856126322 0.019057233048619497 0.26232231419416646
0.021522090632882615 0.018976676922552643 0.2623407434112828
0.021469453398666336 0.019142576083060935 0.2623959621700219
0.021494433171571715 0.01908933766935502 0.2624441356414733
0.021466338828871875 0.01918282298806702 0.26248919999760506
0.02148881597087667 0.019100506005236953 0.26248147998950594
0.021436968323626085 0.0192785634675968 0.2625788160659244
0.021415984461056047 0.019362929091046907 0.2626473551474148
0.021349978471483802 0.01957045166871524 0.26279325944206877
0.021373584126902614 0.019474885560037652 0.26280831239209423
0.021356353272877122 0.019588798251754053 0.2628899212778571
0.0213335547583297 0.019671326274539984 0.2629616244171851
0.02134964294106601 0.019622723989320565 0.26298196063236134
0.02130216070136854 0.019765199401257726 0.2630298502346426
0.02127813219495529 0.01987431302445543 0.2631378177900111
0.019373712350783806 0.02293924769425322 0.26751940815908914
0.02121614292495266 0.020041903089137454 0.2631768271789374
0.02117951062547525 0.02014149370015972 0.2632788344793194
0.02120957105341603 0.020074951157744048 0.263290432242935
0.01936647337389982 0.02429382192036797 0.2689884741535423
0.019300202248336097 0.02436630019139304 0.26897396019316866
0.021147894772829592 0.02023757538796056 0.263352970767538
0.021176199054751904 0.020166101430457523 0.2633824939097102
0.02111068221662915 0.02033312246470944 0.26342411423094664
0.021153962435536935 0.020254106367317344 0.26347300303441135
0.02111058400099974 0.020354890646123038 0.26356406167190805
0.021033346696533537 0.02051120662658469 0.2636422070898868
0.021072054103072044 0.02044250521076499 0.2636327576749087
0.021033622327638987 0.02052812761036897 0.26374889069141605
0.020945343730626228 0.020690453394061517 0.26377947216061
0.020992690867791167 0.020620231339196105 0.263824821388969
0.01956129982996087 0.02332079635684265 0.2681795571427527
0.019527803430699476 0.02326838104069355 0.26808009005236844
0.020900628240759857 0.020793488094800763 0.26389554515966474
0.020963299283766734 0.02070270833112066 0.26391392281932563
0.020855519553140505 0.020849295305602332 0.26403027382782324
0.020893466548142094 0.020804408050478763 0.26404228727436546
0.02084483411114215 0.020876218066076653 0.264173318534114
0.019436443180641198 0.023054917749355114 0.26782374981272533
0.02078920664072551 0.020968828964763812 0.26426338058871757
0.020833162161515453 0.020902351775995108 0.2642471508115934
0.019422575677290995 0.02307943197596638 0.26764764148542514
0.025237976661089727 0.009490598331503506 0.25920826477194403
0.025273953378633477 0.009382176278606161 0.2592381601752749
0.025262442298902225 0.009401028691730408 0.25919093278425215
0.02521236569312741 0.009566056837176436 0.25918004686377155
0.02522333069158101 0.009561892123584855 0.25925347440131447
0.02529310287576457 0.009306002000757211 0.25920204341110903
0.025190884125862782 0.009666248911310614 0.25922641338454394
0.02531085353210632 0.009228315293519852 0.2591767924879962
0.025150212498485425 0.009789853619379525 0.25919153837243397
0.025343040394903787 0.009103654353578874 0.2592211515785674
0.025327325819669833 0.00912756122120137 0.2591368591215757
0.019313914165539414 0.024353617091834923 0.26900347959208204
0.019404927119660898 0.024236708065483212 0.2689964318804258
0.01937774662271923 0.024269594133237246 0.2689222084007601
0.019450253390756036 0.024156898447361227 0.26891874534231375
0.019513736357985086 0.024023354137269345 0.2688247696831575
0.019536709033513663 0.02395481896365278 0.2687421368164736
0.019569278577211108 0.023847904568652913 0.2686627490210314
0.01959255147099416 0.023745742387241565 0.2686140350917685
0.019604162545010847 0.02365649606811123 0.26856450687676053
0.025346751721293498 0.009039986277731728 0.2591642677155273
0.019622758161381083 0.02355486830340006 0.26860463377411925
0.019611664183845384 0.023571116389683816 0.268519841071871
0.019623529307859034 0.02346655196758641 0.2685684076680413
0.019614642104926687 0.023493999180260232 0.26848120766150196
0.019598957733051172 0.023505409558068 0.26839373724446186
0.01961932555981773 0.023402054571103427 0.2685337721133422
0.019612118625046505 0.02341317827646297 0.26846028061539673
0.019598228559717153 0.023420873231921158 0.26836344854247846
0.01958765385192203 0.023338894998015267 0.26834132578901704
0.019573067506990453 0.02334759695500533 0.2682368132185478
0.025353938339226213 0.008970081558040539 0.2591366193432863
0.019555177208530516 0.02327400627114564 0.26820705818250196
0.019545801142501734 0.02330457426858651 0.26812703975763447
0.019525047597307155 0.023216873643783324 0.2681377593504901
0.019510056321431553 0.023223528590285855 0.26804882070627584
0.01948481770178752 0.02315408382340336 0.2679977203253466
0.019485939189427728 0.02318160111051206 0.2679243780171225
0.019456032972217773 0.02309437930407114 0.26790300539085954
0.019449266237798992 0.023102929645450264 0.2678004909705685
0.019431804848008414 0.023080062352291555 0.26772338827171716
0.01941359248573671 0.02302747450347572 0.26767064901293003
0.0194080469760777 0.02304337214691895 0.2676052506035031
0.019386613034435538 0.022978366114862918 0.2675565758067186
0.01937346549785787 0.022987259550539575 0.2674787458704228
0.01936144586204262 0.022910140025322982 0.26747665085604727
0.019345571400843996 0.02293374789039687 0.26735794932999
0.0193370679994839 0.022931802237319318 0.2673014798984415
0.02509916586061863 0.009944056710147302 0.2592527047068033
0.01933533615240779 0.022863451757273272 0.2673460884422778
0.019321600267252815 0.022860684450694287 0.26725285896585904
0.01930466101398317 0.022845941099501214 0.26715566989500095
0.019296632619240327 0.022768535678032865 0.26713179403679316
0.019282931742819285 0.02276745275508721 0.2670404075270491
0.01925504009531983 0.022737140330377395 0.2668925785400137
0.019258481845309542 0.02266388576614871 0.2668933932035499
0.019245061274135545 0.02258619652585981 0.26684324428917783
0.01923075080446963 0.022582195026411622 0.26674731371657395
0.019224047819025626 0.02250720158420877 0.2667140541839147
0.0192119282711049 0.022420449311865612 0.26660782155097407
0.019187356009883107 0.022281484284848538 0.26645152326133337
0.02521765472475138 0.008433351292204622 0.2590655299906281
0.01918038942214436 0.02212576437128351 0.2663890834264956
0.01918234617710107 0.02202983037167429 0.2663820774698155
0.019170054054007086 0.021952726808457314 0.266338588952376
0.02537474354056023 0.008849064042094802 0.2591998330524936
0.019151606035020956 0.021881093995309756 0.2663058579643668
0.019131108430639903 0.021763677690858373 0.26632296700769503
0.025364220975930673 0.008758854777868212 0.2591568924984531
0.02534997256035323 0.008785210199783606 0.2590885410062296
0.02508380137419592 0.010006921667271221 0.25930898016080206
0.02856474088160432 -0.002926092660183343 0.26350428682833166
0.02858427426556549 -0.0029456797343966066 0.2635914941068971
0.02863623501901654 -0.0028502258561620324 0.26346583625664177
0.028655129312161007 -0.0028711555026371383 0.2635542647078608
0.028704158678538608 -0.0027740486256126995 0.26343044652193015
0.028723131101114664 -0.0027953270246043817 0.2635190211493239
0.028739764140833273 -0.0028144602502058087 0.2636094155621368
0.028788270628373733 -0.0027168808466275936 0.26348569894577584
0.028805804065030628 -0.0027373952892838695 0.2635752501950218
0.028847699242619224 -0.0026391589635827713 0.2634581484810822
0.028866427035185573 -0.0026601405977385853 0.2635468004828292
0.028881280997927312 -0.002680235462557694 0.2636390503565352
0.02892101344152769 -0.002583470952905745 0.263524346253743
0.02893642931672738 -0.002603557451599822 0.2636162275024396
0.028986407333021647 -0.002526004791889604 0.26359743600810936
0.02903398701019874 -0.002448491276793263 0.2635816883004304
0.029079372751824813 -0.0023705464630521503 0.26356725631623196
0.029123060844709902 -0.002292117017427391 0.26355406224183986
0.02916172851377868 -0.002213601893527766 0.26354558455419425
0.029172271767105643 -0.0022320124690368205 0.26363862452527503
0.02919463615443823 -0.002135275595507714 0.26354175519071016
0.029253089337697546 -0.001978875497952137 0.2635449740028328
0.02927906389389559 -0.0019012673670020237 0.26354959687431395
0.029297768600101293 -0.0017964648950909554 0.26348952715193186
0.029299972846503895 -0.0017147394342472012 0.26340107254296374
0.029315856148178512 -0.0017204747355215758 0.26347760653310676
0.029318945301050524 -0.0016299956349796712 0.26338875388824085
0.0293386474416216 -0.0016334008751926127 0.26348323985278577
0.02934529680311458 -0.0015461569536555867 0.263406726196184
0.029351290839431724 -0.0014553694392056174 0.2633206250478257
0.029364577226781464 -0.001466450490769842 0.26339199644270783
0.029361328442475083 -0.0013680831014015828 0.26324735248981185
0.02937239146709744 -0.001371977211088214 0.26330349619200494
0.029387624363124566 -0.0012673737903838903 0.26325027321430183
0.029393467520161372 -0.0013035523613020088 0.2633343170732218
0.029406635067521617 -0.0011926509138121644 0.263263494217863
0.029421014470656367 -0.0011171213538764978 0.26325741230686284
0.02942106748701691 -0.0010660425239133442 0.26321266581069996
0.029407175418136988 -6.748388201271082e-05 0.2630294835566254
0.029398909904009392 6.925549212873495e-06 0.26303819192736194
0.029376686891377526 0.00011160653097268161 0.26300072020645987
0.02934637160407112 0.0002311262794645819 0.26297929078565657
0.029357930021817656 0.00022263530757889757 0.2630443492645476
0.029313210010607767 0.0003317489459171406 0.2629222965770477
0.029330363234099262 0.00029726920434427464 0.2629806462483829
0.02930269601168489 0.00041243558663272943 0.26297036680314123
0.029321299542997562 0.0003708483074828275 0.2630417925907505
0.029260905332113094 0.0005102172629352258 0.2628931290980977
0.025353818750021604 0.008686293556169181 0.25915066721117636
0.025333494627424395 0.008688833688215034 0.25908122285453145
0.02911650912943288 0.0008310577349563307 0.262741861733591
0.02903998659868675 0.0009595435517046572 0.2626469920583373
0.029060178141092796 0.0009280590556328787 0.26271386238824807
0.026784055843941727 0.003009524385617539 0.2607065572502375
0.026803275841282587 0.002989983095852183 0.26079618456859816
0.02681440089245836 0.002973139397748782 0.2608925800584852
0.026812420524798125 0.0029593408823154923 0.26100250739819536
0.02679962524604106 0.002949122520599576 0.26113282759933615
0.026861565235618723 0.003083908181439813 0.26066260119012136
0.026883495624979412 0.003063452991865079 0.2607498020785454
0.026897178307119626 0.0030447176884550284 0.2608445993027432
0.026897875228449886 0.0030301402060632808 0.26095121049496883
0.026886797852054098 0.0030187079603624842 0.26108071890971624
0.026856626175311964 0.002995533885738776 0.2611678841343642
0.026958328806478547 0.0031379192180726306 0.26070851429583536
0.026975430762156746 0.0031193194312454696 0.2607995045785141
0.02697974332645721 0.0031030111614477377 0.2609026008026223
0.026968501738185442 0.0030903636145565017 0.26101959069599245
0.026961677649599145 0.0030892461937229864 0.26113127414143383
0.027028519101513427 0.003213243161069123 0.26067216833740275
0.027047928552394473 0.0031949415360363297 0.2607601601929217
0.027056445250773137 0.003177255745783978 0.26085923127180877
0.027047593871517322 0.00316207307051293 0.2609752396230466
0.027031106336862117 0.003152859293887709 0.26109195244548394
0.027092805316306035 0.0032891658396448195 0.2606413177544987
0.027113625826793414 0.003269842309838296 0.2607282530962124
0.02712424243265458 0.0032522309210091466 0.2608246013175945
0.027120836782956237 0.0032357694254125367 0.26093774693444666
0.027105724292548237 0.003225261198083274 0.2610734767111799
0.027172902338687768 0.0033456870167838165 0.2607021290868342
0.027183739787776186 0.0033278666308746603 0.26079803850474137
0.02718393793207668 0.003310943775574749 0.26090639973907975
0.027179195050081807 0.0033051221152923926 0.26104153899851956
0.02720791249941941 0.003438550920446099 0.26059405057212304
0.02722655135592773 0.003420785298822865 0.2606823348052365
0.02723701477120541 0.0034032231412784346 0.26077819210001935
0.027238426671595393 0.0033863997458767675 0.26088216176244294
0.02725923774253215 0.0035141256837995143 0.2605765817666836
0.027277174354687433 0.0034959193635505413 0.2606659761068142
0.027286986639244743 0.003478208593598103 0.2607623105212228
0.02730685335774444 0.003590523403699447 0.26056289702035595
0.027323771787525514 0.003571832750477428 0.2606532096884368
0.027351415658683688 0.003667110888811614 0.2605511451116095
0.027367172911357467 0.0036486414310631272 0.2606419630917602
0.02739236885074569 0.003744396480004182 0.2605420081562109
0.027406419867292708 0.0037262062555224237 0.2606341306619699
0.027429575101247022 0.0038229794776038955 0.26053577605288364
0.02744204007584596 0.0038035067259589083 0.2606271052144457
0.0274669362668929 0.003908307629559869 0.2605405860097811
0.027470626765434488 0.0038765179487891726 0.26061941918691506
0.027485409549789796 0.004016607155940731 0.26043925434787474
0.027487484368311766 0.0039832244012189795 0.26051301380906655
0.027494172134457845 0.004104083786761811 0.2603230841125728
0.027509283199174447 0.004079191979872955 0.2604456109254464
0.027510770689757966 0.004060798104695018 0.2605163493543779
0.02750568190523622 0.004192051422490467 0.2602457191279808
0.027524730835770835 0.004166442174877129 0.26037192456717484
0.027528449923571185 0.004155612730306346 0.2604455975426558
0.025038232435606465 0.010114006371267026 0.2592493776658376
0.027535704344628927 0.004269221211024348 0.26027382030003005
0.02754232417196208 0.0042528698846249595 0.2603652266488855
0.024129950762162077 0.012483792779689314 0.25992473673095917
0.02753575000162544 0.004434589441598039 0.26021871022080356
0.024189342822719288 0.01236673566799539 0.25989934866595515
0.024162183809997503 0.01240269244455758 0.2598555264393201
0.027520706819678782 0.004596876486601123 0.2602598258857145
0.024222886911015366 0.012293425080792163 0.25984290354176975
0.02420128647916921 0.012314401707885213 0.2597923281380654
0.027500803545065122 0.004715161175213924 0.26024491042060516
0.027521094129605957 0.004683377177775959 0.26032901139732867
0.024961091163324702 0.010350738204843028 0.2592433077743668
0.02427403637218865 0.012179347946292244 0.2597974346677351
0.027479208056492545 0.004805244790745017 0.2602033662418774
0.027500392927781243 0.004777445724823729 0.2602805706417676
0.02747408247641688 0.004886835528745299 0.2602420013606359
0.024307620237139872 0.01209304190976575 0.25977519755744566
0.024291027814930182 0.012115255353650439 0.2597034687066534
0.027426489532044334 0.005021942134748649 0.26011470139889126
0.027441814714068993 0.005016147208046446 0.2601973144306744
0.027457250432866544 0.004966535538452134 0.2602511557728316
0.02434809875464738 0.011999599111997187 0.2597286497909517
0.02432857276441007 0.012032431869978837 0.2596529354104908
0.027397115899624454 0.0051211454165325685 0.2600896709134431
0.027412012151196336 0.005102553573749908 0.2601385524249894
0.02738823715261542 0.00520484901821411 0.2601176066095519
0.027401547262108757 0.0051583629904430285 0.26015427858805495
0.024398063312807635 0.011882152189706913 0.25975569036550894
0.024374538556015048 0.011912024433004927 0.25968592315402533
0.027337107933395124 0.00533778859103894 0.25997232033002393
0.027367764081949793 0.005285353839166143 0.2600618280824917
0.027332009083645657 0.005400005763134486 0.2599845026544189
0.024420475146841245 0.011803735750106245 0.2597050346788035
0.027295686320085572 0.005507910894480015 0.2599503778250911
0.02723578340956686 0.005656993184106611 0.25986444456010543
0.027266512829619716 0.005608635399053571 0.2599554944775573
0.024464103942884893 0.01171322891161848 0.25959967495954256
0.02445608198362095 0.011729454870103313 0.2595507271399708
0.02722832484135609 0.005710424903255601 0.25992486193135755
0.024488917684519326 0.01164332889459266 0.2595702783058913
0.024469789753160977 0.011678146163266071 0.25949581038699954
0.02716616726392809 0.0058236468652588524 0.2598536470453546
0.027116575741765955 0.005924923561108018 0.259825040194645
0.027138114171866 0.00590270442117598 0.2599026926147587
0.024527113337140437 0.011539690279294848 0.25952160325643076
0.027076717800591753 0.006028153236136188 0.25982751793937237
0.027030123408109365 0.006118665833550644 0.25979517333551805
0.027044497800085252 0.006110564554711911 0.25986043633450284
0.024553150127782326 0.01146145260818742 0.25947056399259627
0.02698084518466531 0.0062263033838474225 0.2597394032767025
0.026998937057560988 0.0062029020674549806 0.2598317892232864
0.026899856531506536 0.006372543810288366 0.2596682625054533
0.02693185360630929 0.006330109096116094 0.2597146289764986
0.024604879497072213 0.011356572974855098 0.2594803287693449
0.024588529528841357 0.011380164733586691 0.25943855656496445
0.026852618053254767 0.006458247420209977 0.25963408364621476
0.026870598512866235 0.006458915069977221 0.259725014616824
0.024630708093507953 0.011282925459576135 0.2594347780503672
0.02681964331941175 0.006554447324745205 0.25968822486337323
0.0267407322949673 0.006682724506491077 0.2595921638152608
0.0267680371500769 0.0066430105199678175 0.25964488673306585
0.02465982247734143 0.011190742559791873 0.25936530018524895
0.02668931583553376 0.006789793700668396 0.2595776347011262
0.02663527991335385 0.006890011257617158 0.25954705667481004
0.02471353936082768 0.011081283377751104 0.25938480791437074
0.024692839925761406 0.011105135626580573 0.2593139548282438
0.02474240521549932 0.010988087218078438 0.25935155784435054
0.02533083051876401 0.008598124306612154 0.2591426338210949
0.024766839512643864 0.01091227906417675 0.2593002702647131
0.026455834797965882 0.0072732501740447025 0.2594826917495882
0.026385630202927553 0.0074164629215480605 0.2594197386123506
0.026405413693470388 0.007396090397511221 0.25950183925647907
0.02481138277932192 0.010802740194627479 0.25931180773633883
0.02635913029531814 0.007479460205497295 0.25947492807159517
0.026310121471820543 0.007566262342498362 0.2595242254024706
0.024832608887016876 0.010729517388272483 0.25925383370782923
0.024858665564459894 0.010635827659003994 0.25920977986474797
0.024995990064058084 0.010230344291743002 0.2591865576817142
0.025005095444911675 0.010224292637674381 0.25925065343603965
0.025317716173959264 0.00855424272533031 0.25914770718137614
0.025288441012548783 0.008549027278859374 0.2590652816535191
0.024893337893782886 0.010542435747304589 0.25925621291987533
0.02526215233752055 0.008431646358020094 0.25922425850274
0.024920806002382483 0.010448789622042343 0.25919249672543976
0.025263610744631078 0.008442286854393813 0.259180179878832
0.019296815718612095 0.02437400131334983 0.2690684350508666
0.01934177673316665 0.024325510863483057 0.2690027243086553
0.01943756373347231 0.02418435401937989 0.2689690602145003
0.01946952208599711 0.024121706220573115 0.2689013715817134
0.01948442169131255 0.0240780324079332 0.2688207226675798
0.019622031262262137 0.02344032994318626 0.26851770750733406
0.020946405689482795 0.020735882784912146 0.26388415983748903
0.021012268052818604 0.02058020134686986 0.2638371324588153
0.02126272672837076 0.019948635751518923 0.2632123720631358
0.01912461092354836 0.02171749459652101 0.26637451423263503
0.01909563918917475 0.021666813890692964 0.2663441229696776
0.021360427843409538 0.019594869064241426 0.26295450545014976
0.02136423335682218 0.019554597181563965 0.26288160818728423
0.019069325693628052 0.02160588545074584 0.266340026622802
0.02138890116477296 0.01945944469126784 0.26289894854891094
0.021398138552068097 0.019397667966405734 0.2628202790933309
0.021403221092538886 0.019374950355555608 0.2627305133022988
0.019053090115844183 0.021541223371665225 0.2663844977116463
0.019019880399787564 0.0215021303933534 0.2663166034850423
0.021519930304545187 0.019014766897089974 0.26238778294913373
0.02151182705337866 0.01897822755465082 0.2623031256152833
0.021534096184406805 0.01888375674827073 0.26232504775124543
0.021530928197056542 0.018854556340385617 0.2622573246581714
0.02153879890745977 0.01881766738932928 0.26217120769231855
0.02155685687263367 0.018763807297318885 0.2622053404695628
0.021589406818736803 0.018600277405432436 0.262154842020396
0.021590868968271597 0.018555159119199575 0.26207502495852214
0.021626306782501662 0.01850585283056297 0.2621770694366848
0.02162915469216093 0.01848704901843981 0.26209607482599856
0.02160998569497066 0.01844578357160591 0.2620299226941788
0.021641988164903536 0.018373143653791016 0.26212676276469726
0.021633864042864416 0.018295937892447683 0.26214615873996266
0.02161343737627522 0.018277235444159157 0.2621067781632774
0.021552918797282123 0.01823145919466785 0.2619463286229877
0.021500595039823323 0.01813493273418506 0.2619090953283166
0.022235161522780905 0.01699646996186091 0.2620225117678097
0.022272610816343567 0.01694729419039387 0.26194836653794107
0.02228982927654763 0.016913797885342176 0.261871544927205
0.022332277682605792 0.0168577278506249 0.26176870165892774
0.02237309330959292 0.01679560288669469 0.2616919918991165
0.022390902630332995 0.01675347007086528 0.26159734338552504
0.022447087795898484 0.016651731406579003 0.26161730265554217
0.022536097235225167 0.016463986932668886 0.26145808372190993
0.022552998305344397 0.01642805421344927 0.26136792951391996
0.022606223935305304 0.016320666899576175 0.2613879602461676
0.02262371612836178 0.01627906754156773 0.26132280095523114
0.022664627133694406 0.01619082020107944 0.261340120223097
0.022670236146959993 0.01616917927898614 0.26128435494482155
0.02268282782354147 0.01611714681059516 0.26119424768310534
0.022719090026445454 0.016055125323674695 0.26129992636213156
0.022730352125148522 0.016022151114334734 0.2612158795611739
0.02278126109418375 0.015885888754553365 0.2611530517458484
0.02279509219965664 0.015841465125909428 0.261066929854093
0.0228318503967839 0.01575868198062417 0.26109317607859556
0.022840520716868852 0.015715455418753937 0.2610315102193339
0.02284431515614724 0.015689946909732917 0.26093048271516744
0.022873080089412422 0.015630629654833597 0.2610416415289675
0.022882081418333037 0.015595072661031962 0.2609767926587425
0.022883970995543984 0.015573159935784798 0.2608933047052988
0.02291615914289391 0.015458119652170655 0.26090715422572913
0.022912432611854324 0.015438249167586194 0.2608383541646187
0.022936587718266007 0.015392058569098534 0.2609188357329781
0.022946190814763238 0.015334280171366952 0.2608436713218965
0.022944489255312447 0.015300025532514064 0.2607719876179431
0.02297507186897182 0.0152246736665004 0.26080198734177545
0.023005379137242418 0.015140074868389733 0.26083056290560563
0.0229995139971389 0.015100497866407684 0.2607371582245362
0.023037861749818284 0.014992351195171104 0.2607597644264481
0.023042259185147053 0.014946552791215727 0.26070015294888155
0.023074145831626612 0.01482996312496276 0.2606438700074222
0.023101236613873026 0.014755651250068136 0.26065988396592493
0.023114330681091085 0.014680423188743165 0.26058570492985034
0.023148129854774747 0.014605895997320392 0.2606131693522352
0.023142559552560244 0.014580559678466557 0.26052644249376467
0.02317926517493678 0.014489032917571459 0.2605564359068083
0.02318269335363179 0.014452420718473264 0.2604762303722859
0.02321110201408753 0.01437871077306099 0.2605197581123884
0.023219276343162582 0.014317026823611755 0.2604316528632571
0.023244877390811533 0.014246274103837317 0.2604748713674399
0.023242618171209203 0.014194103013891813 0.2603764327032845
0.02327209260920581 0.014117116414262361 0.26041599940117904
0.023268826433317714 0.014090637277385933 0.2603475978222108
0.023293636699437514 0.013993313186784416 0.26036989466018506
0.023308420138509534 0.013924990954905304 0.26037893394446354
0.023337995284433477 0.0138081644925346 0.26042438381281896
0.023321647534751362 0.013819570272496771 0.2603415723343645
0.0233556231341872 0.013723078120345625 0.2604437163729385
0.023347250768888633 0.013701071001248028 0.2603610598794953
0.02336054146856317 0.013628248172289532 0.26039284248927874
0.02334287431970396 0.013585937765960992 0.26031715753986656
0.023318254608539136 0.013488940108241244 0.26027638787811863
0.02329018608443989 0.013461017446435885 0.2602144624599724
0.023312702883150377 0.013430614454988709 0.26032594543978055
0.02326507310345948 0.013373235680100251 0.2602422785593625
0.02322645519951923 0.013333351444495328 0.26018730220857883
0.023220721739464135 0.013271926110515406 0.2602345220251948
0.023183086892425004 0.01326162715233193 0.2601423100186627
0.026256918885031875 0.007662603680541027 0.25957003294926284
0.026271057144731925 0.007631809222641207 0.2595349987934247
0.026335887724613777 0.007524306901941884 0.25952521278522733
0.026386772987374137 0.007427840955275523 0.25946302632876306
0.026428831553642673 0.00734328907583434 0.25950166331863544
0.026477133095838195 0.00722489262425749 0.2595081320028557
0.026523520484384038 0.007122560673380241 0.2595210674508012
0.026608429222874014 0.006955121259982736 0.25956737808747515
0.026608436196385327 0.006936459949342373 0.2595138090027664
0.026659543118512135 0.006831703422726246 0.2595287098095252
0.026699341277501218 0.006758731978907469 0.25955423871526107
0.026740908722855464 0.006692652716278116 0.2596393876802407
0.026845695728653918 0.006506931398673921 0.25970627938752305
0.026831734532459947 0.006498015183937406 0.2596209667705451
0.02688582548821264 0.006433400538729993 0.2597393176870201
0.02692833502845665 0.0063517883507689405 0.2597562643464092
0.026971495530782697 0.006254533159729264 0.25975826468507884
0.02700784313631215 0.006173798067418416 0.25978653957750725
0.02705053752317556 0.0060826562114579055 0.2598253370094124
0.027099787582831193 0.005982426918943967 0.25984338785000405
0.027134619308210227 0.005899181118923147 0.2598669384378101
0.027173303596259614 0.005822458435305295 0.25989607512562113
0.02721218168370022 0.005747817506487308 0.25991972443347894
0.027248336186385225 0.005658111052978572 0.25993103693251657
0.027277872653025476 0.00557537652385525 0.2599591561346595
0.027306225413720808 0.005485987685588883 0.2599803362799455
0.02733845101698415 0.005402268092178195 0.2600211350835242
0.027355677317338963 0.0053399271547880985 0.26004588576637155
0.027377180938844354 0.005240472133879187 0.2600818987859363
0.027397281337310564 0.0051487686181707955 0.26011280488546734
0.02742062732922523 0.0050646981681485995 0.2601293644233409
0.027439895362767183 0.005000845332232043 0.2601591303019411
0.027466161322157803 0.004933076609025699 0.2602693181816386
0.027461411990644048 0.004923371584765383 0.26020578396287214
0.027485979161303464 0.004856592488043248 0.26029060218241695
0.027482762263767935 0.004835921649049161 0.26023762246284887
0.027496559485440813 0.004760472657462836 0.26024426448383003
0.027515307045747003 0.0046744488123261815 0.2602908557378428
0.027524517151238482 0.004122889405155817 0.2605048207593269
0.02751641134386963 0.004057358416970993 0.2605814064621337
0.027502967086336684 0.003985680893434693 0.26060029514549393
0.026903779888764346 0.0030385196496440095 0.2611983535355585
0.02771010547520132 0.0022488974461702437 0.2622256311332105
0.027844108081877726 0.002130003176288873 0.262187418179997
0.027922474458902707 0.0020500125439092453 0.2622963712647789
0.027936071070843886 0.002018834287187873 0.26222929541553686
0.028360570357377823 0.0016430917024417477 0.2623357706330314
0.028457307565143704 0.0015652111969525115 0.26237756509556415
0.028583943592587906 0.0014604121359306976 0.26237908560932244
0.028779247952019037 0.0012780657416310895 0.2624818548706466
0.02887293290454734 0.001206542900431064 0.2625939516407003
0.02893349597476316 0.0011280186656271688 0.2625933258016656
0.028984473299077378 0.001056439868452769 0.2626784373802012
0.02903493314883136 0.000978764500750312 0.262710003541119
0.0290838641505328 0.0008801968836151131 0.26271179346424095
0.029123345175742135 0.0008284911233667651 0.26281509248652846
0.029126232639707973 0.00081184527283617 0.26275379263243437
0.029159608029109715 0.0007591323709369839 0.26287251747000273
0.029197289338498175 0.0006848925444219586 0.26289217836473805
0.02923059968392381 0.0006012023177212149 0.2629160509586987
0.029264524253663382 0.0005183386711690803 0.26293208836958887
0.029299349798207943 0.0004486115031617922 0.2630318739516579
0.029295483572679342 0.0004430324473987412 0.26298389387728355
0.02931869055488105 0.0003489150847354453 0.26298500339176917
0.029344744409241647 0.00026110282734603547 0.26301511213842405
0.02937006290924881 0.00017093444370376934 0.2630506105996406
0.02938386018763968 0.0001083479247318079 0.26304869661114066
0.021531202012682906 0.018842687594261887 0.26218148570452326
0.021420681570112628 0.019299050731818125 0.2625414389744818
0.02144845797065459 0.019226818293469512 0.2624926875342658
0.02147200972280071 0.01915863322550481 0.2624560345087767
0.0214984386626134 0.019080357890890562 0.2624257115235773
0.021524240306520778 0.018998967115925983 0.2623997749755739
0.02152980823779278 0.018933502941291834 0.2623390590964248
0.02153780936110244 0.01885439426098759 0.2623070561070909
0.02155550660433495 0.01878668268730587 0.26226526436303177
0.021393362858968097 0.01941927747612781 0.2626784967067485
0.021425921427064135 0.019322145655769993 0.2626521418700482
0.022551527600184078 0.016416980545921528 0.2613019579964763
0.02259333498074892 0.016334763509743097 0.26126687098474355
0.022628163768171384 0.01625462722807578 0.2612294115062738
0.021312512767162815 0.019725857942795244 0.26295723557166173
0.021333782994970962 0.019658570261053006 0.2629137813003557
0.021356650995195455 0.019575410119788715 0.2628748175470632
0.021373276144493195 0.01950064446097858 0.26286074736676907
0.021403975734700806 0.01937312934860682 0.26276893583929073
0.022475407221392848 0.016593997489024362 0.2614796870030769
0.022509017691601664 0.016516638686500634 0.26142855251408526
0.022547909621941083 0.016441488798631082 0.26142192341100295
0.02258988763117025 0.0163586226717825 0.26139501828579853
0.022621350375133655 0.01628669745531705 0.2613557159400836
0.022653478604579825 0.01621407044429546 0.26130361433605154
0.022686546648238413 0.016125361449007773 0.26126867312337015
0.022711681580471477 0.01606957110075486 0.26124723801377253
0.02274454995659887 0.01597776928411513 0.2611987793498165
0.021260679966516198 0.01991524512046542 0.2631243334050147
0.02128755233625233 0.019838015725484527 0.2631185337674698
0.021376407238180375 0.01954879532073161 0.2629745237942808
0.022419030329974318 0.016701640400909268 0.2616284351211655
0.02246368253163889 0.016626443127890196 0.26158520858745066
0.022497472080157052 0.01655600413059785 0.26155154827444876
0.021173846727817847 0.020166097202810693 0.2633568653252756
0.02120214898760341 0.020093324896689503 0.2633170581242582
0.02111503888304261 0.020345343258860178 0.26354443923519777
0.024112754790371654 0.012510257372901623 0.25988745161918125
0.02414554137125157 0.012441109220110288 0.2598668081097958
0.02418121183915658 0.012358774817714501 0.25982993313045244
0.024232831223583728 0.012264531635194833 0.2598083369965407
0.024259229981192704 0.01219636007508883 0.25975164702573994
0.024288979792625752 0.01212776960139374 0.25973332231461055
0.024334874384781026 0.012030408912744001 0.25969302502541447
0.024354039232570176 0.011964403076092495 0.25967947671418556
0.024441326432287462 0.011757329717375798 0.2595630086624492
0.024469216814760723 0.01169392567548311 0.2595397259427375
0.024502124018632245 0.011598028979074049 0.2595014232894197
0.022219608510117415 0.017017474592725054 0.2620720414940289
0.02227236327816331 0.016949306214332806 0.26202441818213446
0.023935534545065265 0.012757596112469839 0.2600862509445383
0.0240107062716783 0.012670504349814218 0.260097445000798
0.024063790674328962 0.01260444515484232 0.260050904826165
0.024105674437451062 0.012540005996069494 0.26000130184940556
0.024146700001714528 0.01246091697218461 0.2599718182475599
0.024340210357919105 0.012025004206766108 0.2597926260627784
0.02437441473115902 0.011938039227813961 0.25974389497837536
0.024398900540531038 0.011856936738158687 0.2596867498262525
0.02444150377586737 0.011758587505734027 0.2596651641685059
0.024553835071432394 0.011483848197122804 0.2595416357918449
0.024584560591015374 0.011399634724543006 0.2594931776358501
0.02464847216659627 0.011234479904911155 0.2594383162053261
0.024673641392020332 0.011162060828601694 0.259407422029855
0.024689992736585335 0.011128271325585876 0.2593691518023034
0.024719381763240053 0.011049334963081248 0.2593249469034025
0.02474274906722069 0.010966583167401315 0.2592853325737172
0.024771655909021768 0.010882336952159802 0.2592622641447601
0.024802490631235526 0.01079616358049959 0.25923229975718554
0.020990981192738685 0.02063176939224306 0.26388013136675875
0.02213969369786016 0.017135537138736015 0.2622007950951875
0.02220037408308883 0.017050687630011926 0.2621650170094675
0.022257329492677638 0.016972347020294973 0.2621614194425468
0.024832042785767817 0.01074933906520367 0.25931726736177574
0.02485097211798615 0.010685037884627173 0.25928010920980027
0.02486540349871285 0.010622331395155435 0.259238758684671
0.02488238208507048 0.010563269110682063 0.2592143679270346
0.020942853834877484 0.020729088404844685 0.26402586109128856
0.024910582327887166 0.010500106493887617 0.2592780397908738
0.02492722804744362 0.01044666320303069 0.2592380127289926
0.02494449632456176 0.01039938320365833 0.2592394754882748
0.024988231539396034 0.010273030934702634 0.25925991192908887
0.02501707059552083 0.010178286524987899 0.25922829302541367
0.02503444450311544 0.010138938007811286 0.2593150677142975
0.025059296943262158 0.010058908183321285 0.25927659489388033
0.025079586998958386 0.009995879594454006 0.2592409555052039
0.025105457688749007 0.00994865720972123 0.25931395243657723
0.025126137575590415 0.00987744431818332 0.25927921228172673
0.02515053508578143 0.009806677684271365 0.25924560827420895
0.02517359018577752 0.009722499158859345 0.25920266246272966
0.025209515306155738 0.009610452807201445 0.2592515763411892
0.02522514175711345 0.009538192633676454 0.25921437121449126
0.025241851238712972 0.009459759594618162 0.25916497382074677
0.025284605133938137 0.009341287055764891 0.2592268892895792
0.02529446255016503 0.009284214345208158 0.2591693908239037
0.025332832967580734 0.009152345129473768 0.2592183709005566
0.025339174975086448 0.009087751448180042 0.25917326911591654
0.02535644073857371 0.009058200012911804 0.259251449423442
0.025361559311645323 0.008985739558484251 0.25920582928694674
0.025367062319634 0.008914436402192975 0.25917913271963955
0.02536399352177765 0.008835312112720468 0.2591337324917196
0.025347495568898006 0.008758930213089117 0.25908370515959506
0.026379716407147716 0.00745048252357269 0.2595113579432669
0.02670418604326976 0.006763965063604654 0.2595991060315303
0.026928049127915073 0.006351370620952342 0.2597319194277879
0.026989464673520498 0.006222225167205727 0.2597796408593945
0.027035101454784934 0.006122229963701303 0.2598321723020923
0.02709245626232748 0.006013367367373058 0.25988052421076646
0.019069052491206023 0.024619953222379858 0.26893214443238506
0.019130036316829205 0.024559124555315913 0.2690086152913812
0.019275734339488457 0.02439359997889546 0.2689668751357275
0.019332078950116027 0.024329298442679052 0.2689499408098348
0.019449920065436194 0.024147184078393363 0.26887170574697355
0.019181003686292115 0.02449772329108174 0.2691056304376237
0.019256761212560525 0.024421199225650322 0.2690616276931236
0.01932582495466537 0.024342367618208502 0.2690381058544493
0.02742517257902258 0.002499910416055767 0.2622218901006789
0.027524788606797544 0.002408617891431936 0.2622194174587425
0.027613362728585358 0.0023299703866773115 0.2621906004438835
0.02777685657072368 0.0021981995276436394 0.26225254419330496
0.027843687774327632 0.0021345001762994773 0.2622448199999373
0.027895499505230025 0.002066716345469488 0.26223682073003896
0.02796560352924632 0.00200528596256845 0.2623016836383407
0.02802893294669688 0.0019398118923553255 0.26228559662447576
0.02811424330160323 0.0018536031449451237 0.2622735654767451
0.028249792662736025 0.001736648077530367 0.2623340557131679
0.028345005439842082 0.0016497300802116302 0.2623045085556421
0.028396653297528784 0.0016145776283918375 0.26238492573867794
0.028511845422250628 0.0015192847911506728 0.2623775113153963
0.02855510912721472 0.001475268138670785 0.26233462753481157
0.028638294894385026 0.0014163968001801456 0.2624412052029441
0.02870527147975864 0.0013416900173261251 0.2624218852208713
0.028703986748548866 0.0013617613769994026 0.26248728857771636
0.02876471435021077 0.001299398659243363 0.26249968616742037
0.028886911834655873 0.0011803744526021342 0.26255108912967673
0.02893598655109284 0.0011319322907331693 0.26266894961185844
0.028974678512047863 0.0010641610832759303 0.26261847585930065
0.029013746527438426 0.0010121480084837177 0.26268119639121895
0.029050173205930483 0.0009432315955844727 0.2626678072864263
0.02903698476466847 0.0009759364195403078 0.2627737321754141
0.02907769110895748 0.0009036030852216303 0.2627652356066387
0.02911645867372091 0.0008245402330024053 0.2627271517226288
0.029100840800111227 0.0008706602380080773 0.26283044956463053
0.02914678683654105 0.000777716805485791 0.26279247214650653
0.02916996512356133 0.0007406319144987329 0.26289928397530504
0.029200118738936496 0.0006659647793860956 0.2628445224101898
0.02922351197205316 0.0006245619459734938 0.26294903368005934
0.029246913794868448 0.0005540200341441347 0.2629054216454316
0.029270336617658613 0.0005230954280880471 0.26299184512726853
0.029309609455456506 0.00040370142370143637 0.2630104321234707
0.026325567526541242 0.007540527717055089 0.25952436628135417
0.026228857694307956 0.007706978228877087 0.2595904154794083
0.026123806724492032 0.007853419536153414 0.25959753734460866
0.026180762917964933 0.007788737581659265 0.25962800640412637
0.025980115720407752 0.007989001762737823 0.2596215702570344
0.028907792948153998 0.00116957979601914 0.26263140801094603
0.028962450642673134 0.0010895757627472644 0.2626635542718496
0.029007399875107406 0.0010274361292863432 0.2627270932752799
0.027671535925331576 0.0022786840439830204 0.26218475215923165
0.02752665284097308 0.0024030264022098266 0.26219250679767253
0.027606828826145284 0.002340987241416511 0.2622360767050597
0.027653001812753923 0.00230108244375147 0.2622632851895994
0.02411717791730285 0.012501180763597653 0.25985036372342407
0.0274506988882772 0.0024824313027654267 0.2622288677030193
0.02410779652863921 0.012527068540484866 0.2599509067149977
0.027264647309939036 0.00260383946278475 0.26223687588499855
0.023992444839556797 0.012687853220615703 0.25999659079276094
0.024051064907522 0.012617163774205478 0.2600175314493404
0.027035924475174937 0.0026981702842106808 0.2622145281695321
0.02385765894447786 0.012821534173186131 0.26000741891852724
0.02398283403585794 0.012704382480868845 0.26007634597696705
0.023688064263270622 0.012922444236351855 0.25998389165438296
0.02377349289041023 0.012888429494332597 0.2600619651370158
0.02385131468913176 0.01283019366775302 0.2600766107249638
0.022523955345197143 0.016492755810274116 0.26145794592539134
0.0224820661922206 0.016587798509015178 0.26153050259275523
0.022509842119831362 0.016527466999893464 0.26152789831695167
0.022388047507248706 0.016749510339934437 0.26154907493824187
0.022431246207713165 0.01668146751605397 0.2615868266719312
0.022387545874713977 0.016767565126400867 0.26166904828215815
0.02232712398258385 0.01686221254263251 0.2618190484633317
0.022264862501301587 0.016952642080744325 0.26188820530887436
0.022316168479354415 0.01687237404906875 0.26190827024114377
0.02224814252888651 0.016980852916316756 0.2619728006395893
0.022298497991591865 0.0169050570415733 0.2619757707149433
0.022247239622107933 0.016982542606970588 0.2620516378884304
0.022239758712017787 0.016998297961201773 0.2621162770042757
0.022169584413707873 0.017089464000361154 0.2621695761389845
0.021974287205917 0.01729425162181955 0.2621533728020906
0.022049896698009195 0.017245684143810343 0.26218492680318994
0.022107983551338677 0.017182191683675532 0.2622353765561757
0.021941061844857616 0.017313563230993076 0.2622220450798568
0.022023084509178933 0.017269845992180538 0.26227175850830664
0.02146394775437713 0.01919972387076431 0.2625186462372091
0.021428162438637436 0.0192984333527169 0.26258142846996696
0.021409671257167785 0.019387100014972264 0.26266905511039307
0.021370119355696857 0.01949692257744272 0.26282489283612864
0.021391279782475105 0.019431333128954092 0.26285454241935546
0.021319988436468852 0.01968592306738448 0.26288412271236616
0.02135096895074547 0.019611150275430013 0.26290630834326767
0.021379087294592942 0.01951783868846093 0.26291852154418244
0.021296503918986666 0.019763781374692264 0.2629601604978534
0.021332669282834612 0.01968335662033425 0.2630036551727482
0.021296220796020435 0.01978669834895122 0.2630633624916918
0.021240419174023986 0.01999571609890042 0.2631911830162125
0.02120823011045159 0.020077075017371847 0.26325652020831236
0.02115072387237357 0.020255482716184756 0.2634171227393832
0.021171582297521845 0.020190888433905867 0.2634247041704619
0.02111204146296036 0.020344173366392396 0.26348913052137757
0.021141181160824765 0.02029003757631405 0.2635040791882398
0.021054583130529228 0.020447943971030738 0.26353831737680883
0.021094858101015614 0.020385145138456864 0.2635690918074238
0.02105487199317273 0.020477393764341885 0.2636478278417531
0.02101709487438072 0.020546899791708685 0.2636907521199119
0.020976510826232076 0.020634280239479573 0.26376694893994557
0.02102211827414891 0.02055708871584532 0.2638068301168782
0.020930602446452642 0.020735615645884983 0.26382994329345966
0.0209794423729901 0.02066049513878561 0.2638744546402037
0.02093262788578352 0.020757887925727338 0.26393054838352054
0.02087471564161206 0.020825585670806966 0.26399824416024376
0.020923863964711648 0.02076145062581583 0.264049810095128
0.020853595787279987 0.020852955296197663 0.2640747217939609
0.020900903951101113 0.02079231845953597 0.2641054086734949
0.01784750713298108 0.02515491162405869 0.2696462247780552
0.01789516193709814 0.025151756801691537 0.26954756851601164
0.0208566389385256 0.020859471155605415 0.26417719719884747
0.01805578254659838 0.025111726167953964 0.26955376185649427
0.017939836952159664 0.02514568448322068 0.2694896707779069
0.01811620766436538 0.025096537465123796 0.2695145107374125
0.01796636182754248 0.025141800935439093 0.26942057011551823
0.02080983064990159 0.020936477656478422 0.264237298073545
0.01814402900441385 0.0250950568014578 0.2694238068269509
0.018206867545137295 0.025078972844393956 0.2693406868520657
0.018227580340220886 0.0250760365336505 0.2692688008235271
0.020744772715152265 0.021059933913963685 0.2643960121731514
0.018400544618081577 0.0250169864201345 0.269245596108966
0.018258153848474616 0.02506764561624767 0.2691904690132698
0.020635748230893265 0.021201878009884392 0.2644183234811654
0.02068605412704375 0.021150318119592636 0.2644358563481755
0.01851355736466254 0.024974580768518093 0.2692439782025358
0.018395021823771302 0.025018133039787914 0.26917885800510943
0.01855911101001262 0.02495715253198018 0.26916952816448003
0.020556790852478357 0.021275406773221775 0.2644677572303246
0.020621701265952825 0.021227802430067742 0.2645068131970319
0.020690314343833855 0.021156350975417605 0.2645355642886994
0.018656459904295094 0.02491203248812824 0.26912962738974094
0.018773248686085472 0.024852038325610483 0.26907283594397924
0.02055554503948469 0.021282765667568586 0.2645531560144141
0.018802651699123644 0.024829886084872202 0.26900366399840486
0.0192440908703718 0.024431982707448265 0.26911853021546783
0.019187260521469754 0.024495862405986037 0.2690495957838796
0.01911865845148446 0.02456797165566043 0.2690448886079609
0.019056206428525437 0.024634363152951554 0.268976280593008
0.018971886588271935 0.02470520431265151 0.26894120917256353
0.01924467764584966 0.024433045932444795 0.26902178776022123
0.019150304252460525 0.024539051230840374 0.2689538297236672
0.019088118263475402 0.02459797054412858 0.26890013571193777
0.02037546608295324 0.021395194819683126 0.26467706482713266
0.020422703695776256 0.02136751904481634 0.26467850114893005
0.017420393637713524 0.02520080790253646 0.26962752116390615
0.01737358199986312 0.025209495980720573 0.26955084010262487
0.01732524780702138 0.025214889183352823 0.2694730416240554
0.017275913153217214 0.02521892838739328 0.26939477627754294
0.017224517554767567 0.025221118903806836 0.2693156625436034
0.017511701855123175 0.025198326461024448 0.26960358861741623
0.01746486236973982 0.02520784427852457 0.26952686684763044
0.01741624400573341 0.02521493938591552 0.26944911383268927
0.01736815758486091 0.025219870531657765 0.26937128866176524
0.017319041497630083 0.025223154958392724 0.26929315461594555
0.017644211235128243 0.0251831511804781 0.26965446284636385
0.017600243286177444 0.025193425519502488 0.2695784203068041
0.01755479760862508 0.025202769314457973 0.26950223632497317
0.017506312197538284 0.025210841896944884 0.26942464413900225
0.017773085517247447 0.02516339493633432 0.2696837500112248
0.01772798228801814 0.02517458845310118 0.26962546525167747
0.017684307374575187 0.025185779327157994 0.26955129271044026
0.0176409002022025 0.02519505637756518 0.26947610242966974
0.017594386243261186 0.025203438587345105 0.26939925971509754
0.017819193283667763 0.025162644222358595 0.2695904455654343
0.017768310321302026 0.025173827167920146 0.2695232604534716
0.017893366978207644 0.02515000307804941 0.26958993194217107
0.01786000703941737 0.025159765777580938 0.2694932982674932
0.017975342528711722 0.025133844365783378 0.2695468442451167
0.017920160344624812 0.02515100356921514 0.26945541257392447
0.018058275707108315 0.02511460424488144 0.2694928268056297
0.01800802619206314 0.025130798829578353 0.2694499440869167
0.018121085267523637 0.02509882830225227 0.269461245907058
0.018083079135229985 0.025112270049504205 0.2694012172510771
0.01815246086022548 0.025094429050582928 0.2693813764800704
0.01811897839619303 0.025105182205236304 0.2693125633209557
0.01817494524618351 0.0250917138334368 0.26926131908261425
0.01826234822753712 0.02506597153590024 0.2692326972069236
0.02748323169160421 0.0024476061095313932 0.2622290226994499
0.018909786024157927 0.02148452195544623 0.2650303475243685
0.01902848285456378 0.021509058354668993 0.2650060160290426
0.019136528577505668 0.02153079051046735 0.26500721521973597
0.019241023737393115 0.021551508420802452 0.26497789290312485
0.019342338592849794 0.02156527644904605 0.26498274706238
0.019443421939027806 0.021568366653972083 0.26495631137515663
0.019525718198178194 0.021569341461867703 0.2649214657975403
0.019631695553329023 0.0215619825737201 0.26490186628835094
0.019578246950741403 0.021561059106804822 0.2648422098327883
0.019728214264366183 0.021555304306795593 0.26489308363666636
0.026193638332878584 0.007752511725091903 0.25957333807319544
0.019809988051743745 0.021550774989200168 0.2648594505877405
0.019782509092475222 0.02155192907031487 0.2647908778818416
0.01989631333139355 0.021538532979250256 0.2648351848220249
0.01983285081821547 0.02154311727314208 0.2647559248064392
0.019978407228953627 0.021522126451750022 0.2648108151371935
0.019929900685968727 0.021528176494994465 0.26472661028243794
0.020052542313118947 0.021506872950384927 0.2647975597008782
0.020013197044212377 0.02151316202769704 0.26468190237849337
0.020126953684247974 0.02149192324641728 0.2647542314018351
0.020088577201192594 0.021499178064763515 0.26468502223655277
0.020196054450325834 0.021472732617755515 0.2647213978458439
0.020293682481234587 0.021436532114798873 0.2646850496579033
0.020248541585304796 0.021449331014870482 0.2646241757236489
0.02033791490672592 0.021413395938305407 0.26465081457104167
0.02040524893120086 0.021375601069605364 0.26460518589970505
0.026148887270819935 0.007833047463256288 0.2596375230638314
0.020475013693002093 0.02133569972737561 0.2645512244746026
0.020564910776533267 0.021273524615857783 0.26459589704426617
0.02052107431719688 0.021304465215296338 0.2645105406552889
0.02060343295964596 0.021243592132620573 0.26455552695564244
0.02058740371680821 0.0212532261031425 0.26447077461534413
0.02066192285200761 0.021186604454605955 0.26448929469729326
0.026080723078469405 0.007900366637210386 0.259602993913837
0.025981576774458528 0.007975993881053115 0.2595627290483867
0.02602804732278234 0.007951184873139642 0.2596379443052487
0.02588418480925863 0.008031140844924609 0.25953881832087244
0.025923931115779144 0.008021620193579333 0.25962979205563114
0.021159631440034393 0.020233435925986323 0.2634412763556822
0.021137124680619575 0.02027886850550585 0.26339638782820735
0.021166113192253318 0.020182409987734157 0.2633326865665043
0.02119766013074487 0.02010373679599907 0.2632823102449434
0.021224896365134048 0.02003789692983189 0.2632317167022785
0.021254377713969357 0.019950085500817512 0.2631613118096551
0.025790336960958796 0.008074014835103232 0.25952254816612036
0.025835108849548153 0.00806526667746594 0.2596016182048841
0.02127132080180148 0.01987600383227337 0.26309870090756593
0.025701901442537502 0.0081079348624009 0.25954289013823906
0.025758910905760088 0.008094383748157814 0.25961891687699495
0.0256294182927026 0.008129246988119572 0.25955758695719294
0.025684689527239773 0.008115585614484543 0.25965036987104634
0.025590124464503552 0.008139435697565674 0.2596062723365721
0.025599571097892806 0.008133143177973002 0.25967435598890337
0.02119499391276614 0.01748396396901837 0.2621378278649587
0.021231684789731073 0.017484385588197704 0.2621214770703357
0.0213874529796156 0.017454710672580732 0.26217336048004647
0.021337917271671267 0.017461742773252617 0.26211446756877016
0.021449024091252024 0.017452337388617623 0.2621594908825367
0.02142606689037054 0.017454043311304998 0.2620950835183965
0.021535940367154272 0.017445763491817895 0.26213527912373746
0.021514189595070003 0.017446632815601278 0.2620444999956853
0.021651932293499744 0.01741963572479068 0.2621595805684031
0.021613919154048457 0.0174333951491542 0.26209353067233787
0.02160239415899911 0.017434738566881693 0.2620263464106546
0.021770997241959987 0.01737575901320195 0.26220818226208054
0.021730980615966154 0.017396896888023643 0.2621334605316931
0.02169614825817951 0.017410560677564267 0.2620628212040746
0.02189390762110239 0.01732896787904964 0.2622415218686141
0.021847324334066304 0.017349802568140178 0.26218070878450045
0.02180384486942312 0.017371096418448972 0.26212023593196837
0.02176274406768082 0.017386454190905093 0.26201514249962676
0.0219533750720801 0.017307949492054865 0.2621843690971822
0.021883263188134782 0.017335834637815233 0.2621174554320938
0.021844242886997777 0.017353130149961586 0.26206783645226983
0.025494296707392602 0.008147382684852919 0.259620426490031
0.022046898480357714 0.017253888405535725 0.26223904305010765
0.022006709152969733 0.01727216382482144 0.2621442866217557
0.025241243029307706 0.008171716904075609 0.2594071069129113
0.025349108488177383 0.00815117175653596 0.25960368245715665
0.025380490027660754 0.008151791193256205 0.25967502314104624
0.02208670558142927 0.017205334011943713 0.26219130563221366
0.022168994528582155 0.017102998813897118 0.26223914621558414
0.025228308602479793 0.008184530803139323 0.25955889798970244
0.02525721618922557 0.00815236089016425 0.2596202795971082
0.025293542089104195 0.008152240722146655 0.2596680559820452
0.02521700838330445 0.008167345839795117 0.2596283243548776
0.025209983944742293 0.008159486244212776 0.25971760540001143
0.02274398666421879 0.015988599134848826 0.26124624705394034
0.02272530538295212 0.016022621528397125 0.2611743246167773
0.022764161874075737 0.015926103210691572 0.26117528755231484
0.022804755423607725 0.01582872643185191 0.2611175165260194
0.02278449660368649 0.015857416568364383 0.26105103146016034
0.022831101838492636 0.0157494198001041 0.2610525420673182
0.022808027420032195 0.015790113358159934 0.26100315215796954
0.02285712768749672 0.015669843083934737 0.26101663837214173
0.0269934704657882 0.002710176635216597 0.2622315094098434
0.027051394245202615 0.002692905774083733 0.2621917155907998
0.027196516476802057 0.0026404861188109616 0.2622431042377628
0.027331463703889548 0.0025598980614774556 0.26224006244279724
0.027635678175893984 0.0023129116205900494 0.2622094771123129
0.027543185992147164 0.002386690611111823 0.2621782823594955
0.01899021872012985 0.021504066569785235 0.26506828512008856
0.019081614646710234 0.021521829415656335 0.26505996451247416
0.019080594835142104 0.021517850718695018 0.26499423421615004
0.01921241141524203 0.021548275777409788 0.26501629842275193
0.019291813138391997 0.02156099132495927 0.26500872378009793
0.019378066969478986 0.0215639471019358 0.2649440215250732
0.019496549632774578 0.02157041181329769 0.2649505109630608
0.019483028300877173 0.02156530025795131 0.26489729056766886
0.019554105069289524 0.02156986595913287 0.2649528202206912
0.01955008490047812 0.02156603552048624 0.26488832967268233
0.019749797397669456 0.021555453409554892 0.26481692705372584
0.021224229010862194 0.020030712248068107 0.26318917942937314
0.021247629174655547 0.017486548043376918 0.2620936711433239
0.021308061764376784 0.017463228159419628 0.2621497252021583
0.021299726509242473 0.0174624068539913 0.26205580494726477
0.021368573257717457 0.017457763402629 0.2621377247768781
0.02138131527606549 0.017454899863667453 0.26208149267827746
0.021480708053843445 0.0174507978132592 0.26208274116056823
0.021554614134129044 0.017443866552843856 0.2620691901522709
0.02164807420572674 0.01742453617697167 0.26201577857875363
0.021701775173344214 0.017408536471164658 0.26201133419004013
0.02324455246003871 0.013017008576149408 0.2600210671830628
0.023273088054856807 0.0130065353511339 0.259930747174282
0.023287013418701066 0.0130059969966906 0.2598686869018343
0.02334379359851679 0.01300056602888452 0.2599573397425601
0.023374595246543128 0.012999617791258926 0.25987281833861847
0.02343710801290189 0.012996541938762768 0.25997778210462186
0.023432017259914242 0.012996762199061866 0.25988375073422126
0.02351612951930381 0.012972359656862517 0.2600010660834071
0.023522173278347058 0.012977243795910044 0.2599238576074319
0.023596938256455726 0.01295115122587545 0.26001367050148055
0.023614747699633454 0.012944843705515772 0.25992334179164484
0.02367650940120458 0.012927269157961083 0.26000992310832044
0.023676792213109442 0.012921196345529884 0.25994616918556585
0.023750090380392674 0.01290315658843482 0.26008228401553257
0.023731475818376924 0.012905479619393123 0.26002107026456006
0.023806571015500995 0.012863527316156914 0.26009025995036705
0.023815595975688518 0.012853406129085488 0.2600182953877971
0.023892913579011667 0.012794768902411702 0.2600454293529401
0.023958189131412407 0.01272912895790671 0.26003682167356923
0.02402215840565467 0.012654853931424032 0.2600408258456331
0.02401710881938539 0.012659943825542617 0.2599912024010089
0.02690557771537272 0.0027294783284954596 0.26222827102120566
0.02707784423973056 0.002681664184466209 0.2621980028280582
0.027139099834449648 0.0026606933229526737 0.2622130914324665
0.02695011656314485 0.0027185166841944587 0.26221860463132396
0.023780327803746625 0.01287860331274544 0.2600278787788192
0.0237160526420113 0.012907897129585585 0.2599719454106136
0.023685794905615516 0.012923174618555399 0.2600435431418554
0.023632715706471918 0.012941978942271852 0.25997938975201634
0.023555441020632936 0.012958848502899358 0.2600333378664664
0.02356755044903256 0.012961449670537422 0.25990264461885676
0.023519438511793576 0.012975420418819194 0.25996441249552066
0.02343265923402269 0.012991846159919218 0.2600220582384587
0.02346780778834858 0.012991776516287341 0.2599054932442342
0.023395761934802854 0.012999851630059454 0.25997071398115457
0.02331512532726959 0.01299622686723432 0.26002517735159725
0.023199643761693627 0.014404956909824402 0.26048214276901543
0.02318309677205852 0.01446603927866491 0.26051983110475546
0.023158008512492317 0.014550142889272212 0.26054960666377186
0.02313280454534297 0.014640861362391101 0.26059789269565414
0.02312104595220372 0.014695475653295062 0.26065418000520474
0.021274680136622388 0.019901190244680858 0.2631802221391539
0.021249287489917237 0.019988324627643647 0.2632454307712433
0.021219826791582956 0.020050848385212733 0.26327607369527317
0.021192618364017812 0.02011521508410523 0.2633083315321987
0.021169862862002328 0.02017799317389988 0.26336321524535444
0.02115527298763647 0.020235728813909462 0.26340394930037814
0.02113578389137458 0.020296833728024925 0.263449130839726
0.021246280228468358 0.019949575415815587 0.26312223539039936
0.02121682964274452 0.020029619538483992 0.2631590036719307
0.021583039249363722 0.01865050050645014 0.26217776112780533
0.02156739893484603 0.018754562670499318 0.2622516747495214
0.021542680610001405 0.018824035547724258 0.26227781970404335
0.021524941744839238 0.01891111960559256 0.26229979669036885
0.02154078167852015 0.018798649761948262 0.26212532567222663
0.01901092165476808 0.021458313586694658 0.2663545968179037
0.01904205023868826 0.0215525508587572 0.2663172831258143
0.02333612294776406 0.01350079908877017 0.26032690983309026
0.02328018392747846 0.013376007488666275 0.26029246166981546
0.023307760004310642 0.01347962067033217 0.260250539343167
0.023242972747183503 0.013330919986260679 0.2602335198375749
0.023270890463032403 0.013420209155549933 0.26020108176905343
0.023203485311574 0.01328179749418516 0.2601800927872981
0.025318364141128147 0.009218582494712914 0.2592251893099943
0.02536829884086157 0.00895364581592284 0.2592278880864232
0.02535278322192931 0.009039821272208969 0.25920592304139634
0.02533271017201297 0.00913030513961685 0.25918272413396604
0.025371986243373987 0.008841942836045842 0.2591704396682613
0.02536017569092727 0.008940363509390637 0.2591553764013764
0.025342882685429786 0.009013674982936756 0.259115777291445
0.02524801276075339 0.008367369480293175 0.2592899695821599
0.025351733231781647 0.00873943798660925 0.259108165033269
0.025225031425198 0.00837453219746764 0.2592504633788652
0.025293391905112084 0.008493859054491206 0.2591611949069459
0.025331174269522624 0.008626146046027577 0.25911705848423394
0.025260814897066962 0.008469572934763693 0.2590989411075805
0.023201816002488457 0.013240154135289216 0.2601931749188918
0.021411986577773073 0.018009627994621295 0.2618977821680174
0.021133666308447752 0.017640372123851583 0.26194499636169705
0.021534184901344483 0.018181976318013708 0.2619334174278054
0.02115798290920981 0.017708800907081997 0.2619029386744925
0.021152547845330705 0.017658508363701753 0.26195325869000297
0.021152715685095077 0.017647688763715738 0.26198220543223677
0.023297430017245734 0.013436547957309771 0.2602574013297691
0.021563926730241444 0.018212206970884638 0.26205798905595923
0.021244398785601446 0.017780224954444146 0.2619017195494452
0.0212906389971531 0.01786443167637264 0.26184179723125134
0.02159397822436919 0.018270864551307164 0.26207794902989856
0.021349535284375262 0.01793120755401592 0.26185786155870094
0.0232478631516429 0.013352324834267727 0.26021872337765983
0.023240614672954334 0.013387735252401018 0.2601622503713265
0.021433718300446745 0.0192923407045979 0.2626131730228612
0.021462920489875324 0.019209563622557886 0.26255269896708916
0.021476398743028445 0.019142774710154888 0.26249129600891963
0.02150208335598243 0.019071340231900408 0.2624476700330119
0.021526115990485074 0.01898037538360106 0.262377692994258
0.025370093374800787 0.008875384633473067 0.2591723873164331
0.025372228586992816 0.008802661825794684 0.25918132321103077
0.025323431306501443 0.008580913366251495 0.25912902378840597
0.025289393142717203 0.008509105184633454 0.2591177757059514
0.025281031365517185 0.00844955803835805 0.259247204347884
0.025236113282798497 0.00840858566927652 0.2591716592559408
0.02522518759637996 0.008340873709004902 0.25928125988783884
0.025232684971187438 0.008368749050451625 0.2592732218463965
0.02364252378535853 0.012936048749159964 0.26004248847940603
0.021366428895309906 0.019538018348327447 0.26286864406374033
0.02140240416683493 0.01938938959032932 0.26270721227803917
0.021218049025770215 0.017461767864404044 0.26217302422846855
0.021211511168063003 0.01749041831025356 0.262073938410769
0.02134044525520288 0.017459801445233493 0.2621427590947946
0.023276860609500474 0.013004459425438654 0.25998130581117
0.023317948724195067 0.013003621745145804 0.25991150076821057
0.023389194932990166 0.01299422981427643 0.2600107359185701
0.023408850523963916 0.013000372202693396 0.2599299326908623
0.023468699700296046 0.012983768154119417 0.26002646083009273
0.02348677335157768 0.012986858820096264 0.25996544263351856
0.023563671347516142 0.012962092272077879 0.2599695008005806
0.025236375680364728 0.008156963147019027 0.25961569407399016
0.025247208634034422 0.008182596309977544 0.2595180602260094
0.02532602408265084 0.008152268127420287 0.2596576059751463
0.0254441370793042 0.008150968248410148 0.25967047512182057
0.025545549170090772 0.008145187930251617 0.25963465622367615
0.02555730054645789 0.00813960201146117 0.2595704533423955
0.02564530264763119 0.008128742262231375 0.25960311722207563
0.02565291413926734 0.00811860589222625 0.2595133422222249
0.02153897562992036 0.018821207418790252 0.26221634765422136
0.021517085308874803 0.01889729469974348 0.26224334938049326
0.021501284680095153 0.018976992395169485 0.2622653698363005
0.02319359515895358 0.01325226112680971 0.2601697369926205
0.021294878000604412 0.019804341068218795 0.26309832205057515
0.02126330378655135 0.01987830434028518 0.2630633440704709
0.021344169052512834 0.019643616172185685 0.26300670729959635
0.0213165239160957 0.01972717123149808 0.2630084800646051
0.021295780439160316 0.019775286833142974 0.2629942363837962
0.021366781057563625 0.019567254731568562 0.2629192347158089
0.021347458069338847 0.01963136895781191 0.26294246553196504
0.021315031710723038 0.019707380241895958 0.2629133081099457
0.025268561579537382 0.008157700691313961 0.2595736137172562
0.025290594159180335 0.008152169085181495 0.25963107482904385
0.025223659891930667 0.008168979418932024 0.2595942041313702
0.025248709319608955 0.00815445165941395 0.25966776816997866
0.021264688737583384 0.017470636803661843 0.26214752849160095
0.021250705300871902 0.0174761538225865 0.26205709509622116
0.0213433286490369 0.017455943312841282 0.2621753115179677
0.021331881332880553 0.017460510249991408 0.262078755448568
0.026990355053669625 0.0027709818145382234 0.261818283824872
0.02113369158465303 0.017637811402555596 0.26195286609279506
0.021117632873586256 0.01764912646206595 0.2619255436747625
0.02526055435437781 0.008495680467151693 0.25906145020774984
0.025241313840205643 0.008417832103655931 0.25915575858444795
0.025228717143836774 0.008393402764470051 0.2592115062411478
0.025313262677546227 0.008572351337235653 0.25910955166873956
0.025296250522892524 0.008484484779678112 0.2591955093627351
0.025256765664032472 0.008408483789975281 0.2592625824898799
0.02142911531983754 0.018055102191802543 0.2618670376353976
0.021381196466596045 0.017957586840231098 0.2619013130465828
0.021368762819572343 0.017977429919272266 0.26183510155561746
0.02133576552744534 0.01789662245553579 0.26188032953718604
0.021329050231544494 0.017923764431455602 0.2618268460926062
0.02128303675750693 0.017822524292792782 0.26187946994490274
0.021221559245817954 0.017781576795255938 0.2618617745866977
0.026869257626537205 0.0027373131326929915 0.26224455189311635
0.021454401552717575 0.01918854884100725 0.262426178497733
0.02148311561154758 0.019119614490197966 0.26243893610738384
0.021471059912061684 0.019112083705339705 0.26234080263761267
0.021511044224418057 0.01904802599395218 0.26242466555419197
0.02150940578266951 0.019041209408267742 0.2623700390673175
0.021493471897803967 0.019013710525318542 0.26228018106350237
0.021528185026625363 0.018955013650862107 0.26235013500989923
0.0212750694851744 0.017459617199169095 0.2621833643130131
0.021286003944911196 0.017473305992320956 0.2621040401544463
0.021404519699354047 0.017456515317176964 0.26212979018701044
0.021608793423584967 0.018482257570645005 0.26203204787253365
0.021620598080138453 0.01841099921711497 0.26206234404615086
0.021618357849895086 0.018310784063556546 0.26209693956704194
0.021572345288253417 0.01823933303050914 0.26205973861883325
0.023300609010161722 0.013481252150400988 0.26023206017501826
0.023251327166499303 0.013373198091993076 0.2602026308758964
0.023249504728787816 0.013323552423289364 0.26027073181054317
0.02152801355604576 0.01819007244959464 0.2618748703352163
0.021600622375621235 0.01851682210673654 0.2620356392121095
0.021635150120635202 0.01844352243206257 0.26208791736832165
0.025324740493802754 0.008593937763239272 0.2591219269079845
0.025250335961795663 0.008440952025969863 0.2591305344865609
0.02527006859656145 0.00840288016966786 0.2592934409575279
0.021545962751623286 0.01819954255253093 0.2620023443358145
0.021547678396413066 0.018218826447945008 0.26189947712558403
0.021442848616272485 0.01806031998403706 0.2618971214950772
0.021498081859934917 0.018162914791072175 0.26183968227969306
0.02136083555718828 0.01793327401413032 0.2618855274849812
0.021263598076274124 0.017819638918624016 0.26185684349162713
0.02528795789068199 0.008441166675824606 0.2592863723295014
0.025284503549270535 0.008461080859224169 0.25921582873571036
0.02524434584092746 0.008262762593320264 0.2593328197886567
0.025252244719065984 0.008303122167969508 0.2594407496096438
0.02523607376719897 0.00818831918633016 0.2592881665944604
0.025216012862788736 0.008282066145697955 0.2592810350291672
0.02522841479721983 0.008241565755368012 0.25952054691218235
0.025242988705003716 0.00822623825213487 0.259388965575525
0.025266309161755356 0.008343141041705356 0.25937165036003307
0.025265302461671614 0.00836893334355149 0.25931677536463066
0.025247221955483734 0.008200506621516902 0.2594557321852646
0.02125228815978313 0.019909777954602283 0.2630776716232529
0.0212444953979722 0.019936806161398334 0.26309479273889247
0.023199994166871615 0.01311837958604574 0.2601401098996088
0.023221122806237327 0.013050309642015881 0.26008459105129283
0.02318529673895106 0.013203829059276499 0.2601478226511994
0.02116261760920083 0.01755069843275507 0.2620979715365124
0.021161729899017295 0.017505076868287776 0.2621418570799885
0.02118521526255143 0.01750175605271112 0.2620998383248477
0.021455439120451614 0.01810122948948125 0.26185074323973245
