0.03875649881605098 -0.0027971667850233035 0.2636356855771938
0.03875722377435588 -0.002645423677278926 0.26360702313857554
0.03875661850320646 -0.002544380099186021 0.2636039884931265
0.03874613825055838 -0.0024326237558076357 0.26357602292109356
0.0387326264249067 -0.0022975360926629006 0.2635685504694447
0.0387242811526891 -0.0021828188064800455 0.26358112311365606
0.03870452267533579 -0.0020725754395673535 0.26355793335030164
0.038694539364838694 -0.001990719765382476 0.26359530744179904
0.03874085255567483 -0.002520875851751753 0.2634434121840054
0.03865857027024543 -0.0019046871094580559 0.2634742687031709
0.038644210733972534 -0.001830029283293953 0.26346778563981504
0.038630780478398685 -0.001762648528757914 0.2634872041452514
0.03856910708772227 -0.0016093005314864542 0.26341207538900396
0.03853392831789158 -0.0015448796470197976 0.2633099955775928
0.038472848495174204 -0.0014271417505392315 0.2632340991633881
0.038406156127593266 -0.0013086439497092598 0.26313988039983793
0.03783195812636751 -0.0007355351746633828 0.2627117859912622
0.03749016407702797 -0.0004292230027393521 0.2626055961039507
0.0370191976731951 0.002277886741611378 0.2603096303046187
0.036986884963937504 0.0023419214796097914 0.26017827080762695
0.03698117026385967 0.002420438329322131 0.2601864194955134
0.03696600179812189 0.002521424861779977 0.2602009702277736
0.03694587255635959 0.0025156085293684413 0.26008791442118534
0.036929963268239614 0.0026048750948979606 0.2600791784478521
0.036807470959801476 0.0030411673867513367 0.2598119409434803
0.03677376861607572 0.00314729133235577 0.2597969056916792
0.03671013475204594 0.0032822945924850153 0.25973394598072747
0.03659653682921764 0.0035715097920424985 0.2596902649462384
0.03656972792508889 0.0036026785751092747 0.2596066534726145
0.036537161710352956 0.0036998859549487516 0.2596167826513826
0.03649745640282704 0.003748752104344923 0.2595226644273371
0.0364769851853606 0.003820005544844981 0.259541959405242
0.03641160143764213 0.003939556146884975 0.2594677137266731
0.036347573002415534 0.00406263395079367 0.2594158253438939
0.03628119735560728 0.004190590550484112 0.25934228325590036
0.03626661173479666 0.0042360205968473156 0.25936632731448045
0.03620165335670112 0.004365927101300909 0.2593020231169824
0.036170456472298024 0.004445614181933526 0.2593110625021266
0.03610647767152286 0.0045757091854315805 0.25924189243406065
0.03604884790486043 0.004712986291988029 0.25917467514900755
0.029608934417425355 0.022610640900549792 0.2664518864515863
0.02958211785014129 0.022685305485112044 0.26651168621355265
0.02955219765369229 0.022749884104361327 0.2665420468571609
0.02953623008093606 0.022790962941394367 0.26658116288927414
0.029420583526357524 0.022954960130028266 0.26658339473476766
0.029399607805158018 0.022991554350892583 0.26664249070349216
0.029348743482810923 0.02306032074404105 0.2666870904847194
0.029303328500171224 0.02310717158975082 0.2666205755532519
0.029279933683559616 0.02313558185350692 0.2666670100756358
0.029234769110835043 0.023181094708614503 0.26656776847956565
0.029178748233459166 0.023218193284058494 0.2664795111926253
0.029156493895103216 0.023253124192879556 0.26653342863538065
0.029101779748345907 0.023283645053126394 0.26646006709004244
0.029050065773035563 0.02334293484593594 0.2665047614009354
0.02896087893564016 0.02340366613619136 0.2664930582509612
0.02889789514228752 0.02344955068541083 0.26653628455450246
0.028866062898661417 0.02348031896652948 0.26660429858057594
0.02885350138946162 0.02350390930691101 0.2666813485106688
0.028769976797628584 0.023558885108727577 0.2667428909389094
0.028719250753721167 0.023588099301019815 0.2667981930603716
0.028663877000460147 0.023608211384308263 0.26674788823599466
0.028613505366946873 0.023636347965049088 0.26682628608967335
0.028637847015485586 0.02360901363083994 0.266677071481743
0.02859777266412398 0.023634980446154537 0.26674654426969174
0.028506204644678373 0.023680368819694486 0.26682351943881927
0.02846828386114374 0.02368821303103336 0.26674543125133493
0.028433897721761383 0.02370869673100544 0.2668345371717545
0.028358515290006218 0.02372903737292416 0.2667493557385134
0.034928430493581145 0.006874799135765319 0.2586399874926308
0.03490753405199508 0.006973597382908843 0.2586567354504291
0.03488786813612937 0.007052741551694955 0.25864698034405786
0.03487398547107423 0.007140665713262197 0.2586754993469099
0.034669567839587384 0.007773192317612461 0.2585596138938694
0.034278601823254186 0.008992554093173712 0.25870149931339037
0.034251072666203815 0.009073144168834762 0.2587215936239546
0.0342284438878657 0.009151281089276929 0.2587366106894046
0.034120245459293125 0.00945247663223406 0.2588452460996411
0.034099314355986295 0.009511742055533805 0.258866358589202
0.03406597151957079 0.009606604983189103 0.25891295361915606
0.034043487447578874 0.009675826510647238 0.2589464953877891
0.033922841087298365 0.009948187941815364 0.2589687116242643
0.030829208284501006 0.019025174314722334 0.2623972169232711
0.030809871760442368 0.019063987853626677 0.26242481948538143
0.030773547825747618 0.019147837322093197 0.26248768401040284
0.03075965441156842 0.01918293500573016 0.2625411523061094
0.030706096674595614 0.019258415197147806 0.26259268869533015
0.030680170611478264 0.01928512699494173 0.26262203054956346
0.03102310787415663 0.018636130469993673 0.26202839016812696
0.03099524576049682 0.01870163921176352 0.26208262961755396
0.030960437187175133 0.018764652786314152 0.2620980814279871
0.030924845675710612 0.018822708975316765 0.2621587995861456
0.03089637988782716 0.01887066623410069 0.26222158340930185
0.030867132589802445 0.018925947444189555 0.2622622931780235
0.03067329712170492 0.019278722811486987 0.2624974647008223
0.03063141907819394 0.019324874398274162 0.262547905366051
0.030578826259047433 0.01937526906653019 0.2626190648860437
0.03052933356631683 0.019412986645827347 0.26266089526469655
0.032189177097594196 0.014723965750735207 0.2606503980591362
0.03215249940091727 0.014785460962769016 0.2606938831757095
0.03110549207793549 0.018406931218437422 0.2618163834721154
0.031084003284437604 0.01845375513930915 0.2618334105854411
0.031045542062515093 0.01854363154888983 0.2618820653889975
0.0310143879144152 0.018622967493182097 0.2619160866911392
0.031004726239103064 0.018662708733167905 0.2619523946293145
0.030967881403567255 0.018744026172738567 0.2619768287758317
0.030932331966122325 0.018796328511035153 0.2620437058975256
0.030535544709022124 0.01939371780699819 0.2625281161136355
0.0304851217931753 0.01943043406525568 0.26257710735404727
0.030440856765444817 0.019469319422844213 0.2626543051401893
0.030403068207749993 0.01950003655955758 0.26271153868821384
0.032683963004291904 0.013533218565749669 0.2598959611906163
0.032655202734291566 0.013613896892266903 0.25993477025398903
0.032637114723090666 0.013675551236958149 0.25995274610811325
0.032606203931224084 0.013755166628599111 0.25998475935474696
0.03258845060127334 0.013806550849781872 0.25999807113859047
0.03225204107526025 0.014589091678561738 0.2604379450371117
0.032217029110550154 0.014653705378030662 0.260480409872777
0.032178345145838255 0.014719019889229345 0.26048799451522436
0.032013508764350496 0.014999763673873427 0.26075804439343536
0.031999529003524964 0.015016048508497182 0.2608166897304071
0.031243106035596123 0.01796464188766678 0.2614990808059693
0.03121502794742475 0.01804409411213218 0.26152705241107405
0.031193754465849155 0.01811574440129749 0.2615512805505855
0.031178621488281197 0.018189872703547032 0.26159520237085204
0.03115783989625867 0.01824965035342676 0.26162418751373356
0.03112290218694152 0.018316733516598818 0.26165621765557684
0.031100051496801027 0.018379930963039012 0.2617101497807301
0.030356703810024515 0.01951054894198235 0.26263521977811094
0.030305154425470382 0.01954674543205095 0.262708422012085
0.03305230280708676 0.011995330164020476 0.2594147223774434
0.033018100385092244 0.012144043872291429 0.2594600688723687
0.032991819452303506 0.012241023000379572 0.25947534202158595
0.03297183596443704 0.012308740032122865 0.2594832825583799
0.032960932232081665 0.012377295798609482 0.25951944064049387
0.0329377223502831 0.012456115909292558 0.2595100567373184
0.032920788406310166 0.012545656583632665 0.2595631660875331
0.03289973082228473 0.012631566359837532 0.25957719317231387
0.03288280808269299 0.012705226395622958 0.25957407525429016
0.03286874802656241 0.012799741799916466 0.259627774206541
0.03283991832386376 0.012886655613359761 0.25959137538547405
0.032825092617771376 0.012972776750595355 0.2596397188675591
0.03281299563991726 0.013036106990210574 0.2596692539039918
0.032792708906151505 0.013122810401617538 0.2596715716363975
0.03277156407151574 0.013213318612711284 0.25967509193366245
0.03275684078904199 0.013267676591530877 0.25969632082416216
0.0327204072755749 0.013377092792958878 0.25972431593912015
0.032693989775818784 0.013453507509060512 0.25973731310303155
0.03267507868665283 0.013513254134245263 0.259775659007449
0.03265966826991295 0.013566791006368418 0.2598241838194443
0.03263229064565952 0.013647386012903997 0.2598393598667481
0.032613020714066895 0.013710384154161662 0.25986008618900974
0.032578509404578945 0.01380859605931407 0.2598965248800368
0.032560558331751484 0.013863547129482559 0.2599090537296122
0.03253772471793004 0.013928391545423854 0.2599358280382136
0.03251022595221632 0.014007786637385425 0.2599800993004119
0.03248825626531389 0.01406038608991219 0.25999361442347074
0.032448318346369444 0.014150894270505174 0.2600540513631362
0.03243243230221992 0.014198115605843772 0.2600971626759221
0.03241236205542306 0.014252323892403827 0.26012717147899267
0.03237842621680882 0.014323134107304625 0.26013547385354746
0.03233782543483099 0.014408396264020554 0.2601795532278049
0.032320406588740316 0.014453575137205295 0.2602274487820728
0.03228159457456584 0.014534248085675591 0.2602640949284027
0.032258267191839336 0.014572783982939708 0.26028874239961547
0.032224903193737275 0.014640391129809777 0.26035530236297727
0.03193506797139694 0.015064725276199214 0.26073979922629203
0.031299172778277394 0.01772021719916522 0.26128638766170736
0.03125617622517058 0.017872857077814577 0.2613315816963451
0.031239697578381798 0.017946675815137775 0.2613832431512222
0.03021059794614139 0.01957684346291549 0.2626913439514519
0.033059193934572406 0.01187905065662196 0.25927993556495377
0.03305091706612063 0.01193463773740961 0.2593006177794902
0.03302499706316951 0.012038889427266258 0.2593163609020854
0.032954313914124095 0.012345207432065098 0.2594403850480292
0.03275941322623262 0.013190913889290912 0.25956462490542614
0.03274866748445515 0.013254814624347445 0.2596024815520405
0.032395620868607755 0.014249709402587738 0.2600248134099067
0.03226090051073971 0.014542550540095702 0.2601749553952373
0.03187442390419897 0.015081849355575761 0.26064641314585607
0.031849602254245185 0.015102587825397433 0.2606976055589954
0.031422983345221395 0.017188213040672532 0.2609862535887342
0.031369586225410646 0.017403248340021632 0.2610857437280934
0.031356432091724444 0.01745839974182847 0.2610873807209809
0.030093989498698223 0.01961380614110892 0.2627342872513445
0.03178812220726672 0.015124902975798351 0.2606291239644892
0.03147379165626916 0.016987589808800135 0.26082932131779674
0.031448123784575996 0.017075010469252836 0.2608420461827764
0.031420865020967255 0.017160724209815237 0.2608722671040947
0.03140640629432491 0.01722693972786241 0.26089464633092735
0.03172296399126256 0.015147541445145064 0.2605670657209369
0.03153478526777099 0.01659525461159997 0.2605850396965194
0.03151747374465841 0.016675458534074778 0.26060589803746936
0.03151752611817894 0.016743123238611355 0.2606418810406373
0.03151035991810481 0.0168068251959764 0.26066011031940417
0.03149219260144259 0.016886799955477323 0.2606971369874702
0.0314719557176962 0.016962316490341012 0.2607281758324619
0.031537761140052634 0.01653954498096229 0.26048893393114414
0.029248600466685534 0.020533168033868125 0.26428499545664774
0.029225890041591825 0.020355745221442827 0.2642297592056601
0.029215397692226006 0.020232019256244425 0.26421976890834137
0.029276354903884003 0.0207011385113107 0.2643997988168924
0.0291975770588129 0.020121602789336158 0.2642497945966807
0.029478187595873586 0.021405878869120938 0.2654284966093553
0.029147719467870214 0.019998436614251224 0.2642655180581424
0.029336320740772207 0.021070624959777767 0.26469391552145977
0.038556452536891245 -0.0039801263797937 0.26420921124125324
0.038593374954277164 -0.003862538042559791 0.26419621550961053
0.03863368741187919 -0.00363552928295242 0.26400885937594104
0.038623880743904014 -0.003714731776288378 0.26410379846437443
0.03861885831180577 -0.0037827008819542544 0.2641996374353142
0.038685506907187306 -0.0033406656554652242 0.2637498437551937
0.038681373971585366 -0.0034193033906415823 0.2638711057007893
0.038666375913948524 -0.003532485333832402 0.2639870906097331
0.03866594576974895 -0.0035874228932103827 0.26409872575404497
0.03871529952824959 -0.003128054366278172 0.263607896823066
0.03871290168691167 -0.0032107113029372753 0.26371654750911566
0.03870729432955983 -0.003289483451653615 0.2638318861268034
0.03870435869393351 -0.003355083004439413 0.2639138179125632
0.03869407385763243 -0.003456510803499565 0.2640417750285047
0.038730309234666596 -0.0030799796886867487 0.26368653401520664
0.03872920746610501 -0.0031627144084691154 0.26380246381831424
0.03872732243014457 -0.003234272509275423 0.26389797300241935
0.038742064382715706 -0.0029538412557625184 0.26366503507723843
0.038745652523111594 -0.0030253581628002873 0.2637701907292798
0.03875421650417197 -0.0028566598605612296 0.2636636167786631
0.03875863216330082 -0.0028951455444129162 0.2637495234954723
0.0387464097003865 -0.002578851260045378 0.26347614339656833
0.03875072990911789 -0.0026267094339240595 0.26353955514460853
0.0387632663000315 -0.002705525279183505 0.26366626156725126
0.03876478385078758 -0.002792508789533121 0.26371419390463374
0.036994837270738476 0.0016018816925331687 0.26037094052491544
0.03874843628188337 -0.0025195026540149276 0.2635319619690123
0.0387660928385689 -0.0025895772698255695 0.2636807852790985
0.03702425806231102 0.0017023999590256107 0.2603152194039235
0.037022917495637124 0.0016519657062912109 0.2604094514835574
0.037010581869570465 0.0015858557854019051 0.26049577888123365
0.03693891053687556 0.00010977925133739474 0.2624602231134412
0.03700691469741157 4.8519189372246414e-05 0.26247192750824944
0.03711730042000403 -4.961479789311141e-05 0.2624923441605496
0.03717236000416457 -9.883580617555396e-05 0.26249339055231385
0.037226458654063384 -0.0001468414967138193 0.2624966586794639
0.03874054877493926 -0.00236408429460066 0.26358274850060437
0.03705061004364551 0.0018226414273155428 0.2603153736219872
0.037054397606797795 0.001768006852331902 0.26040776242261654
0.03704351940164537 0.0016946640849679617 0.2605072254495565
0.03755498766470314 -0.0004850538370136855 0.2626462801613338
0.03704685394821007 0.00197407233876509 0.2603119402993037
0.03806921010408713 -0.0009360444411366793 0.2628402775412821
0.038128921368560505 -0.0010005477627015795 0.26286444830051875
0.0387108133327131 -0.0021075874577668584 0.2635637957654491
0.02935236042275912 0.021115175058707143 0.2647868053658301
0.0370403514878893 0.002095311880642792 0.2603374248808198
0.038133820594228214 -0.0009728969805043476 0.2629407360297531
0.03817296638795995 -0.0010099379063519896 0.26297311411100355
0.03823033732455737 -0.0010749619020330465 0.26297726060586163
0.038286308691352036 -0.0011306181135587066 0.26302276552337345
0.03833079460122046 -0.001190022111355014 0.26306349389639505
0.03862931137574643 -0.0017887228763787109 0.2634368326678704
0.03865618957036544 -0.0018702896623138334 0.2634917816240592
0.03868150561608345 -0.0019410460839034598 0.26357839702011
0.03696994847198844 0.002412860919003043 0.2601306600905663
0.03699466146449903 0.002316435812784466 0.2602048597926675
0.03701677936728625 0.0022594629221453152 0.26027453555896046
0.03703380110158822 0.0021971053792631035 0.2603439365762948
0.038508400922049914 -0.0014785254807287494 0.2633318689993041
0.0385442407021522 -0.0015517080346417076 0.2633716465666632
0.038574964782131974 -0.0016196397393847214 0.26343574696681865
0.0386063850681758 -0.0016931504351735203 0.26347911805545576
0.03687731870482043 0.002807019952121706 0.2599206082604258
0.036901010959387824 0.002719475590221171 0.25998269738969126
0.03692059843951197 0.0026365834393582244 0.2600481178639153
0.03693935451160764 0.002583311410793274 0.26010858595328584
0.03696257884168474 0.0025078256365570492 0.26016179578020177
0.03698340852646774 0.0024374523933055783 0.26022389377345523
0.03674998663054703 0.003193763320162465 0.25977349527276766
0.036788537774358525 0.003114242292907665 0.25981057040372024
0.03681706405237958 0.0030397707833749324 0.2598496936158864
0.03684117663651075 0.0029721372036757435 0.25990894193977476
0.03687183176834761 0.0028816355071274433 0.25995169058786977
0.036661670391178146 0.0033962268164265284 0.25969638384855387
0.03668581972786158 0.003366212463883847 0.2597688873524636
0.03671872421568073 0.0032882768872863795 0.2597954809509751
0.036753931771194785 0.0032204042242547585 0.2598363919427464
0.036318234806273206 0.004111017867050553 0.2593770391273374
0.03636219772450875 0.0040205258129797725 0.25940800923018303
0.036387971832060426 0.003986664715140472 0.2594533172883298
0.036430288468545124 0.003906933636306227 0.2594909910370755
0.03645477626689855 0.0038589906798294623 0.2595139181554307
0.0364994486035759 0.003777599966693793 0.25956128660327377
0.036527627658432 0.0037194795037536173 0.25959844550604316
0.03655757077201498 0.0036659846683308552 0.2596657987504493
0.03663561094436978 0.003497862425532758 0.25975269169075743
0.03615942818365742 0.004457302610206908 0.2592745400543148
0.03618577452064501 0.004405885289852497 0.2593125519076622
0.035985250802276894 0.004846669803307274 0.2591381928663991
0.03602986997532367 0.004766465949391871 0.25917562390316984
0.036063848380945014 0.00469773303425047 0.2592384960824512
0.03595715352861131 0.004921983951958066 0.25920448480501584
0.035980861386344286 0.004887198671340044 0.259230847423134
0.03504058570101484 0.006264525146648253 0.2586866576271129
0.03586886674645529 0.005083353696428582 0.2592341098867212
0.035020038311756145 0.006442322506283752 0.2586577436183752
0.03503470828074674 0.006373101301045664 0.25869806837324355
0.03500983204683044 0.006556752776996725 0.2586933933687364
0.03496977023494206 0.006718684394146081 0.2586604913247939
0.03499379504214001 0.006656130996973098 0.2587275369841703
0.03492099160941965 0.00690727316419586 0.2586433358474394
0.03494755048767025 0.006834946100663317 0.2587073851040068
0.034884036688781976 0.0070653925309873186 0.25863876148561116
0.03490149936747701 0.007010043129274953 0.2586694339485523
0.03463256467382705 0.007894307004106732 0.2585601896882047
0.03458488132538336 0.008065492077824159 0.25855911520342206
0.03461236732003635 0.007977908398972968 0.25860520270494725
0.0345348846260915 0.008229993708966975 0.25858207698713526
0.03447656496744318 0.00840436647042862 0.25858030928371717
0.034506338817366415 0.008340303277719415 0.2586331981417181
0.03445765033982414 0.008497469671085535 0.25862890517643927
0.03439332916452197 0.008658752707169173 0.25864524075966694
0.03441142761454093 0.008614142993846493 0.25867726432886484
0.034363376641125556 0.008757725155230848 0.2586786639666773
0.03427296627771091 0.009006609281677756 0.2586930209820365
0.034300122744840636 0.008928064200270883 0.2587192500780906
0.034219504391107616 0.009158758954122603 0.2587091470000119
0.03424766348764809 0.009092914122104225 0.2587390773120467
0.034023204682650035 0.009699462258042277 0.25889609449502
0.03399216051803616 0.009796762087858487 0.25898107769783774
0.03402451269478552 0.009739842774645555 0.25900146854487616
0.033926902945948294 0.00994852096493424 0.2590043247538645
0.03394862193002588 0.009907345032263216 0.25902870801655237
0.03383649551073724 0.01011763708100373 0.2590781756194257
0.03387242391326951 0.010066174795711496 0.25908206395891453
0.0331686585677854 0.011307038654550398 0.25930715894758155
0.0331180956691362 0.011587417041956295 0.2592379257022734
0.03313561733143799 0.011497464115078912 0.2592614209187308
0.03315838453921267 0.011424443850668752 0.2593390659947859
0.03310055308762517 0.01168634903204178 0.2592551184470122
0.033125553573809835 0.011604744032783932 0.2592965739362344
0.03308053263702095 0.011807336422315805 0.2592998420632823
0.03310366508548412 0.011741247357464298 0.25933747997283046
0.03304205348898192 0.011976723240201598 0.25931060538956735
0.03307230559016362 0.011898586657416742 0.2593625554358117
0.03302447450911241 0.012067672267344055 0.25936155393644156
0.033047859163789516 0.012001525391890273 0.25938315285755653
0.03299830091835972 0.012176895834417552 0.25940631262434516
0.032970175222297615 0.012288012529033828 0.2594412839196966
0.03292439455700587 0.012462460163541356 0.2594644473823089
0.03295573713566542 0.012370837247876817 0.2594797987662236
0.03290229853577806 0.012571268299683915 0.25951223417917874
0.03292901200314277 0.0124941533471318 0.2595273700753939
0.03288294682155554 0.012665596215844437 0.2595345861139823
0.03284200650462428 0.01284399932170786 0.25954463662978217
0.032868618659469086 0.012764490267199018 0.259571899640724
0.03281115252707927 0.012983454608401085 0.25957289277217577
0.03282391572167542 0.012936014356172696 0.25957615709939696
0.03284777889483668 0.012884034978957699 0.25963356375590135
0.0327824583354251 0.013118036522898498 0.2595956423667991
0.03281081538375145 0.013030690479468665 0.25964414254213236
0.03276046546590196 0.01324114130749934 0.25965065299939427
0.03278464613997928 0.013166704569716681 0.25969577076052497
0.03270996087811836 0.013382120397302345 0.25966647149967487
0.032734470604873805 0.013329344065150727 0.2597039788237462
0.03276573957919744 0.013245332451496025 0.25973732803986693
0.03271030663987092 0.013422404932877979 0.25976205229869986
0.032737852013362934 0.013355024894067362 0.2597945765814601
0.03267393123691507 0.013531292417136891 0.25981636859488755
0.032520879916700406 0.0139444713699647 0.2598724260941245
0.03254761767611063 0.01387187537268415 0.2598626319632007
0.03248983996734126 0.014040449440301727 0.25993666866691056
0.03252372057085725 0.013967844294343204 0.2599597471825852
0.03255181162196137 0.013907043066665414 0.25998881858538475
0.03244385876652008 0.014145055655476354 0.26000494173859967
0.032485992669543995 0.014071322024972988 0.26006349952244406
0.0323762872880127 0.014305139353136027 0.26005959671399914
0.03241534158687044 0.014233099206096772 0.26008731202304125
0.03244645968834028 0.014170542166410519 0.2601220918310712
0.032343207153994975 0.01438868520548563 0.26013823677623565
0.03236866656553949 0.014350132533238089 0.26017336223176846
0.032251227484806515 0.014567913863189959 0.2602154629020836
0.032293046786518745 0.01450536364734521 0.2602158405289793
0.03233017700317018 0.014434355547196116 0.260265812277244
0.032212349983423455 0.014649310222787128 0.26029663302608586
0.03223881535213741 0.014609371658264076 0.26030930169305083
0.03228515303318302 0.014531497514536227 0.2603229419736189
0.03219427307785456 0.014683694269944422 0.2604065770999877
0.03223192109278316 0.014624621003240702 0.26041859669369477
0.029440454394241443 0.021335493499984464 0.26522846268946637
0.03156150918297396 0.016470790625420617 0.2605455367548497
0.03152003750911502 0.016636029855967883 0.2605412504562729
0.03150571945368995 0.016731610108069356 0.2605916925180574
0.031522260585339024 0.016668804250739508 0.2606267863971367
0.03149049649947454 0.016851412983518402 0.2606348719992851
0.0315179205049284 0.01677253479695876 0.260662740901487
0.03147051135221918 0.016945304798906616 0.2606980285744952
0.031493237171180806 0.016897128310050597 0.2607522647632812
0.031467967005919494 0.016996028403220852 0.26078602544186713
0.031487681728239854 0.01691267218530449 0.2607880196230323
0.031441112415923504 0.017102303344510957 0.26086377101119385
0.03142243291346139 0.01719459785305592 0.26092198000087946
0.03136230081579679 0.01741950464934639 0.261042443845716
0.031382492810135984 0.01732555985432864 0.26106858496760643
0.031368461233700774 0.017448561969673957 0.2611364569676014
0.03134787793397216 0.017539453542898063 0.26119799587146825
0.03136211756103946 0.01749299091299848 0.26122393870176475
0.03131912260275299 0.01764149559666451 0.26125467975885786
0.031297904988216135 0.017762970576112654 0.2613491984718275
0.029461514699787507 0.021369899982225125 0.26532873419893
0.03124134796070927 0.01793587474800028 0.26136807389986083
0.031207260366689672 0.018047628709446838 0.2614575992735543
0.031234925707432665 0.017981893305754292 0.26147708088085336
0.02948787411058203 0.022883047509255117 0.26663363587177963
0.029424248905662455 0.02295553756735119 0.2666101275397212
0.0311783076799051 0.018152546695057198 0.26151990015896875
0.031203893925532744 0.01808402226023379 0.2615577289940925
0.031143769432452888 0.018256776319986383 0.2615792188352018
0.031183896473326096 0.018182483392911668 0.2616373326689891
0.03114320267542013 0.01829439331644729 0.2617157610995882
0.031070682277968817 0.018461080940999342 0.2617746085385697
0.031107097819840224 0.018390510427307258 0.26177353606132314
0.03107061169447769 0.018490069780826613 0.2618786634696563
0.03098767471882706 0.018657650733329208 0.2618894374860033
0.03103219759503468 0.01859155052736578 0.26194308370829156
0.029656312477354185 0.021818024695437078 0.26594339117006427
0.02962190647154663 0.02175571465666751 0.26585013473847413
0.03094550483419011 0.018774699096454905 0.2619924420840527
0.03100487277251473 0.018684598075403812 0.26202182945216623
0.0309011650450092 0.018847001403122482 0.26211935706364903
0.03093744907712843 0.018802554789931914 0.2621368822052763
0.030890167098631308 0.01889043971522667 0.2622582561634194
0.029525524418188617 0.021517474333358197 0.2656186706189223
0.03083696099022367 0.018994524459315976 0.2623364728098317
0.030878756224066262 0.018925214044838854 0.26232847687504834
0.029514030520160498 0.02152213731704711 0.26544075618782903
0.03493421031436631 0.00687313921223927 0.2586785913528727
0.034966197320559375 0.006767718664503959 0.25872109712248104
0.03495574756364828 0.006781417330942182 0.25867188844419853
0.034911440668193815 0.006945680266318726 0.2586416387239241
0.03492161991171622 0.006949578428339681 0.2587151939183985
0.03498304270871923 0.006687324667929402 0.2586941400693684
0.03489299725300737 0.007051170199464704 0.25867601136044077
0.03499834421206624 0.006606717427807983 0.258678132064017
0.03485688069054939 0.007171251082938094 0.258626769640929
0.03502586295781372 0.006486952028244894 0.258736809493238
0.035011706481125796 0.006501570239094097 0.25865015150699694
0.029437262625580905 0.022945867219691 0.26664106942185556
0.0295242815689755 0.022825980758519607 0.26664853188916077
0.02949888612888017 0.022851043796370023 0.2665707095687374
0.02956752343741858 0.022736361051645025 0.26658102119998295
0.02962721410182829 0.02259092715122443 0.2665036803983915
0.029648544768850444 0.02251267366259817 0.26642969121903265
0.029678125582200798 0.022396368069971737 0.26636342003596375
0.02969831217640347 0.02228859455541743 0.26632696243353143
0.029707293008904977 0.022193936734848083 0.2662880778832238
0.03502788752994602 0.0064171103373302325 0.258687603690553
0.029722053419706837 0.022097005335094778 0.26633975574516494
0.029712257060157208 0.022103809564325477 0.2662535315443618
0.02972011757426884 0.0220051493097177 0.2663138439002985
0.02971293050662986 0.02202272507053643 0.26622397949304855
0.02969840436629442 0.022024571246152026 0.26613558914865193
0.029714010782046097 0.021937288947742512 0.26628673512567974
0.029707825822997698 0.021940169050844758 0.26621237029334827
0.02969504694925054 0.021937196690905356 0.2661151259512911
0.029681866833177965 0.021853620450205304 0.26610236005802956
0.029668493130658655 0.02185079279176225 0.2659973623850617
0.03503291850777699 0.006344304175951753 0.2586681948799921
0.029648355002170047 0.021774913230477047 0.26597596701967235
0.029640723858702044 0.02179642480192836 0.2658928750264176
0.029616890843714886 0.021711257481863575 0.2659132596747982
0.029602907453116535 0.021708191287160516 0.2658239614534417
0.029575752401377615 0.02163423016980442 0.2657807970145538
0.029578450067059746 0.02165312969847736 0.26570481620503056
0.029545764638824253 0.021565070606275136 0.2656931511477404
0.029540183172183532 0.021562062907346042 0.2655902536046343
0.029522618910934485 0.0215311189211795 0.26551604709651744
0.02950307647577637 0.02147347579878823 0.26546942129819623
0.02949864502901241 0.02148196639983707 0.26540257287507796
0.02947542307106586 0.02141256429000017 0.26536135974950725
0.02946326253770515 0.021412929921497976 0.2652828649239326
0.02944863096141811 0.021336515311345644 0.2652894228375202
0.029434602739011353 0.021346907917625745 0.26516861478807474
0.029426527580363668 0.02133880042696685 0.265112633090101
0.03481060956844208 0.0073330356344962835 0.2586693186131381
0.02942207246083924 0.021276092820443297 0.2651647158856684
0.0294090586205403 0.021263139333408725 0.2650722447283581
0.029392468133719075 0.021237947862250466 0.2649771649422417
0.029382004337588547 0.021158627513732244 0.2649621681998795
0.029369067116931036 0.02114755599485643 0.2648713363184092
0.029341437533568333 0.021101477684939952 0.2647275879550153
0.029342364681069034 0.021028723203273925 0.26473678938398204
0.029326730100693404 0.020946295120651482 0.26469565771137255
0.02931312323651273 0.020931826346739027 0.26460063674458817
0.029304147857343255 0.020853784279255203 0.2645760599024068
0.02928998967170488 0.02075590256918128 0.26448026361274773
0.029262034766967135 0.02060086584181731 0.2643405268367387
0.03487897912111432 0.00580775542448312 0.258657041385858
0.029250287945817563 0.02043934337025468 0.26429615949319435
0.02924902314900175 0.020343225444169763 0.2643001581397331
0.029234478610903045 0.02026210313787463 0.26426559031173
0.035049023851397375 0.006230687424055409 0.258745044864998
0.029213875867112896 0.020187845692859738 0.2642410084951129
0.029189226934666607 0.020073895889711698 0.2642711304504241
0.035035794788708455 0.006136556808518716 0.2587125372348312
0.035023049121910836 0.006155380347256057 0.2586414543644103
0.03479691689802323 0.007402394764731945 0.25871786569162636
0.03779699776000364 -0.005073907328939292 0.2644030920171155
0.0378150931436256 -0.005084029160058769 0.2644922010605754
0.03787137542279687 -0.0050053340598011226 0.2643571431309796
0.03788877561041462 -0.005016628224884096 0.26444761031124925
0.0379421689156 -0.00493598484117361 0.26431415482381954
0.03795963398913709 -0.0049476111458102235 0.26440480794261223
0.037974818729610414 -0.004956822290964488 0.2644969950711156
0.038027704762084585 -0.0048756808769479226 0.2643635800832
0.03804374940829832 -0.004886389526785261 0.26445509830076647
0.038089993375021294 -0.004803621481836205 0.2643280969650372
0.038107223449889274 -0.004814936214137537 0.2644187900626411
0.03812058124819152 -0.004824831342795011 0.26451290774776653
0.03816459270641775 -0.0047431791931438075 0.2643884288877052
0.03817851554878809 -0.004753126696366673 0.2644821864588125
0.03823127773522867 -0.004679922152242386 0.2644553055399007
0.038281615352673874 -0.0046063293616336 0.26443142277539666
0.038329763746482504 -0.00453208553667506 0.26440877043933203
0.03837622139303662 -0.004457162990909914 0.2643872713646376
0.03841762378903138 -0.004381450537040165 0.26437038496671145
0.03842672431790874 -0.004389440810663954 0.2644650416178331
0.03845322299196967 -0.004305204112586185 0.2643580656603943
0.038516960958455686 -0.004151475476348414 0.264344169476432
0.03854553356521875 -0.004074747062598599 0.2643402417332892
0.03856833170151066 -0.003978174035652757 0.26426885762337576
0.038574096436677474 -0.003907214997370453 0.26417169945226027
0.03858911027753425 -0.0039046833458590176 0.26424858117910965
0.03859606220392693 -0.0038251075615789625 0.26415004099301453
0.0386148165844914 -0.0038183359236665746 0.26424453853599655
0.038625108898021794 -0.003740679054751282 0.26415866924874865
0.03863495059664214 -0.00366057829386707 0.2640628636222227
0.038647231059473514 -0.003663858985771019 0.2641351935682567
0.038648602398100605 -0.0035826205245809255 0.2639802516344432
0.038659038682630355 -0.003580432981824202 0.26403660736637796
0.03867830101317959 -0.0034831602739517067 0.26397200407679483
0.038682174665164375 -0.0035096657835129125 0.264059690190195
0.03869974089380933 -0.0034080838655375614 0.26397685943653637
0.03871674726912216 -0.0033342606379797176 0.2639623892751116
0.038718935086957264 -0.0032886623568946353 0.2639121169286854
0.03874079149633444 -0.0023176835466597804 0.2636161599444053
0.03873500053780219 -0.0022425345064976004 0.26361622674244584
0.038716696397322004 -0.0021421483560976297 0.2635667931572112
0.03869067346611374 -0.002024927801565037 0.26353150356035304
0.03870137034122395 -0.0020263015724790575 0.26359724539571194
0.03866146798209489 -0.0019304423055812301 0.2634630018607251
0.03867692548473208 -0.0019585717749651837 0.2635251111866303
0.038653303428132606 -0.0018444862288879136 0.2635014273436512
0.03866985390165228 -0.0018782255819392375 0.2635773547707244
0.03861555254128684 -0.0017548513295167424 0.2634130314412741
0.03502297131727897 0.006064142544679584 0.25871449283528325
0.03500334868685317 0.006059395478683307 0.25864496256389297
0.03848353061516411 -0.0014488215901497367 0.26322438707468476
0.03841227246076487 -0.0013295708486109085 0.2631145413001914
0.038430794972393864 -0.0013538524113189565 0.26318481174330527
0.036244678424185 0.000558412254177566 0.26092502351532
0.03626244120464646 0.0005486229041067736 0.26101652749750354
0.036272147671770776 0.0005425528205689614 0.2611143462379464
0.03626874373122434 0.0005414857027814875 0.26122509647653935
0.03625447728822362 0.0005466615839344153 0.26135556167403806
0.03632506459828826 0.0006246851779071747 0.2608738497652778
0.036345525859630405 0.0006136215970419522 0.2609630814057577
0.036357737524192676 0.0006054062474056635 0.2610595600271148
0.036357011309289124 0.0006030982432504268 0.2611671382810918
0.036344427219466534 0.0006069193835837481 0.261296956899055
0.03631272617468029 0.0005948708876542059 0.26138581083371915
0.03642321717971855 0.0006803697126966898 0.26091451544299066
0.03643888362330796 0.0006717408737348732 0.2610072395832317
0.03644174207376206 0.0006671932400840562 0.26111156857052276
0.03642906082335457 0.0006683818841185521 0.2612290876834936
0.036421234664635656 0.0006802663207149499 0.2613400765126904
0.036496255002066505 0.0007486876098427193 0.26087070284165015
0.0365142636928226 0.0007399358839488779 0.2609604432297211
0.036521311437855385 0.0007334216360562661 0.2610609832409821
0.03651094071195977 0.0007319020962722084 0.26117784613989875
0.03649313662240016 0.0007366414877835191 0.26129463298831535
0.03656336526233722 0.0008184230389876338 0.2608322072329608
0.03658275834185649 0.0008084893297443006 0.26092103220685564
0.0365919308339892 0.0008016683782013734 0.261018885122541
0.036586983524683696 0.0007983721644327924 0.26113311808190665
0.036570344507382065 0.0008039551577090114 0.26126896121124815
0.03664481838047737 0.0008788529908286802 0.2608871781804307
0.036654208234037845 0.0008717670734681954 0.26098462177090886
0.036652888168134855 0.0008673468968443471 0.26109419959195235
0.03664677770808138 0.0008771735748386038 0.2612290517509175
0.036683919658082216 0.0009575455317197134 0.2607696666686637
0.03670117403183896 0.0009493848487052588 0.2608596267705923
0.036710199368022466 0.0009425617042608036 0.26095698446883275
0.03671013377145875 0.0009376981518617649 0.2610622035372336
0.03673794912057111 0.001028893014043815 0.2607443420057999
0.036754476992062746 0.0010204448479644325 0.2608354463314593
0.03676284238440666 0.0010135501755954186 0.26093328679039046
0.03678826660978491 0.0011016126108049768 0.26072263621795144
0.036803752407744174 0.0010928221332532763 0.2608146952716397
0.03683552242165674 0.0011748423284234908 0.2607027906743246
0.03684985095047071 0.0011663675518567328 0.26079531196281636
0.036879172580768074 0.0012491832169209925 0.2606854180980347
0.036891794177955094 0.001241191121397608 0.26077918212681755
0.036919097324156394 0.0013252680095755386 0.26067073644648947
0.03693009687978952 0.0013159641159394512 0.2607638386845886
0.036959311863448585 0.0014093073641752592 0.2606662572045907
0.03696122947035445 0.0013866348337787649 0.26074823984024703
0.036982355993625995 0.0015046427412081689 0.2605534818116613
0.036982648421671 0.0014798616736779254 0.26063058553710894
0.03699511192729943 0.0015779270052199887 0.2604282174104759
0.0370083001575135 0.0015667221086840951 0.260552962298457
0.03700854444886998 0.001556497402917772 0.26062534923314645
0.03701029375536677 0.0016560447797411009 0.2603414807630861
0.03702736097489861 0.001644418217238499 0.2604700110757048
0.03703006874959261 0.0016419660887796142 0.26054447899377847
0.034755555413111976 0.007503407469204238 0.2586458811064631
0.0370426932169961 0.0017348887171808847 0.26036097710672057
0.037047957352277505 0.0017288857139785463 0.2604537271009647
0.03392303473085672 0.009963532623926274 0.2590353250991257
0.03704887235498712 0.0018927797376753575 0.2602873835030521
0.03397860638303455 0.009842445372590507 0.2590241892498911
0.03395307390972621 0.009874032378729783 0.258976217975675
0.03703903255800225 0.002059110733828017 0.2603095433386593
0.034010111553347204 0.009762095726498742 0.25897689169481164
0.03398968039845723 0.009777853559779955 0.2589239886930051
0.03702331645140164 0.0021755062776339824 0.2602809958278143
0.03704177834035003 0.0021528940601443273 0.2603684186559353
0.03468661131163865 0.007740308054944141 0.2586119045873933
0.034057721722942025 0.009641943338410085 0.258945364660575
0.03700517549720725 0.002260912470717464 0.26022918820613666
0.03702472718710755 0.002241438883096689 0.260309316958824
0.03700250871440026 0.002346509750183281 0.2602582052100744
0.034088525660341935 0.009552600278193853 0.25893353114749285
0.03407332506135735 0.009567002456784674 0.2588595359270908
0.03696066968768929 0.002467672152313069 0.2601157505444646
0.03697507102238255 0.0024708580320724526 0.2601986710312529
0.036988333638194336 0.002427245365553939 0.26025800489713885
0.03412618660256558 0.009453164279046853 0.2588984470071378
0.03410845200354253 0.009477751425783743 0.25881924550517715
0.036934924191447255 0.0025642778156242533 0.26007921095169906
0.0369487515859783 0.0025509153151494794 0.2601300755154105
0.03692867158655065 0.0026508734865994584 0.26009731130805924
0.03694006564599173 0.0026084713938530194 0.26013920619724834
0.034171868824758866 0.009337995163206183 0.2589393204536766
0.034149985143965035 0.00936045468203201 0.2588663142660689
0.036883380281704285 0.002767944524248699 0.2599371916654507
0.036911448131760345 0.0027251044989360655 0.26003246898921895
0.0368803069122158 0.002831280649100908 0.2599421387341467
0.03419202386111081 0.009253605078392327 0.25889821674344565
0.036847993057888107 0.0029357158115836503 0.25989548601551515
0.036793971137896155 0.0030758901461114853 0.25979237829562934
0.03682223828330512 0.003037272019756848 0.25988872386588185
0.03423344333155131 0.009150256266975076 0.25880441332801174
0.03422640560778394 0.009161035344464464 0.2587538385859694
0.036787820931464946 0.0031360958104236993 0.2598462140694751
0.03425610577338214 0.009076673414187964 0.25878348786730054
0.03423882605348715 0.009103360348884593 0.2587053034078674
0.0367301916974376 0.003242421740478664 0.2597617865556934
0.0366843428138816 0.003341344141642898 0.25972120480456595
0.03670443479935741 0.0033274503935552973 0.2598011470861427
0.03429115500221545 0.008966946132876321 0.2587474239491253
0.03664801879572899 0.0034454384696025113 0.2597114018921474
0.03660482942995137 0.0035331470446413765 0.25966837137218324
0.03661835208114766 0.0035320906882012116 0.25973430721157037
0.034314942177238045 0.008882570112750341 0.2587059641899346
0.036559746657143545 0.003635269192099177 0.25960008450965055
0.03657622608529148 0.003621999850280869 0.259694754745816
0.036484426702496284 0.003775008657011232 0.25951173169431324
0.036514550617815354 0.003737121026921415 0.2595630293025618
0.03436296767997417 0.00877784562959114 0.2587282655287728
0.03434779685192923 0.008797033285731969 0.25868387533359116
0.03644044507839186 0.0038577539485416595 0.259467419049722
0.0364576489635312 0.00386821988903468 0.25955789929356393
0.03438665620333017 0.00869866152708771 0.2586917323565598
0.03641031172223682 0.0039605480940097 0.2595098262496335
0.03633666975283603 0.004079534263857524 0.2593987908416426
0.03636214232288314 0.004045229551001004 0.25945603415348795
0.034413201941765705 0.008598229745340401 0.25863358350372523
0.036289073149396674 0.004185877720395987 0.2593715109517511
0.03623876349581951 0.004283669753438787 0.25932903610825175
0.03446297264041714 0.008490006602890163 0.2586661103633023
0.03444371604353 0.008506271550199049 0.25859274694486123
0.03448892131751521 0.008392718895233438 0.2586440627558184
0.03499705153589067 0.005976439611712548 0.25871627361650673
0.03451119224179345 0.00831077960308511 0.25860205936031244
0.03607309529086029 0.004662746363520279 0.2592191706011317
0.036008378156897565 0.004800060014575418 0.2591394314795817
0.036026740893675475 0.004788566220565866 0.2592235602178183
0.034551861398268054 0.00820186871394685 0.2586265627833132
0.03598357093793016 0.004869793701717061 0.2591867452626131
0.03593713404803696 0.004963231976519889 0.25922521091818934
0.03457107251263965 0.008121837767249005 0.2585775822192572
0.034594290530854895 0.008022917466154893 0.2585448231813957
0.03471786278567879 0.007613130053001156 0.25856968727113433
0.034726199924097784 0.007614149119950016 0.25863416400977335
0.03498240057414332 0.005933882462954757 0.25872615069145244
0.03495367975179872 0.005920246055016134 0.25864449674885087
0.03462534465786474 0.00793435405396204 0.2586020281760764
0.03492201481668371 0.005822742213579037 0.2588154743684073
0.034650145158243086 0.007833182483728565 0.25854974915774714
0.03492421831928513 0.005828219474865849 0.25877049196757007
0.029420308939313876 0.02297409702946743 0.2667030592223227
0.029464153124032527 0.022916955212442833 0.2666438712301833
0.02955534455330841 0.02276979267028754 0.2666277162088893
0.029585727117609824 0.022698796888575828 0.26656801417571113
0.02959982283317826 0.022645721258057354 0.2664930612855222
0.02971816311778913 0.021973366444417684 0.2662664479661565
0.030989382297931873 0.01871469129262326 0.2619882703032709
0.031050286799295918 0.01855256667184051 0.2619601209791287
0.03128440478756961 0.017845797243789343 0.2614145974282723
0.029180707128373676 0.020034148678680162 0.2643275200267299
0.02915028352848914 0.0199813091304086 0.2643027428011282
0.03137218106391475 0.017461839168521252 0.2611999742963703
0.03137523875194291 0.017413393515107 0.2611321953423419
0.02912193809567775 0.019921213276201426 0.26430528831597816
0.031396486555865 0.0173200858822322 0.26116057494374484
0.03140428727811348 0.01724944905757194 0.2610895808310712
0.03140936779705873 0.017216462241118616 0.26100305986501365
0.029103115615275628 0.019862630594448448 0.264356632642151
0.029069178072839364 0.01981714851700093 0.26429322604908345
0.03151665649528383 0.01681580345124273 0.26070510193471413
0.03150804243041304 0.016770112128489376 0.2606250659970896
0.03152687664929701 0.01667808429891134 0.2606578894381369
0.03152329898567101 0.01664145306157746 0.26059390139179717
0.031530649631990496 0.016594720789008 0.260512655239278
0.03154655839921215 0.01654455009631691 0.26055292754763487
0.031573932885733784 0.016375334838157403 0.26052180758951043
0.03157454289850945 0.016321363374411216 0.2604476775012499
0.03160738776274092 0.016282905176252277 0.2605551121613368
0.0316102928681094 0.016254880878290266 0.26047683049051573
0.03159029790033658 0.0162069777704757 0.2604155778528137
0.03161895663305235 0.01614487003228732 0.2605204588372496
0.03160802890609785 0.016070698366761792 0.26054842459518285
0.0315873166718364 0.016048300235053818 0.260511179633807
0.031526660987493946 0.01598650134827154 0.2603562480232511
0.03147139123042318 0.015888129860457297 0.26032960678194095
0.032165580376578136 0.014746491172945377 0.26058122400539097
0.03220196719082254 0.01468795238041347 0.26051364123600373
0.03221869522492324 0.014645343028904297 0.26044135946970626
0.032260091008873656 0.01457651299114372 0.2603461162611661
0.032299421412002226 0.014504712759475522 0.26027750387218185
0.032316599087601434 0.014451470612928691 0.26018850449863296
0.032369096668815676 0.014350883335334224 0.2602206308842495
0.03245300974443724 0.014143333019202488 0.26008497396915364
0.03246945282814986 0.014096790713914358 0.25999972124769277
0.03251879890609935 0.013990700719377316 0.26003252537472177
0.03253542227597085 0.013941370214723699 0.2599727559721421
0.03257313951145463 0.013854380432124792 0.2600005309315634
0.0325784882740194 0.013826332577693086 0.25994767011998426
0.03259007360880622 0.013763952437316719 0.2598642450350009
0.03262327597049982 0.013713257687712829 0.259976749439095
0.032634131837882434 0.013670537150839419 0.2598971560727091
0.032680893374502966 0.013526380444164387 0.2598509100911163
0.03269394305208324 0.013471969845103744 0.25977059240237393
0.03272761956609471 0.013391563048129216 0.2598065606926353
0.03273534062131831 0.013341307319914297 0.2597503367174305
0.032739136008387015 0.013304304370770327 0.25965293027415465
0.032764890753294376 0.013257168503192284 0.2597704766186424
0.032773232511278005 0.013214153016403371 0.2597102206424238
0.03277509516511616 0.013182788442790373 0.25962980440996564
0.032803208698177155 0.013069087132262007 0.2596570769995559
0.032799401269133256 0.013041614823623409 0.2595909487352347
0.03282126392399461 0.013004157074645903 0.25967646636361585
0.032829536492883164 0.0129378788378246 0.2596085030549278
0.03282728581471903 0.012895728087933283 0.25954117492015927
0.032855012213070425 0.012823332628055744 0.25957994768925796
0.03288215952580856 0.012741602194318764 0.25961835614681966
0.03287575411106466 0.012691820877289095 0.2595300047770694
0.032910183279258445 0.012585762162603037 0.25956526770968474
0.03291352834198825 0.01253332869636654 0.2595113242052216
0.03294189549789875 0.01241008068893449 0.25946909967290255
0.032966289040273315 0.012337234021257078 0.2594938166751222
0.03297744506447073 0.012253627600596421 0.2594288647332851
0.033008436201703066 0.01218165498700811 0.25946506519193296
0.03300275460533184 0.012146766924058455 0.25938172823838723
0.033036047053095555 0.012058108786983117 0.2594224148842582
0.0330389161571482 0.01201247370511557 0.259346954027883
0.033064408847155474 0.011943326876485609 0.2593989512494108
0.033071232138073996 0.011871738438427743 0.2593185596924072
0.03309402278472721 0.01180558508596195 0.25936987753026747
0.03309083394766599 0.011742604674394133 0.25927800590038663
0.033117314021322036 0.01166971644742254 0.25932645499396023
0.03311373718246584 0.011635712813821983 0.259261481555343
0.03313501012035382 0.011540810986246852 0.2592950342323825
0.03314736929405019 0.011473519979448349 0.25931198584969756
0.03317253644284066 0.011361744256745658 0.2593708212517616
0.03315730679556464 0.0113641404085752 0.259287051340694
0.03318707567676789 0.011278891222781551 0.2593999445266418
0.03317867234174536 0.011247866505432549 0.2593202365811538
0.03318918863421401 0.011178756372872554 0.25936027579406135
0.03317074147375595 0.011128676297143874 0.25928969110389377
0.03314317305235167 0.011028518751917514 0.25925993729110436
0.03311470380042902 0.010994640444918906 0.2592012513770374
0.03313520039510036 0.01097645657737023 0.25931574609074876
0.03308636309174866 0.010911491017272984 0.25923857446123
0.03304688169113535 0.010866878613567861 0.2591880230384877
0.03303864166360288 0.010811477501500598 0.25924186051640014
0.03300147732991933 0.010791950576146037 0.2591509593839097
0.03588686250899847 0.005065881030433611 0.2592590700985295
0.035900242442196674 0.005030833512303419 0.25922795370477114
0.03596144077057805 0.004920837548739765 0.2592312960995759
0.036009534143386986 0.004816268608456774 0.2591811512252619
0.036048339827019896 0.004735347437526314 0.25922969649602046
0.03609250591620923 0.004616938406684805 0.259250221129535
0.036135252413967874 0.0045152822283928435 0.25927531499620465
0.03621398021550157 0.004351526243778359 0.2593414666165068
0.03621381329554202 0.004326872720731073 0.2592903777983655
0.03626117642859725 0.004222878206817657 0.25931775947295105
0.036298232802099734 0.004152031105890871 0.2593519349549974
0.03633677627906892 0.004094785234015753 0.25944457392215703
0.036434566304970516 0.003914574540746576 0.25953350334229247
0.036421048368114536 0.0038964284036279695 0.2594495948231133
0.03647186984642588 0.003844019611196671 0.25957520660248984
0.03651141478192759 0.003763522505516103 0.25960187518987693
0.03655120482258921 0.003665763249311624 0.2596154870593475
0.03658452346159185 0.0035876354365856882 0.2596532320758884
0.036623737793736275 0.0035001684803567133 0.2597026957698721
0.036669372752197185 0.00340109043247691 0.2597326674781083
0.03670113153705607 0.0033199796248363006 0.2597659865262366
0.036736915162830355 0.003245857159915739 0.25980415959554654
0.03677301123202105 0.0031731678917763045 0.25983664663582934
0.03680597709115615 0.0030841995135699567 0.25985856120428985
0.03683242179838389 0.003004293354113128 0.2598962941850958
0.03685751610055546 0.0029170258677413898 0.2599278774689795
0.036886504669491144 0.0028375025975802943 0.2599783523595089
0.03690137356066442 0.0027778660930031602 0.2600102606279842
0.03691915013674725 0.0026825257300026975 0.26005764050795144
0.036935833742801065 0.0025943442106029216 0.2600990461201965
0.036956146341729314 0.0025119942114281155 0.2601253704466018
0.036972960512980074 0.002451362587326763 0.2601624587076014
0.03699593720545286 0.0023958067278296346 0.2602799724828729
0.036991409638510685 0.002379063438857995 0.2602179039400191
0.03701294235738638 0.0023216456917175272 0.2603100813143099
0.037009479736485856 0.002295170648669302 0.2602597666539006
0.037020630342835335 0.0022205619712983215 0.2602751367332428
0.03703602024179966 0.002139857684321876 0.2603314597922285
0.03702450588461492 0.0016163760085635163 0.2606069919878498
0.03701350001702958 0.0015603340834469124 0.2606904399231624
0.03699744893703439 0.0014917688777300554 0.26071720507206875
0.036361056579094754 0.0006394793180521205 0.2614117702818367
0.037130969342536985 -5.3682440165872655e-05 0.2625323614436049
0.037261153422791446 -0.00018052130407611325 0.2625096285676262
0.03733579079274895 -0.00025007208523682183 0.2626279607984248
0.0373488940349486 -0.00028914614539160696 0.2625650509902318
0.03775935519465901 -0.0006640489856532942 0.2627189620130108
0.0378530062749733 -0.0007397889131731332 0.2627705679829685
0.03797596601616186 -0.0008478469675885067 0.2627856078474222
0.0381640214676583 -0.0010235907867278398 0.26291092655551024
0.038254230234138736 -0.0010848798474189605 0.26303160837887085
0.03831207539396713 -0.001164915555032516 0.2630406943896147
0.03835983512416648 -0.0012279365720665166 0.2631340407992044
0.0384073333375658 -0.0013031156389212992 0.2631748832933828
0.03845284722206106 -0.0014023924090063534 0.2631885079452913
0.03848963984020682 -0.001443222974357164 0.2632975129597775
0.03849248756085761 -0.0014668542396504211 0.26323855070331
0.03852301018415017 -0.0015067197409307808 0.2633629181627799
0.03855795851126036 -0.0015794272742582184 0.2633913823987548
0.038588178872232606 -0.0016608923489377118 0.2634250529391452
0.038619109262612986 -0.0017424527774175962 0.26345085344993646
0.038650663399434904 -0.0018014248265442734 0.26355836388092446
0.03864702467446467 -0.0018123222832173427 0.26351128770628535
0.038666988658145364 -0.0019064096320952442 0.26352340724162004
0.038689762010891554 -0.001991015093470861 0.2635636517792633
0.038711673165187574 -0.002077319475098939 0.2636095098170453
0.038723337906657766 -0.0021401352817551032 0.2636149143374276
0.03152382409704196 0.016620988917223047 0.2605199187448191
0.03142586048762894 0.01711890897319747 0.26082410156351404
0.03145157174444347 0.01704069970020574 0.2607842518785575
0.03147309453609956 0.01696803161837339 0.2607559066475278
0.031497092753780896 0.01688597376550176 0.2607350357436131
0.03152031949136202 0.01680134480359363 0.2607188695731423
0.03152417130051229 0.016729220414335125 0.26066608497273314
0.031529739236585946 0.016646750953379127 0.2606434094639736
0.03154547190237458 0.01657415861720532 0.2606098321583042
0.03140148263820198 0.017254852540855296 0.26094621082143404
0.031430927355304526 0.017154323655697412 0.2609315077542824
0.03246817616404177 0.014078301694269827 0.25993542850719004
0.03250744973217509 0.013991278172959086 0.259910466734722
0.03253984078180292 0.01390627958539858 0.2598828236412494
0.03132875213913112 0.01759379011050209 0.26118715744018356
0.03134808447372534 0.017521310712480295 0.2611519249821153
0.03136843180292188 0.01743353232512529 0.2611229824613554
0.031382611485858476 0.0173571408053534 0.2611177344523285
0.03140972663187705 0.017219022140470674 0.2610414459960102
0.032396616778667515 0.014276891781233102 0.2600908574032319
0.03242800380152986 0.014193127659557091 0.26004929767854945
0.03246435875927893 0.01411647085074102 0.2600517641759042
0.03250370972735728 0.014029732659834074 0.2600350064448675
0.032533033632489716 0.013952787139976556 0.26000455466394046
0.03256310955387724 0.013873659515368737 0.25996147635180283
0.032593425929485983 0.013780495120909958 0.2599372899367093
0.03261682291749729 0.013721821337711193 0.25992266940945685
0.03264695114439039 0.013624047228269983 0.2598854046906566
0.0312819804411733 0.017802645882780074 0.2613309194061422
0.03130624501023553 0.017724415673124962 0.26133429645893236
0.031386401205434886 0.017417854361278514 0.26122531180427794
0.03234266712314553 0.014402636054882982 0.26022565044946694
0.0323850943813513 0.014321557982376968 0.2601918383788435
0.0324167455662269 0.014246656421541942 0.2601668511564998
0.0312017650740112 0.018081165535691713 0.2615322404689078
0.031227905867458446 0.018003425481755462 0.26150134414822174
0.031147498343633104 0.018282523367390897 0.26169741198124413
0.033907077785221895 0.009986113621506823 0.2589950543885003
0.033937657942317505 0.009914015034941388 0.25898283844779696
0.03397080990329983 0.00982687300525714 0.2589560370607893
0.0340193611143032 0.009729127524819546 0.2589459706679826
0.03404390328635676 0.00965408810772072 0.258897754732107
0.034071447538141196 0.00958290852309041 0.2588877407256409
0.03411433300524917 0.009480118425013813 0.25885938016767196
0.03413134587858405 0.009412400374969272 0.2588536839900889
0.034212506138828765 0.009190603042592161 0.2587626774314932
0.03423841247918235 0.0091240675274418 0.25874712372604525
0.03426835142462743 0.009023387491915289 0.25872041523129147
0.03215032609547482 0.01477352237432042 0.2606278384404969
0.03220112938463455 0.014698653285240296 0.260588958902037
0.03373670393113674 0.01026026989835675 0.2591621343840353
0.03380875317345403 0.0101725970016931 0.2591841216615409
0.033859948639772375 0.010099935071733202 0.2591460818526171
0.03390003239682257 0.01002890098014107 0.2591046746026189
0.03393858304552535 0.009945649676578735 0.25908491298983627
0.03411861744008675 0.009485963518958888 0.2589590071148042
0.03415024861958549 0.009392916663775478 0.25892093722481235
0.03417244072610007 0.009305049254842383 0.2588737189449216
0.0342118408788426 0.009203525518353238 0.2588640180844878
0.03431577658236534 0.008912909648456997 0.2587740233446545
0.034344022813380254 0.00882274071358777 0.25873586744055055
0.034402721647729416 0.008650378702307634 0.25870099102425625
0.03442566617795109 0.008574111749485799 0.2586788694727694
0.034441183434925624 0.00853564748031453 0.25864490740520724
0.03446823762055843 0.008451248525623825 0.2586103585298731
0.03448910354793106 0.00836378473100948 0.2585807294325776
0.03451531102877649 0.008276546096436996 0.2585677767770324
0.03454343905452531 0.008186541984238238 0.258548217417258
0.031030404158744113 0.018609386609112107 0.26199669248625007
0.032073382856763234 0.014908102732967419 0.2607412866528364
0.03213143363529031 0.014817763854386523 0.26071617462724805
0.0321857054206506 0.014737689717106463 0.2607222424236073
0.03457063483026084 0.00814878967608972 0.2586383313002706
0.03458767529241213 0.008080072618350241 0.2586089837565012
0.034600311484651855 0.008012607983159885 0.2585752334358463
0.03461547092116767 0.007950616650203314 0.2585579475739126
0.03098437197435665 0.0187242631078257 0.26212976695203466
0.03464094144053118 0.007894252170727773 0.25862875134638824
0.034656095933758756 0.007836063184626303 0.25859528772088974
0.034671723744415586 0.007788716708297337 0.2586023456322876
0.034710933174211936 0.00766415595782401 0.2586375954983379
0.03473678797797455 0.007565518376353697 0.25861734442320394
0.03475205311347867 0.007535797286444606 0.2587082489750847
0.034774486452250966 0.0074511176411342 0.25867946221629473
0.03479291714984455 0.007383792886809339 0.2586514954102328
0.034816523910359186 0.007344398368128258 0.2587297168328477
0.03483505648817909 0.007269037411078529 0.25870358100089413
0.03485730978880198 0.007194126801080534 0.25867856949511936
0.03487784378880252 0.007104875823164139 0.2586457895883939
0.034909490417200414 0.006998032818384063 0.25870760083284505
0.03492295825421326 0.006921516900707176 0.25867907239425714
0.03493740301362432 0.0068374423031861255 0.2586391491945203
0.03497554168020334 0.006725479980025879 0.25871469417187914
0.03498393941274942 0.006661913780629584 0.2586642030550129
0.03501735127507664 0.0065353156578498 0.2587283699441729
0.03502187110334085 0.006465815206810851 0.25869100693896924
0.035037437732925183 0.006444842558897101 0.25877225583116403
0.035040470328215126 0.0063675123235392385 0.258735259180433
0.03504376266558013 0.006293482020203251 0.2587169342083279
0.03503838316988203 0.006209830521803909 0.25868081303390655
0.03501971678263955 0.006128815907538089 0.2586396146205552
0.03600283737548159 0.004844507858078054 0.2592264952323682
0.036302864607616274 0.004162196887097954 0.25939597058000846
0.036511325800738924 0.003760333811967947 0.2595777348581517
0.03656787250909922 0.0036355359905975546 0.2596406294211507
0.03660960555800189 0.003540751741538967 0.25970478242388373
0.03666278229060523 0.0034362987041119874 0.2597659407755777
0.029202280789883454 0.023210232679463604 0.266536784621566
0.029260483359051074 0.023156567423977165 0.2666204473211152
0.029400791333259204 0.022982640492544067 0.26659967150113417
0.029455048460427177 0.022915001033070106 0.26659088277121706
0.02956726582776804 0.02272134864625983 0.26653539483784633
0.029308478041681373 0.02310501289538604 0.2667244587032854
0.02938195260794371 0.023021502618461188 0.2666904161026138
0.029448481103003674 0.022938263596589084 0.2666768985479968
0.03685483123923162 0.00020451864984192338 0.2624964698467933
0.03695128435830397 0.0001103059571698316 0.2625056653000548
0.03703736328191298 2.6000727196256616e-05 0.26248711071815667
0.03719571165521534 -0.00010314513604624915 0.2625657107339318
0.037260389605732976 -0.00016947962062087093 0.2625661340223185
0.03730992012518696 -0.00023940555532214698 0.2625665615720495
0.03737731725564164 -0.00029529624719848576 0.2626388756119592
0.03743850739385254 -0.0003642334492996455 0.262631149671745
0.03752092047435865 -0.00045401940063805296 0.2626300911804863
0.03765186108368497 -0.0005676990944620285 0.2627052088870629
0.03774429799707881 -0.000660518526458853 0.2626869546879288
0.03779401436206119 -0.0006879308403950155 0.26277149442709097
0.037905939900968896 -0.0007871942391257832 0.26277643158342207
0.03794804297218831 -0.0008372282405144072 0.26273938887025294
0.038028239628658374 -0.0008862403444455575 0.26285301464047806
0.03809278691786235 -0.0009648345985108194 0.26284317498680826
0.038091622518514695 -0.000937385878143917 0.26290584332829237
0.03815007196092986 -0.0009998913515267681 0.26292602695726597
0.03826767701055043 -0.0011162239861355805 0.26299218602262153
0.038314042743188004 -0.0011524657986400843 0.26311540458438626
0.03835083027324826 -0.0012268025302871839 0.2630734721141503
0.03838755137332593 -0.0012725639552244082 0.26314219611066375
0.03842171440430094 -0.001343723128452243 0.2631372058821984
0.03840873453534961 -0.0012987051879258516 0.2632385396408022
0.03844701529469505 -0.001372838816365273 0.2632388526876703
0.038483384794423064 -0.0014569729211273642 0.2632105162657824
0.03846845859368766 -0.0013988553247828643 0.26330768092256024
0.0385115264394725 -0.0014969960169307398 0.2632811221310928
0.03853249607203939 -0.0015223701840986383 0.2633917463375331
0.03856055189125287 -0.0016037624138169116 0.26334623341025143
0.038581608598902487 -0.0016336939584941218 0.2634550670502539
0.038602961270106845 -0.0017094928187798921 0.26342007544537765
0.038624562707261195 -0.001731089543570124 0.2635097467199933
0.03865956655125435 -0.001848805712182897 0.26354231042759585
0.035951689108043555 0.004937186773117774 0.2592284772629276
0.03586015977384462 0.005113196312443478 0.259273909455781
0.03576012095340351 0.00526287678666555 0.25926297905133194
0.03581456536670088 0.005200259082458847 0.25930133209267936
0.03562094817337377 0.005404983427929422 0.25926960215539957
0.03828747970673193 -0.0011184478815888428 0.2630734668673081
0.038339088479468854 -0.0011960112231242273 0.2631152035852727
0.03838133369907281 -0.0012519276889733626 0.26318596842659625
0.03709379689584107 -2.750886237572829e-05 0.262487874421539
0.03695318946458847 0.00010161599372501648 0.26247959273007465
0.0370308160375596 4.235416194354864e-05 0.2625309496513479
0.03707535963122546 4.32050262624584e-06 0.262563104716614
0.03391150921453277 0.009972715321084975 0.25895930094279124
0.036879683363861666 0.00018711942285589407 0.26250571309306603
0.033902147527979244 0.01001022374974245 0.25905611291108305
0.03669783052017109 0.00031471797183764145 0.2624975023903317
0.03379197069557414 0.010178894314976712 0.2590817267066768
0.03384795507837423 0.010109167529328686 0.2591113197049312
0.036472670042387585 0.00041336859634810545 0.2624616879668685
0.03366174691664531 0.010317309723607617 0.259075560268886
0.03378223985807576 0.010204741610435325 0.25915895171246545
0.03349591302063735 0.010420407481411162 0.2590385643208551
0.03357944834920273 0.010392742486338598 0.2591210689790817
0.033655103003985186 0.010334027697779186 0.25914322939230405
0.03244186054036969 0.014172282271720878 0.2600814062209437
0.03240261910752538 0.014276326944746056 0.26014212773001094
0.03242833690249888 0.014215210081093504 0.2601467644744485
0.03231402871816717 0.014442114651940603 0.26014096994914565
0.0323545461301319 0.014377446416800164 0.2601867684828722
0.03231310493343218 0.014473774299726513 0.26025808802428285
0.03225465748027809 0.014586891995626438 0.2603955553836599
0.03219492809815906 0.014686639619112374 0.2604531702708036
0.03224328293638814 0.014607543457993371 0.2604828934724494
0.032178450087128406 0.014724873382765917 0.26053378313062986
0.03222615613795835 0.014648294498152744 0.2605460026128449
0.032176922149827925 0.014735594342772987 0.2606118965643279
0.03216942444135485 0.014758874745159902 0.2606742200569481
0.032101949817045984 0.014857801645253943 0.2607158988298686
0.03191391865436625 0.015065724121563023 0.26067401753205216
0.03198754648296926 0.01501861511117887 0.26071184522291235
0.032042988336378996 0.014959425551567098 0.2607699257663282
0.03188077919194402 0.015093845875673806 0.2607396200287736
0.03196082467327918 0.015053417260796374 0.2607950148608152
0.031465900203693005 0.017016254679172046 0.26081332130583423
0.03143296894365331 0.0171226212164315 0.2608639913291579
0.03141676221516207 0.017221286263950274 0.2609407029922199
0.031379640166086215 0.01734945024048233 0.26108250106516834
0.03139828716607408 0.017287018620654893 0.2611196954120125
0.03133549109283565 0.017545533350523453 0.261119171840831
0.03136370268375393 0.017472806336573055 0.26115012103273816
0.031388506279970634 0.017380626511868072 0.26117324066361947
0.0313140249333123 0.017632306598111706 0.26118554043956804
0.0313470401289279 0.01755623301308883 0.26123836721232807
0.03131363119352942 0.017666869205228378 0.26128544634809336
0.031263905001626936 0.017890856407787318 0.2613879030034591
0.031233952196565266 0.017980169135329023 0.2614431336495533
0.03118119138468476 0.018177567982253146 0.26158162350247666
0.03119976189961722 0.01811361136084055 0.2615967780348889
0.031144942208670333 0.01827513720088032 0.26164256384801854
0.031172082672556334 0.01822213388165617 0.2616639486971243
0.031090642371204437 0.01838568948104592 0.2616788800441487
0.03112847770577022 0.018325526708180603 0.26171711301969924
0.0310909890079872 0.01842744087236739 0.2617843154123401
0.031055240524350207 0.01850260678535206 0.26181856192519665
0.03101700977135046 0.01859941677553149 0.26188378920726885
0.031059603075448444 0.0185258288434453 0.26193277599729736
0.03097404972134081 0.018708748768803147 0.26193424395779263
0.03101990418725041 0.018637639875307963 0.26198763480178344
0.030975963567779763 0.0187422982029234 0.26203167246318004
0.03091981592396348 0.018819165027888884 0.2620904811718344
0.030966293159937024 0.01875975992442724 0.26214963189050267
0.03089898236641093 0.018855780601284365 0.26216307067358663
0.030943921217145846 0.018797522444314627 0.26220105829974444
0.027993602406741456 0.023863327252429054 0.2671698946741542
0.028041974819565378 0.023847343416309476 0.2670728451097013
0.03090135818941122 0.01887386582684913 0.262264165707497
0.028201072639151954 0.023803006777436294 0.26708557049992065
0.02808691621088618 0.023833221045651706 0.26701658048410815
0.028261280901139482 0.02378144510881205 0.26704906568469605
0.028113890731903544 0.023820589792324827 0.26694871017281313
0.03085669179326694 0.018958740646219416 0.26231450764123365
0.028289820523953624 0.02376868699274547 0.266959476962727
0.02835279035432609 0.023741141275931 0.26687952485176025
0.02837401295478441 0.023729323805020866 0.2668087068349066
0.03079452094790616 0.01910161169299039 0.26245728998531614
0.028545051097368407 0.023662334541192456 0.26679455026706184
0.028404959448245715 0.023711028251578357 0.26673223065125
0.03069022561064632 0.0192486946002796 0.26246191167431476
0.030738584792656308 0.01919784610630632 0.2624858350326904
0.02865655717731171 0.023616317172507357 0.26679919071046454
0.028540149461148724 0.023656025008164373 0.26672805249074316
0.0287021317449785 0.023588998153962645 0.2667277882160563
0.030613403664073544 0.019329957341420862 0.26250165079391985
0.030676306986970294 0.019285015263550767 0.26254668728362834
0.030742184393213665 0.01921509520665193 0.26258425113713013
0.02879822273581214 0.023536425500557314 0.2666945115726778
0.028913379209711737 0.023466512015575074 0.2666463942313481
0.030611670050795254 0.01934706871943199 0.262585632059852
0.028942605882102443 0.023435638776175383 0.2665805712740313
0.02936916571703275 0.023039133134075202 0.2667455557293809
0.029315153059864697 0.023096552371819404 0.2666690840071397
0.0292491007330232 0.02316987413612491 0.26665533066580177
0.029189552979196193 0.023230010091837127 0.2665788265636585
0.029108012503458708 0.02329911971525181 0.2665348570211549
0.029370627080116472 0.023029108850153107 0.2666493374590276
0.02928052703836446 0.02312970447517017 0.2665685645792738
0.029220860316275275 0.02318411768439142 0.2665077310807933
0.030434474359405578 0.019478805992552414 0.2626936557448647
0.030480723564276117 0.019449932808344325 0.2626988281604055
0.027568486681583924 0.02392084855554893 0.2671407373198306
0.0275226660248605 0.02392225214266248 0.26706298582685045
0.02747522075832774 0.023920306735431527 0.26698448075584014
0.027426733392233338 0.023916996575614368 0.2669056536927765
0.027376130491306938 0.02391182185267637 0.26682616874162013
0.027659860633383597 0.023912636476408938 0.26711838832458024
0.02761404087746182 0.023914860171908837 0.26704050147494823
0.02756636942988024 0.023914619149355443 0.266961844039231
0.027519156209499473 0.023912203742987675 0.2668833682153528
0.02747086032141475 0.023908151970230964 0.2668047603472248
0.02779132750464977 0.02389901429961286 0.2671723152210125
0.02774839748350249 0.023901972072630458 0.2670950528416609
0.02770396005411263 0.023904038488930867 0.26701773751334307
0.027656453513435014 0.023904781998278533 0.26693913010410775
0.027919191989054674 0.023878495564397657 0.2672052740276207
0.027875004902356018 0.023884433687798214 0.2671455333433296
0.027832382871268508 0.023888505614793085 0.26707002783706335
0.027789971781419724 0.023890552125266234 0.2669937327792108
0.027744439558433902 0.023891623715553936 0.26691585928587563
0.027966054159959848 0.023865561663638714 0.267113247615927
0.027916167727809794 0.023870662370940997 0.2670445941377024
0.028039753781277838 0.023850504789720672 0.26711510655793835
0.02800758615618915 0.023850250432570465 0.2670175799354264
0.028121499139081133 0.023826830466185115 0.2670751707671894
0.028067730733143056 0.023835234673896533 0.2669816956902136
0.02820419088241121 0.02379881543637384 0.26702474050058583
0.02815489824791074 0.0238116497798615 0.26697966587677985
0.028266695530583755 0.023777468981889763 0.2669959520960141
0.028229693130839416 0.02378520586448697 0.2669343116120702
0.0282985934575326 0.023762934477987534 0.26691750353291266
0.028266096102669894 0.023766848309690263 0.2668474995298248
0.028322011669736743 0.02374577063979578 0.2667988288148987
0.028408727914924846 0.023714055666488255 0.2667744236496959
0.03691100350264044 0.00015148620137913016 0.2625102434169031
0.028969699622827208 0.019656238865702814 0.26301608183361574
0.02908937263694491 0.019673903563665232 0.2629906000315233
0.02919808395984492 0.019692054230633006 0.262990666829388
0.02930347681043793 0.019705825449018072 0.26296048456492577
0.029405157391290015 0.01971670848390774 0.2629650056742111
0.02950651264078373 0.019713419819988483 0.2629396573825588
0.029589093050518087 0.0197076890269925 0.2629059606061589
0.029694922631968098 0.019694645651607477 0.2628886555823601
0.029641992842165923 0.019688671351667356 0.2628288288016367
0.029791228973204804 0.019683826775975473 0.26288190011289736
0.03582666767500513 0.005157615632417082 0.2592513142388444
0.029873088477964244 0.019672786828565395 0.26285002865165497
0.029846260505276855 0.019666999237650647 0.2627814326986192
0.02995915165927859 0.019655009809124258 0.2628283987070909
0.02989657249499563 0.01965259319161861 0.26274834457192314
0.03004084456215439 0.01963322556388067 0.2628070872083427
0.029993305049731654 0.019631205572621362 0.26272214099186475
0.030114526700677345 0.01961411939162639 0.2627965856253921
0.030076423571900317 0.01960843855485642 0.2626804817987066
0.03018875602396105 0.01959186750342925 0.26275617834465576
0.030151251482422776 0.019592424021805648 0.26268611840566564
0.030257442032555842 0.01956677987499202 0.262726613473225
0.030354086250921244 0.019523460349080358 0.26269585289242214
0.030309938870748763 0.019530697670759233 0.2626333566669456
0.030397796608771628 0.0194951153190743 0.26266503414503445
0.03046419159893379 0.019450151045533416 0.2626248568132875
0.03578414252667621 0.005246393688789674 0.25930533686527363
0.030533015999473646 0.019402062393912362 0.26257667218943714
0.030620343410339555 0.019342470967996784 0.26262926167383094
0.0305783323438507 0.019364878973447793 0.26254039311592564
0.030658167818780654 0.019306864870496706 0.26259305150748374
0.030643212705842762 0.019307269395455382 0.26250755946015425
0.030715246362669608 0.019240780286279825 0.26253448323487466
0.03571862248304581 0.0053115354099339375 0.2592625096478876
0.03562247348312813 0.005385292435356715 0.2592126498442818
0.03566741461269087 0.00536772612438081 0.2592907782846369
0.035527235516482986 0.0054405265967759865 0.25918139248480265
0.03556584287319779 0.005440163507601917 0.25927334884550574
0.031189130008456675 0.018158145486323506 0.26160824206375394
0.03116858021914947 0.018198865591479048 0.2615581897651499
0.031194803859132196 0.01809485316352483 0.2615062651492425
0.031224077109331845 0.018009938744238726 0.26146558256795704
0.031249483138123944 0.01793788383453619 0.2614231675860665
0.03127655315857566 0.017841674371317114 0.2613636041822028
0.03543505347849056 0.005484331621494574 0.2591591684599429
0.03547881289286955 0.0054832088011409815 0.2592392744910995
0.03129149473929467 0.017760401816497712 0.26131006160196285
0.03534765680012481 0.005523253638220853 0.2591744033614718
0.03540350828270592 0.005516610354991214 0.2592521867483961
0.035275820285648074 0.005548485688184559 0.2591856669773414
0.035329785603820614 0.005543706008478761 0.2592800868412284
0.035236477371624005 0.005565464437289192 0.25923237819756667
0.03524511274404321 0.005566689030677981 0.25930084825755073
0.03114173371707666 0.015278018422659587 0.26062719863794953
0.03117855790228323 0.01527535730497007 0.2606113668807345
0.03133276444836023 0.01524668663805798 0.2606682400009742
0.03128401058870182 0.015248569599711078 0.2606083139847224
0.03139433628029105 0.015240713408461441 0.26065550304525986
0.03137201001800921 0.015235800800607888 0.2605910386667505
0.031481183478310686 0.015228550908937393 0.26063328813581893
0.031460262878402215 0.015219752756035194 0.2605427363666204
0.03159599893131794 0.015201560861576488 0.26066185903874817
0.03155905258744371 0.015208924984869523 0.26059420073059286
0.03154816308576695 0.015202957841338882 0.26052716218010646
0.03171306781594367 0.015159624860576879 0.26071663129881356
0.03167444675496206 0.015173389646760408 0.26063949232416395
0.031640715723896935 0.015180029176618141 0.2605673255652888
0.03183401235591293 0.015112923372366142 0.2607566224247106
0.03178869778928833 0.015128193926624485 0.26069325272908034
0.03174649786720676 0.015143856890432843 0.2606302075394062
0.031706858888759425 0.01514844599952884 0.2605235423714021
0.031893219341161315 0.015083558328960474 0.26070298645987755
0.031824684843051905 0.01510590791984633 0.26063245834806287
0.03178671047565795 0.015118694783149523 0.26058070696790847
0.03514085838432762 0.005578134351599902 0.2592443337920637
0.03198436163409782 0.015033047114810232 0.26076463197701655
0.03194564374577423 0.015041684906454307 0.2606679145154117
0.03489064363564383 0.005586254444157941 0.25902648016267465
0.034996035295810274 0.0055847715825033456 0.25922545102483463
0.03502680008182642 0.005592507816879916 0.2592966434157134
0.03202289712978558 0.014978066720726612 0.2607232415513301
0.03210122015485382 0.014879213723073869 0.2607834600999612
0.03487683974811718 0.005616758303512222 0.2591756478322738
0.03490409701283859 0.005590881143646903 0.25924065296835713
0.034939982046961804 0.0055950258104982 0.2592885826508375
0.03486435701129271 0.005608005749195311 0.2592464335100222
0.03485629422648185 0.00561064124947913 0.2593359336029794
0.03264634713451134 0.013640245713086791 0.2599313179802546
0.032629464535974866 0.013666419712110564 0.2598557584001752
0.032664987439700775 0.013569415466680324 0.25986820185144066
0.03270272608144676 0.013464786483787418 0.25982241827733427
0.03268403742402332 0.01348633980770676 0.25975284819747413
0.03272690692211328 0.01337774566860282 0.25976724093473186
0.032705666765905035 0.013413264504531055 0.2597132499571657
0.03275050616615945 0.01329377093311884 0.2597409694029752
0.036430505900310925 0.00042863157467891693 0.262476657419611
0.03648814787319016 0.0004050230080272756 0.2624398194847716
0.03663094147958518 0.00035406382373142113 0.26249866014170714
0.03676307483960186 0.0002692489745484767 0.26250651241072737
0.03705891777589603 1.04852042444962e-05 0.2625080864573967
0.03696927691848749 8.322459296647338e-05 0.26246753088920427
0.029050421836428655 0.019677328739778975 0.2630525484367307
0.029142440494336255 0.01969099913636566 0.2630434022105118
0.02914185500899309 0.01967956738209579 0.2629785461074742
0.029274438833357903 0.019707950545975454 0.26299864709563364
0.029354291665592218 0.019717090453693187 0.2629906670410555
0.029441153740416455 0.01970978247930422 0.26292713425213854
0.029559727482367164 0.01971303472247658 0.2629343271259837
0.029546501076144687 0.019702320817075715 0.262881871055701
0.02961720839721097 0.019710858140845108 0.26293740378344327
0.029613618746877266 0.019699814307376152 0.26287372479983956
0.02981346391329456 0.019674555832098557 0.26280649894554003
0.031248939198639476 0.017925908913737555 0.2613817213558192
0.031194807347660843 0.015273799365288434 0.2605836974472588
0.031253918849752746 0.015255060315345119 0.26064279609976165
0.031246374820429516 0.015243781871483052 0.2605494845269231
0.03131430978840929 0.015246266235513613 0.26063225507096466
0.03132743337140539 0.015236573676486202 0.26057687968230836
0.03142661314720931 0.01522936476724909 0.26057983154597136
0.031500353617596705 0.015218495467478287 0.26056808496138073
0.03159355736116928 0.015190112834369492 0.26051839861595405
0.031646716208328825 0.0151719472050092 0.2605164792466266
0.03305558933091647 0.010533180681669889 0.25905916547310476
0.03308453187916369 0.010511514226812962 0.2589709919723526
0.03309896811525729 0.010503424958727648 0.25890957664992176
0.0331547587299592 0.010506295238018038 0.25899897452018705
0.03318624142316101 0.010494674299542633 0.25891550415288395
0.033247700215604824 0.010501558689541331 0.2590209087116359
0.033243435254347684 0.010491194678349103 0.25892740865667613
0.03332564362510904 0.010477603548063414 0.25904778436998377
0.033332519928418555 0.01047342634341118 0.2589706040744797
0.0334055674352841 0.010455321173570578 0.25906373433092605
0.03342393305801245 0.010438143662578545 0.25897494314939373
0.03348430472372869 0.01042855547564272 0.2590637295534763
0.033484932297707784 0.010415227473560426 0.2590010917676646
0.03355638796582108 0.010410460004090398 0.2591392824324338
0.03353839506135255 0.010406381992957115 0.25907797462775944
0.033611408926342935 0.010370161022431185 0.25915242940472727
0.033620705918040686 0.010351586300584352 0.25908220595954196
0.03369573471039039 0.010293917396636505 0.2591168118266168
0.033758799265868805 0.01022560641507762 0.259116559159296
0.03382015370301164 0.010150206712724366 0.2591298029853263
0.03381571149071066 0.010149753551820894 0.2590798634919861
0.03634335608751291 0.0004503252659209232 0.2624701403658622
0.03651414242337293 0.0003937075868230473 0.2624476775700195
0.0365745118569976 0.0003725901257985769 0.2624658235123682
0.036387576093109816 0.00043686710685696877 0.2624623445490597
0.033586238408841236 0.010378863546813537 0.2590884128949968
0.03352348999702909 0.010403674640928957 0.25902870517167853
0.03349315298097789 0.010428027510324542 0.259097710755578
0.03344130606038934 0.010441114512238118 0.2590311728821043
0.033364188811289254 0.010466581237865494 0.2590818752881326
0.03337751254704907 0.01045382225730693 0.2589518990757686
0.03332937296227036 0.010476342789618572 0.25901106508714117
0.03324270980783474 0.010502105135264042 0.25906537235102084
0.033278844512213204 0.010487549598973777 0.25895002399558065
0.03320655434461336 0.010505400678164467 0.25901299246102255
0.03312537186913261 0.0105106885051469 0.2590665004479088
0.033054181439514545 0.011965463939850356 0.25935844920182644
0.03303940715347116 0.012030967083658466 0.25938872011068564
0.03301695286086819 0.01211870498888778 0.2594083997125535
0.03299444871560761 0.012215130883372137 0.25944571234471725
0.03298407740746356 0.012276180373951328 0.25949525669018053
0.031295006741647785 0.017794618811804577 0.261388216670715
0.03127204476433845 0.017889427072101213 0.26144274642660625
0.03124447517880933 0.0179559818532667 0.26146569246891793
0.03121920549413401 0.01802447681778086 0.2614900609192709
0.031198135502969612 0.018093834392604386 0.2615371428232993
0.031185176250222386 0.018156298243576348 0.26157084529932095
0.03116739750738029 0.0182227775264857 0.2616085205982158
0.03126878199402499 0.017836967407792143 0.2613247422535849
0.031241768637012758 0.01792161805162276 0.26135177653075264
0.031569088305017055 0.01642803150271172 0.26053877175416795
0.031556376081989135 0.016540320808383923 0.2606001418455591
0.03153382257541548 0.016613104640753152 0.26061788692901555
0.03151888263642246 0.016702667763570284 0.260629571690636
0.03153237845939839 0.016570527168511744 0.2604692681307886
0.029058396979791574 0.019778282350588785 0.26433585062111786
0.029093052659980016 0.019866557113051485 0.26428843212322056
0.033160997920532675 0.0110454802301168 0.25930899810267155
0.03310112430615648 0.010919482112318963 0.2592882998415621
0.033132590307861504 0.011016656450492174 0.2592351900342069
0.033062905168931574 0.01086920363178448 0.2592344197307147
0.033094140485705505 0.010953228799010393 0.25919236846249727
0.03302222538835153 0.010815624425835339 0.2591864494207114
0.03500509775435842 0.006602339248318451 0.25872741299553087
0.03504591680349455 0.006337946276917149 0.258760914686551
0.03503354855237799 0.006421510006344546 0.25872907860028876
0.03501678375635657 0.006509360806868825 0.258695468700533
0.03504627950647909 0.006220347215797576 0.25871662244490123
0.03503797299028941 0.006316736020288882 0.25869029336862553
0.035023541351696046 0.006385569689476096 0.2586423834166976
0.034905116092757205 0.005766901229402988 0.25888790093960806
0.035023073123797106 0.006112118889157964 0.2586661878147789
0.03488273649015206 0.00577025439968745 0.2588475512675365
0.03495590933785813 0.005876272280205805 0.25874612712115624
0.03499857514502455 0.0060013268786180424 0.25868767752479505
0.034923061629878696 0.005846115858247081 0.25868664409084385
0.033019019464195595 0.010775827696456257 0.2592041706080597
0.0313786504247605 0.0157653449731287 0.2603315405111746
0.031087465166450313 0.015413291856760937 0.2604170448917555
0.03150635829708356 0.015936511897516895 0.2603488272095931
0.0311144715443675 0.015475623830364474 0.26036776989689525
0.03110688360925551 0.015431621013250638 0.2604234220228815
0.031106430382590596 0.015424182241428745 0.26045341310587916
0.03312073413025929 0.010975015067527301 0.2592467866016923
0.031536035714143026 0.015979788961420122 0.26046950407546476
0.031203286975556577 0.015543550358474106 0.26035950004431646
0.03125289779468702 0.015618782487847005 0.26029095438993033
0.031567901641783386 0.01603932047648331 0.2604830231719543
0.031313901980333514 0.015684977703962752 0.2603000393113389
0.033068652860756505 0.010888603389495986 0.2592173424873944
0.03306310949884264 0.010917544747506596 0.2591571153545124
0.03143803779981786 0.017120017947210502 0.260896290466709
0.031464914932512675 0.017029951666516104 0.2608460151306089
0.031476632786464065 0.016956172454162474 0.2607927979799593
0.03150023642043955 0.016879410471172827 0.2607579228279074
0.03152174955942999 0.016780298651345744 0.26069907566041955
0.035045514685079875 0.00625383652432095 0.25871472208628876
0.035045083898017554 0.006182581623928991 0.25873191422672104
0.034989186270235735 0.005958038999541889 0.2587046223132353
0.03495281087112037 0.005886577863761191 0.2587012065684944
0.03494129579132061 0.005842527260366696 0.2588364637404957
0.03489565921437327 0.005794690651846989 0.25876552438731376
0.034881474449309155 0.005740350880230623 0.2588819827934541
0.034889990203526094 0.005766861852442938 0.2588709145649383
0.033450358255934606 0.010442117006301432 0.25909465412154925
0.0313769782830394 0.017395377856740696 0.26112123374185703
0.03140924719938081 0.01722816181880354 0.2609782566003457
0.031163710249352473 0.015259243498690499 0.2606649812206972
0.031159015245627586 0.015276577535166987 0.2605632016597851
0.03128622536392634 0.015249793252373012 0.2606366718292257
0.03308779282995208 0.010515108988988565 0.2590215009941691
0.033129431801069614 0.010504941021624067 0.258952766087288
0.03319945223765301 0.01050461115813965 0.25905330899032325
0.03322000609177942 0.01050082325009928 0.2589725846220494
0.03327841339362322 0.010493398980244113 0.25907111769927943
0.03329711041837509 0.010488895246455661 0.25901037589285764
0.03337307831138303 0.010462231946238701 0.2590181925451765
0.034883466631304254 0.0055956139181686775 0.2592353122939547
0.03489601584252253 0.005609545090019759 0.25913553644543075
0.03497253533710462 0.005592786760475985 0.25927860501304717
0.03509041878285072 0.005589071169843397 0.25929301584943143
0.035191880525435246 0.005575891378071131 0.25925936134630717
0.035203990067313395 0.005562617158573648 0.259196365621117
0.035291282819865204 0.0055526660502411744 0.25923115331714425
0.035299321089403854 0.005532086607042023 0.25914322093323233
0.03153055603267016 0.016603390704108635 0.26055709624524453
0.03151104756327319 0.01668274661007858 0.26057497398306234
0.03149779165421444 0.016764916882765647 0.26058756803568905
0.03301142097962186 0.010785440188085816 0.25917940448327487
0.03131258959851834 0.017688427806295183 0.26131814774255707
0.031283867878366206 0.01775890808315993 0.2612745753996711
0.03135714710880236 0.017516744522081178 0.2612460724985494
0.03133236150584834 0.01760082055000871 0.26123796450162434
0.03131340002619416 0.017647650083452763 0.26121807122419854
0.03137789161373049 0.0174301789436563 0.2611681629904823
0.031360572072450354 0.017497131044101652 0.26118369143006254
0.031331018328734125 0.017570338358494326 0.2611456571737694
0.03491602247935443 0.005590473420281035 0.25919382826643567
0.03493735406488773 0.005590823860106246 0.25925181665536445
0.03487135601213688 0.005605507326492354 0.2592124353825564
0.03489525530317339 0.00559866706521744 0.25928748358116
0.031210845254720454 0.015263595948428544 0.260639226592953
0.03119784311413134 0.015259195769423995 0.26054858578666346
0.03128869283646602 0.015249589145309075 0.260669485383126
0.03127824581635675 0.015243461966582175 0.260572902310325
0.03643305399044496 0.0004418632770021021 0.2620591879129519
0.03108733463012108 0.015411648244782522 0.2604251548917513
0.031071909744816835 0.015420288869404983 0.2603965220466345
0.03492401914080345 0.005867760142518852 0.25864642162409707
0.03490131060466208 0.005801881905935643 0.25874873983035096
0.03488740300181903 0.00578441532383548 0.2588067464480156
0.034978899929928066 0.005947646990149838 0.2586861271748506
0.03495814811702373 0.005870793494293098 0.2587813194693697
0.0349155071057326 0.005804303505611672 0.25885611809543463
0.031397590278304126 0.015806416002278893 0.2602960302983859
0.0313460690050557 0.015715092956631264 0.2603405940037582
0.03133489569650693 0.015727635224979376 0.26027240196917384
0.03129876318471808 0.015653661339290303 0.2603261285326959
0.0312934439682227 0.015674717211914067 0.260269820300048
0.031243540446290262 0.015581730773409807 0.2603330598134318
0.031180854144471658 0.015541079097922919 0.26031937856552023
0.03630718544570247 0.00046116391893163966 0.26248496629153095
0.031456779280681815 0.016994902087696266 0.2607226175589397
0.03148300723390208 0.01692696888880567 0.26074350711274935
0.03147155212533967 0.016908669667459717 0.260646728243744
0.03150859374240475 0.01685333617323238 0.26073783942539475
0.03150719670193546 0.016840376603157244 0.2606843296017976
0.03149111115474972 0.0168033252275245 0.26059799890716673
0.03152318878424472 0.016751898148310303 0.26067461587793345
0.031220532020284922 0.015256409323149416 0.26067621195073143
0.031232615448707257 0.015260570995188193 0.26059598764741004
0.03135025994190248 0.015242934061360834 0.2606249649969437
0.03159033540612883 0.016243474922632072 0.26041351703312476
0.03159943297256859 0.01617579722627478 0.2604518827039861
0.03159346677021079 0.016080323324398068 0.26049764386863317
0.03154536161007874 0.016006644607914438 0.26046825583014827
0.033125659747111985 0.011016399504314024 0.2592165572833
0.03307296810446766 0.010907374210365504 0.2591990204827116
0.033068858540398045 0.010865927398076899 0.2592723077546916
0.03150097519382891 0.015938060375159442 0.26028966624850947
0.031583320465411784 0.01627847401948458 0.26041304298012935
0.0316148666109156 0.016210533129893193 0.2604737627407134
0.03499100161073872 0.005970116281612962 0.2586961041915743
0.03491133648833027 0.005821656060794186 0.25872115996348577
0.03492834261527466 0.0058018289248172455 0.25888757822487946
0.0315181321246244 0.015961445235492328 0.2604154448847435
0.03152139791491012 0.015968774679006575 0.2603110797139652
0.031411232704166535 0.0158145831894151 0.260325492964098
0.031470438327457224 0.015908059989782605 0.2602574308522898
0.031325026077222075 0.015689819766153773 0.2603274287034852
0.031224211316789235 0.015576920248009388 0.26031066812528425
0.03494759149026414 0.005838445117285497 0.25887641649738014
0.03494543188025488 0.005850266486947401 0.2588040252195635
0.03489750233251836 0.005668057621920022 0.2589423450321689
0.034905841076229946 0.00572020952722205 0.2590450620119079
0.034887076417200055 0.005589310801053176 0.25890636734056516
0.03487029608496146 0.0056822380932162195 0.2588883470652842
0.03487922898087379 0.00566899982449723 0.2591310505537468
0.03489441017676181 0.005638256724034679 0.25900226634522205
0.03492186442830021 0.005751579969584938 0.25897203343781255
0.03492221615509001 0.00577094834745435 0.2589145681123809
0.03489718198679139 0.0056202017220683635 0.25907157833100486
0.03127381135220737 0.017792159530586715 0.26128508343115386
0.03126679943051558 0.01782121022929677 0.2612989135995782
0.03301349390249279 0.010648911517819677 0.2591653117870771
0.03303276256141217 0.010574280738958669 0.25911818170294754
0.03300166124840017 0.010735120504778489 0.25916305075531043
0.031112005459335762 0.015340789968118006 0.2605795939704005
0.03110917757566161 0.01530053928003138 0.2606283786122715
0.031132898970284116 0.015291663311097669 0.2605873094205014
0.03142561654454034 0.01584948425651509 0.2602749155812934
