0.029572175141222956 -0.0018297198142871389 0.2645277844775935
0.029571931173517887 -0.001677005172515209 0.26450484520192424
0.029569359315157154 -0.0015759488397238937 0.26450546427166305
0.029558771862374635 -0.0014634225494048326 0.26448082428321695
0.029542959320088873 -0.001328426790675654 0.2644771921582761
0.029531086716177945 -0.0012144518164278076 0.2644932083132952
0.02951089385594801 -0.0011037946692506195 0.2644724958369987
0.029496063109029476 -0.001023630513304907 0.2645118734657661
0.02956639373800194 -0.0015466242215185593 0.2643450989452385
0.029468330194707806 -0.0009337268611966448 0.26439148248312705
0.029452918659919752 -0.0008591598184108485 0.2643865572292599
0.029436454121871267 -0.0007928359580608413 0.26440723767256097
0.02937784151823309 -0.00063791804941596 0.26433288345495465
0.029349805269952456 -0.0005703164436101301 0.26423064903915044
0.02929262960926898 -0.00045093572438607875 0.2641542788198045
0.029231358135365756 -0.00033020113974679705 0.2640592222963162
0.02868202011788664 0.00024792575515576146 0.26360599070955004
0.028343516198534344 0.0005515741389696265 0.2634829485761553
0.028004392285455725 0.003335119804577925 0.2612561616594855
0.02798163775659093 0.003403509057985148 0.2611249937604608
0.027973546522004032 0.0034815352397860318 0.26113550097114874
0.027955013932866406 0.003581587653936161 0.26115241674670275
0.02794442120641131 0.003579719300198268 0.26103793995909685
0.02792733073839149 0.0036689387110751762 0.26103117571297096
0.027817769533441603 0.004112741422840453 0.2607707784996608
0.027783100951766244 0.004218708200625623 0.26075687418197013
0.027721933165158752 0.004354795842029408 0.26069380493559197
0.02760600497750773 0.004643276035798525 0.2606514046335778
0.027585513401479477 0.00467710752775034 0.2605670446053406
0.027550094785504808 0.00477322520147329 0.26057796924448906
0.027517232807454304 0.004824896474700314 0.26048271788218
0.02749367819373477 0.004894961453814423 0.2605028300320964
0.02743203822868203 0.0050160089632301265 0.2604278112552965
0.027369825078202976 0.005139751277960317 0.26037529883721566
0.027306954111234565 0.0052691515407448245 0.260301205179567
0.02728943863265344 0.005313346019428113 0.26032559374787234
0.02722717413929988 0.005444367963566775 0.2602608890059939
0.027193594656862108 0.005523048749536662 0.26027020239304566
0.027132703798994587 0.005654463521232628 0.26020074048687936
0.02707781976228141 0.005793098932031519 0.26013401475880765
0.019667454897906982 0.023274831854407835 0.26749824161319974
0.01963415868666343 0.023346636676368455 0.2675582863453585
0.019600422552229796 0.023409431670880648 0.26758838695660964
0.019580381236986206 0.02344867661629752 0.26762751083860686
0.01946137118348567 0.023610258687584183 0.2676260874607489
0.01943478876965324 0.02364416479848537 0.2676845271931097
0.019378917375128146 0.02371020444271228 0.2677272154732837
0.019338131630433946 0.02375869927045503 0.2676589034449729
0.01931036419496672 0.02378486731010104 0.26770423366258383
0.0192725596121624 0.023833281266212182 0.2676033027190003
0.01922321625353223 0.02387266393331145 0.2675120983869144
0.019195824029205322 0.023905082115056337 0.26756521375322956
0.0191466971400531 0.023937348204260796 0.26748871195357954
0.0190901795433305 0.023993900226861233 0.267531077342761
0.019000951262449432 0.024053341965697955 0.2675142090626154
0.018933620715360665 0.024096344542150337 0.26755368360184245
0.01889561306989969 0.024123884342369072 0.2676198868109069
0.018876217242422028 0.02414427065587136 0.2676964321406027
0.018786708943474315 0.024195268640584123 0.2677527671800962
0.01873096036241578 0.024221385481286457 0.26780467991015044
0.018679501082101042 0.024242358330328707 0.2677507039351936
0.018622222242727093 0.02426652224369709 0.267825606751901
0.018659396088456116 0.024245376419318912 0.2676780410370309
0.01861316148613677 0.024267907928911557 0.26774483467463106
0.01851457545736675 0.024308585515017207 0.2678155178566476
0.01848306888607699 0.024318692941920437 0.2677348800343372
0.018441000997592473 0.024335102982550046 0.26782149906760927
0.018372480991274268 0.02435726026014568 0.26773113207649135
0.025958166197491556 0.007952261022465263 0.25958715481422684
0.02593379321633342 0.008049935126974578 0.25960570140684586
0.0259132663429305 0.008129009467536112 0.25959723937794826
0.025895148384677543 0.008215501606438412 0.25962769540521463
0.02568715393743706 0.008848029031674504 0.25951836435865766
0.02525911929008111 0.01005348559585861 0.25967162834799745
0.025228261470342357 0.010132715073894353 0.25969228944359174
0.02520275922562145 0.010209780141110007 0.25970821310928904
0.025079370695339286 0.010504508358947695 0.25981838504584753
0.025055471114640085 0.01056251806049128 0.2598398308675671
0.02501631918339634 0.010654884634103119 0.2598869197086985
0.024989627331648386 0.010722336918965741 0.2599209775700094
0.02486160545163508 0.010991326420171301 0.2599429980395557
0.021296818285863276 0.019870649903230668 0.26343109222746686
0.021274420776292696 0.019908008256498615 0.2634583868863976
0.02123119716241345 0.019988693165679933 0.2635210269273748
0.021212168710614338 0.02002145280173276 0.26357439786766823
0.021152893521676094 0.02009388415721747 0.26362401480649955
0.021124052764049897 0.020118961017626648 0.26365205026746535
0.02152900842966092 0.019499716718706404 0.2630657408225949
0.021495330720884123 0.019562566882707084 0.2631198266739484
0.021457989501360956 0.019624276059497167 0.2631346157450622
0.021416239397665175 0.019679287005048153 0.26319423701820344
0.021381640213318506 0.019724263595342646 0.2632561402569558
0.021347924190333895 0.019777386661003246 0.2632962634620736
0.02112763062418665 0.020117195350405393 0.26352719438880473
0.021080727081455364 0.02016058689304404 0.2635756219832804
0.021021343968409052 0.020207223507145516 0.26364394457551815
0.020967749833082916 0.020242374303477015 0.2636828548977463
0.02289052474983019 0.01566577880196917 0.2616477119662534
0.022849039849073927 0.015724864002995786 0.2616902068121631
0.02163363125972785 0.019280384586760072 0.2628531055187889
0.02160978663437797 0.01932610976815478 0.26286998189364696
0.02156547448368133 0.019413319092835203 0.2629185132390787
0.021529882507406475 0.019490694777979135 0.2629526956405939
0.021516385276854837 0.01952882960771667 0.26298949971684005
0.021475871523608844 0.019608444208003256 0.26301373288871527
0.021433781167813134 0.019657471861779637 0.2630792808681973
0.02098532522462622 0.020228316413049702 0.26355044020547674
0.02093023498065493 0.02026217548900696 0.263596367579607
0.020878903414918153 0.020297239439074112 0.2636709769065354
0.020835852517246713 0.02032502797579324 0.2637259461164322
0.023471950218680385 0.014514287118795925 0.26089413498388525
0.023438318550417097 0.014592866064595091 0.26093333382400735
0.02341745818905487 0.014653436044817158 0.2609519802316971
0.02338226834866789 0.01473117228263164 0.2609841933977009
0.023362352140906546 0.0147816660991995 0.26099784776172186
0.022973663782689478 0.015540335082478634 0.26143645156756107
0.022933854272156787 0.01560260635303754 0.2614781831123939
0.022893250895548008 0.015666842069249377 0.2614848987561254
0.022700552562030386 0.015933898038969812 0.26175034838090605
0.02268142382035441 0.015947662374272382 0.26180818037391657
0.021806656710112456 0.018853223124900873 0.2625324285560655
0.021774626521494155 0.018931004276322508 0.26256084695152704
0.02174985652389295 0.01900126201442615 0.2625858194394965
0.02172952401616271 0.019073358389120037 0.262631006167475
0.02170511209489559 0.01913158168965569 0.26266032315699955
0.021666183932594212 0.01919672051058412 0.2626917597040093
0.021637575463676225 0.01925736772867782 0.2627458726954593
0.020795728512823776 0.02033757428780653 0.2636464640560417
0.02073752820565718 0.020369967210356145 0.26371638912175066
0.02391245849335049 0.01300314071694974 0.2603894026251695
0.02387137040577737 0.013149340644085088 0.26043714388264355
0.023841794356784688 0.013245152133029792 0.2604537066031982
0.023819740914264222 0.013312127209324995 0.260462422859749
0.023804385644962532 0.01337903268078497 0.26050002691529334
0.023780304232678018 0.013457702238670098 0.26049162737098697
0.023757080193768054 0.013544811764434608 0.26054637651196455
0.023733054414383992 0.013629710097534001 0.26056172921732657
0.023714833101645332 0.013703103269665616 0.26055990508834503
0.02369431448928628 0.013795214654178265 0.26061566263213976
0.023666686686559628 0.013882897399786641 0.2605801876051617
0.023646031807794884 0.013966812456342842 0.26063024140987606
0.023630149305540665 0.014028727857527097 0.2606609595432559
0.023607840980723376 0.01411488130311647 0.26066474470599005
0.02358449482518575 0.01420477393326145 0.2606697949403646
0.023566878542254917 0.014257993260282265 0.2606916947236316
0.023525863397389248 0.014365552696199938 0.26072053494098035
0.023496790899320247 0.014440902905037648 0.260734068428489
0.023473470392958037 0.014498772607163464 0.260772862093679
0.02345293366728289 0.014550115059994035 0.2608218573019741
0.02342263282470383 0.01462954035311305 0.2608376333455834
0.023400338239856214 0.014691325467429099 0.26085896940978065
0.023360787170719308 0.014787404230073175 0.26089596902192597
0.023340660246847833 0.014841487857069057 0.26090895753325116
0.023314275069888295 0.0149048191464152 0.2609360869642545
0.02328147745814363 0.01498193098537008 0.2609807835900427
0.023257316830308246 0.015033551648026468 0.2609943334737883
0.023210546641279275 0.015120913878145705 0.26105449809766945
0.02319012174435443 0.015166144531094047 0.26109783189302016
0.02316645637061665 0.015218777808791788 0.2611280241033504
0.023130403782103574 0.0152885663273519 0.26113605097314496
0.02308443904403065 0.015371300172809774 0.2611796789890252
0.0230621367717318 0.015414278409147565 0.261227574821324
0.023018668830328312 0.01549274512980447 0.26126378184991655
0.022992545159903725 0.01552986381606346 0.2612877909518146
0.022952322276685252 0.015594235701698067 0.2613537643661982
0.02262247829357081 0.015998018989059518 0.2617280153053431
0.021885449420022993 0.018618209378800005 0.2623163602113025
0.021835525712987264 0.018768171907601126 0.2623633602148278
0.021813220185697545 0.01883963772806367 0.26241613101790995
0.020644066577048675 0.020398907771502238 0.263692601576724
0.023933007951931373 0.012892249919753783 0.26025150104015593
0.02392183265211797 0.012946839689823327 0.2602734385372289
0.02389241766840423 0.013049905967961916 0.260290765058628
0.023805024049201883 0.013349871076178493 0.26041957540594274
0.023582001916713134 0.014186383741841842 0.2605579550312673
0.02356676605334105 0.014248576454330699 0.2605970937024325
0.023158285657508416 0.015219763287029996 0.26102459999842353
0.023005228439813667 0.015504057729346613 0.2611735908725716
0.022569390872687157 0.01601755421909633 0.2616305884223419
0.022539977464375516 0.01603584863313908 0.26168025760218533
0.022045274870574564 0.018100497978068675 0.26200835262404415
0.021979134851012997 0.018310527281439636 0.26211083632878734
0.02196468227760826 0.018365317921663734 0.26211338524342137
0.020523526808898927 0.020431996221274756 0.2637269994747128
0.022483886708538375 0.016059602322343876 0.2616077518764889
0.022113262058763208 0.017907014908569913 0.26184897587743544
0.02208471719106616 0.01799338560304634 0.2618627027621447
0.022053180070849686 0.01807735203439479 0.26189365818259186
0.02203547194636576 0.018142379131841763 0.26191715878524124
0.022423593749170086 0.01608336410573152 0.2615413481439066
0.02220282070334634 0.017525525677719023 0.2615964568602799
0.022182088547392405 0.017604532814873747 0.2616187162041182
0.022177683346742316 0.01767076132413031 0.26165702638904187
0.022167638956035164 0.01773357331656582 0.26167691015683386
0.022144724131673253 0.01781171722648164 0.2617151910641837
0.02212033965288429 0.01788559686096702 0.2617471736407294
0.02221494489569553 0.017473597045272366 0.26149896246048127
0.019532992123512158 0.021275295642196795 0.2652344118161172
0.0195188226798521 0.021099717615601095 0.26517103007865966
0.019511911193589828 0.020976288209203237 0.26515568658186384
0.019547476223316963 0.021439247715516436 0.26535718856516616
0.01949410171801757 0.020864488154575152 0.26518006861346494
0.019648150747761585 0.02210782497032003 0.26642418605822177
0.019445833434227427 0.02073989266114945 0.2651870721195842
0.019574821610053552 0.02179828460973742 0.26566858142236155
0.029351486874681757 -0.003037302893313106 0.2650390411648465
0.029386764570362826 -0.0029186283668891236 0.26503347232605684
0.029437413685248402 -0.0026839029443146024 0.26485854652704893
0.029421543292329846 -0.002766848001651132 0.2649493809054091
0.02941011859932012 -0.0028385140712339518 0.26504192053670383
0.029503954365781723 -0.002378427719206611 0.26461569650053196
0.029491551042860487 -0.0024617078990859225 0.26473323799626747
0.029469516809152482 -0.0025795040187693084 0.26484335684039717
0.02946107706995993 -0.0026386676996409918 0.2649524859179525
0.029540688856464638 -0.002160021099057742 0.2644845888441216
0.02953114388920955 -0.0022468019646829816 0.26458956915352017
0.029517763584875706 -0.002330017782542256 0.26470108411087545
0.029509514343709714 -0.002398745414191574 0.26478003472498357
0.029490929361975685 -0.002505166910777822 0.26490289832137526
0.029548094570129562 -0.0021147134851341866 0.2645659070427346
0.02953924159920746 -0.0022018259131241303 0.2646782414399402
0.02953104889065691 -0.0022770059462238063 0.26477058298827966
0.029558811351776338 -0.0019876461193767585 0.26455008530924523
0.02955527437962942 -0.002063050586356232 0.26465249092475324
0.029568901600793365 -0.001890269690990867 0.26455323606623166
0.029567053013190965 -0.001931921445796664 0.26463774833720743
0.029570501308562876 -0.0016056934944367076 0.2643760393873978
0.029570620918121546 -0.0016558510089805226 0.26443779963535985
0.029574380318744122 -0.0017392029572167295 0.2645621456675932
0.02957384504231369 -0.0018279112946826036 0.264606827737187
0.027989906643839997 0.0026569259312837564 0.26129049000219573
0.029566607909214063 -0.0015484946354437515 0.26443396355395554
0.02957345053709891 -0.0016238623065036272 0.2645810807725352
0.028021612968446366 0.0027600378922227223 0.26124112421757445
0.028013604214699738 0.002706021597491919 0.2613330110804385
0.027995637617109676 0.002636438758965863 0.26141553706939763
0.027794443228610258 0.0010852493846419853 0.26331193159555005
0.0278625778071431 0.0010248798712566712 0.26332701652053414
0.027973029499421778 0.0009281360486065527 0.26335296229768224
0.0280288824504144 0.0008799580215298787 0.2633567945258095
0.028083567835991193 0.0008328911476949578 0.263362803593268
0.029551142050720142 -0.0013953079180009996 0.2644895602069137
0.02804521480150994 0.0028806610753453615 0.2612478668112444
0.028042559884333743 0.0028226154470864617 0.2613381919426022
0.028025119619664102 0.0027453316277060327 0.2614336562764145
0.02840596969984156 0.0004954610145480086 0.26352682624179646
0.028038429826194734 0.003032014766355137 0.26124966715223485
0.028912198880305173 4.716015919375449e-05 0.26374639533237104
0.02897111276336241 -1.708264698778565e-05 0.2637730853199515
0.029517446465021878 -0.0011388803671816775 0.26447757902645186
0.019582154090149743 0.02183954537436188 0.26576405021275024
0.02802718388297727 0.0031520471775575 0.2612789335394751
0.02896908756859354 7.718809481116235e-06 0.2638504750617984
0.029006230299977544 -2.9788138188477188e-05 0.26388462780519994
0.02906447727705168 -9.382972374645328e-05 0.263891162541686
0.029117709029601705 -0.00015011961548394055 0.26393910974086
0.029159974049764358 -0.00021018785160439234 0.26398120613714315
0.02943972233483191 -0.0008169885423858458 0.2643560001174429
0.029463756614431753 -0.0009000751146401191 0.26440998104569685
0.029483382277817598 -0.0009736012534478275 0.26449576181538725
0.027967136321397502 0.003475884862120169 0.26107876086575216
0.02798775011604577 0.00337717666760426 0.2611511894009134
0.02800528530825011 0.0033180088467781982 0.26122033786664517
0.028017883925894466 0.0032533756753830778 0.26128859130457227
0.02932110767294384 -0.0005053402052474862 0.2642527285833977
0.02935513933011325 -0.0005793011597874076 0.2642926541943991
0.02938195029731309 -0.0006490423955441607 0.264356567252321
0.029411289108286987 -0.000723551915614082 0.2643996911863902
0.027883532001804344 0.003875969445679975 0.2608762614034241
0.02790393371416917 0.0037865776771356966 0.260936868994113
0.0279198684061415 0.0037016291266657054 0.2610006220008249
0.027934733062615364 0.0036464474315195 0.26106045603469114
0.02795513687489908 0.0035694339323759164 0.26111262271652863
0.027972308598137565 0.003497143356106807 0.2611736279163374
0.02776031822523448 0.00426558450357581 0.26073327681361025
0.027797413695875482 0.004185445282381216 0.26077050558050163
0.027824240937947508 0.0041100836520122025 0.2608091229826793
0.02784485868041616 0.004040701100009404 0.26086766400994277
0.027873859730309453 0.003949225392620521 0.26090948356473215
0.027674245115612346 0.004469146667473623 0.2606565222539464
0.02769297869164308 0.004436843077320901 0.2607296409320822
0.02772527880442277 0.004358582110077593 0.2607560190029094
0.02775847033152998 0.004289870965749058 0.26079721464313216
0.027342734062766955 0.005189020835188268 0.2603359962760623
0.027385966590329325 0.005098256011109708 0.26036719551596593
0.02740864904764076 0.005063179525745037 0.26041322642954345
0.027449451426005248 0.004982878562872702 0.2604513574573499
0.02747300960010623 0.004934564414880189 0.26047447860863576
0.027515395014418853 0.004852279106809196 0.26052239979840836
0.0275416793553524 0.004793322210171023 0.26055962947958444
0.027567126521807383 0.004737865633684213 0.260627244247526
0.02764139918213773 0.004568045774133999 0.26071413801789994
0.02718536566845772 0.005535914893737278 0.26023333943354354
0.02720960633307525 0.005483587878018167 0.2602715106911182
0.027014531317810033 0.005926856452710909 0.260097267948632
0.02705765823787283 0.005846135841993877 0.2601353318826295
0.027087830643808705 0.005775702446474827 0.2601982637451135
0.026979408749541137 0.005999037894437501 0.26016369492785335
0.027001617159726526 0.005963723411256403 0.2601906530378519
0.02607946203812252 0.007342872404474248 0.2596206818944544
0.026885454235026297 0.0061574635483944064 0.26019173520550154
0.026057472016842664 0.007521226105467288 0.25959667121961605
0.02607027908783863 0.007450802785720368 0.2596355222693873
0.026041846025940306 0.00763399696664995 0.2596355031739378
0.026001090724841337 0.007796283836766091 0.2596053151113924
0.026020865592333926 0.007731677092376826 0.25967179941401397
0.025949764762191064 0.007984437246790255 0.2595910557721967
0.02597252652440108 0.007910228060910058 0.2596544102062332
0.025909849674843773 0.00814189091546103 0.25958919751382714
0.02592593155634313 0.008085748469964094 0.2596191758443521
0.02564757831739549 0.008968313851276527 0.2595202789269268
0.025596398063983988 0.009138485242318705 0.25952148931177993
0.02562190177996746 0.009049737492067375 0.2595664763743243
0.025541075015031375 0.009301016707684122 0.259546199291965
0.025479284571223296 0.009474198825444908 0.2595459494082214
0.025505989563495785 0.009408733298063588 0.2595987595797075
0.025454381524137797 0.009565002844984656 0.25959616890823173
0.025385404210585705 0.009724301856167489 0.25961296884428253
0.025401772083784597 0.009678849670627907 0.25964473802678106
0.0253506275435935 0.00982134171982913 0.25964737317821657
0.025253895703404028 0.010067745877134621 0.25966322904325495
0.02528051230035675 0.009988781505665489 0.25968874283962357
0.025195955881251158 0.01021813260959917 0.2596803915695129
0.025222986872283228 0.010151734347051956 0.2597101387787018
0.024973061252039224 0.010747495602975825 0.25986995899765325
0.024932976304363863 0.010840872581730557 0.2599555573539954
0.02496477668195466 0.010783835497847682 0.25997648019431946
0.024862704523560996 0.010990374199989968 0.25997881409625695
0.02488323513861384 0.010948713043512874 0.2600034018388648
0.02476281519036946 0.011154808389070545 0.26005100297334993
0.024799421486301286 0.011103921719739259 0.2600559891625281
0.024052388392164045 0.012321781246016824 0.2602668356994185
0.02400156868816192 0.012603598187110794 0.2602039194177611
0.024019062021524103 0.012513159178802143 0.2602254909722725
0.024036938581997853 0.01243766613871707 0.2603020435168698
0.023980497638140745 0.012701452151050225 0.26022319333517147
0.024003776086758903 0.01261880786468553 0.2602635788964674
0.023954200087231887 0.01282024220277582 0.2602704832001237
0.02397559175119678 0.012753210472315158 0.2603074782095744
0.023911252411122873 0.01298833795956469 0.2602841836295487
0.02393882053995441 0.012908856745213634 0.2603355845764078
0.02388753318142734 0.013076925004833906 0.26033677862981613
0.02391050175731964 0.013010453462441252 0.260357820093012
0.02385536048279362 0.013183844557946573 0.2603831608594392
0.02382200939242438 0.013292992891513446 0.2604197027826338
0.023770651847655498 0.01346553310933841 0.26044532832317874
0.023802624681969156 0.013373997596279918 0.2604598805949967
0.023742300897465648 0.01357199873041391 0.260495050730123
0.02376936068116887 0.013494878940996852 0.26050953267702937
0.023719102456471894 0.01366502144907431 0.26051914346239824
0.023673563430795276 0.013842106139941746 0.260532258339478
0.023699573507606465 0.013762128879846444 0.26055872118270984
0.023637426070219167 0.013979772587522187 0.2605629209369084
0.02365091505457862 0.013932491331974958 0.2605655021526748
0.023671092529572443 0.013878814458698333 0.26062276028465714
0.023604002320892506 0.014112821341484828 0.2605881017718814
0.023630169468309495 0.01402423519636069 0.2606355727713242
0.023574843645349522 0.01423329638409456 0.2606455489628375
0.02359684543421066 0.014157658370999485 0.26068977517183095
0.023520121056167957 0.014372590209894134 0.2606622435855467
0.023542603336502207 0.01431889007406329 0.26069970970067385
0.023572849554688607 0.01423426947693805 0.2607324570826697
0.0235116885030308 0.014409190474170155 0.26075892846131593
0.023537927548213305 0.014341147656845384 0.2607911516473535
0.023468569498163786 0.014515216478038395 0.26081396619494474
0.023302373856142256 0.014922990651001401 0.260872131728875
0.02333141708811619 0.01485133927285378 0.26086195419056485
0.023264034718462084 0.01501584009116336 0.26093702755758197
0.023297480541503747 0.014943057501421565 0.2609601812171533
0.02332440387667734 0.014881729812550464 0.26098925167468084
0.02321028665186547 0.015116873999032913 0.26100500724717923
0.02324905081441051 0.01504176316451283 0.2610641395593265
0.02313493318658466 0.015273448474246495 0.2610596529266219
0.023173138509802724 0.015201150658443822 0.2610878759404222
0.02320264504152531 0.015137907594497178 0.2611228192366084
0.02309364557514462 0.015353288092488041 0.26113826229375225
0.023116958325027213 0.015313907656763775 0.26117395521707165
0.022991688941015963 0.015527666943200097 0.2612140508613695
0.023034698018549214 0.015465947724352985 0.2612156267340299
0.023069125886840562 0.015393793844246918 0.26126589121821664
0.022944463465055614 0.015605152975863006 0.2612946181355104
0.02297066321745614 0.015565265427479305 0.26130798062996663
0.023017415620949243 0.015487814364633224 0.2613225808296787
0.022916619223463764 0.01563496159844631 0.2614038558617311
0.022954434607705427 0.015576192424565283 0.26141680481597435
0.01962861855172389 0.022044439601736455 0.2662192659465503
0.022235442489440066 0.01740318900291497 0.261554797635972
0.022190846996019743 0.017567659879093176 0.26155310995834424
0.022170316864255874 0.01766095479337454 0.2616056415256061
0.022185279264723516 0.017597176256730452 0.2616396737153063
0.022148952784107015 0.017778710906275703 0.26165175018914993
0.022175707856788823 0.017699356085533715 0.2616789071148007
0.022121763517865694 0.01786972596431551 0.26171640956674713
0.022140986058461116 0.017819948286637254 0.261770554537317
0.02211084835047117 0.017916991253162824 0.26180568250772546
0.022132157196299358 0.01783400632237194 0.26180626598960066
0.02207533814235637 0.01801969089020461 0.26188475029744507
0.022049893358366403 0.018109323865866424 0.26194453306454163
0.021975094343686236 0.018328286842553575 0.26206770285119063
0.02199511744790757 0.018233808792256032 0.2620919860286867
0.02197283122852557 0.01835383967689117 0.26216290094291034
0.02194524546914761 0.018441907786408303 0.2622257899003323
0.02195831142299154 0.018394764078016185 0.26225111429586667
0.02190967353199831 0.018541147756042205 0.26228357033486255
0.02187806084543771 0.018658498651079745 0.26238036677272225
0.01964056658241048 0.02207537843271429 0.2663221335867509
0.021816354316121653 0.01882945753927618 0.2624007676204102
0.021772544537927558 0.018937044468727744 0.2624911637511116
0.02179994393713445 0.01887114569130382 0.2625104684515011
0.019525846749321115 0.02353775953576417 0.26767910061001954
0.01946280311640932 0.023609882688907603 0.26765303592068823
0.02173624899626363 0.019038939289689603 0.26255462650567274
0.02176012321089648 0.018969513374301788 0.26259192716314994
0.021694649683862748 0.0191401550638599 0.26261462879618624
0.021731463265333085 0.01906446457108907 0.2626731313228277
0.021681984303592916 0.019172506999328633 0.2627519317095351
0.02160120878826947 0.019335425794903587 0.2628105813086182
0.02163912976590816 0.019265647110838974 0.2628099697490233
0.021591909797997064 0.0193604088039442 0.26291525778419506
0.021504705654706274 0.01952586159919236 0.26292519795207525
0.021546087943026853 0.01945861007359016 0.26297991704762275
0.019774056200776068 0.02250326994686248 0.26696684631255096
0.0197488449190987 0.02244393307281469 0.2668688330335811
0.021451613857543128 0.01963807038470858 0.26302853727289244
0.021510317169891154 0.019548047236323245 0.26305945842057754
0.021395368608703287 0.019704618747887204 0.2631538721835966
0.021431049130899736 0.019660226727528984 0.2631727245538535
0.02137198771582056 0.019742499904542164 0.26329286554141795
0.0196771604289337 0.02221294102279741 0.26662159307483946
0.02131023156360621 0.01984249642211468 0.26337012641014884
0.021354056560763397 0.019774342827519678 0.26336311447261673
0.01968029674754957 0.022224184918924188 0.26644362921276216
0.025960773775102683 0.007949235723070177 0.25962601955149034
0.02599144956915782 0.007842889126284315 0.2596671631768916
0.02598480035994497 0.007858259600786 0.25961778827000126
0.0259395452873424 0.008022694219944117 0.25958997293383457
0.02594352814570154 0.008023968679743775 0.259664213703574
0.026012225047528686 0.007763916459329547 0.2596387846309017
0.025916014091798854 0.008126426370423266 0.2596265199924476
0.026030562894914237 0.007684283034440037 0.25962117325975603
0.025881458030811856 0.00824759963026196 0.2595788598272242
0.02605576653344981 0.007562902106232552 0.2596775250110337
0.02604849619583144 0.007580553125965357 0.2595905808439304
0.01947342674325996 0.02359928358150421 0.26768458065201994
0.0195621445317421 0.023480861691835806 0.26769488397935615
0.019542717343456664 0.023508398315609996 0.2676161838109547
0.01961277116097988 0.023394719867645793 0.26762798274814753
0.01968182405109974 0.023253500573598363 0.2675506238200601
0.019710904889064268 0.02317854914278039 0.2674758602434894
0.01974840421591919 0.023065440700099065 0.2674080799677477
0.01977389453173146 0.022959539625490116 0.2673695184325546
0.019788132380143927 0.022866623803755218 0.2673280853498318
0.02606338072322175 0.007495043277859755 0.25962614042943594
0.019800700764199708 0.022768083140602965 0.2673772375708167
0.019797910411449758 0.022777992915118693 0.2672908032645456
0.01980292914421122 0.022677264751844273 0.2673479159885641
0.01980280252593284 0.0226981246387535 0.26725846755601246
0.019795587451127188 0.022703074492768604 0.2671693007923571
0.01980057360859186 0.022610387323779596 0.2673179315197944
0.0198004883993147 0.022615991240137905 0.26724346497790585
0.019795851123431966 0.022616498385709203 0.267145450514301
0.019785609013708263 0.022533237639097304 0.2671285857948535
0.019781016107680096 0.022534174557523032 0.26702280588041744
0.026071595064907638 0.007423140188926468 0.25960457146579563
0.019764384922092516 0.022458802203981762 0.26699704882919645
0.019763170197465707 0.022483327032246397 0.2669144515008943
0.019739611813408352 0.022397008387651997 0.26692965390320395
0.019733120365942255 0.022397095280505833 0.2668394487888289
0.019711253277735267 0.022324339569374275 0.2667914982992474
0.019719799784220136 0.02234617762742157 0.2667167479852171
0.019690131257850532 0.022258028211663245 0.266699190264849
0.01969313263652139 0.022258851898751767 0.2665961445630189
0.019682439595360847 0.022230441843140287 0.26651965164170666
0.01966808467652272 0.02217426517473579 0.2664694847240006
0.0196690026963485 0.022185220192906044 0.2664028545167633
0.019650793060264272 0.022117018909237365 0.266357341573993
0.019645150376406725 0.022120155854665112 0.26627817232748735
0.019631709222898003 0.02204328408578501 0.2662806919388872
0.01962747929504065 0.022058021359634642 0.2661595956855604
0.019624234218677573 0.02205190921721364 0.2661028770704995
0.025828289277039642 0.008406737895685234 0.25962328694732434
0.01961687219636583 0.02198718341427437 0.2661520815485614
0.019611825916462197 0.021977531590295668 0.266058436232859
0.019603700268654347 0.021955685193964562 0.2659614479396735
0.019596255270710287 0.021876812979879253 0.2659427434789517
0.01959110863676463 0.02186898018657794 0.2658508057804373
0.019576461652926824 0.021827918436546256 0.26570366776682847
0.01957822365520566 0.02175489579075672 0.2657102502473541
0.019567853034086785 0.021673820334148972 0.2656649748240712
0.019562459722282325 0.021662740900587903 0.26556868549631496
0.019557260661613757 0.021585540131277524 0.26554061141777174
0.019553214189903648 0.021491142830587177 0.2654404565966743
0.01954030505348366 0.021341062205492273 0.2652933056868299
0.025930924619580718 0.006884602787445267 0.2595610330813811
0.019535812418816637 0.021181161272020854 0.2652422423388322
0.019536333259526965 0.021084953995437514 0.265242607383157
0.019526478029331804 0.021004952738928325 0.26520400712027253
0.02608379145749429 0.007306992340538989 0.2596782938770613
0.019509611407515753 0.0209313140879726 0.2651750973804962
0.019485068262562435 0.02081585146919869 0.26519887714924345
0.02607536250059136 0.007213940641184816 0.2596413796408804
0.026068119389889087 0.007235224313440414 0.2595702171876999
0.025809114648984024 0.008473919763754788 0.25967302553638355
0.02860282477493433 -0.00415182271058406 0.26512886719343687
0.02861371846770462 -0.004165000869923543 0.26521874477448043
0.028679218319606813 -0.004080152573780151 0.2650918125321525
0.0286893329654456 -0.004094567033781499 0.2651829418506096
0.02875177929939362 -0.004007887965134414 0.26505743582710906
0.028761950535996283 -0.004022640147893121 0.2651487435855407
0.028769670065659017 -0.004035081013284098 0.26524147719287977
0.02883159669884959 -0.003947915480896275 0.26511598742212045
0.02884026111441329 -0.0039618107014192105 0.2652080718439818
0.028895004660242425 -0.0038733904661809124 0.26508847502466604
0.028904931612906047 -0.003887837319572671 0.2651798143953552
0.028910686496391173 -0.003901069804425462 0.2652742933118429
0.028963021924120688 -0.0038139029852782705 0.2651569816873373
0.0289693706707832 -0.003827163374603019 0.2652511471586673
0.029022551596516205 -0.0037520027617369326 0.26523144921939007
0.029073060730872614 -0.003676614597884468 0.26521454912774783
0.029121272749784544 -0.0036006643138686363 0.2651987157045438
0.029167690070408432 -0.0035241118985757307 0.26518391465529323
0.0292086724029208 -0.0034470419670148463 0.2651733147226965
0.029210099243110497 -0.003458472211869235 0.2652680451788848
0.029243483925548805 -0.003369722585024245 0.2651667988297489
0.029304759655027997 -0.0032144005328304417 0.2651638883351023
0.029331866789132962 -0.0031370529180939754 0.26516516123541145
0.02935835464373306 -0.0030374086765976283 0.2650995013968851
0.029370562180725125 -0.002962690960234895 0.2650058191338781
0.029379117295801713 -0.002962817781535873 0.2650837256067951
0.029392432534389574 -0.002879415929247708 0.26498908080526723
0.02940316682230085 -0.0028759095584373067 0.26508499664299373
0.029418806129530944 -0.0027948463125422726 0.2650031784437083
0.029434763246038796 -0.002710970014811359 0.2649115168589973
0.02944109849012089 -0.0027167814183762795 0.2649844502948895
0.029453474187661186 -0.002629667323710454 0.26483323340555187
0.029459170899947294 -0.0026294395245503315 0.2648903049875929
0.02948156061040653 -0.0025294221509994256 0.26483112874275155
0.02947876193193075 -0.00255918287068004 0.2649178055485469
0.029500872156434346 -0.002454195328625962 0.26484049354310235
0.029517389666708065 -0.002379565310796615 0.26483019773846406
0.029522718986040773 -0.002332045250255474 0.264781982172496
0.029547605891407945 -0.0013502221328597216 0.2645245484971766
0.029540179980790355 -0.0012752531565745563 0.2645268779490975
0.029523819631585423 -0.0011734135078010066 0.2644797915921395
0.02949823107291321 -0.0010554410508749766 0.26444676233129516
0.029503490623762414 -0.001059125256539749 0.26451307268533947
0.029472713327213886 -0.0009589732588072785 0.26437956291278575
0.02948360371340812 -0.0009891601964486713 0.26444167505398514
0.029459517807752925 -0.0008747183278812568 0.2644202889447652
0.029470479409465844 -0.0009110177229447542 0.26449604799376875
0.029427235137878767 -0.0007824972815302963 0.2643323885008771
0.02606401499256839 0.007141275629294697 0.25963961286169984
0.02605030958401572 0.007138821088057278 0.25956856233106357
0.029304550791908756 -0.00047202312175723994 0.26414470516446403
0.02924000403061115 -0.0003500249367006984 0.26403373347190734
0.029253189826785646 -0.0003766216790294717 0.2641043688807103
0.027219659088854552 0.0015790762061674729 0.2617416367612507
0.027230016339052466 0.0015661323923749162 0.2618338837750389
0.02723174362810174 0.001556511127555947 0.2619318838522624
0.027219230796137805 0.0015511466742221347 0.26204185199572533
0.027194130172879343 0.0015510609864025518 0.26217077616052636
0.02730252112146711 0.001648761142455416 0.2616997955936539
0.02731578260227478 0.0016346820151043654 0.26178995801930793
0.027320163702470247 0.001623015908492106 0.26188675393356875
0.027310607973961697 0.001616583458799651 0.26199374106664386
0.02728726669675664 0.001615200704845171 0.26212211203988134
0.02724860944494287 0.0015991683876389827 0.262207515352974
0.027395733870257656 0.001704691196311976 0.2617505066036862
0.027403876209716477 0.0016928206605096201 0.26184383641236436
0.027398209525981092 0.001684342435704664 0.2619478046656901
0.027375844849706503 0.0016807979715653934 0.2620638228837814
0.027358621795672743 0.0016882807892954616 0.26217413327607775
0.02747062168772321 0.0017759992554519555 0.2617154583783825
0.027481346780065023 0.001764164184064425 0.26180600751631045
0.02748021012703715 0.0017539449863074644 0.26190647978122517
0.027460261194261124 0.001747763456927595 0.2620219381151627
0.027432774886023185 0.0017476979079930378 0.26213692991470855
0.027539133453861633 0.0018484085084305153 0.2616852628988585
0.02755133942092697 0.0018354536305863086 0.2617749726062935
0.02755254835825547 0.0018250708047311513 0.2618729347852085
0.027538259190168845 0.0018173170301012058 0.26198616114501216
0.027510341664679066 0.001817387740376911 0.26212025808483774
0.02761442237385343 0.001908217860369636 0.2617490015413534
0.027615887496055362 0.0018975900572876655 0.2618465645267454
0.02760562137446945 0.0018889597111193938 0.26195541627580154
0.02758818251932156 0.0018935066686688704 0.2620895588030186
0.027661355281274835 0.0019920688008300165 0.261638111040025
0.027671297691071323 0.001980801611174886 0.26172883771209404
0.02767240094944184 0.0019704327523068794 0.26182629438445015
0.027663754355614693 0.001961549729078477 0.2619308938065974
0.027715711136338226 0.002065338439077656 0.26162000066367913
0.02772484153514625 0.002053726583144306 0.2617117957660505
0.027725248971987047 0.002043255360454836 0.26180967558619045
0.027766039639829817 0.0021397705947699946 0.26160523493866156
0.02777406046156115 0.0021277605880050633 0.26169788146021666
0.02781315285511907 0.0022145835549710513 0.2615920852302596
0.02781997553823235 0.002202849468100891 0.2616851071610096
0.027856445001001 0.0022903441405828723 0.26158113834610514
0.027861453778179925 0.002279012597355671 0.26167527324759904
0.027895764857784097 0.002367673918601436 0.26157262447541274
0.027899240982934073 0.002355026484389439 0.2616659172316256
0.027934356307466254 0.002452566441630525 0.2615745854560795
0.027929995490289145 0.0024268163832741178 0.2616555594714684
0.027964534167919074 0.0025525612367646405 0.2614676813262034
0.027959003285420267 0.0025248604391782414 0.26154358420132584
0.027985977029386364 0.0026308084321864326 0.2613466769977655
0.02798906280899008 0.0026150932567639306 0.2614715940799667
0.02798355371314807 0.002602115010028247 0.2615433275280552
0.028006549466030164 0.002712457525196842 0.2612644193472939
0.028013196744559883 0.0026962494906834834 0.2613934140041807
0.028009799573047615 0.0026910036505295417 0.2614677090658388
0.025771629574649735 0.008576812763633179 0.25960158311776405
0.028035488839541167 0.0027910953707628553 0.2612894153650871
0.028033207100915364 0.0027816511419004254 0.26138199996861294
0.024855960994973596 0.011004114089807483 0.2600099119201356
0.028044254089454723 0.0029517729586379113 0.26122241045669514
0.024914908551817466 0.010884610545204678 0.2599990295274982
0.024892736699372555 0.010917521380522436 0.259950283500195
0.028028967129415643 0.0031169200132165394 0.2612497351601108
0.02495196876802616 0.01080673626640701 0.25995161816624063
0.0249356344778993 0.010824117058014294 0.25989780768353365
0.028013109123220276 0.0032340048040433206 0.2612242488030436
0.028024781559323576 0.0032084189894655453 0.26131202137807596
0.02570053966618821 0.008813496907557672 0.2595706570538434
0.02500464714709149 0.010688796187947007 0.2599197998574874
0.02799743641828813 0.003320971952008257 0.26117426457358117
0.02801072801193362 0.0032988213258271022 0.26125497881952414
0.027990503315185076 0.0034053317795882387 0.26120606620989195
0.025038277923013115 0.010600567613090856 0.2599073184116671
0.025028926446866884 0.010617498995037902 0.2598328895745188
0.027957918664504318 0.0035310413140838826 0.26106514241106127
0.027965350515935166 0.0035313257072169045 0.26114903545073
0.02797462329599056 0.0034857343677846832 0.2612076350635173
0.02508088214677442 0.010503273474784507 0.25987188548673984
0.025069212117953887 0.010530531826222796 0.2597924328945592
0.027933162536318765 0.0036284706394329454 0.2610301383073121
0.02794303291930118 0.0036134364099530674 0.2610814559902657
0.02792353619542989 0.0037141776910286006 0.261050806230959
0.027932360619475193 0.0036704273037024503 0.2610919277210717
0.025125551980280304 0.010387507824133075 0.2599121887050207
0.02510928322041951 0.010412325389093218 0.2598384822275439
0.02788906037420093 0.0038364098353834597 0.2608918535627305
0.027910099382651102 0.0037904954502565834 0.2609875095597293
0.02788419861009795 0.0038994413005285574 0.2608988379346756
0.02515088088216845 0.010305145954741017 0.259869852005818
0.027853561225167665 0.004004955787489119 0.26085350132489843
0.027805171720918953 0.004147925960457596 0.2607514405620171
0.0278262283575089 0.004106192554195046 0.26084833122698137
0.0252021643525699 0.010206258344908003 0.25977611366582254
0.025199091623916696 0.010218828450485317 0.2597255560414281
0.027793276332532646 0.004205902716052953 0.2608067400479619
0.02522808797289266 0.010133969725663388 0.2597544753008872
0.02521674106048688 0.010163295651061636 0.2596761501543608
0.02774049372352986 0.004314273063772917 0.26072174474796295
0.027695990603973937 0.004413792473689685 0.2606811245620991
0.027709713355960987 0.004397233932110419 0.26076190199260213
0.02526839697866356 0.010026381869876163 0.25971747302743164
0.027658322474247383 0.004517482003792545 0.26067213824750735
0.027616917651038624 0.004605941550370307 0.26062889139404594
0.027624969653371908 0.0046026203385134265 0.2606956420323218
0.02529737382728867 0.009944116154818002 0.2596750849575332
0.027575395203488545 0.004709731444929161 0.2605608617744901
0.027584288789530186 0.004693165553131713 0.260656027818625
0.0275045767713186 0.004851301434182294 0.2604717039290257
0.027531187006223055 0.004812055111975074 0.26052391493353194
0.025345682481587393 0.009839539863732736 0.2596974699807116
0.025333811034825907 0.00986012109786451 0.25965270067031476
0.02746259746974203 0.004934836286760823 0.26042693291559255
0.02747203750175519 0.0049421579510179215 0.2605188538769023
0.025374040207158163 0.009762271137014734 0.2596601695226468
0.027426814870576684 0.005035347494791278 0.2604704085266547
0.027359997052303645 0.005157081878870754 0.26035804381246913
0.027381403310601723 0.00512110019624241 0.2604159191312233
0.02540749622685531 0.009664654317393944 0.25960080489198895
0.027312491253707265 0.005263474095455895 0.26033079578226836
0.027263724819631047 0.005361852424519277 0.2602878773179646
0.02545677620813499 0.009556224521743303 0.2596333906321254
0.025443290483015343 0.009574916341718366 0.2595593210210558
0.02548658736929406 0.00946035746438554 0.25961004259400855
0.02603996931006249 0.007053095575945959 0.2596360220339075
0.02551404487906605 0.009380518454647702 0.25956707580938126
0.027099407932306294 0.005741660782602359 0.26017851081591703
0.027038495586286196 0.005880677785419715 0.2600987259004882
0.027050097018736098 0.005866324354949284 0.2601836159929539
0.02555493421233252 0.009271536658094234 0.25959088778630457
0.027008340662246288 0.0059480714363424735 0.26014632375413144
0.026956845105138752 0.006039078537191754 0.2601841736919544
0.02557987729877392 0.009193813306869853 0.25954078750573434
0.025607888101427816 0.009096673160055553 0.25950648526511383
0.025737956195460952 0.008688637832894683 0.25952657286834013
0.02574091654192353 0.008687348159272256 0.2595915141440495
0.026025491111619295 0.007009923230340719 0.2596430823840962
0.026003917098478546 0.006998879368527051 0.25955887550389467
0.025636050436279506 0.009006588814850842 0.25956280526018444
0.02596039176125472 0.006894330377002881 0.25972294276751184
0.025667299170029807 0.008907975558726152 0.2595091136448662
0.025966181150356787 0.006901563942958987 0.2596785307117457
0.019450796429420884 0.023624798092335884 0.2677459318022338
0.0195006225957451 0.0235707978058372 0.26768855549695464
0.01959604684200462 0.023426106234723385 0.26767469051320303
0.019632807356628045 0.023358030387349144 0.26761517431734927
0.019654206255557104 0.02330813434395857 0.26753976795502765
0.019805593469035723 0.02264728592809092 0.2672993926282147
0.021496993377676563 0.019579104006453615 0.2630258470149227
0.021563560471308103 0.01941935140221 0.26299696686805946
0.02185739069568138 0.018738495175641346 0.2624473953991971
0.019472796487350234 0.02077382389018422 0.2652528706519575
0.019445690624470498 0.020721405948331332 0.2652237303745147
0.021971001127326705 0.018364746604457173 0.26222694984501405
0.021980708308089174 0.018318993919965332 0.2621579369483681
0.019418558639402287 0.02066073290194528 0.2652217075723744
0.02200158453202981 0.018225086781895196 0.26218456058436057
0.02201677030031459 0.01815737545583872 0.2621119303904654
0.022029700918649982 0.01812782223022829 0.262024986585249
0.019396852170561668 0.020599885585385152 0.26526913002990143
0.019369273284401037 0.020556229013285108 0.2652014965991839
0.022170000293209834 0.01774094205826837 0.2617225678739523
0.022169029979619875 0.017698189709297957 0.26164047679313923
0.02218710640140778 0.01760534580537758 0.261671371452551
0.022189629977533345 0.017571126745403273 0.26160601240728554
0.02220468878652154 0.017527681703031574 0.2615240085344186
0.022218316020559258 0.017476316943405096 0.2615636065906966
0.02225187674677687 0.017308961452022077 0.26152871482863616
0.022259790995701804 0.017257884636808815 0.26145297128361994
0.022284489458825555 0.01721597338454926 0.2615612923672249
0.022294463291130825 0.01719102214681923 0.2614825536899126
0.022280651315096437 0.01714512730802465 0.2614181387445193
0.022301909266088896 0.01707960670696277 0.2615227038694706
0.02229034148105078 0.017004227237978453 0.2615469331246169
0.02227327231444418 0.01698288282247525 0.2615072982967734
0.02222698871204357 0.016925919571068038 0.2613456968285314
0.022176281553776128 0.01682761382535551 0.2613109662100466
0.022872231342817892 0.01569048340086804 0.26157768137541537
0.022915351260165813 0.015635267729852628 0.2615112726139285
0.02293892240670895 0.015595775968009096 0.2614391280403478
0.022989542973953267 0.01553143035217368 0.26134521502903085
0.023035972013964297 0.015463060166941545 0.2612775417269466
0.023061605094657187 0.015413592888967114 0.26118839790616244
0.023113467335955314 0.015312858747745886 0.26122109105253855
0.023212833646572364 0.015112265755116632 0.26108540713962913
0.023237278297346262 0.015069335137011962 0.2610001779851238
0.02328606546282591 0.01496301794297857 0.26103308238965156
0.023308646794213954 0.014916330800875965 0.2609731439976559
0.023345843379918692 0.014829069445810718 0.26100076881302336
0.0233561534202177 0.014803168881550848 0.26094754832223216
0.0233759550469313 0.014744253351150925 0.26086315577186675
0.023400859855553843 0.014689929589309933 0.2609761083052907
0.023419186478937985 0.01465049554484096 0.260896189039077
0.023472761932895277 0.014509119689174114 0.2608487651382701
0.023493590918813905 0.01445807526877149 0.26076788028807335
0.02352594043438266 0.014377001479368793 0.2608035682134033
0.02353937957803308 0.014329086540181946 0.26074638485637813
0.02355201680328916 0.014295912764465136 0.26064834690687644
0.023569006742213048 0.014244811452304697 0.2607658298327458
0.02358323821734527 0.014204296025856407 0.26070494744584055
0.023592423031135727 0.014176069498541543 0.260623874153374
0.023620679221739722 0.014061959008567743 0.2606492224604276
0.023622949421424292 0.014036968042239835 0.2605820475440124
0.02363849357689956 0.013996687156428924 0.2606676638559443
0.023653803474917724 0.013933223482292983 0.2605982504531475
0.023658046212400426 0.013893642645385647 0.2605294741088978
0.023684059836927514 0.013820353492272276 0.26056775171037566
0.0237097316134684 0.013737740859351425 0.26060527720532384
0.023711738323042693 0.013691261791117976 0.26051493982251456
0.02374545941498603 0.013584600561264898 0.26054905086184776
0.023754398100572047 0.013534340161553462 0.2604936942757821
0.023788855134746736 0.013413353396063548 0.2604495061170494
0.023812718603087143 0.013340087967884077 0.2604734920298411
0.02383103336521417 0.01325925110573475 0.2604066847218121
0.023860502900868667 0.013186544319425344 0.2604426882021003
0.023862489612254713 0.013154766908602062 0.2603579488697968
0.023894248102695387 0.013065261648895541 0.2603980021127342
0.023904339959981074 0.013022607113637202 0.2603214261482386
0.023926964731300827 0.012952015931144735 0.26037280588040074
0.023941973502455277 0.012883694701470601 0.260290701005002
0.023961896458751256 0.012816069296016686 0.2603412883596435
0.02396768856725425 0.012756598369430858 0.2602472311553999
0.023991672262633226 0.012682423457718976 0.2602950230734248
0.023994220311431138 0.012650867301263408 0.26022877879037287
0.02401472944619802 0.012555170118513346 0.2602604978935257
0.024027121723941215 0.012487525252511353 0.26027595071384796
0.024049793831574403 0.012374076355515727 0.26033255570837965
0.024041484227878336 0.012379385775098829 0.2602479516762648
0.02406369498176687 0.012290459379756676 0.2603597428209193
0.02406258539958561 0.012262351738158768 0.2602785317686469
0.02407127512154536 0.012191971982009856 0.2603167563687976
0.02405982366731781 0.012144288116665257 0.26024309753781394
0.024037012782132983 0.012044839291009095 0.2602075105220259
0.024014237526028544 0.01201269857801938 0.26014545782846726
0.024025604602913152 0.011990540464211597 0.2602605213346522
0.023984744983773475 0.011927663413889334 0.26017722646886476
0.023950561944229617 0.011884279716939158 0.2601219646507036
0.023939123485040962 0.011826715312102195 0.26017286805183903
0.023910029771547846 0.011809980601960578 0.26007853348918225
0.026901706973491958 0.0061393918467305235 0.260217453210699
0.026918377097247332 0.006105818107196726 0.26018630048870406
0.026981491653403786 0.005996948347754807 0.26019071039575903
0.027035846482570472 0.00589529844616487 0.2601409610816631
0.027072279212708935 0.005813326636222589 0.2601895824642992
0.027117189846318092 0.005695073386651735 0.2602093765683397
0.02715994082426614 0.0055933563047668704 0.2602342147030787
0.027236515331661576 0.00542870466712101 0.2603006700199291
0.027241108989281625 0.0054060235955427785 0.26024887852736783
0.027288322173365725 0.005301969892517637 0.2602762942807842
0.027323977248638255 0.005230579383609646 0.2603108277565022
0.027355987845508488 0.005170570650694508 0.26040420302818557
0.02745003549862169 0.0049889678896690645 0.2604943290567889
0.027443893992576036 0.004973791269961475 0.26040897913811445
0.02748530884303329 0.0049175861510720766 0.26053639035454473
0.02752427519086425 0.004836888333391049 0.26056330290660173
0.02756494301120886 0.0047394478530692705 0.2605766026691216
0.02759673919727405 0.004660576301494152 0.260614113387641
0.027633647021353482 0.004572037249787802 0.2606634442922006
0.027678816500603134 0.004472763935757506 0.2606934749359793
0.027709489514293906 0.004391051897352746 0.2607263390731331
0.02774361835249141 0.004316212169253595 0.26076462782345655
0.027778496514167347 0.004243027610710101 0.26079733253151066
0.027811486457196045 0.004153923913198047 0.26081865302045054
0.027836473903172655 0.004073146471736773 0.2608555139373482
0.02786078535823907 0.003985224041207863 0.2608858691899818
0.02788724683873366 0.003904389970945079 0.2609356451413517
0.027900736540234967 0.0038438681629141217 0.26096648136852146
0.02791663000280859 0.0037471382823965143 0.26101166291965106
0.027931770553938803 0.0036577685317827004 0.2610510654473202
0.027951644020033358 0.0035748700075590497 0.26107596472897493
0.027966666027135708 0.0035131926286818436 0.2611120852153705
0.027981075703163435 0.0034536278386912297 0.2612289965763674
0.02798205752453428 0.00343918735158422 0.26116619650503853
0.027997161459496597 0.0033787037797218867 0.2612576882133154
0.027998447553962438 0.0033541111007995357 0.26120632646875347
0.028009927002644465 0.0032791928906243696 0.26121983624825207
0.02802238259253906 0.0031966988680274836 0.26127425970290324
0.02799965735330095 0.002662941985693093 0.2615285642254001
0.027983032273184726 0.0026035531512742104 0.2616087013420033
0.02796633586317134 0.0025337243368506275 0.261631512838422
0.02729363980397786 0.0016436551596853463 0.26223902450843833
0.02798343350549418 0.0009227999448378164 0.26339380407475194
0.028117804551395446 0.0007994003306419894 0.2633773805233787
0.02818392579768702 0.0007267962011934515 0.26349890083516186
0.028203033903181927 0.0006904098638355838 0.2634359164255189
0.028607519995062967 0.00031770356047910477 0.2636096982401982
0.02869823102824232 0.00024182547436300518 0.2636661275066023
0.028821872702317213 0.00013560927173580884 0.26368740409776287
0.029002752869474707 -4.121977274343966e-05 0.263821453997269
0.029084013095686517 -0.00010536589403511271 0.26394691364719375
0.029142654425363925 -0.00018458544715221678 0.2639578584842227
0.029183916006487558 -0.00025021733358023993 0.2640524953164133
0.029229519383356217 -0.00032599385980105116 0.2640943800605582
0.029275922391991855 -0.0004248430303009817 0.26410811411243806
0.029304476614378336 -0.0004691100881142996 0.26421824135237654
0.029312701554041056 -0.0004904119736663401 0.2641588976590344
0.02933371901794754 -0.0005344204014793616 0.26428383635677205
0.029367786203619833 -0.0006074910544871154 0.26431243863341886
0.02939690517747507 -0.0006895994855159405 0.2643455116558936
0.02942738351627116 -0.0007714889138866636 0.26437080298415727
0.02945124029269588 -0.0008339226054254022 0.2644783424991249
0.029451741367099334 -0.0008430789902867621 0.2644307602478046
0.029472698204573353 -0.0009371677018239284 0.2644410557965688
0.02949392355762097 -0.0010228054231097709 0.2644799402096537
0.029513863667846977 -0.001110371389586439 0.26452428091464575
0.029526419214598514 -0.0011731167584101156 0.2645283401678958
0.02219671148854439 0.017553519553106002 0.26153163278654706
0.02206305280724677 0.018037510434691085 0.2618445810595192
0.022093678306030165 0.017961380587856856 0.2618041820280301
0.022119059010458682 0.017890268084939823 0.26177509311997926
0.02214649516641448 0.01780953527209561 0.26175331077445285
0.022172830661308155 0.017726039272033194 0.2617360554192759
0.022182611050019556 0.017656071097885778 0.26168117576363614
0.022191842371323368 0.01757464850863837 0.26165604535840215
0.02221188447870203 0.017503702528391073 0.2616212663227834
0.02202569546281852 0.018168202353488132 0.261969118825592
0.022058454622863148 0.018068882197924314 0.26195325779057055
0.02324172113208726 0.015053296841330527 0.26093537008058204
0.023284823634394367 0.01496804731595088 0.2609106054037741
0.02332124571004631 0.014884793612082602 0.26088267094839346
0.02192589108036202 0.01849624867802869 0.26221538772110653
0.021949653880148454 0.018425546689755438 0.2621792645069566
0.021974244630380068 0.018339338286559967 0.2621489307827946
0.021990483697814357 0.01826348422806022 0.2621420953019792
0.022026832626061782 0.018128919019846892 0.2620633369027205
0.023153227546834968 0.015244414792659661 0.26109144610067797
0.023189771265570185 0.015162907549870312 0.26104961417514394
0.023227473345946097 0.015086911661426516 0.261052299501003
0.023269969280610894 0.015001635015954376 0.2610357217063974
0.023303390462808455 0.014926476602721245 0.2610050288261025
0.02333865142771753 0.014849634976749616 0.2609617447427495
0.023372900352347993 0.0147580516141822 0.26093678139837223
0.023398707756145058 0.014700431317702396 0.2609220277194128
0.02343395036132315 0.014604738882286314 0.2608838562328764
0.02186283240749226 0.01869853643875888 0.26236228596423644
0.021888447685980948 0.01862070578292944 0.2623648130220329
0.02198404322485045 0.018320101241133206 0.26225176033122144
0.02308558324498225 0.015363874144456165 0.26122577802054503
0.0231324280951867 0.0152849624894748 0.2611926797892115
0.023167671936820476 0.015211681145325236 0.2611676974188969
0.0217601695086434 0.018967593561194516 0.26256626259663984
0.021790473377240823 0.01889159830836884 0.26253483272556155
0.02168804008920329 0.019161430351921766 0.26273358303266536
0.02484289162151776 0.011027913264195902 0.2599693034668789
0.024875952246188153 0.010956923888424395 0.2599570525475674
0.024913110029618223 0.010871510859671425 0.25992994140871634
0.024964461821035126 0.010775154598782925 0.25992039175920106
0.024994543697114 0.010702489533391046 0.2598716795656232
0.025024377516737195 0.010632276894272001 0.25986140202143065
0.025071705656853384 0.010531473172531267 0.2598329776368927
0.025090614051077525 0.010464355258175238 0.2598262488331093
0.025183863709458243 0.01024776925269413 0.2597342801338599
0.02521242102201812 0.010182377365415468 0.25971851904324106
0.025246667225347054 0.010083374498733191 0.25969073804890597
0.02285259010853273 0.015715420257273672 0.2616238187746524
0.02290806240871858 0.015643063621724643 0.26158659896266845
0.024653323101821868 0.011292219961453956 0.26013150823044917
0.02472521904542475 0.011205144772717982 0.2601562055035791
0.024780964271937087 0.011134968581228394 0.2601199352572454
0.024825880722547235 0.01106633795936437 0.26007944500771357
0.02486775071074652 0.010984644782311237 0.2600599364887756
0.025067619724424377 0.010533584882376112 0.2599327618838344
0.025104322438060243 0.01044267452752622 0.25989408652355395
0.025132262225772965 0.010357110674975597 0.25984570333949925
0.025174549228681963 0.010256793058784896 0.2598356170583816
0.025291919062557015 0.0099718418600433 0.2597440397471528
0.02532519309626468 0.009883746268818827 0.25970510178511524
0.025390342912237088 0.009713981173403089 0.25966896462477784
0.02541670530700909 0.009639061941301399 0.2596460605770314
0.02543581495653223 0.009602223653154373 0.2596121272730146
0.025467476732515797 0.009519732417874266 0.2595768928389546
0.025492633966011834 0.009433874349181958 0.2595459300977443
0.0255217312803836 0.009347704399097545 0.259532027986437
0.02555334838220059 0.009259060282895961 0.25951160559344444
0.02153948276384408 0.019474346593948387 0.2630338056070298
0.022763604696565052 0.015844090117625245 0.2617353010391344
0.022825500969605193 0.01575588806973618 0.26171183042278306
0.02288083205392941 0.015676678129810113 0.2617194703720245
0.025573833107502827 0.009218409950374346 0.2596022327714606
0.025594743853640446 0.009151198677610557 0.2595719165182386
0.0256116024694855 0.009085323962417223 0.2595368944756084
0.025629495394006503 0.00902433569767651 0.2595186788307937
0.021480107590479004 0.019583163050805007 0.2631666888373679
0.025650264438311074 0.008965795829258034 0.25958925224437285
0.02566940473790407 0.008909224857649688 0.2595550644526516
0.025685432562218842 0.008861946276626747 0.2595616656664935
0.025724323902269967 0.00873689046924032 0.2595954860997841
0.025753922840927264 0.008639604311330084 0.2595738700013982
0.025762278866826072 0.008606722695503971 0.25966458373394097
0.025788867074422527 0.008523643597886571 0.25963469217566976
0.025811018381604364 0.008457796790892199 0.2596059176557122
0.02582894526127165 0.008415892727007993 0.2596843426173978
0.02585122340184877 0.008341948943042429 0.2596571063682935
0.025877105930289083 0.008268482273024068 0.25963131630396735
0.02590223187094242 0.00818095284587853 0.2595971228690733
0.025931005699667872 0.008072440594525866 0.25965741154783517
0.025948460549249337 0.00799733886769231 0.25962732834732866
0.02596799565047034 0.007915139389315382 0.25958570291670224
0.026002216209477153 0.007801109834125917 0.25966002234339897
0.026016148545286177 0.007739690108837138 0.2596081181637565
0.0260469205561971 0.007611383924504454 0.2596701780808245
0.026056035508227226 0.007543460313399443 0.25963080757912654
0.026065297049465985 0.007519694020090728 0.25971225045208823
0.02607307193441983 0.007443905691530258 0.25967283478873016
0.026079491387569115 0.007370705351855045 0.25965215555294385
0.026078951498238093 0.007288409411349491 0.2596126797616813
0.026065534621978723 0.007208691519867858 0.2595671368565348
0.02702480983398158 0.005921652189385841 0.2601865906061639
0.027324732755862398 0.005239139728322893 0.2603554380995542
0.027526249868945276 0.004834623775214874 0.26053913880672736
0.027580137638609715 0.004708601145816977 0.2606019254108737
0.02761850277606744 0.004612237357142344 0.26066582725325804
0.027668729391025677 0.004506543848773895 0.26072734729339625
0.019242108469846763 0.023862964678042192 0.26757080449145165
0.0192943688019064 0.023807247186570884 0.2676570098557695
0.01943969939055845 0.023636918391419712 0.267641658590532
0.01949596946934475 0.023570699532935294 0.2676349567165847
0.019616611656470224 0.02338146060326063 0.2675819757258319
0.01933473200082415 0.023752668060737434 0.2677627059190659
0.019412583079342502 0.023671920676240212 0.2677318766088176
0.019481812752499973 0.023590528622207677 0.2677209182515105
0.02770559755898637 0.0011769314460644536 0.26334448238974006
0.027803008016240357 0.0010842716305196713 0.2633582356948256
0.027892155955907133 0.0010023755664099535 0.26334385150431977
0.028046271796222932 0.0008733280547008957 0.2634306032840446
0.02811213527998069 0.0008082573006356509 0.2634339913177925
0.02816298525807529 0.0007393125672694237 0.2634359900596061
0.02822539248067163 0.0006819789149491157 0.2635115787748977
0.028288510965633295 0.0006145535956233219 0.2635064656379001
0.028372682176446996 0.000526443769257783 0.26350899922586973
0.028499438311639574 0.0004124646803074445 0.2635905641403433
0.028595083198016933 0.0003221705605704652 0.26357669787369387
0.028638239307380735 0.0002924885940108208 0.2636640285698192
0.028751528152275423 0.00019523722268832567 0.2636746461259557
0.028797634890497612 0.0001474588176520782 0.2636394378143985
0.028869232589088623 9.565945920689853e-05 0.26375748484621697
0.02893608259269813 1.872998106907196e-05 0.2637501937207305
0.028929144954157122 4.373590529067656e-05 0.2638135078741663
0.0289870869697784 -1.8382229699675812e-05 0.2638361951069433
0.029101354308357308 -0.00013492081293385783 0.26390763029051445
0.029138172218047473 -0.00017496617302639964 0.2640328775450196
0.029179920404660952 -0.0002469385090234745 0.2639914689002023
0.029211837725783424 -0.0002945932997295219 0.2640612961186427
0.029247850852726284 -0.0003648528027400933 0.2640565738390544
0.02922556240378151 -0.00032399465674981314 0.26415805023803407
0.02926530563575199 -0.0003973510150429315 0.2641588437180347
0.029305729873669268 -0.00047963949460020445 0.26413058194135747
0.02928155873035027 -0.00042557091210474607 0.26422822292259784
0.02932881768618791 -0.0005217948989896592 0.2642017778920419
0.029341133595036165 -0.0005509798821088542 0.26431276367513856
0.029374632615136745 -0.0006300290687983529 0.264266803993503
0.02938728323049213 -0.0006636971891857554 0.26437584739358166
0.029413112001607983 -0.0007376867334658706 0.26434001112536276
0.029427704543176607 -0.0007622847377320889 0.26443032155674634
0.029462477138100265 -0.0008804787935038586 0.2644613665615377
0.02697164930340312 0.006013206593634407 0.2601876878988803
0.026872837326471458 0.0061855932653623056 0.26023173434851504
0.026770779213538064 0.00633366915616216 0.26021798095445026
0.02682323304131029 0.0062706687315606194 0.26025842436246777
0.026628447192017367 0.0064727690681134434 0.2602181702821716
0.02911442197936641 -0.0001398767399176899 0.2639901429741584
0.029164099416002807 -0.0002179920490713701 0.2640331736813924
0.029201575191213688 -0.0002757665068220077 0.2641051226272078
0.027949495450562575 0.0009499495736552177 0.26334736004195397
0.027807249869616118 0.001076622276996657 0.26333211256578987
0.02788165362616762 0.0010169146594984028 0.26338756041808115
0.027924214637853613 0.0009785261917731646 0.263421904632004
0.024850553337156613 0.011015977603657578 0.25993357813943496
0.02772997774182225 0.0011596632841889267 0.2633551226937927
0.02483240815173518 0.011049574164734713 0.2600305786751542
0.027546665242066014 0.0012840306004677597 0.26333645292746527
0.024716814494368567 0.01121503458466903 0.26005306681228857
0.024771682134872717 0.011145295486934327 0.26008465512615075
0.02732311857964395 0.00137971499056478 0.26328562727831323
0.024584535872064647 0.01135110432820463 0.2600411305701857
0.02470017495792086 0.011237722485480009 0.26013010484434806
0.024420098720315055 0.011452395685255334 0.25999423480266554
0.02449712370952341 0.011423176785797977 0.26008234796088814
0.024571961533624835 0.011365094748894342 0.2601085760788703
0.023201383950510596 0.015141114854281589 0.2610819827071999
0.023154986880645736 0.015242003525967433 0.26114298330992985
0.023181570169872552 0.015181249903368534 0.2611475111653812
0.02306317460804171 0.01540601426847127 0.2611405045314734
0.0231011826200768 0.015340417908898119 0.261187127011372
0.023051888234317783 0.01543315014895484 0.26125821643383895
0.022979819098533385 0.015539807344721518 0.2613943754403663
0.02291335990203963 0.015636135307321178 0.2614504179378374
0.02296082094140466 0.015556886504957979 0.2614811577957809
0.022889446063758385 0.01567094166540486 0.261530720020473
0.02293765070027358 0.0155948648061119 0.26154406667168417
0.0228812383146019 0.015678637694963485 0.26160877375890235
0.022868110556988116 0.015699372848798635 0.26167106441530824
0.02279526833251876 0.01579534404148384 0.26171056146721
0.022606816050666376 0.016001133035020182 0.2616607804969106
0.022678085879392542 0.01595400902778961 0.2617028660010168
0.02272982927898623 0.015893698233234103 0.2617631634409175
0.022567763219341272 0.01602609625984367 0.26172437655317116
0.022643829960678347 0.015985095977949382 0.26178473520745493
0.022106090993926814 0.017936116615417035 0.26183343185325586
0.02206675998554545 0.018039828310634165 0.26188503335957947
0.022042111219314164 0.01813516528271888 0.26196368085780425
0.021990601425945402 0.018257091640573216 0.2621064794899668
0.022007480335730908 0.01819364640754699 0.2621427926006942
0.021939278978747957 0.01845076203218529 0.26214648271891705
0.021966429305980337 0.018377449880547875 0.26217699751948104
0.021991257869216685 0.018284937671219394 0.2621987205342989
0.02191050525159421 0.018534514266641808 0.2622139573011628
0.021940708665356388 0.018457112759331103 0.26226653697273977
0.02190110445128817 0.018565218504922012 0.26231467866982516
0.02183818036229857 0.018784147382196553 0.2624207495565952
0.021801814919899406 0.018870702575527237 0.26247651792761856
0.02173347600534303 0.019061632449738377 0.2626172482487686
0.021752132059235756 0.018997504768444234 0.2626315508864619
0.021690184410641914 0.019156099611085418 0.262678479565554
0.02171662404521777 0.019102838683732578 0.2627001010303751
0.021630656242318073 0.01926413906746286 0.26271415894533645
0.021666517721768978 0.019203282740070066 0.26275318834333145
0.021621378638792016 0.019301828118241236 0.2628207111730196
0.021581282124907793 0.019374942318493252 0.26285458262849226
0.02153567889834684 0.019468449680612458 0.2629198902234315
0.02157568787004912 0.019393858985781297 0.26296953485383523
0.0214863084148223 0.0195749432562104 0.26297054993338836
0.021529148523710087 0.019502722468896085 0.26302494268980114
0.0214794335780851 0.019604773470183502 0.263068959465214
0.02141694701258661 0.019678263331831338 0.26312565338258787
0.021459674946199464 0.019617527231912676 0.26318626160938774
0.021389391596558647 0.019711677582162 0.2631975432985869
0.021432309040074694 0.019652867468400618 0.2632369899265976
0.01797122854929463 0.024468469283439032 0.26812442231466616
0.01802778864339228 0.02445712244685065 0.26803122254881273
0.02138301396148707 0.019725926180226117 0.2632990776721956
0.01818622774008908 0.024415339667060908 0.26805553388877873
0.0180775217161057 0.024446011427212415 0.26797842060925486
0.018249703663754425 0.024396328553113144 0.26802341027501414
0.018110279165172778 0.024436495072825703 0.2679126183218341
0.021332489877567862 0.019807956950882742 0.2633485893052691
0.01828581659249749 0.024387545285663916 0.2679361054682134
0.01835576291710969 0.02436426868102504 0.2678607263102867
0.018383015001036132 0.024355569601355577 0.2677915389354661
0.021255618582684693 0.019944067041870767 0.26349081797661994
0.018556067985423398 0.024292407674025386 0.26778924729182096
0.018420564908163337 0.024340798007306687 0.2677172905423253
0.02114809241822868 0.0200888728872585 0.26349210253838506
0.02119541623861583 0.02003806789157268 0.2635180989869373
0.018667793881088957 0.02424835736539556 0.26780147972196966
0.018556813659928624 0.024288553739767054 0.2677223863790223
0.018719697624588267 0.02422465237287212 0.26773317334642377
0.02106648519823032 0.02016709387343183 0.2635282436668431
0.021126426905071813 0.02012165699860546 0.26357669349642937
0.02119049747333143 0.020051606619686725 0.2636170369816064
0.018819339645103978 0.02417521167733649 0.2677061218626845
0.01893958372520282 0.024109372804076722 0.26766524654777346
0.021057447648853454 0.020180946299161066 0.2636123572252191
0.01897481671398311 0.024081595241181197 0.2676010043459028
0.01939490275874759 0.023687185990539483 0.2677863660072636
0.019346140794614244 0.0237464581399169 0.2677078081084752
0.019279855166392242 0.0238189935303232 0.2676912860616945
0.01922552134914104 0.02388087679226065 0.2676123338989953
0.019146391715874414 0.02395006701760175 0.2675642763943123
0.0194045238127327 0.023680876918670643 0.26769030244324293
0.019319213234741478 0.023782770156026447 0.26760603128053617
0.019263592641472215 0.023838334523650914 0.2675424657218202
0.02086908675475903 0.020305092611858904 0.26370997897135934
0.020915373924109117 0.020276920034499588 0.26371792928195015
0.01754881156143315 0.024519036730257376 0.2680620600417095
0.01750954767008785 0.024522547549576813 0.2679808638700994
0.017468800892901256 0.024522710594235993 0.26789865950485425
0.017427072390429954 0.024521502786458458 0.2678159977786331
0.017383331366293647 0.024518417370291933 0.26773243647290734
0.017641877124622625 0.024513409559174963 0.2680471184623474
0.017602607294046682 0.02451774493322815 0.2679658175328425
0.01756161030785657 0.024519612373311014 0.2678835048546522
0.017521102636591582 0.024519309103546015 0.2678013317818354
0.017479563101908943 0.024517355587521227 0.26771887720383347
0.017768709630972965 0.024500217107902896 0.2681112798733537
0.017732251280762838 0.024505316508849816 0.26803086846116647
0.01769431498505334 0.024509498962857982 0.26795024613332674
0.01765345654718995 0.024512351236917675 0.2678680329860323
0.017893835763683284 0.024480868074038403 0.26815400800930034
0.017854612695829088 0.0244882515360042 0.2680910497315483
0.017818291670430773 0.024494402718401816 0.2680124542757692
0.017782290496411834 0.024498564488604622 0.26793301612537507
0.01774333134989717 0.02450175371602808 0.267851710367084
0.017948409380615475 0.02447234788082403 0.2680657961283402
0.017904262142663423 0.02447912796404606 0.2679934564763317
0.01802201671143433 0.024458623357658114 0.2680732390856551
0.017998025195638888 0.024461491218895303 0.2679734270350713
0.018107280674941727 0.024438038798754745 0.26803941635717604
0.018061242648113967 0.024448995138519343 0.26794215526061244
0.01819444944598425 0.0244135365418467 0.2679950629710444
0.0181487770346525 0.024427152979617592 0.26794653638693244
0.018259571477941765 0.02439448874081932 0.26797082299105796
0.018227624183109407 0.024403877438234866 0.26790663725343866
0.018298149591261508 0.02438356812488239 0.2678948270969566
0.018271465423961998 0.024389541944671207 0.267822548294444
0.018331658272598965 0.024371398560695232 0.2677779691974268
0.018420769172426403 0.02434228064075008 0.2677597331597538
0.027761591938608922 0.00112447984920296 0.2633609424759296
0.019379148229811002 0.020442416594170003 0.26391548165226136
0.019500099676551357 0.020463296076520962 0.2639007239814365
0.019608009265791225 0.020483477629999403 0.26391051317697445
0.019715206411422135 0.020500377599371292 0.2638897422476786
0.019815902801762268 0.02051299525656217 0.26390311584478193
0.019919052676907203 0.02051258990663266 0.26388619908536953
0.02000423935460375 0.020509709788453623 0.2638593146351744
0.020111397315030963 0.020499335461418633 0.2638504242664727
0.020063732275210182 0.02049465576143974 0.26378621645552275
0.020208146911585255 0.020490600712421866 0.26385132733155836
0.026840357769306336 0.00623020449927191 0.26020806460674606
0.0202925812152514 0.02048233288796944 0.2638260065803208
0.020271642520574718 0.020478667178365273 0.2637552480137839
0.020380506145519735 0.020467021837325215 0.26381098904172473
0.02032481907180768 0.02046648794693736 0.26372596362680406
0.020464138501442148 0.020447612619791687 0.26379577802540105
0.020423831314208853 0.020447945623997862 0.2637071486563098
0.02053883797749156 0.02043031470762864 0.263790762338734
0.020510585795374115 0.020428359327295954 0.26367175725651754
0.020616621080276273 0.020411027588898654 0.26375589568887653
0.02058502639762539 0.020413554866566264 0.26368302124688364
0.020688048154917413 0.020388388260200382 0.2637312609105276
0.020787830384989974 0.02034810652080766 0.2637070992128794
0.020748845870468297 0.02035689409653896 0.2636414475994928
0.020834548223834157 0.02032178972981997 0.2636790153857571
0.020905005522675657 0.020279654350544178 0.2636428950666382
0.026791577450940764 0.006316034618323819 0.26026156270861606
0.020978613144839082 0.020234749372683852 0.2635988889827088
0.021062587729412788 0.020174848264277834 0.2636563606710206
0.02102757609395527 0.020199841264123247 0.263565178412103
0.02110404580499818 0.02014137213709137 0.2636221520013979
0.021096195675671493 0.02014476275643674 0.2635357830928138
0.021167203186395568 0.020078663076534786 0.26356616902274255
0.026728402494535015 0.006381518968656314 0.26021583290165534
0.026635102046909 0.0064553020944840365 0.26016086194736243
0.026673813509115834 0.006435612247293059 0.26024176971096646
0.026541580121237973 0.006509885178556856 0.26012381546639757
0.026572461324179373 0.006506734822498866 0.26021859446545115
0.021739614278283564 0.019041359645117516 0.26264370836778006
0.0217223781170267 0.019083568794562397 0.26259363885761405
0.021755077920775735 0.018982130549608376 0.26254031498401664
0.021789468435699788 0.018899400661741794 0.26249913838463274
0.021819866464541354 0.018829511902658237 0.26245638410769684
0.021853868908904086 0.01873617752968988 0.2623958087455439
0.026450608091498157 0.00655276178445073 0.2600956019577174
0.02648761769436063 0.006549402591487955 0.26017898138214934
0.021874962037387143 0.018657307601075885 0.26234076420729335
0.026361418146945283 0.0065894179562697485 0.2601049123743691
0.02641078863630446 0.006580860132973966 0.2601867848058761
0.02628836007167225 0.00661284184659358 0.2601110645446772
0.026334436667412326 0.006605474332834148 0.26020941533860387
0.026244931100099032 0.006627277455620116 0.26015492362036424
0.02624785434239419 0.00662604607572048 0.26022387401382235
0.021836657868202054 0.016200463422710143 0.2615575611817286
0.021874713087897523 0.0161991043751747 0.2615447666538465
0.02202428937204681 0.01617119327110343 0.2616132073090861
0.02198062060430446 0.01617444622861268 0.2615495357393605
0.02208681894619947 0.01616687346390066 0.2616054361044162
0.02207000513200935 0.016164008874302634 0.2615391990937741
0.02217545000703639 0.016157208977408494 0.2615901064874685
0.0221622761256932 0.016151486234133657 0.2614978654935463
0.022288079281174017 0.01613131620689966 0.2616271410448793
0.02225669292355958 0.016140563609736834 0.2615569535004254
0.022251509761610725 0.016136959516671833 0.2614890675619301
0.02240111855019972 0.01608953185094308 0.26168991001536174
0.022368705842032235 0.016105504976282405 0.2616103754146136
0.022340911222585896 0.01611426143825837 0.26153593960062943
0.022519344469066668 0.016043624522854835 0.26173810804681374
0.022479092713654506 0.01606044941336691 0.26167178280768505
0.022441908798888258 0.016077712682454497 0.2616060546263389
0.02241112144780708 0.016085628099781337 0.2614966962623152
0.022583408714306582 0.016017453191716473 0.26168855581670974
0.022520457531691927 0.016041186507139628 0.2616134254330661
0.022486614348158896 0.01605522419397592 0.26155919127338206
0.026148396306229615 0.00663767571471558 0.2601593240158431
0.022670237020358253 0.01596634975389346 0.261755695626144
0.022639457069772415 0.015977947229097483 0.26165646837731177
0.025916906647111233 0.00664939900863427 0.2599218189373691
0.02600551621098329 0.0066422979346609885 0.26012869311371495
0.02603012013044736 0.0066478854867612295 0.26020243661721554
0.022713256870299528 0.015913728398135856 0.2617156796177318
0.022788492418471362 0.01581413994557153 0.2617785639353883
0.025890166285401497 0.00667391197918223 0.26007033187865886
0.02591252470165744 0.006646087098143756 0.26013639344704553
0.02594422986137539 0.006649072260689046 0.260187266230062
0.025872076585494817 0.0066622257736506044 0.2601394638789014
0.02585659526958568 0.006661285141421279 0.26022801705540427
0.023429201653546554 0.01461915593102569 0.26093012052126496
0.023418044937265868 0.01464787652304586 0.2608544237196427
0.023454541119410376 0.01455115457302644 0.2608662318894123
0.023498220284897547 0.014449082689198582 0.2608199606690462
0.023484871045174778 0.01447292376403056 0.26074990919761504
0.023528780567613813 0.01436468646482026 0.26076384737177194
0.02351129602888255 0.014401836635571269 0.2607096079643405
0.023556307248594973 0.014282237461174853 0.260736583521493
0.0272795373383325 0.0013935967163306773 0.26329757847053453
0.027340528822806805 0.0013725049087829808 0.263264834472978
0.027479060998351946 0.0013220351159004922 0.2633334690979506
0.027611925706310693 0.001239488765143214 0.26334920157886393
0.02791224042674031 0.000986478666043953 0.2633659696391892
0.027824678412155298 0.0010590120900592144 0.2633207695053128
0.01945610093008245 0.02046361529053198 0.26395929453727796
0.019548238035175882 0.020479358102560425 0.2639583541467012
0.019553261029085306 0.020470405228507807 0.26389330064965166
0.019683076821508643 0.02050049420275962 0.26392540419876986
0.019763095808116624 0.02051143665239163 0.2639244457738759
0.019855046730108992 0.020508202192288407 0.2638681482782602
0.019972521500843155 0.0205134123990964 0.263885311575903
0.019963910147973288 0.020504464286444243 0.26383157945532587
0.02002958597769238 0.02051220407338962 0.263893086171128
0.02003151007592147 0.02050353711606983 0.2638289687281282
0.02023673013598942 0.02048464015386879 0.26377775321909747
0.021823009801923227 0.01881912215089328 0.2624146269874852
0.021893222027797175 0.016198912099617966 0.2615185092477693
0.02194764911353055 0.016179045318604274 0.2615816042218222
0.021948085244577514 0.016171202288003107 0.2614876390050625
0.022008882751200408 0.016171801004583673 0.2615758183656119
0.022026743646266146 0.01616448179352874 0.2615214122503583
0.02212547533231774 0.0161590367896444 0.26153235372658906
0.022200154809125537 0.016150016960423643 0.2615264039934402
0.022297743786788983 0.016125317215245374 0.2614836540387415
0.022351265721135903 0.01610824388032491 0.261485508999242
0.023977207181265673 0.011555975702854299 0.2599821758436444
0.02401380037298439 0.011538245686626081 0.2598959885044096
0.02403343262983058 0.011532783975563926 0.2598357354779013
0.0240815744913394 0.01153328588300723 0.25992951671088205
0.024120089550588815 0.011525460343851008 0.259848591686644
0.024172469002598573 0.0115294676409146 0.2599589322212512
0.024176167688571195 0.011522607250138798 0.25986508597646496
0.024248434388921623 0.011505976542830169 0.259991316681901
0.02426175016476473 0.01150488349789598 0.25991487699347626
0.02432723833997467 0.011484611737936705 0.26001304692143706
0.02435324569008681 0.011471190753581804 0.2599255270275894
0.024406275983996938 0.011459355280455458 0.2600186259341549
0.024412366082304893 0.011448445947626512 0.2599558133648727
0.024472254592468937 0.011439747031943193 0.26009921139943487
0.024459479315849016 0.011437677313624382 0.26003650948340856
0.024526873933696465 0.011400019572781505 0.2601154167520206
0.024542343345070824 0.011384321775484879 0.26004558077940065
0.024615506987265192 0.011326797065681115 0.2600841887762776
0.02467986220331144 0.01125974703057196 0.2600866969946699
0.024741554833797086 0.011185066483580582 0.2601022442209444
0.02474126238268898 0.011186439217539654 0.26005212514599474
0.02719276785333471 0.001413876482660084 0.2632846183142529
0.027366027999888028 0.0013613895212404947 0.2632744128354665
0.02742514217136539 0.0013407358843127704 0.26329674292530514
0.027237765462459443 0.0014015624454444908 0.2632800482638692
0.024506890234402588 0.01141068698314734 0.26004988614452595
0.024448756460878046 0.011436574994078552 0.25998610337988043
0.024412297612498097 0.011457695500893338 0.2600531842561918
0.024365846952224646 0.011472336768492781 0.2599830798280632
0.02428426579144078 0.011494387750140804 0.26002807567913316
0.024308553337999143 0.011486860760828013 0.2598992828656144
0.024255209734782138 0.011506191077050924 0.2599550144524442
0.024163813426621793 0.011528219587316037 0.2600028154910328
0.02420966014528846 0.011518768574489618 0.25989042518742944
0.02413204286490817 0.011532832908783755 0.25994776024901695
0.02404662290383393 0.011534539417029034 0.2599944740390545
0.02391963279602553 0.01297548845947914 0.2603324283069385
0.02390097428756955 0.013039496171078573 0.26036373553003467
0.02387505001822844 0.013125978531347365 0.2603846676971816
0.02384742927077411 0.013220465910776419 0.2604234730014415
0.023831664030913576 0.01327937019604182 0.26047417792121774
0.02187125628002272 0.01868857175268489 0.26242013782940127
0.021841793267098005 0.018780776103262897 0.26247599158042906
0.021810967974537233 0.018845873257518856 0.26249897643732056
0.021782274107175568 0.018912897819649485 0.26252364034915604
0.021755870151899163 0.018979995037042653 0.2625713049897594
0.021738803447420955 0.01904086925110101 0.26260606976303685
0.021716518639512777 0.019105512481285874 0.26264453594334847
0.02184943842439032 0.018732814045680134 0.2623562884497164
0.021818432288735916 0.018815844803573675 0.2623840520571081
0.022244491673552955 0.017360870300633716 0.2615471301328501
0.022224292154950785 0.017470471568379116 0.26161128867442346
0.022198757229136088 0.01754208553743976 0.2616297397421168
0.022180939887469327 0.01763083880486137 0.2616434031332743
0.02221052521812768 0.01750520141766077 0.2614800615875878
0.01935586573268256 0.02051556529065888 0.26524162594280043
0.01939237116784084 0.020606226170414268 0.2652005172833005
0.024050348906326215 0.012060245814188854 0.26025847293695115
0.023995170813728504 0.011934024530366662 0.26022826765583096
0.02402877269789236 0.012033734334886134 0.26018155062292725
0.023962644728028337 0.01188513096914574 0.2601695891434081
0.02399539246959631 0.011971276423938443 0.2601333851527337
0.02392725151696684 0.011832667344258923 0.260116470265648
0.026033318720053267 0.007678152113593719 0.2596706526113826
0.026077029491367577 0.007413488381884921 0.25969775757382624
0.0260654997748518 0.007497960058829565 0.25966807578932416
0.026049641893552442 0.007586699820502864 0.25963641778561486
0.026083631139032382 0.007297696406550157 0.2596493828893705
0.02607541188696611 0.007394847551599543 0.259625992314109
0.026063477105546427 0.007465178173153951 0.25957959323691726
0.025938801007906815 0.0068354525412574725 0.25979162049627325
0.02606705125145818 0.007191057042893061 0.25959326950195877
0.025919761314704186 0.006839923275248952 0.259749695694302
0.02599871265460903 0.006951102154571552 0.25965866351966144
0.026043301923411824 0.007079082214137586 0.2596085807835032
0.025971559023421246 0.0069226278547704434 0.2595955881111082
0.023923468173730603 0.011792168834589738 0.2601323968198433
0.02208641713486222 0.016703117834604205 0.2613006774103051
0.021796969198076454 0.016342625001389065 0.26134869885958517
0.022208471006916287 0.016875876426091587 0.26133478852262804
0.02182657641810968 0.016407293410049553 0.2613041561391561
0.021815387470852012 0.016361059859036804 0.26135733743304795
0.021812622891577545 0.01635247270665541 0.26138689455935304
0.02401691696843155 0.011991463884781357 0.26019058969516357
0.022227124904580887 0.016915060143765155 0.261459019065053
0.021914257936649115 0.01647714912675996 0.26130580375849854
0.021967694790803342 0.016555868951597923 0.2612444253812344
0.02225645043186278 0.01697462157907028 0.2614773126014534
0.02202627179019821 0.016622807006655107 0.2612609748533422
0.023969355382641146 0.011905274358935654 0.2601537704910496
0.023968169634426023 0.01193638743684449 0.26009438860000345
0.02206920050701562 0.018036088153930215 0.26191752581536215
0.022102108910136413 0.017948532647709303 0.26186640835323377
0.02211979864185511 0.01787707601949778 0.26181169300733925
0.022147881683072995 0.017802162221656887 0.26177612510764026
0.02217635217539266 0.01770579596318001 0.26171569388727983
0.02608229045238519 0.007331213503824693 0.259648650189154
0.02608200674585363 0.007259357975201027 0.25966313185400364
0.026033499029661022 0.007035008820768725 0.25962309135106837
0.025999108304464464 0.006963057311470598 0.2596140476112352
0.025977434540620563 0.0069136585653046196 0.2597461746983068
0.025938873107303466 0.006867716983684053 0.25966997878608894
0.025916317654056973 0.006808706780818634 0.25978278670330496
0.02592513388256585 0.006835777385443094 0.2597734426206777
0.024369602304476524 0.011471082079848963 0.26004708871874144
0.021983742295688235 0.018301446515483856 0.2621465075951402
0.02203137182110859 0.018140457158187257 0.2620007036018977
0.02185584666426489 0.016180675496046296 0.2615963325289326
0.02185919215433295 0.01620179640154805 0.2614952172187812
0.021980458862618662 0.016174626376944785 0.2615780052192681
0.024012799851902702 0.011539967649676628 0.2599466910802891
0.024060185410298366 0.01153322192014613 0.2598813398531496
0.024121655087670092 0.011530368833260196 0.2599872888236922
0.024148882484359355 0.011530058139152538 0.2599084738178958
0.02419910327414935 0.011519974947253177 0.26001119431981223
0.024222846370751748 0.011518150106354432 0.25995209808711156
0.02429847667294351 0.011492644708855557 0.25996523903414
0.025892306796124705 0.006650630729653859 0.26012952858662675
0.02591274273407787 0.0066686004288015336 0.2600317214163757
0.02597753715219602 0.006647830551846441 0.2601799610375706
0.02609388120058715 0.006645790290366097 0.2602040002625386
0.026198040287075754 0.006635822368599666 0.260178459257517
0.026215598738964122 0.006625196966239966 0.26011624905825687
0.026299918380326633 0.006615570982443859 0.2601578034986509
0.02631563995333162 0.006598523585337721 0.2600701539134029
0.022200735552488304 0.017534642937529592 0.2615685741305096
0.02217807922248565 0.01761287535396644 0.26158765116983085
0.02216202705167218 0.0176942394834394 0.26160209032656795
0.023917731310413134 0.011802576145326543 0.2601074513957638
0.021896892947934704 0.01858548765313194 0.2623479452336746
0.021870326013982647 0.018657028089286484 0.2623047350529853
0.02195100979657938 0.01841755616587816 0.26227360987949183
0.021925137628556444 0.018501398370888825 0.2622665416561832
0.021906859511907822 0.018548588328752023 0.26224686162242694
0.02198001289332475 0.018334439026985696 0.26219458971180337
0.021960003914845774 0.018400410005729763 0.26221105644929993
0.02193209081550627 0.018474447583364972 0.2621733916742021
0.025928281884267945 0.006647694786829781 0.2600907419165864
0.025944739595145913 0.006646230184211964 0.26015028023443154
0.025881912133884244 0.006661161390685889 0.26010609877921964
0.025899677452147954 0.006651908824344824 0.26018257740945766
0.021904840291831443 0.01618689743239535 0.2615747717922582
0.021899466665199683 0.016185721385400795 0.26148326269953903
0.021980212341042075 0.016173214481176396 0.26161088082082073
0.021977913083759775 0.01617058836571932 0.2615136039508385
0.027316256432601778 0.0014228248143042656 0.262882536561681
0.021796205587992376 0.01634067036667474 0.2613567042891659
0.02178301157063291 0.016350106943054853 0.26132722045915463
0.025975358842848642 0.006945808274166227 0.259556403060018
0.025945731799154496 0.006875649961869672 0.2596539975501167
0.025927469025462252 0.006855719340678702 0.2597099663989167
0.026025005726591593 0.007025139383161582 0.25960343605141956
0.0259981577119634 0.006944325118063301 0.2596936962816826
0.02595095684542328 0.006874231856099505 0.25976220191448113
0.022107317741423108 0.016745866272476595 0.2612683933832195
0.022054311066812063 0.01665195099286761 0.26130514221725076
0.022048533829824152 0.01666687823380452 0.26123676015885233
0.02200972198720555 0.016590236217766688 0.26128455011648155
0.02200860917750258 0.016613325380564585 0.26122880145626576
0.02195570879035386 0.016517064726433488 0.26128422266886336
0.02189527429832669 0.016475790996584312 0.26126388897520586
0.027155267224052034 0.001423456409885891 0.26329676440818284
0.02210496194050612 0.017918079159294994 0.26174156417931643
0.022130861226318292 0.017849903652546482 0.2617620709044087
0.0221278410874104 0.01783510503532218 0.2616640703422204
0.022158439463112987 0.017777037030642984 0.26175586887508956
0.022161750551737514 0.01776610864404461 0.2617019911388856
0.022153666071476702 0.01773208815700315 0.26161332442731694
0.02218042961398993 0.017678383543383202 0.26169041791775594
0.021911595559966416 0.01617848600463196 0.2616121484151047
0.021930167606750102 0.01618593882172967 0.2615334159427977
0.022045376578002658 0.016169428470111914 0.26157143273162026
0.022280057205188244 0.017181670778645835 0.2614174230012852
0.022287440112821445 0.01711275938564686 0.26145391510440086
0.02227981421443831 0.01701551026208786 0.2614955011518313
0.022235929893971294 0.01694211495589138 0.2614595343345484
0.024023411653517474 0.012034059287678287 0.26016240821688996
0.0239747554231892 0.011924809961080703 0.2601365698889988
0.02396551983060475 0.011880521468721142 0.2602076964260586
0.022207958568038276 0.016879583785056416 0.26127548095316255
0.022272338321793286 0.017216523905624104 0.26141764498995906
0.02230024769344472 0.017146918240857453 0.26147825960458637
0.02603574581115574 0.007047435014098655 0.2596152010854047
0.025957563991238677 0.006896649609429599 0.2596280900486385
0.025961202069652824 0.006870798800804145 0.2597945107849632
0.022214153429423275 0.01689846223912218 0.26140302194643333
0.022225863844682576 0.016909836611545898 0.2612996296603264
0.02211829812264473 0.016753156892891242 0.26129916911200374
0.022180854031314853 0.01685026724419866 0.26123973842077963
0.022034987279201133 0.016626807301085077 0.2612893545608093
0.02193840491476333 0.01651275015168855 0.2612601373116038
0.025980497932800804 0.00690817140597584 0.2597863372332225
0.025984064002774 0.006922708914622257 0.25971449817847303
0.025928890630997656 0.006734473748601321 0.2598415930403672
0.025927571926135595 0.0067828084914475645 0.25994648416225796
0.025923203199841014 0.006656977382732085 0.2598020187784803
0.025905931082664282 0.006750192717878239 0.2597860698988386
0.025895081770383986 0.006727856073990545 0.2600280273299353
0.025921516572121456 0.0067023507664416265 0.25989991932923306
0.025948877700866492 0.00681724453813378 0.25987623996141723
0.02595354770388811 0.0068387989126383044 0.25981974994980894
0.02591895164300705 0.006681714561180016 0.25996851514230523
0.02185870825055114 0.018689657942485713 0.26231557624540347
0.02184994191245849 0.018718021267381507 0.262329826046009
0.023923959091703913 0.011666749451366743 0.2600886019170407
0.02394868810378555 0.011594351698115112 0.2600405465272743
0.023910462864547233 0.011752743390010437 0.2600885137746804
0.02180959034996377 0.01626443731555935 0.26150996988956154
0.021803628689599144 0.016222304794212387 0.26155684595328965
0.021830849425482687 0.016215454327400458 0.2615175996981508
0.02213603901130985 0.016790231102332097 0.2612512753246854
