0.02946419354657616 -0.000809327976544842 0.2638259917515568
0.029460815391754797 -0.0006555592001821569 0.2638121431709099
0.029456997562486847 -0.0005547634706844619 0.2638188532524817
0.029443711917921056 -0.0004411734253640864 0.2638014698565937
0.029426020091717117 -0.0003064606900749935 0.2638066236839562
0.029413554639214346 -0.00019381297056418698 0.26382992335096955
0.02939090614275729 -8.246848526471452e-05 0.26381683848560433
0.029377134986463382 -4.977279204167141e-06 0.26386158565129786
0.02944529470324855 -0.0005161978641560158 0.26366086115496196
0.029342018321715686 9.133907461345947e-05 0.2637482906834296
0.029325426029088716 0.00016581480899894945 0.2637485703495267
0.02930922320065893 0.00023055432452297729 0.2637739451338725
0.029244849337174236 0.0003885993212195552 0.2637119666689092
0.029210660299354166 0.0004615918939670574 0.2636154727410347
0.029148066910501993 0.0005843044670245153 0.26354931448542274
0.02908039119714534 0.0007093924801369041 0.26346481736773664
0.028500857639106723 0.00130422761538286 0.2630752870707327
0.028152568632769544 0.0016091666969814912 0.26298791696384
0.02766240516833472 0.004512015611160887 0.2609495550154164
0.027631970179987034 0.004587562787556449 0.26082399143820184
0.027623449167467333 0.004664707556393718 0.2608394843910092
0.027604556915187012 0.004763300945854286 0.26086320173189004
0.027588028575147337 0.00476793752501074 0.26074950939437663
0.0275694779159156 0.004857119651001167 0.26074890619796726
0.027440854537597495 0.005313558712992284 0.2605211110651425
0.027404166037578698 0.005419597169865827 0.2605152802650049
0.027338068527407007 0.005558148688704299 0.2604635727232274
0.027216435142484587 0.005846750066230191 0.26044427202214043
0.02719114116564972 0.005885111532939165 0.2603632183269266
0.027155124495573994 0.00597986078325205 0.2603815979988984
0.027116683233898885 0.006036469404701444 0.26029137391409607
0.027093323444775504 0.006104864830638594 0.2603167669380002
0.02702632158322814 0.006229092234291006 0.26025228357246344
0.026959887796517354 0.006354689557858932 0.26021042601763944
0.026891599030010697 0.0064871812532385055 0.26014742084622894
0.026874821038674813 0.006529599181873991 0.26017524106436274
0.026807607310431598 0.0066631722508128524 0.2601216605586737
0.026773564230114098 0.006740639153486185 0.2601373109443783
0.026707468892254865 0.006874903033362323 0.26007894047175845
0.026647422907241286 0.00701630948022248 0.26002341521741307
0.019410325480400205 0.023920707641551027 0.26877681879505544
0.01937930018659886 0.023988360534431714 0.26884262500471223
0.019346387102761525 0.024048757296763763 0.2688780699608009
0.01932791875400542 0.02408533667834846 0.26892041812648854
0.01920695637921247 0.024244835800358577 0.268934641999465
0.019183032206200865 0.024274858091155274 0.2689962678657959
0.019128631608919526 0.024337412290179404 0.26904559011026913
0.019083724292547 0.024389156470569412 0.26898244241647135
0.01905803078032873 0.02441219976192336 0.26903060335036444
0.01901439894988754 0.02446581010248918 0.26893477878275907
0.018959867206416063 0.024509657592509067 0.26884871091260465
0.01893487538603684 0.024538492066621898 0.2689049825450385
0.01888141741303554 0.02457438294646621 0.26883314128275415
0.018826475053684087 0.024627475454008445 0.26888161518286324
0.018735741130035035 0.024686388295118267 0.26887288720763336
0.018670022440305176 0.024725954388611263 0.2689182352116235
0.01863517546979509 0.024748990087537018 0.26898781201681937
0.018619543961763192 0.02476457559897989 0.26906632147605664
0.01853245806177355 0.024810791678624725 0.2691300889184175
0.018479167987288193 0.024832960424147864 0.2691862461965147
0.01842469988988471 0.024856229862863392 0.26913631541054944
0.01837110640561626 0.0248750860357419 0.2692153557501764
0.018400793313393327 0.024863158799469667 0.2690650856285901
0.018357825610666345 0.024881031566749055 0.2691353781467706
0.018262554845032683 0.024915967538526262 0.269213307232429
0.01822675699794147 0.02493025812981526 0.2691351306653245
0.01818906234924366 0.024940931303415466 0.2692246127888176
0.01811564385954623 0.024967234447416685 0.26913934849801435
0.025473453610551585 0.009185784756362537 0.2596630904284419
0.025448844680746405 0.009281817332883678 0.25968859324829674
0.025426902667733474 0.009360917724414459 0.2596858755425316
0.025409303145484143 0.009445193362509315 0.25972227051114394
0.025187878684422137 0.010079666029866536 0.25966126597098527
0.02475316847872559 0.011267268075212496 0.25990714695205774
0.024722428414929276 0.011344664482538201 0.25993400287711876
0.024696816404257044 0.011420260589700068 0.2599557331714403
0.024575617010678154 0.011706094181275571 0.2600892890485972
0.02455213528987909 0.011762373182141905 0.2601153182927237
0.02451432570869839 0.011851212945657354 0.26016972186420084
0.0244885941885783 0.011916138784985035 0.2602090248902917
0.024358493979965663 0.012181342381641175 0.26025341906377847
0.020868255457855627 0.020785255377282992 0.2644376526064965
0.020846840875414784 0.020820603586155804 0.2644682175077456
0.020805925306999932 0.020896813102299905 0.26453764470710117
0.02078929419347359 0.02092610504664781 0.2645937617371295
0.020731775240611098 0.020994582202101354 0.26465054324065473
0.020704121175443096 0.021017526817798983 0.2646814531515277
0.02108574819320716 0.02043993043983639 0.2640396162552082
0.021054144553432786 0.020498986084761812 0.2640989732367306
0.021016846245271805 0.020559134190401125 0.2641192746503842
0.020977570206915194 0.020609915525046506 0.26418410227075273
0.020945681158094042 0.020650660315398334 0.2642502457422708
0.020913433938594187 0.020700819283556854 0.264295111059029
0.020701199974652657 0.021023093303310432 0.26455669181967767
0.020656341134629073 0.02106284737754817 0.2646099393384295
0.020600017901666975 0.021104485509107963 0.2646838532338005
0.020548085956376548 0.021136463003688197 0.26472747015596065
0.022419928602382514 0.016716985683416064 0.26232986263163693
0.022379971861000457 0.016772835611056955 0.2623778429849145
0.021181904886335624 0.020235028821885062 0.2638093218557376
0.021158395400135283 0.02027931270974794 0.26383006822251226
0.02111557375747651 0.02036283944859016 0.2638858706894683
0.02108083557190838 0.020437523396739578 0.26392634028734435
0.021068794872816387 0.02047323271951411 0.26396597419116874
0.02102859435617454 0.020550653634570266 0.2639969098627082
0.020989363778424922 0.020595112004888838 0.26406731058413935
0.020558903522107885 0.021130420067856696 0.26459372924001423
0.020505860238094142 0.021160675935137298 0.2646443423629779
0.02045805184855441 0.02119052290695412 0.2647234276211679
0.02041757944151018 0.021214381945439113 0.2647820785133233
0.022975792966872945 0.015620629714989035 0.2614808129632523
0.022943258805905406 0.015696253358426566 0.26152625393400963
0.0229226333351054 0.01575529882889805 0.2615494872736553
0.022888189355561916 0.015830463701770908 0.261587994282877
0.022868373963518526 0.015879756991419157 0.26160560803698624
0.022493513204673816 0.016605383506169996 0.2621075802842956
0.022455149179873898 0.016664484506691987 0.26215490156321386
0.022414140015324602 0.01672757351520604 0.2621674708403486
0.022232185936933373 0.016975650638725068 0.26245775603828897
0.02221592847595094 0.016985720460133823 0.26251720516577787
0.021343363219411892 0.01983004542377855 0.2634555449637021
0.02131187570999592 0.019905525855481276 0.2634901092065081
0.02128755350965608 0.019973811469104513 0.2635204214687583
0.021268694061248195 0.020042824701749874 0.26357076661177714
0.021245108830203325 0.020098850371640047 0.2636046818250291
0.021207051202456712 0.020161427226807416 0.2636418635203596
0.021180538848283838 0.020218362074675054 0.2637008572791355
0.020373205980314543 0.021230904143622414 0.26470564058747026
0.02031832817425045 0.02125824979061572 0.2647802511362694
0.023408493428856668 0.014148563395989373 0.26086586840927545
0.023368101610274583 0.014291069992638274 0.26092419720322124
0.02333821721256491 0.014385277083448798 0.26094787957249765
0.023315800868245928 0.014451275636445493 0.26096165225595885
0.023301581581582423 0.014515627371703541 0.2610038761527006
0.02327609855657723 0.014594264181316055 0.2610013794127153
0.02325466036254603 0.014677660747354543 0.2610622917309248
0.02323039351509877 0.014761132325944283 0.2610838390342994
0.023211172241263144 0.014834211506929812 0.2610872853857937
0.02319242474457219 0.014922584625857377 0.26114935911227155
0.02316187302346428 0.01501173954179849 0.26112058359835977
0.02314279575382145 0.015092261356043178 0.26117649459292885
0.02312775391888483 0.01515202491557255 0.2612115863961616
0.0231045824084241 0.015237450120481765 0.2612215874195685
0.02308039315504932 0.015326517689066168 0.2612331234954888
0.023063270125308958 0.0153780874078939 0.2612590000611908
0.023022454878943752 0.015483126011717361 0.26129620274753157
0.022993174778221152 0.015557093464794265 0.26131563238949906
0.022971178465231033 0.015612231341023816 0.261358918342414
0.022952577142937906 0.015660303410451784 0.2614118466141584
0.02292213581474893 0.01573818858203225 0.2614338153962359
0.02290020315019761 0.015798267750437335 0.2614598754854421
0.02286142135240927 0.015891394346478183 0.26150446019436957
0.02284131525714269 0.015944306378134057 0.2615216327026076
0.022815580649261546 0.01600552712293491 0.26155376969318267
0.022784184884909246 0.0160793792102397 0.26160456223772877
0.022760111451369164 0.016129736633197223 0.2616223562774801
0.022715440525724037 0.016212699723499716 0.26168989164487727
0.02269673293238837 0.01625500265481957 0.26173680959616813
0.02267400976412251 0.0163054092450311 0.2617712292807572
0.02263754281008095 0.01637403612663487 0.2617851995879931
0.02259287183361583 0.01645335516342529 0.26183593462878635
0.022572556243924995 0.016493114526768056 0.2618873641994835
0.022530045287253213 0.016568645737516693 0.2619303210600031
0.022504741487830316 0.016603887499021162 0.26195778769395833
0.022467203235025865 0.0166636667338591 0.26202942172259397
0.02215224535489127 0.017039727885861986 0.26244328317947946
0.02141374683994626 0.019609284536883022 0.2632222296012041
0.021364445737021214 0.019755451112803288 0.26328049511616897
0.02134401993310949 0.01982336215186062 0.2633384652378585
0.020223392828841887 0.021287053485017755 0.2647630433827568
0.023423222819608316 0.014046230331167621 0.2607207929627235
0.023412516058819305 0.01409926708755713 0.2607464571760387
0.023382740323386428 0.014200673793692201 0.26077132065991093
0.02329839019852292 0.014491215114328973 0.26092191818259364
0.02307230015630003 0.01531463630886547 0.2611206694374217
0.02305833998132315 0.015374196359234855 0.2611641391339309
0.022660440583391044 0.01631228874203705 0.26166859971847023
0.022511773670553202 0.016584979863557045 0.2618417638708559
0.022093901978233212 0.01706406767303776 0.26235003339577795
0.022066891206006602 0.017078973060572898 0.2624021401055777
0.0215638341575601 0.01911297060977503 0.262876420078851
0.021500473871134722 0.019315607678890033 0.26299437520813557
0.02148548011848694 0.019369922759200728 0.2630008903852152
0.020104402539261827 0.0213161824764641 0.26480547814966987
0.022006795963104866 0.01710602477191496 0.2623341382115303
0.021625859763570777 0.018930192615614044 0.2627026272931851
0.021596976820098604 0.019015157509906393 0.2627228726880755
0.021566035610093393 0.019096671929259706 0.2627603057023931
0.021548754626534283 0.019159933218042442 0.26278847938423955
0.02194282294590562 0.017132663048626588 0.26227243590781096
0.02170694957524766 0.018565515584358344 0.2624237801246201
0.021686406793543077 0.018642756191691756 0.2624516962686699
0.021683167210990038 0.018706563262667737 0.262494021843661
0.021673378235200505 0.01876794467345215 0.26251806552813556
0.021651503060499767 0.018843356069860054 0.2625620153372777
0.021627885735707682 0.018914854716748662 0.26259951005507587
0.021714626744423895 0.0185195511186051 0.2623228986800355
0.0191832722575388 0.02205456436443541 0.26640888578184224
0.019168042708707565 0.021882775268874916 0.2663360693778599
0.019161906229224798 0.021760355769649867 0.26631384732284563
0.019202063351955907 0.022211293961877758 0.2665402133480886
0.01914681325865859 0.02164705910576871 0.2663324747567237
0.019349798214713457 0.02281808535173053 0.26763820841876346
0.019100560772489273 0.021521523605900116 0.26633458641387
0.019241066314376495 0.022551968622214855 0.2668704258824155
0.029285825896526663 -0.002047961534220495 0.2642757866995225
0.02931925653463658 -0.0019286240660209898 0.26427542321735936
0.0293577253605676 -0.0016833405985229987 0.26411227738687737
0.029347670805272653 -0.001771675090675056 0.2641987560525358
0.02934200144651744 -0.0018487805600765127 0.2642873717253012
0.02940762028514551 -0.001363229826785383 0.26388477243963676
0.029402425905557108 -0.0014533999599817366 0.2639976785931451
0.02938766499111346 -0.0015777422461160562 0.26410164351215
0.02938568348540399 -0.001643287474051099 0.2642073819754926
0.029434688483273054 -0.0011370065905277143 0.2637650625731795
0.029431737167841296 -0.0012298944121858094 0.2638650927322557
0.029425251872269114 -0.0013196646271186692 0.26397204477782876
0.029422006886870807 -0.0013929955356363046 0.26404712330156066
0.029411211103539774 -0.0015066720422694303 0.264164287727484
0.029445752779039616 -0.0010964017231944482 0.26384842383521434
0.029443880481072566 -0.0011900379860431693 0.2639557304602662
0.029441472681431824 -0.001270588654671277 0.26404377540154317
0.029454016380167754 -0.0009684757226752927 0.2638395952799769
0.029456785692924793 -0.0010497634195797884 0.263937421120831
0.029463021194462556 -0.0008713015424013909 0.2638479619524102
0.029466114407102947 -0.0009178292042892444 0.26392985345755465
0.029451760491377495 -0.0005768971693051173 0.2636880116621079
0.029455739523273346 -0.0006305588725268637 0.26374661804156024
0.029467040580277003 -0.0007209428301914934 0.2638654735942597
0.029469963404879115 -0.0008121006458226418 0.26390481381217584
0.027658335565380093 0.0038328298684782436 0.260944518750097
0.02945017018509584 -0.0005232377362144594 0.26374933223994534
0.029465637171500254 -0.0006069298649888164 0.2638912018396234
0.027686111626731832 0.003939128068662432 0.2608997579273456
0.027683595304544818 0.003879731960879102 0.2609885884755982
0.027670844438917305 0.0038051863324910593 0.2610676800277006
0.027588592582367698 0.002143196742724208 0.26287710123112473
0.02765818194644954 0.0020831299853545037 0.2628850798880151
0.027771055617702763 0.0019867880140980337 0.2628995673243736
0.027827639137399468 0.0019393528511729768 0.2628976776109013
0.027883156291399015 0.0018928816589475726 0.2628980835726435
0.029435684955036314 -0.0003738117195415745 0.2638145886162729
0.02770850107535595 0.004059509911487738 0.2609123827405433
0.027711300470031317 0.003996266971132884 0.2609991437155535
0.02769984813083823 0.003913289028361716 0.26109065270713616
0.02821793383232906 0.0015515821014808902 0.26302514299166435
0.02769989979328959 0.004210376309074174 0.26092345364502795
0.02874057884337275 0.0010992690842722697 0.2631915982483994
0.02880161563221391 0.0010345151120037064 0.2632113914968293
0.02939815968241199 -0.00011768331084864038 0.26381950004935084
0.01925284734731428 0.022587708609686744 0.2669676594489367
0.027688674789526517 0.004328308478314863 0.260960288073878
0.02880331774368878 0.0010547316998075628 0.2632901111144231
0.028842665122306415 0.0010158878223732143 0.2633200393699984
0.028901981501706406 0.0009524982306072685 0.2633197852231562
0.028958352897102965 0.0008943551285228869 0.2633615314895886
0.02900351596509511 0.00083260890825953 0.2633977852214342
0.02931011897834768 0.0002094816472659293 0.263721272033949
0.029337989889611848 0.00012378007983520766 0.2637689524213765
0.029362996916165923 4.5699907009170634e-05 0.263849125580441
0.027614158603117712 0.004662271696663929 0.26078291400121506
0.02763977493191651 0.004559848630610189 0.260848239709317
0.027661644307325664 0.004497036552087827 0.2609127857975867
0.027678606854825285 0.004428743583301703 0.2609763707501831
0.029182332185241563 0.0005247123755771389 0.26364279109845495
0.02921933672205243 0.00044909571702266026 0.2636764840666303
0.029250329378250436 0.0003761803070632642 0.26373471073708504
0.029282821723946195 0.00029975598717831464 0.2637718008826943
0.027515030962728528 0.005072108000548638 0.2606089274976322
0.02753970038644677 0.004979669605875869 0.2606630288924731
0.027560017032261446 0.004891412872675856 0.2607207575634062
0.027578683033779614 0.004833080214540473 0.26077639002229663
0.02760275698903528 0.004753489242756106 0.26082280638997835
0.027624004892939848 0.0046780469327818534 0.2608784787740247
0.027379589967891638 0.005467404317513253 0.2604956902258891
0.02741959152302389 0.005385825914898294 0.26052617283755203
0.027449351536577873 0.005308774040180576 0.2605588489786302
0.02747387498814611 0.00523643218171214 0.2606120592928231
0.027506177215775494 0.005143143249400745 0.2606468656471049
0.02728705286346271 0.005673712937026173 0.26043559833776286
0.027309985302889833 0.005637503735377621 0.2605056255241829
0.027344608290881593 0.005558356792622149 0.2605256477382211
0.027380773595127608 0.0054878931915903735 0.2605609596526188
0.026930159633538446 0.006405732654244922 0.2601755413170212
0.026976109498462787 0.0063139957255788585 0.26019907093946465
0.02700160657091364 0.00627665860118608 0.2602417269723149
0.027045358824417887 0.006194924489268087 0.26027290916695023
0.027070702608731335 0.0061457220492496835 0.26029189981182876
0.02711657174025724 0.006061461838582213 0.2603326438343515
0.027145509101227795 0.006000857107553627 0.2603649320228578
0.027175151905400322 0.005941963268072521 0.26042776168808024
0.027256006712329344 0.005768559320252662 0.2605005580559632
0.026763260003070558 0.0067554996670265545 0.26010174242258804
0.026790121672862398 0.006701425755572238 0.26013546532424286
0.026580611142107063 0.007150968531342249 0.2599979209515641
0.02662668640394443 0.0070688559988475955 0.26002889212451474
0.02666099321842863 0.00699535970368512 0.26008592714601314
0.0265480904426535 0.007218596880883858 0.26007020586939167
0.02657212175155178 0.007182125700523989 0.26009385782693845
0.025604054821747473 0.008577460831470379 0.25965434058055775
0.026453725206958083 0.007373623132631879 0.2601123302015658
0.025578580830333104 0.008756542398202755 0.2596420530088651
0.025594290457174727 0.00868418575343504 0.2596759733962813
0.02556357345276071 0.008866600187283592 0.2596882203250211
0.025519242689349582 0.009029708922685354 0.25966979030193305
0.025543278460875944 0.008961658232661608 0.2597312445497474
0.025464859710184803 0.009217543021449717 0.2596693088265587
0.02549183653134106 0.009140136663979417 0.2597269229944645
0.025422907809108067 0.009374190403438874 0.2596787935939242
0.025441243281414103 0.00931665693777848 0.25970454261690407
0.025146934187645468 0.010198997851868917 0.25967230216332265
0.02509373219913626 0.010367983892973833 0.25968617487143386
0.025122672848312655 0.010277178448003925 0.25972447955116196
0.02503771677099658 0.01052790996171367 0.25972323731128544
0.024973805501151965 0.010699819452349919 0.2597363767144688
0.02500405862845509 0.010631817021875026 0.2597837921532824
0.024950407450016893 0.010787141223377702 0.2597930774147085
0.024880385643505032 0.010944086754577023 0.2598227646080648
0.024898964544422024 0.010897124256738175 0.25985091487693485
0.0248462237149034 0.011038398951928461 0.2598645734823017
0.02474733316288631 0.0112819094813314 0.25989988278549025
0.024776244655213935 0.01120202138218455 0.2599192937675904
0.024688464900135404 0.011430111419859095 0.25992883891881846
0.024717851719806748 0.01136252646376556 0.2599531902789331
0.02446907017309793 0.011943962882925756 0.2601604973569389
0.024432325936678205 0.012031553415743777 0.2602534000019529
0.02446589595485611 0.011973901592301732 0.26026926125453126
0.02436147280455875 0.012178322946728232 0.2602890128022285
0.024383785542764196 0.01213562834134643 0.26031001345900584
0.02426340923210992 0.012336681867989398 0.26037580971009705
0.024300868465502216 0.012286173116826112 0.260375899094573
0.023550468187505676 0.013477785009284034 0.26069630048679154
0.02349286309588152 0.013761954164363687 0.2606528098691793
0.02351260431207427 0.013670698493955375 0.2606680823903062
0.02353540808634422 0.013591165028099813 0.2607390294007298
0.023471587008883098 0.013858175831677923 0.2606788788193173
0.023497988019820247 0.013773695768802656 0.2607130703884255
0.023446288538932145 0.013973581368933105 0.2607343812362826
0.02347043047426324 0.013904853243754746 0.2607662104472048
0.023401985438038207 0.014139897491909227 0.2607601605029393
0.02343320470974398 0.01405800056612233 0.2608052999881026
0.023379921598533592 0.0142248865741862 0.2608190378617459
0.023404798438938636 0.014157671685075207 0.2608349144512178
0.023348859679494644 0.01432840371652917 0.26087323696715137
0.023316079224616117 0.01443470023166433 0.2609178178907408
0.023263944390047114 0.014604625849017764 0.260956179800124
0.02329779177700874 0.014512912232245182 0.260963646244684
0.023236878787211694 0.014707555424862044 0.261013485804693
0.023265633668181438 0.014630158105845212 0.2610219847710661
0.023213791165339 0.014798640504949253 0.26104418309287575
0.02316675586210705 0.014973922543612612 0.26107004189740896
0.02319512409045922 0.01489295858262636 0.26109037042272626
0.023130524535055014 0.015108983866384028 0.26111058674333654
0.02314472857033556 0.015061850514970122 0.26110967841176325
0.023168546193907485 0.015005253526714885 0.2611625587732203
0.023096775385897193 0.01523979788546013 0.26114525488064266
0.0231265060967836 0.015149019498333737 0.26118601134958835
0.023069128661815506 0.015356248701866344 0.26121112983799266
0.02309436642020533 0.015278518360302798 0.26124962912177635
0.023013589291786617 0.0154934557896518 0.26123879995794613
0.023038675732937948 0.015438024681555711 0.26127182918781316
0.023071660886554324 0.015352126392934732 0.2612979315603659
0.02300975063817787 0.015524225018300685 0.2613377806217489
0.02303849674038271 0.015454841827598128 0.26136454404185844
0.022968221284097215 0.01562617393226968 0.26140111817688144
0.0228001282336137 0.016027203669565532 0.26149169341126427
0.02282950733620411 0.015956732369469102 0.2614758291182232
0.02276405350345928 0.01611550097059157 0.2615638361661038
0.022799582765921228 0.016042028259239983 0.26158090814886964
0.022828762440189748 0.015979542366345356 0.2616048894478077
0.022712649207004727 0.01621154588524644 0.2616403274471425
0.022755396413509547 0.016133737100420542 0.26169285741420834
0.022638270205328815 0.016363467116304452 0.2617079112097155
0.022678810520467954 0.016290257858960933 0.26172982118204857
0.022710900467527335 0.016225558618207125 0.2617594116880193
0.02260013201589998 0.016437933136191574 0.2617931095341665
0.022625773525429955 0.01639691198667107 0.2618251730037392
0.022500065839110624 0.016605976416261332 0.2618841878635657
0.022543878046734765 0.01654495418290254 0.2618799095930031
0.022581794889723807 0.016470545313126764 0.2619239960083307
0.02245613039770537 0.01667788571691199 0.26197150421924126
0.022483495738622218 0.016637704493049035 0.2619811274809219
0.022531925188566483 0.016560279292994466 0.26198871345314734
0.022433649373412284 0.01670083923221742 0.26208359559393996
0.022472831527719096 0.016642017530606665 0.2620910963074722
0.0193204034228499 0.022766444598219866 0.2674311802984799
0.021738902010122674 0.01844634136047727 0.26237335711233495
0.021692196341782155 0.018609909628404503 0.26238366621860804
0.02167325396269213 0.018699651848270667 0.26244259425224153
0.021690780013820174 0.01863424246671927 0.26247199179358305
0.021652833311289685 0.018814171714994284 0.26249660473290876
0.021681973788478293 0.018733800345602743 0.26251762366892734
0.021627903288786082 0.01890082708629176 0.26256783094088915
0.021650555413878735 0.018848288510516432 0.26261788671362596
0.021621063475862207 0.018942634604416503 0.26266017895000365
0.021643424756401138 0.01886010195755796 0.2626547714149658
0.02158842827535352 0.019039983148128874 0.26274688598792345
0.021565003237113828 0.019125570443203822 0.2628130794098415
0.02149396274014344 0.01933578380936187 0.26295262890851034
0.021516422835676653 0.01924037828901784 0.26297023658287466
0.021496347170110994 0.019355709354444847 0.26304915886679725
0.021470966212359215 0.01943952003514847 0.26311846661372074
0.021485933061645306 0.019391192570966193 0.26314026163673404
0.021437202262443205 0.019534654200699192 0.2631837506020412
0.02140919836065712 0.019645655934226992 0.2632887960281129
0.019337310437345507 0.0227915230658561 0.26753494417187457
0.021346476860707092 0.01981414469016099 0.2633223874610659
0.021306083302415426 0.019915581248387368 0.26342110265545726
0.02133528666189348 0.01984910892176267 0.26343505403489786
0.019275025382272718 0.02417039469821171 0.2689799051493061
0.019209797469781936 0.02424291329617969 0.26896141219711195
0.021271859676569072 0.020013023062886194 0.2634922453172088
0.021298526903549032 0.019941926350273483 0.2635241105233257
0.021232167946480283 0.020109905229996228 0.26356017044406654
0.021272941872100375 0.020031523853070228 0.26361213853851595
0.021226276346801767 0.020134001364477086 0.26369961152465726
0.021146611604625252 0.020291936871027816 0.26377183962116074
0.02118533113517413 0.020222917256442235 0.26376516653667614
0.02114247222602872 0.02031063088400592 0.2638781466572571
0.021053813817581223 0.020473831933453514 0.2639022941430634
0.021098845340031546 0.020404166374674043 0.26395075353643305
0.019498827078500054 0.02318318068977686 0.2681960657984721
0.019469289564746615 0.023129264582115443 0.26809614750777455
0.02100476851786921 0.02057898204127446 0.26401466219502395
0.02106614291389525 0.020488244921957513 0.2640371637992003
0.02095430152455459 0.020637224108050203 0.2641464271248934
0.020991477613360062 0.020592375931164093 0.26416077085004125
0.020937727961338724 0.020666572417781262 0.2642884299256342
0.01938773530688325 0.02291196743150048 0.26783972121844574
0.020878824688408536 0.020760915285476814 0.26437452403375483
0.020923085061476804 0.020693983456362648 0.2643612628223742
0.01938143642930231 0.02293360629906959 0.26766280462382674
0.025478124174605828 0.009180542159742535 0.25970152375658434
0.025512252102844083 0.009072475137245281 0.2597346930807065
0.025502840599663124 0.009090589064329241 0.259686717522831
0.025454113147564215 0.009255632666959253 0.25967101073630855
0.025461948755039758 0.009252643021299009 0.2597448947303419
0.025532518342686036 0.008995626053161595 0.2597006762863519
0.025431207390437548 0.009356676989898803 0.2597147729893601
0.0255509207970882 0.008917451909642153 0.25967747989962936
0.02539267660455271 0.009479862224600484 0.25967618091646194
0.025580568913156715 0.008793406040883328 0.25972520499425933
0.02556854748735778 0.008815974945509444 0.2596399416705749
0.019222186558119417 0.024230663125439436 0.26899168952207636
0.01931281631542292 0.024113251951822595 0.2689904199154351
0.01928896043730358 0.02414501707754569 0.26891458277633457
0.019360971045614704 0.024031960086277962 0.2689160425078678
0.01942767835526307 0.0238965899966775 0.2688270443726006
0.01945376609360818 0.023826587289452007 0.2687465952869057
0.019489108688437354 0.023718222701127334 0.2686704250690514
0.01951389311615562 0.02361516155382514 0.26862442596189234
0.01952712672114621 0.023525052315886037 0.2685769079280843
0.02558635117515553 0.008728783648381372 0.25966958410309865
0.019543492323694785 0.02342402576889003 0.2686194516850326
0.01953606923094878 0.02343890828242831 0.2685340099652182
0.019545339293031438 0.023335115810438074 0.26858474853543
0.019540279868678918 0.023361145945077877 0.2684968110160434
0.019528358753414923 0.023371167154392553 0.2684085798850593
0.019542270653742953 0.023270069725848143 0.2685510321057193
0.019538228027632575 0.023279999660480825 0.26847712858366296
0.019528475584031226 0.02328614215771066 0.2683796824130272
0.01951842431869019 0.023203854374114076 0.2683584841999938
0.019508305445766778 0.023210878885154794 0.26825331943614494
0.02559434012114417 0.008658397084516793 0.2596434181295965
0.01949131015963958 0.023136882617634344 0.2682240495481625
0.019485475269212262 0.023166154839159202 0.2681432142062587
0.019463839343338226 0.023078737459842985 0.2681544883982499
0.019452648309969355 0.023083976428940875 0.26806489809143647
0.01942923319686499 0.023013802434930168 0.26801392598589924
0.019433589071919017 0.02304008920432226 0.2679402538398233
0.019404165279873244 0.022952656533050744 0.2679190740627715
0.01940177386627249 0.02295952817932355 0.2678162384414212
0.019387464460761845 0.022935457326822374 0.267738853207857
0.019371224676674556 0.02288207940920623 0.26768626358222836
0.01936852493044071 0.02289691001854973 0.2676204365049973
0.019348831429936434 0.022831197686813243 0.267571975289622
0.019339025210206737 0.022838851676140366 0.2674935233654774
0.01932671014729452 0.022761761815547538 0.26749219125465357
0.01931597929038193 0.022783459403561752 0.26737255244203706
0.01930985626113105 0.02278061114178325 0.26731581368969237
0.025339884456046326 0.009635286657836688 0.2597325893157417
0.01930589398017477 0.02271302139255684 0.2673614276758056
0.019296090027007856 0.022708762499073373 0.2672677590464328
0.0192831913784032 0.02269247754756796 0.2671701965258695
0.019275781497722373 0.0226147214499949 0.2671472794152643
0.019265943380747733 0.022612177229041394 0.26705542562223367
0.019244159232766258 0.022579530525837284 0.2669070684850052
0.019247188594539364 0.02250628519773388 0.2669092330584697
0.01923549851092713 0.02242783158413167 0.2668598466650209
0.019225228144906608 0.022422296234390314 0.26676347573690956
0.01921955075041283 0.02234678962173379 0.2667312009551613
0.019211480502229206 0.022258334528439887 0.26662599268521725
0.019192814025128357 0.022116895635253743 0.26647110294305554
0.025458432276298314 0.008121164693914181 0.2595754717235343
0.019187691342454072 0.021960189717854198 0.2664109949454663
0.01918945096127348 0.021864144634236783 0.26640565731916493
0.01917861027765383 0.021786382550271675 0.26636296253287833
0.025611839964035828 0.008538358400783121 0.2597094373579036
0.019161193361002492 0.02171429676409946 0.266330663967178
0.01913939147124588 0.02159727339874392 0.2663488207638092
0.025602677046525222 0.008447493868956815 0.25966758040270277
0.025591460380954233 0.008472769974712843 0.25959826332694735
0.0253224811251242 0.009699147405891406 0.25978712302944895
0.028557071222128284 -0.003177456318689907 0.2643380461124575
0.028572807127099663 -0.0031956743992446164 0.264426311614414
0.02863051139318986 -0.003102557038015333 0.26430140912119354
0.02864555038819768 -0.0031220943298015088 0.2643908896121333
0.02870025675397789 -0.0030272806246405717 0.2642676737756642
0.028715365855267763 -0.0030471645278848246 0.26435730933306184
0.028728071883126025 -0.0030648629324204254 0.26444862861652907
0.028782253975300723 -0.002969572769004833 0.264325484367196
0.028795888093675504 -0.0029886702062591436 0.2644160221422209
0.028843189106053862 -0.002892583839433767 0.2642991957011286
0.028858052052488595 -0.0029121686524083146 0.2643888933294363
0.028868897401055617 -0.00293078979108633 0.2644820067796397
0.028913928937583336 -0.0028361255351365966 0.264367508273259
0.028925351287247422 -0.0028547469309143075 0.2644602770937077
0.02897647392203194 -0.0027777395674457818 0.2644423416655189
0.029025071756477772 -0.0027007100534100614 0.2644273461510367
0.029071424330202503 -0.0026232176984962814 0.26441356516634673
0.029116031037730864 -0.002545212666099867 0.26440094107967427
0.02915542329556824 -0.0024670212372098817 0.264392814889262
0.029161937113001572 -0.0024839261317315 0.2644865076874039
0.029188863634402522 -0.0023889157409404615 0.2643890918540555
0.02924792861260303 -0.0022327435213776842 0.264392205065743
0.029274081826854557 -0.002155184685231416 0.26439664430215803
0.029295840546478023 -0.002051480845574799 0.264335702793637
0.029302193271712122 -0.0019712504214704223 0.2642460877869131
0.029314803627722135 -0.0019757804161204835 0.26432330878580435
0.029322102053978366 -0.0018868081907701165 0.2642331895365266
0.029337782265398373 -0.0018887263625944936 0.2643284671261617
0.02934810050032394 -0.001802799066884049 0.26425087789121304
0.029358186668039424 -0.0017134854834912525 0.26416362502855323
0.02936839292597828 -0.0017234349410279529 0.2642356669218765
0.029371753546363236 -0.0016274767694726957 0.2640894160875459
0.029380417742621075 -0.001630484137671347 0.26414603372914036
0.029398417882231888 -0.001526849951067698 0.2640917884303488
0.029400524494882854 -0.001561649262017331 0.26417658802846433
0.029417235985659523 -0.0014520019748520095 0.2641045700397858
0.02943224555977933 -0.0013766484521600172 0.26409785955525444
0.029434447954398653 -0.0013263226687634773 0.2640523209608155
0.02943340800290153 -0.0003309016942428558 0.26385231073336407
0.029425163335831648 -0.00025632175638725416 0.2638594364778419
0.029405077209468288 -0.00015218219793515172 0.2638193415904732
0.029376305181825227 -3.290314510935653e-05 0.2637946862668635
0.02938506465154279 -4.036041098859225e-05 0.26386030608228433
0.029346093312495936 6.69018943089991e-05 0.2637346933576298
0.029360592594427647 3.332326549708854e-05 0.2637942753709439
0.029333973501952965 0.00014842359528201873 0.2637809421118062
0.029349333678246887 0.0001079498519043706 0.26385376502977326
0.029295979949380945 0.00024508904791918857 0.26370040851366616
0.025592175531430335 0.008374885701362664 0.2596621156447637
0.02557481287834411 0.008376358696351725 0.25959184182699657
0.029159738744550655 0.0005640006040329411 0.2635379140802738
0.02908794582026846 0.0006912254452827696 0.26343779328377304
0.02910513648790038 0.0006607701000099463 0.2635059663414327
0.026926418922758138 0.002718552525344331 0.2613702636912669
0.026941739848559996 0.0027004219115789336 0.2614609327409865
0.026948701375879396 0.002685136975654422 0.26155797641811784
0.0269420139551149 0.0026731800405071517 0.2616679339144761
0.026923679271671327 0.002665190144018927 0.261797747202845
0.02700609361867678 0.0027918507494611275 0.2613284055585851
0.02702422018974327 0.00277275398518214 0.2614167802875264
0.02703379479239693 0.002755539805985488 0.26151236658423566
0.027029918174682626 0.0027427369616284947 0.2616191373387121
0.02701332788090644 0.0027335122511922046 0.2617482322683948
0.026979387057992864 0.002711926616879115 0.26183441361864673
0.02710110893162802 0.0028461908906408278 0.26137747319925936
0.0271142610398967 0.0028290336977481894 0.261469398784817
0.02711413624895737 0.002814425807806834 0.26157283950831944
0.027097903872787564 0.0028037782127802004 0.26168944185642623
0.027086367911516144 0.0028045511379116974 0.26180074025257055
0.02717315485916589 0.002920588202941883 0.26134289246983394
0.02718874041767878 0.0029036689950281756 0.2614319153526754
0.027192978746972806 0.0028875981771166307 0.26153153545795765
0.027179162860283816 0.002874388922215281 0.2616473000249026
0.02715771854230383 0.0028671931516597994 0.26176334733212026
0.02723907323654717 0.002995701770826897 0.2613135420278782
0.02725610792768599 0.002977736979609363 0.26140158594688645
0.027262559534662313 0.0029616859261875636 0.2614985735417193
0.027254298700612068 0.002947126302323826 0.2616117295661889
0.027233419166814335 0.002938946915141308 0.26174685367652345
0.027316821299257308 0.003052873440664664 0.2613767467232165
0.027323510994957896 0.003036605137386496 0.2614733087404897
0.027319050207229727 0.00302148861811089 0.261581845239502
0.027308579812406954 0.0030179394508707096 0.261716740681768
0.027356835300520983 0.0031437688800864897 0.26126873153865804
0.02737164136773828 0.003127393870161272 0.261358005104306
0.02737796088845324 0.003111384541442176 0.26145449499212803
0.027374898565009013 0.0030962889651835017 0.26155869411185817
0.02740923801322548 0.0032188147169934823 0.26125220693082185
0.027423293375902148 0.0032020206648776988 0.2613425670259611
0.027428941462350507 0.0031858735689144916 0.26143950846246483
0.027457778999125815 0.0032947628002268792 0.2612392921315203
0.027470775873264238 0.0032775042799978293 0.2613305345369145
0.027503188847803093 0.003370946301511504 0.2612281759867246
0.027515005405267766 0.0033539224901143984 0.2613198704588328
0.02754488608761853 0.0034478873022234314 0.2612195080514903
0.02755494433730869 0.0034311719475783172 0.261312428985258
0.02758272384570479 0.0035261904508223623 0.2612135622393091
0.027591224396923054 0.00350818655437997 0.2613056447009502
0.027620284995842515 0.003611420967623305 0.26121854269171535
0.027620483213991527 0.0035809326253074354 0.26129797376304387
0.027643571386134082 0.0037179351692691017 0.2611163143973201
0.02764236130925512 0.0036857766280900713 0.26119063488738303
0.027657675377233223 0.0038034253433607288 0.2609991949071878
0.027667475554097883 0.003780511085231035 0.2611226439230114
0.02766588285864463 0.0037632914797062246 0.26119367505074254
0.027672889253719028 0.003890040592398055 0.2609209487750376
0.027686464851914085 0.003866452866750806 0.2610482508980852
0.027687016631650126 0.0038568355821744643 0.2611221834293316
0.02528001624706035 0.009805424903915928 0.25972389370915616
0.027702093817185972 0.003967534284929976 0.2609490204705772
0.027704767221241083 0.0039526784617730185 0.2610408815941774
0.02435618771883354 0.012190120357526283 0.26032117214561956
0.027705311049318036 0.00413195993430935 0.26089124824677046
0.02441599824351131 0.012072395383926206 0.26030024680622843
0.0243908968089214 0.01210773698448674 0.2602547300120603
0.027689377203283093 0.004294974112349005 0.2609290155674135
0.0244515184482829 0.011998007406854262 0.2602464839564144
0.02443217884614484 0.012018234051489414 0.2601947023801933
0.02767072661178318 0.004413080771193118 0.260911327956682
0.027687287677175768 0.004382612498743035 0.2609967230390168
0.02520441234756362 0.010042361339394344 0.2597106741621269
0.02450395635356566 0.011882963951487706 0.2602051010134683
0.02765136456698615 0.004502554533248657 0.2608674315009605
0.02766913049623838 0.00447595179059942 0.260945909345231
0.027645031033681305 0.004584799252614675 0.2609044677668669
0.02453800643314186 0.011796151995036754 0.2601857264606215
0.024524569183890392 0.011817240846195582 0.2601130045637172
0.02760354378634057 0.004717975969772754 0.26077306406100176
0.027615339725574804 0.004713490067746576 0.26085633523188706
0.02762823583457 0.004664714262063435 0.26091158991904323
0.024579934162938747 0.011701768992691056 0.260142475151482
0.02456378850807308 0.011733422166075017 0.26006547309862826
0.02757576052808303 0.004816877437630539 0.2607451854524253
0.02758848568443311 0.004799036633823563 0.26079495224070204
0.02756613947925668 0.004901073096587292 0.2607713398905252
0.02757765233259071 0.004855145913704414 0.2608093016065106
0.02462811155923769 0.01158456909172318 0.26017353237284785
0.02460770466775073 0.011613378904858682 0.26010235103858853
0.027521866968633315 0.005031799174161123 0.260621854548283
0.027548450413054284 0.0049807274613112755 0.26071342878608655
0.027516577128027832 0.005094232528343604 0.2606327851325259
0.0246522391616452 0.01150522162651512 0.26012516641925326
0.02748227927543833 0.005201713796125888 0.26059538461269444
0.027426819303479937 0.005349607452392021 0.26050455470712036
0.027453431749008963 0.0053026374613094895 0.2605976055415104
0.024699810833761528 0.011412780746506583 0.2600232485610766
0.024693944447324277 0.011428224539872037 0.2599737450525479
0.027417091706673332 0.0054040704132142054 0.26056371548262947
0.024725484764924154 0.011342291885044436 0.2599960811712789
0.02470969437298974 0.011375948274899133 0.25992030847273584
0.027358574557528843 0.005516364154346607 0.26048808350487873
0.02731075319037994 0.005617368495759838 0.26045574343747496
0.027328882012509784 0.005596350750109797 0.26053459198011186
0.02476516926988242 0.011237689236545133 0.2599507760182259
0.02727135503418172 0.005720800217549051 0.2604548352987709
0.02722663070856292 0.00581096656585671 0.26041906512361324
0.02723819697280461 0.005803889899376728 0.26048500187530016
0.024792935652584856 0.011158498108677015 0.2599021771771018
0.027180301022853296 0.00591787704424053 0.2603594983977187
0.027194358692370423 0.005895937904848095 0.26045293905637684
0.027103135670496825 0.006063268784654609 0.26028260116880214
0.027132930291557028 0.006021471204963579 0.26033097068697064
0.024843669509665305 0.011053568114102859 0.25991584421717584
0.024829217572164514 0.011076532916375524 0.2598730357021461
0.027057820623287192 0.006148599156643588 0.2602450505215027
0.027071951551711156 0.006150701670594599 0.2603366369855514
0.024871019796775574 0.010979058789312799 0.2598726439484923
0.02702308361214922 0.006245832166988147 0.26029615930603667
0.026948953553021755 0.0063728391157318095 0.2601947508280648
0.02697380591772444 0.006333888454927519 0.26024922713384613
0.02490256761222179 0.010885603819976854 0.25980598502450614
0.026898744553125194 0.006479877616022963 0.2601763015574884
0.026846560552542253 0.006579809783813368 0.2601418218935706
0.02495485266041556 0.010776248438753034 0.2598295443524417
0.024937283545129803 0.01079900858319558 0.25975749674170384
0.024984618406476544 0.010682384812851903 0.25979908209720437
0.025569095795364385 0.008286697319462587 0.2596545694019261
0.025010806654962373 0.010605625786322938 0.2597501274816143
0.026671954729751767 0.006962712693548003 0.2600636321981859
0.026605202730022013 0.007105165917450973 0.2599954198588935
0.02662139996277718 0.007086076350318174 0.26007860747863204
0.025054262261698847 0.010496098521268978 0.2597653382755767
0.026576720539654385 0.00716919008624182 0.2600483957962851
0.0265261202126424 0.007257016896126518 0.2600941425007756
0.025077540576178906 0.010421827274109468 0.25970952593894453
0.025104953007011998 0.010327302632685822 0.25966816040136137
0.025241058043657543 0.009920885961177427 0.2596574385908907
0.0252474197979545 0.009915862455693989 0.2597219528426101
0.025555554659760234 0.008242964690684662 0.25965980514702336
0.02552975708637532 0.008236506612828579 0.2595763127399563
0.02513715686531502 0.010234544709157353 0.2597175479233998
0.02549618363447663 0.008121906946262289 0.25973594592369487
0.025166809299332623 0.01013972996298052 0.25965659922149187
0.0254995550133788 0.008131805312996896 0.2596917992551876
0.019202467184160004 0.024252201666624784 0.26905551994220855
0.019249911972820576 0.024202425384157525 0.2689925752686237
0.0193463104055227 0.024060305617337574 0.2689653174376095
0.019380775281322156 0.02399639859732855 0.2689000801849872
0.019398840770969362 0.023951322271579346 0.2688208626967618
0.019545847620767016 0.023308059913374535 0.26853446866831593
0.021050690172535066 0.020520993405860923 0.26400617150037475
0.021117680519649927 0.02036426086055733 0.2639645381239069
0.021391041477360068 0.019721277356377936 0.26336139949842113
0.019130488518165786 0.0215519843607494 0.2664008001122467
0.01910256590396732 0.02150093303577448 0.26637004927429675
0.021497724092846456 0.019362836878085307 0.2631137489178155
0.02150439585664546 0.019321340094534643 0.2630417501544736
0.019076137204561586 0.021440061680946462 0.26636584726178747
0.021527822747718573 0.019226381533834977 0.26306168098046023
0.021540054967988463 0.019163262967897 0.2629844994041536
0.021548804187673378 0.019139031271316706 0.2628954146392622
0.019057708975551892 0.021376221578480466 0.2664106501399617
0.01902719389636573 0.021336150393568544 0.266342065139546
0.021678025585532914 0.018772677629162217 0.26256389676928327
0.021673314647732565 0.01873476959107947 0.2624795852154264
0.021694155196892856 0.018640579518330286 0.26250398048558665
0.02169369810692397 0.018610269550383945 0.2624366736195783
0.021705006493601582 0.01857191706757927 0.2623515849478678
0.021721332310890545 0.0185185536484328 0.2623873321056128
0.021755146633310494 0.01835406319163041 0.2623409521625317
0.021759744318592452 0.018307615832219182 0.26226202140114063
0.021790592149771595 0.01825985978362278 0.2623662701202407
0.021796758700941495 0.018239697257504003 0.26228578864978214
0.0217801870292142 0.01819742090340199 0.2622195732310339
0.02180770279527513 0.01812626319158569 0.26231886158718476
0.021798372503563125 0.018049427817002493 0.2623391644359808
0.02177953018573671 0.018030162534745146 0.26229926862093117
0.021725601954287493 0.017981988271140184 0.26213717912534656
0.02167440247782635 0.017885087224725857 0.26209936044988175
0.02239769326577381 0.01674543678260857 0.2622624432400598
0.022437985495000888 0.016694867997779236 0.2621907664972154
0.022458258343370247 0.016660021164887143 0.2621153029460374
0.022504720755939518 0.016602059101784715 0.26201528246183964
0.022548418211419983 0.016538485462355805 0.26194139918528614
0.02256998936641781 0.016494703892553066 0.2618482941552519
0.022624760926421832 0.01639306449734671 0.26187228187412626
0.02271944709886155 0.016202302913081994 0.2617200784467091
0.022739952924344917 0.01616479938269723 0.26163132269179745
0.022791735699052063 0.01605752644292903 0.2616553496295366
0.022811748488234657 0.0160147707803733 0.26159168128427346
0.022851440127906363 0.015926644224868537 0.2616121640686308
0.022859286252774367 0.015904052991655156 0.26155704935819474
0.022875402202276122 0.01585047192451873 0.26146842322143937
0.022906855263105357 0.015790059448564146 0.2615765464525857
0.022921484660840746 0.015755640619454434 0.26149360476810424
0.022974301186333708 0.015618127190946641 0.2614352355997454
0.02299152622858751 0.015572214731965328 0.26135051793612296
0.02302672011762946 0.015489718582787337 0.2613796530360009
0.023037763277720804 0.015445433117353339 0.2613191283760144
0.023045686448464837 0.015418229070329853 0.2612187849577404
0.023069431628067627 0.015360644819270899 0.26133202126144034
0.02308097905195355 0.015323973309417647 0.26126820467216555
0.023086277428750687 0.015300665040660516 0.2611852430653171
0.023117263372040522 0.01518573027350391 0.26120233176091073
0.023116341433188116 0.015164733375268752 0.2611337719192157
0.023136842513380097 0.015119783286380204 0.2612159517136902
0.023149312684889588 0.01506071921282419 0.2611422212489047
0.023150461943190873 0.01502528332316897 0.2610711029957646
0.023179365487935887 0.01495030714849221 0.2611036044069957
0.023208006702226096 0.014866062912436513 0.2611348236244006
0.02320588538837606 0.014824962094557923 0.26104191831670914
0.023242691175766526 0.014717038538965168 0.26106790164141536
0.023249365468400646 0.014670234707013114 0.2610092909373381
0.023283001391000403 0.0145525841002338 0.2609563321096007
0.023309011691255536 0.014478430264886126 0.2609746974324638
0.023324838797956986 0.014401920104831604 0.26090238599974463
0.023357067189977536 0.014327712046310278 0.2609324771229918
0.02335503156799457 0.014300959710334394 0.2608460209256258
0.02338997007427263 0.01420978388334467 0.2608790409930363
0.023396591935869095 0.014171826191855821 0.2607996653172544
0.02342276110001362 0.014098726601289526 0.26084556190652874
0.023434329827089775 0.014035548345796242 0.26075890778494965
0.023457722097875312 0.013965412796709256 0.26080432811653986
0.023459351393200167 0.013911619989993787 0.2607067536493754
0.02348673573284263 0.013835173553605511 0.26074879223767083
0.023486223097796455 0.013807573586681431 0.260680758660438
0.023509572073111832 0.013710525666134371 0.2607056826121554
0.023523611091965786 0.013642298803266223 0.26071646163032897
0.02355064392299965 0.013526115954805564 0.26076503707546184
0.02353786342872449 0.013536213090158098 0.2606814321203231
0.023567004676328968 0.013441286301857935 0.2607864948346944
0.0235620148185047 0.013417942841679072 0.26070393158690364
0.023573579792044823 0.013345601423412798 0.2607374414658982
0.023558905486944448 0.013302114865205961 0.2606617837219116
0.023535531822316026 0.013204561388915178 0.2606216111919262
0.023509958611848295 0.01317573555394279 0.2605590224018396
0.023527595603656172 0.013147094279071821 0.2606718426872218
0.023483245412109707 0.013088541039961054 0.26058719255255314
0.023446777931659567 0.013047917750913395 0.2605312965316163
0.023438742916665575 0.012987313289571999 0.2605792360049089
0.02340498012157291 0.012975646402097175 0.26048569744706146
0.02647152597843006 0.007354341899901197 0.26013606878407175
0.026486972076452477 0.007322906070472462 0.2601021750120184
0.026551606799647198 0.007214970284106901 0.260096908364206
0.02660457625042704 0.007117258146867634 0.26003852412215195
0.026644533856517282 0.00703317646886998 0.26008029039371944
0.02669191288109507 0.006914691913396236 0.2600907422234269
0.026737188841474403 0.006812385631667787 0.26010730893494827
0.026819209915330076 0.0066453671983403816 0.26015991608724187
0.026821381646695546 0.006625816462469423 0.2601067094738392
0.026871277541813076 0.0065210978443959585 0.2601254789192013
0.026909589126507597 0.0064483865618710215 0.2601538645136423
0.02694718809010061 0.0063835515606272 0.2602417701917891
0.02704810751618463 0.0061985088748425085 0.2603160783257748
0.02703771294613708 0.006188234832673617 0.26023041005001857
0.027086430690853848 0.00612536185910348 0.2603519888057457
0.027127769100184065 0.006043856202597061 0.26037205777112804
0.027170308463356833 0.005946458066072019 0.26037748069306105
0.027205017016731246 0.005866045266351637 0.26040859131928085
0.027245569372847014 0.005775374452964605 0.26045065317032406
0.02729350034197781 0.005675243063316042 0.2604724164261752
0.02732688087081162 0.00559224794551345 0.26049878483939454
0.027363908167787877 0.005515850987271515 0.2605307891352002
0.027401371275113447 0.005441443229085815 0.26055728564084324
0.027436556689738656 0.005351778753521725 0.26057159077696523
0.027464456595467385 0.005269394314899218 0.2606022908459095
0.027491432592685196 0.00518024621871817 0.2606261184459019
0.027521479166262408 0.0050970761525629404 0.26066961494819796
0.027537326530553748 0.005035080567841653 0.26069609404788224
0.027556782209238875 0.0049361450790297075 0.2607346153422588
0.027575091082870803 0.004844881091525291 0.2607678481202217
0.027597287014108726 0.004760995761928595 0.26078676071694784
0.02761495492003949 0.004697563007473519 0.2608183610343872
0.027636201097930312 0.004631523413747366 0.26093066081749255
0.027634087123416855 0.004620782685614687 0.2608671509090456
0.027654711548337114 0.004555317559003433 0.26095401905219634
0.02765362717008069 0.004533781652875307 0.2609012979788856
0.027666745538213824 0.004458393520623957 0.2609097577680774
0.027683070051502442 0.0043730755657874374 0.26095850891932937
0.027680421103229418 0.0038251208228475874 0.26118171783237465
0.027668755821801585 0.0037609108720219496 0.2612589602289207
0.027654159899181515 0.0036896179720959047 0.2612784404564091
0.027025432542741125 0.0027552051092478136 0.26186613771725636
0.02778364385404502 0.0019792462661329473 0.2629394349358323
0.027918529228106087 0.0018591411595867522 0.26290888211197067
0.027991818293684585 0.0017806307082123556 0.26302235187398515
0.02800807322183365 0.0017482798926380908 0.2629564328088936
0.02842577335451072 0.0013724907904788613 0.26308692516905297
0.02852026110963629 0.0012948904925000303 0.26313404730275813
0.028646182202357096 0.0011895727903436792 0.26314264373344187
0.02883604065697128 0.0010081021109075716 0.26325656335912817
0.028924545148894316 0.0009380428671444101 0.26337368180461296
0.028984678023720234 0.0008592522778037479 0.26337690872210867
0.029031651794791554 0.0007888763596415264 0.263465265315378
0.029080336628701808 0.000711515291748413 0.2635002100406104
0.029128643438128595 0.0006127759235025404 0.26350568829045945
0.029163465612875042 0.0005626237889499843 0.263611400657502
0.029168851735087865 0.0005449467350696516 0.26355055983770453
0.029196917767179534 0.0004940714940526508 0.2636714406111721
0.02923335551598774 0.00042000364149584316 0.2636938956190637
0.029265200178583986 0.0003365762478285744 0.26372052870656837
0.029297993334899113 0.00025384210689887365 0.26373934704133806
0.02932822024988283 0.0001856332950694224 0.26384164929204335
0.029326353414850202 0.00017927306709402888 0.26379364696369306
0.029349010934845526 8.50856186059238e-05 0.26379728486624326
0.029373321442469204 -2.3272722296481052e-06 0.2638299087567967
0.02939665779082077 -9.200292762622604e-05 0.2638679244939961
0.029410203051964068 -0.00015467299286883024 0.26386762545712966
0.021697110847197876 0.01859713829870485 0.262361119583067
0.021573838161768832 0.019059916835758813 0.26270852181214627
0.0216032767847503 0.018986760465410396 0.262662183173254
0.021628004815698494 0.018917871023284197 0.2626276853175384
0.02165528870720876 0.018838985523534316 0.2625997986272854
0.02168174484603507 0.01875706087135668 0.26257631859994374
0.021689534529405412 0.018690570623370074 0.2625169776717771
0.021698473877153977 0.018610905342668918 0.26248664742758704
0.02171757193364623 0.018542429609174974 0.2624467608676865
0.021541376485838103 0.019182529059401 0.262842305541386
0.021574520532007136 0.019084828877852934 0.2628189522754686
0.0227412104472338 0.016152635136429942 0.26156553910760716
0.022784039720941292 0.016069661230559376 0.2615336082329204
0.02282000745946034 0.01598875909200473 0.2614989780962888
0.021450407500682018 0.019494063484805292 0.26311229557866095
0.021473147630341454 0.01942596810509871 0.26307089226761365
0.021497213385135567 0.019342070349942828 0.2630343035435855
0.02151403454381599 0.019267008003457223 0.2630221807526232
0.021547927645239058 0.019137847107509993 0.26293385948715414
0.022658565780804513 0.01633292210954434 0.2617369549074508
0.022693907514891445 0.016254574670668126 0.2616885666376609
0.022732659401343627 0.016179153696872693 0.26168482485891975
0.022775310604789812 0.016095666307798726 0.2616610853410181
0.022808035121534 0.016022958195838315 0.26162433684636865
0.02284196097681288 0.015949332288266324 0.26157484194685565
0.02287601943440076 0.015859908428752095 0.2615427940995595
0.022901750551057587 0.015803658317555154 0.26152336148970073
0.022936164042197886 0.01571091785202669 0.26147785255122585
0.021392540340546495 0.01968643448834967 0.2632739143182092
0.021419237887236584 0.0196090012371379 0.26327052726823796
0.02151260860523073 0.019317032766920372 0.2631351801961599
0.022596514522323245 0.016443275455441567 0.26188139566821517
0.022642565407657893 0.016367172141725096 0.26184133841167806
0.022677384175191845 0.01629603371272964 0.2618103000491653
0.02129725804150201 0.019941505686117987 0.2634984089507905
0.021326841896419053 0.019867956166295934 0.26346103645606256
0.021231506281432746 0.02012410891002693 0.2636803546887616
0.02434071591860431 0.01221603603588723 0.2602827630749101
0.024373990006065546 0.012146409479216786 0.2602646644807702
0.02441076275277859 0.012063315561944312 0.26023068998722726
0.024462764387953976 0.01196849862565629 0.26021284874758305
0.024491182350553458 0.01189927640555811 0.2601584546996885
0.0245213274285392 0.011830259481073715 0.26014253496954154
0.024568382557833928 0.01173203933775685 0.2601058211158365
0.02458776393179132 0.011665732983135755 0.2600941828908696
0.024678826687675987 0.011456364986424043 0.259984931553836
0.024707349756223376 0.011392459366374457 0.2599638949836137
0.024741352565020667 0.011295793600435434 0.25992860061594236
0.022380171971039867 0.016767331905329405 0.2623109189281095
0.022434539589214188 0.016698147416725317 0.26226669628876437
0.024156533608427764 0.012467431975627056 0.2604697967544984
0.024230719368055903 0.012380207438262273 0.26048558990649223
0.024285381416004632 0.0123131484025913 0.2604424285215639
0.024328990467458258 0.01224770764164263 0.2603957073535801
0.024370818212265728 0.01216795805986321 0.2603692896063195
0.02456948352785132 0.011728270660645385 0.2602056341161814
0.024605268057333256 0.011640355874812778 0.26015982993316533
0.024631727827728177 0.01155820551613745 0.2601051130598979
0.02467470000517531 0.011459323150526293 0.26008696870715126
0.024790735822957342 0.011182071009799557 0.2599728362974067
0.02482304720838481 0.011096927238140403 0.25992711243143496
0.024888370593827328 0.010930600864913946 0.2598777264680074
0.024914449981179303 0.010857566807053185 0.25984911957115125
0.02493222837740969 0.010823072703888515 0.25981213588860963
0.02496305202499868 0.01074328199972725 0.2597705175803937
0.02498764617232053 0.010659779488426798 0.25973329333796985
0.025017069073248563 0.010575033867031666 0.2597128567224153
0.025048699214536372 0.010488238008710953 0.2596856444505424
0.02109486253569019 0.0204166314272462 0.2640057444723584
0.02229550102729926 0.016887874339201893 0.2624342193122215
0.022357201937351856 0.01680217345452098 0.2624024391963691
0.02241385673911808 0.01672353291036649 0.262402541918891
0.025074399939743003 0.010442704963624263 0.259772544240122
0.025094550917981746 0.01037771084316279 0.2597372824749726
0.025110393061759072 0.010314261228838571 0.25969761627496996
0.02512808316708956 0.010254726480024894 0.25967494010339964
0.02104112787680508 0.02051657568741646 0.2641476885342051
0.025153248129387087 0.010192509062856773 0.2597407777352942
0.02517129417688721 0.010138333529805098 0.25970237483451575
0.02518824315941313 0.010091008613645352 0.25970534395926964
0.025230429917295814 0.009964822223156854 0.2597296870345647
0.025260092140652342 0.009869437861683232 0.25970087860712027
0.025273587637425834 0.00983146360867973 0.25978894581313744
0.025299631345134823 0.009750695113849813 0.2597528799008145
0.025321084248133067 0.009686992678215668 0.2597191719188633
0.02534360988427499 0.009640878723526237 0.2597939642787626
0.025365372438400015 0.009569006454096859 0.25976130574044526
0.02539080360222425 0.009497582872203932 0.25972993199097016
0.02541521909295072 0.009412599738336865 0.2596893899723881
0.025448474465206348 0.009301225925774322 0.2597416156441542
0.025465286796083647 0.009228287804895036 0.2597062982808172
0.025483664022205144 0.009148969893906688 0.2596589485452687
0.025523160527134707 0.009031357210851246 0.2597245568235791
0.0255351430112777 0.008973291813028283 0.25966847325959275
0.02557073722765502 0.008842088377555003 0.25972119457577963
0.025578645928797883 0.008776725118038531 0.25967747006947467
0.02559244614642399 0.00874840383542471 0.259756785977996
0.025599114128973526 0.008675171743346234 0.2597126213677462
0.02560537366942794 0.008603410241082667 0.25968735805746873
0.025603818296475293 0.00852355514041539 0.2596431766687128
0.025589055172802983 0.008446424295233878 0.2595937601340204
0.026595602640462998 0.007140732469846735 0.2600861351648299
0.02691256318519873 0.006454344705262631 0.26019880434566495
0.027128508518552974 0.0060430343462341465 0.2603477326994408
0.027187194084795373 0.005914431484797702 0.26040012602769136
0.027230061379862384 0.005815124370377308 0.2604561777987527
0.027284767079723604 0.005706829797251834 0.26050869558368567
0.018981919100312775 0.02449685355230033 0.26890569484569016
0.01903930993024562 0.024437038049427394 0.2689856657419943
0.01918579033081914 0.024270199140793293 0.26895285094939086
0.019242469460332808 0.0242053761679749 0.26893937383647454
0.019362573072296774 0.024021465212597293 0.26886919707333107
0.01908582358863851 0.024377036444894425 0.2690857457781472
0.019162977650972076 0.024299456174042826 0.2690462498398748
0.019232568006354252 0.02421993937793402 0.2690269687280196
0.027500410927610016 0.0022314186005051913 0.26291952300824284
0.027599574046914623 0.0021396583096026708 0.2629227659672725
0.02768888151584843 0.0020601511967338355 0.26289901685369105
0.0278489396089708 0.0019287091669883405 0.2629699761620474
0.02791571032896673 0.0018645953460667045 0.2629661330880102
0.027967465851413617 0.001796459432114228 0.26296144751162015
0.028034455339366958 0.0017358086821821091 0.2630302178397889
0.02809807121193873 0.001669796599628898 0.2630179017237651
0.02818337091088834 0.0015830233468621937 0.26301090763601886
0.028315646928686287 0.001466494170316366 0.26307898987987915
0.028411575534222872 0.0013786763006360132 0.26305492808226105
0.028459603729831206 0.0013446401747253204 0.2631380241348725
0.028574516909059558 0.0012487290416226264 0.263137054657383
0.028619325667609392 0.001203813562684685 0.2630967680912723
0.02869763808052284 0.0011463584147991981 0.2632077211338854
0.028764986984168277 0.0010710450324162932 0.26319248145830465
0.028761046536248818 0.0010922083471291617 0.26325743294851517
0.02882087700113508 0.0010297930469095194 0.26327341093868856
0.02894018604250374 0.0009111026878702803 0.26333188488860504
0.028983995542048738 0.0008644137923027729 0.2634524955800064
0.02902443536386757 0.0007956410775361883 0.2634048244292452
0.029060555479600052 0.0007445076855451657 0.26346998767320184
0.029097161472248778 0.0006752175694057692 0.2634592860795074
0.02907968297993025 0.00070973993239533 0.26356400633237137
0.029120340850378516 0.0006370959756343117 0.263558429369335
0.02916027564646907 0.0005572393051143038 0.26352332431080133
0.029140549418228905 0.0006051418395766237 0.26362509680272084
0.02918758066849865 0.0005113767055410531 0.2635906299296778
0.02920604144644565 0.00047597380486560513 0.2636989217724055
0.02923809626419431 0.00040027250036928975 0.26364671974412446
0.029256846764236108 0.00036051303399733253 0.2637527935254373
0.02928170656467454 0.00028915186171420853 0.26371137626318414
0.02930130344135875 0.00025956769382453324 0.2637992097279598
0.02933914550049298 0.0001403274497317902 0.263821402142186
0.026541414659843554 0.00723122019132191 0.2600953595899407
0.026442857235518123 0.007399173305033039 0.26015451402177037
0.026338350160443464 0.007546175635182497 0.2601547783888683
0.026393638256337823 0.007481759076739257 0.26018868797823047
0.026194468856261317 0.007682772866644002 0.2601704816485264
0.028957604103150365 0.0009015550422773104 0.2634131813942307
0.029010446594241394 0.0008218567682208174 0.2634489213893022
0.029052356252206306 0.0007605859668426058 0.2635153174883422
0.027746986429261586 0.0020085180380588325 0.2628964775304571
0.027602543436367463 0.0021336112307772503 0.2628960538096667
0.027680491095504554 0.002071952668155057 0.2629439888385121
0.027725270109337587 0.002032302929044542 0.262973777717454
0.024346653465819077 0.012206323551807919 0.2602460496701908
0.027525530305023395 0.002213945506154344 0.2629278600732043
0.024333170778681065 0.012233923426207202 0.26034566666011066
0.027339930305509318 0.002336291055855281 0.26292599761549024
0.024216818623110984 0.012395954745342937 0.2603837821164677
0.024274140381702686 0.012325365544734412 0.26040834228848264
0.027112839855209507 0.0024312462620380247 0.2628924521895511
0.024082381807178116 0.012530391720378543 0.26038670190500557
0.02420393594422812 0.0124138522961279 0.2604627769749124
0.023914449519951773 0.01263164429772776 0.2603543693921573
0.02399633267058863 0.012598557424247625 0.2604365334362709
0.024073168155047328 0.012540230313557759 0.2604554118256769
0.022707469229273892 0.01623111887195871 0.26171895418955154
0.02266304291901831 0.016327540934962574 0.26178810167268124
0.022690594863976288 0.016267052285814806 0.26178766687007315
0.02256915317505205 0.016489953478902357 0.2618000198499317
0.022610371727718022 0.016422358624579282 0.2618406783494757
0.022563682296454984 0.016510005894111855 0.26191955143710277
0.02249747035479537 0.016607404398328876 0.26206528579460964
0.02243280996688627 0.01669924737546903 0.2621302516663077
0.022482812173284024 0.01661909874311672 0.2621537854268957
0.022412680104897175 0.016728936788258555 0.2622135889696268
0.022462476835248685 0.016652979142805363 0.26221993170905816
0.022408460238553918 0.01673194321019769 0.2622922790976936
0.02239833936839153 0.016748805809089627 0.26235627621673646
0.022326446176216763 0.01684115603775474 0.26240505408860915
0.022133057193949316 0.01704650629096354 0.2623772423564687
0.022207018426018358 0.016998137468953144 0.26241275916105694
0.022262599191383146 0.01693523800052956 0.26246665710158806
0.022097063163756987 0.017067105535108158 0.2624441216920752
0.022176690384866273 0.01702386033225705 0.2624979705313272
0.0216175186166949 0.018960033954239952 0.26268921573183646
0.02157962181195991 0.019059932499134 0.26274879653679006
0.021557903842514214 0.01915012707416646 0.2628340924765403
0.021512374389447666 0.01926270348198686 0.2629862909200465
0.021531928997772995 0.019197524074673136 0.2630178836305266
0.021460756925354804 0.019452883851799697 0.26304023104276103
0.02149039067904101 0.019378354767554992 0.26306493369735745
0.021517490742448197 0.019285136201043773 0.26307985821480107
0.021434483791669304 0.019532100732527688 0.26311391680566043
0.021468369679721662 0.019452252507340735 0.26316021873785983
0.02142996375176215 0.019556734330264093 0.26321662354595443
0.02136988907158456 0.019768096384584224 0.2633385146534854
0.021335388669200137 0.019850673603808086 0.26340108527918604
0.02127207106715281 0.020031983649902586 0.26355615621732775
0.021292260173423155 0.019967433061981343 0.2635656743519676
0.021230839253384755 0.020122031297461172 0.2636249954474409
0.021259044823988257 0.020068023756932063 0.2636420512310033
0.021171888555966953 0.020226859548889795 0.26366999542606734
0.021210507255707563 0.020164404622134403 0.2637034739319229
0.02116770724190047 0.020258127532853533 0.26377892083858206
0.02112850885315202 0.020328505035374762 0.2638190604157897
0.021085193663306377 0.020417320843335723 0.26389202554160257
0.02112868211648986 0.02034060346950964 0.263935063639759
0.0210371874311716 0.020519893182876905 0.26395134711724966
0.021083720677774167 0.02044530934892931 0.2639991131896682
0.02103508014056422 0.02054382873180078 0.26405156782281486
0.020974710369751917 0.020612899740821297 0.2641156319889685
0.021021310297895113 0.02054941586594313 0.26417027768072465
0.02095052281105196 0.02064163231258692 0.26419068779769694
0.02099618310738955 0.020581306527528695 0.26422434058206123
0.017734085839666087 0.025049022385583958 0.26955860067884996
0.017785844092034972 0.025044014407835546 0.269462112364684
0.020949272758780918 0.020649840432733053 0.26429307915442674
0.01794585336735824 0.025003383185165817 0.2694757477911493
0.017832890570160475 0.025036781344574204 0.2694062626575062
0.01800780229249178 0.024987276051022404 0.26943934129716146
0.017862287202871013 0.025031630342000837 0.2693384182940132
0.020900365005892114 0.02072804326530696 0.2643498724716815
0.01803941803349777 0.024984162056903986 0.26934993119336287
0.01810562460148747 0.024966418525438024 0.26926981775163095
0.018129336778269473 0.024962193910299357 0.26919892961299546
0.020829300978670834 0.020854411943271242 0.2645036418088871
0.018302821637243456 0.024902001883659187 0.2691840319710434
0.0181631448121924 0.024952364579071948 0.2691221089094717
0.020720160067413226 0.020997188258254945 0.26451898600549484
0.020769416855880338 0.02094570575384748 0.2645394756963134
0.018415583499848006 0.024859076251864808 0.26918789076321276
0.018300125619032367 0.024902061246847282 0.2691171102371911
0.018464148096826626 0.02484020940449045 0.26911572977520365
0.020639564561693 0.021071878260281673 0.26456382137384343
0.020702524778024707 0.021024644643729197 0.2646063642983648
0.02076949706655196 0.02095337947403246 0.2646391618326854
0.018562861659940283 0.02479400141089949 0.2690807276154745
0.018681634097725438 0.0247325543093165 0.2690299186681363
0.02063475425859806 0.021080663838264423 0.2646489585120596
0.01871381577885118 0.02470912342210113 0.26896242533569364
0.01914797302725407 0.024311241718477053 0.26910238076102766
0.019094429546818965 0.024374214963568112 0.26903006391371265
0.019026457124675954 0.024446538220724907 0.2690212751878522
0.018967296132509144 0.024512053166512567 0.26894900545224804
0.018884894828748822 0.02458267226814776 0.26890924017187895
0.019152646621065857 0.024310690998513802 0.26900574520013826
0.01906176841615323 0.02441596572937378 0.268932123611496
0.019002205701507544 0.024474256809882036 0.268874886712932
0.020450185272154003 0.021195935587746052 0.26476327759058305
0.0204971779551463 0.021168079130278128 0.26476716463605793
0.017308382367593033 0.0250964874899159 0.2695211060240884
0.01726489294112888 0.025104104026038028 0.2694423821048305
0.017219912620711795 0.02510841429294848 0.2693625317668579
0.017173945512677646 0.025111367407229614 0.26928219502685047
0.01712594565757611 0.02511246708487233 0.26920095406785
0.017400605173531532 0.02509320440089611 0.2695010987681216
0.017357093888801217 0.025101649998214723 0.26942231935337996
0.0173118364458017 0.025107663929964504 0.26934247441817394
0.01726710243496991 0.02511151066928978 0.26926261549148783
0.017221344293136064 0.025113710339357213 0.2691824315747245
0.017530770582551435 0.02507829318341037 0.26955777181275287
0.01749010345200241 0.025087493814700206 0.2694797798690871
0.01744796113378729 0.02509576821354819 0.2694015994716772
0.01740283474017281 0.025102761566368995 0.2693219047377504
0.017658191568714916 0.025058458222393762 0.2695928017200694
0.017615645624287257 0.025068878657490606 0.26953248616282954
0.017575197053257077 0.02507902553684692 0.2694563596001792
0.017535049128764205 0.02508724074378603 0.26937925915184163
0.017491862367553405 0.02509454744941171 0.2693003913617812
0.01770819067309135 0.025055949963162863 0.26950155476123133
0.017660245701716037 0.025066237134854667 0.26943210386333655
0.01778225431675949 0.02504297441581437 0.26950438516007386
0.01775305180492877 0.025051273679143116 0.2694062801223287
0.01786589111501936 0.025025738302632945 0.2694650729879227
0.017814704440700418 0.025041616026806927 0.26937112042304434
0.017950930070261113 0.025005234978044168 0.2694149335037591
0.01790261821838536 0.025020934989594637 0.2693697043040575
0.018014934644145535 0.02498865789944634 0.26938629979308376
0.017979564470585872 0.025001265830104674 0.26932450515652956
0.018049629343885834 0.024982790489271482 0.2693079112868615
0.018019135640331963 0.02499254393804523 0.26923757665186143
0.01807714516299716 0.024977976838666663 0.2691889726170922
0.01816554507613232 0.02495137550328448 0.2691644984855737
0.02755784894069068 0.002178984322951155 0.26292996313231953
0.018971380589868757 0.021297609091439823 0.2650527689486541
0.019091122364854794 0.021321212175297803 0.2650330764156634
0.019199131075468726 0.02134248369250015 0.2650384841774394
0.019304875051365314 0.021362248482858025 0.26501326844576867
0.019405964001710196 0.021375647665764587 0.26502217391687405
0.019508087234232696 0.021377850517568714 0.26499998764582455
0.019591784373562262 0.02137788123209186 0.26496864076839366
0.01969845527328933 0.02136972877154674 0.26495366243943225
0.019647567360851922 0.021368048049755485 0.26489182317890936
0.01979522315796338 0.02136247877186595 0.26494907879455687
0.026408623289218162 0.007444571237846295 0.26013521622093694
0.01987831896758068 0.021357028680517857 0.2649190116708445
0.019853764071695208 0.02135716195982515 0.26484932895832064
0.019965527445355315 0.021344002938880793 0.26489862148793614
0.019905490002908716 0.021347546918276353 0.26481668491420673
0.020048491436153247 0.021326830262970865 0.2648780171405071
0.02000361259066107 0.02133169133967018 0.26479174892816554
0.020123040756999694 0.021311030708813544 0.2648681601911939
0.02008864322143592 0.021315566482099535 0.2647508552245138
0.02019913655062246 0.021295032838561948 0.2648282680160172
0.02016375205554366 0.02130130349861481 0.26475738845810015
0.02026946202337787 0.021274992921750217 0.2647987050642717
0.020368350223352392 0.021237761078014228 0.2647671168810725
0.020325884108803684 0.021249743703170884 0.2647041868086947
0.020413868770754226 0.021213862734475883 0.26473516750989645
0.02048287375633635 0.021175016049763365 0.2646930540245068
0.026361616642589302 0.007526361713011014 0.26019611834770645
0.02055464809055059 0.02113391368677066 0.26464275377396557
0.02064226084255279 0.021072094606618 0.26469220350213146
0.020602223833566937 0.02110180273204313 0.26460457283287026
0.020682298382768936 0.021041324019951645 0.2646539958776352
0.02066990893153844 0.021049615877597107 0.26456849467416416
0.020743238341070183 0.020982983309876864 0.2645912419293115
0.02629531548240495 0.007593397001633681 0.26015763566669936
0.026198344737081464 0.007668780491350545 0.2601119767899118
0.02624147272552558 0.00764502251362968 0.26018948723248164
0.026102331891571583 0.007723951359798182 0.2600830663390017
0.02613815505177164 0.007715771628180337 0.26017578324837604
0.021279838627007257 0.020010303041669973 0.26358102425184143
0.021259478728283526 0.020055080724455658 0.2635344830115453
0.021290635168003592 0.019957447534309516 0.26347365977054427
0.021323876518493313 0.01987780764564371 0.26342596328271856
0.02135288590438577 0.01981101460585126 0.2633776564264202
0.02138486184025378 0.019721913397771934 0.26331001501791806
0.026009474766446813 0.0077669626671160955 0.26006214034186004
0.02605082517996731 0.007759334859952123 0.2601431655426284
0.021404052255853918 0.019646725115140755 0.26324940365756316
0.025920434460029076 0.007801607182902194 0.2600781648967363
0.025974115216566965 0.00778907237768404 0.2601567462662564
0.025847505770715203 0.007823481168601418 0.2600894318938779
0.025898742302599462 0.007811122865721625 0.2601846805251038
0.025806245385803173 0.007834652808770909 0.26013623847453526
0.025812778587997846 0.007829453382084151 0.26020475490782835
0.021356094922631647 0.017239374774297482 0.26232564939585057
0.02139344469958092 0.017239361903771053 0.2623108595109225
0.021546731113003623 0.01720986724552976 0.2623697624683629
0.02149976105792974 0.017216136338136748 0.26230872048113907
0.021608819647203258 0.01720699128014653 0.26235854896114813
0.02158860949730477 0.017207725711943865 0.2622932093693909
0.02169664531688112 0.017199631098411203 0.26233814445501696
0.021678748942230975 0.01719908451726561 0.26224652500880913
0.02181137334526703 0.017173399444673457 0.26236775403530554
0.021776251854166047 0.017186224755666037 0.26229993883375907
0.021767578891276663 0.017186499977032456 0.26223231443529293
0.021928055469056778 0.01712981261146601 0.2624220607785227
0.021891335958969728 0.017149879704816774 0.2623453765790849
0.021859585530158848 0.017162518906806597 0.26227311270330056
0.02204920859463866 0.01708304061588535 0.2624613316518406
0.02200533995073574 0.01710306522350695 0.26239826918065745
0.02196456031878349 0.017123540876774306 0.26233567024263854
0.021928009520856988 0.01713732769146465 0.2622286948739238
0.0221109262172176 0.01706081075177692 0.2624070973655918
0.022043843726259955 0.017087887125071893 0.26233682997901653
0.022007040802090223 0.01710452609712245 0.26228532802583365
0.02570994768106724 0.007843257747111709 0.26014619642606857
0.02220178154942694 0.017007255037409526 0.26246655797581164
0.02216572017937831 0.01702412719591259 0.2623698994968371
0.025466247923130698 0.007865153709318801 0.2599219988457501
0.02556561654342129 0.00784740888609822 0.2601232698159629
0.02559396277870813 0.007849077717567982 0.26019585344942514
0.02224331839642185 0.01695773692875141 0.2624213513086413
0.02232299068486067 0.016855850101173624 0.2624743049281688
0.02544698616022716 0.007880550855202222 0.2600728760765985
0.025473113076740977 0.007849280272441406 0.2601359457879287
0.02550738968058462 0.007849795312079483 0.2601852105579284
0.025432678858283684 0.007864574630929443 0.26014203603227426
0.025421853459459853 0.007858234167302657 0.2602310575479956
0.022933653853466875 0.015722539133371065 0.26152506939856296
0.022918198237072144 0.015755441186302795 0.2614518715206242
0.022956485021280643 0.01565878155295787 0.2614560640421323
0.022998981094821035 0.015560277727849783 0.26140167061447106
0.022981692653751287 0.015587945842032784 0.2613339255558842
0.0230276393264892 0.015479784346691434 0.26133918159905756
0.023006877957431934 0.015519751251536389 0.2612881975851711
0.023054749301132178 0.01539950649580485 0.26130572431536797
0.027069769157225546 0.0024437212210177152 0.262907423771753
0.027129231246645683 0.0024255342510991246 0.26287040365631603
0.02727178579407038 0.00237333702742565 0.26292873654797516
0.02740632698382355 0.0022921140299880247 0.2629327283579722
0.027710293020299846 0.002043310746570604 0.26291909808909697
0.027619578222973458 0.0021169679150384803 0.26288281168421396
0.01905023990705465 0.021317427254795983 0.26509374601778024
0.019141995226710378 0.021334645068812087 0.26508900525883455
0.01914372936863146 0.02132957676501182 0.26502336497434115
0.01927465157564011 0.021359782362384866 0.26505047810398935
0.01935436622432205 0.021372019045670765 0.26504605856015834
0.019443287256657445 0.021373515702028834 0.26498502044232886
0.019561422125763082 0.021379564033550465 0.2649964053967511
0.0195501324095288 0.02137362662147814 0.2649427523041541
0.019618825322834994 0.02137880241963476 0.2650011542713722
0.01961751026817611 0.021373916256131366 0.26493662318709915
0.01982000086693975 0.021361264142885215 0.26487391052456
0.021353977181529437 0.01980312550348514 0.2633352529386149
0.02141055897405234 0.01724099049695184 0.26228372063670913
0.021468452487029666 0.01721834061324276 0.26234265531515155
0.02146408338929237 0.017215992065568682 0.26224849289903557
0.02152938767181903 0.017212409445829933 0.26233331512736924
0.02154447615230577 0.017208553517318953 0.26227772666299115
0.021643705442101036 0.01720403371629521 0.262283242933963
0.021718081029065757 0.017196551256811868 0.2622729441105481
0.021813611339317272 0.017175921269496283 0.2622238563519253
0.021867369420661798 0.017159612650171067 0.2622219498562237
0.023470253894080046 0.012728773329383701 0.26037120242711864
0.023502521023829572 0.01271667134678039 0.2602823539777523
0.023519049591700224 0.012715037963998196 0.2602209551055736
0.023572010089560856 0.012710833393838794 0.26031200628709317
0.023606345308381297 0.012708341545047559 0.2602288895508836
0.02366435704984063 0.012706738061822563 0.2603364384499685
0.023663239541264286 0.012705414739320534 0.2602422850491158
0.023742200953836046 0.012682598007410187 0.26036343676998513
0.02375152194695457 0.012686168851487788 0.26028648289574957
0.023822296301743897 0.012661245603355692 0.2603797931444188
0.023843868659065365 0.012653355953993724 0.26029041404321196
0.02390183143326586 0.012636953096630354 0.26037980621276446
0.02390477291400337 0.012629818148255579 0.26031622978708036
0.02397216935356418 0.012613724132755723 0.2604555998114745
0.0239561663266914 0.012615109581838447 0.2603936239664883
0.02402805960091927 0.012573984027330478 0.2604666071350082
0.024040061047182457 0.012562625935555056 0.2603952646817365
0.024115863808652913 0.012504107699406578 0.26042660388388855
0.02418110762899056 0.01243804573284359 0.26042184440055777
0.024244470019969648 0.012363565781574984 0.2604297706397948
0.024241544835049474 0.012367850778635548 0.2603799010729892
0.026982191253187095 0.0024633544563844585 0.2629001556981934
0.02715533452618893 0.0024142821755789093 0.2628779874873779
0.02721579080011264 0.002393295071233113 0.26289599502175776
0.027027041612748146 0.0024520366624356544 0.26289256237959224
0.024004549343097106 0.012588134812064356 0.2604029327644299
0.02394284221167112 0.01261677672965966 0.260343857928098
0.023909669043240406 0.012633378062366068 0.26041385152815283
0.023859440905546817 0.012651345676242784 0.26034721099667674
0.02378004612249504 0.012669452636693722 0.26039755942870185
0.02379767233198712 0.012669823287372088 0.2602674698109108
0.023747069165433548 0.012685033248513668 0.26032691043268436
0.023658020091844874 0.012702800032021807 0.2603805582061402
0.023698054818048583 0.012700633771537788 0.26026560016330147
0.023623363501839557 0.012710112227485752 0.26032757534507456
0.023540483208125948 0.012707751342497907 0.2603786335788475
0.02341303464989761 0.014124393004528602 0.26080706908625134
0.023395225017763994 0.01418616709501086 0.26084301415612693
0.023369333520978783 0.01427086496480829 0.260870314765021
0.02334257925244725 0.014362485508483508 0.26091599306722246
0.023328735830587127 0.014418081080530313 0.2609708268026414
0.021404097785046244 0.019673250638791787 0.2633305685897823
0.02137642264019093 0.019761570295024802 0.2633932030657528
0.02134601561654027 0.019824725279964595 0.26342154036608256
0.021317800121352794 0.019889739876822868 0.2634515558042216
0.021293070731652035 0.01995352324785346 0.2635043882020944
0.021277070808547127 0.020011993183972843 0.2635435136520066
0.021256005678984436 0.02007392761100111 0.26358681947107504
0.021378417834198943 0.019720788368908636 0.2632706449138285
0.021347852129750735 0.019801563087830515 0.2633048134314239
0.021748074812984967 0.018404688676452993 0.2623627521841775
0.02172986252676251 0.018510035488472208 0.2624342164320777
0.021704418940850997 0.01858004269662787 0.26245814653116284
0.02168621450003222 0.01866755821788251 0.26247791823503464
0.021708826069004355 0.018552129362098213 0.26230614687071296
0.01901641592648186 0.021293012433658588 0.266380361572539
0.019049573068447966 0.02138647673854481 0.26634285168785804
0.023551313006650313 0.01321718107674768 0.26067264136535345
0.023496239363507275 0.013092081445290926 0.26063791717435736
0.023526089647573866 0.013194859209710004 0.2605954989638556
0.02346131802379159 0.013046183403504457 0.2605782048289619
0.02349103615579284 0.013134795727888048 0.26054551122870606
0.023423869147103503 0.012996352874156557 0.26052397175344777
0.025556332774805405 0.008908493394747592 0.25972630452976686
0.025604752578673125 0.008643420365389011 0.2597354703957955
0.025590618795063885 0.008729285765522033 0.25971145423205355
0.02557200580955446 0.008819458524173462 0.2596859419356532
0.02561028892444209 0.008530760903343457 0.2596800748374254
0.02559962831769863 0.008628968277818526 0.2596629084993599
0.02558439696168121 0.00870168577204593 0.2596214129390293
0.025478955293319203 0.008058796467924076 0.2598020491943014
0.025592157199591844 0.008427323605319352 0.25961869467180615
0.025457698289253594 0.008065401706432836 0.25976149433019863
0.02553037424316453 0.008182922088429401 0.25967324423309657
0.025570661760172097 0.008314287436286035 0.25962857388100635
0.02550032908962965 0.008157746706721484 0.25961007698284044
0.02342143624127905 0.012954940949131119 0.2605376550109159
0.021585710140768412 0.017760004176389885 0.26208637487071923
0.021303759452505597 0.017392819169249035 0.2621278505312821
0.02170717651133803 0.017932380484428197 0.26212430343314563
0.021330178849447056 0.01746042990578464 0.2620857382020854
0.02132236812834861 0.01741100689605151 0.26213660412923545
0.021321259077872867 0.017400670253457436 0.2621657061846084
0.02351525902478495 0.013151952815459974 0.26060262588762856
0.021731790060727958 0.017964549914140322 0.2622495067089752
0.021416933611416958 0.017531441229940582 0.26208699820889586
0.021466091328784163 0.01761443317055896 0.26202770680972487
0.021761272416320747 0.018023398431108173 0.2622697513961642
0.021524598331030972 0.01768120645310047 0.2620451456321255
0.023466937870538034 0.01306731703903219 0.26056327815579183
0.023462259962862754 0.013101813698441496 0.2605059742617759
0.021583802056825228 0.019054344896529518 0.26278084351558684
0.021615105833275285 0.01897044391430857 0.2627230280906352
0.021630820900863237 0.018902582731685234 0.2626633569758169
0.02165795744881977 0.018830318807127308 0.2626220369713095
0.0216844554027561 0.018738095847937744 0.26255464452859145
0.025608486737672288 0.008564238536494056 0.2596813902466702
0.025609870800213073 0.008491665913560414 0.2596916037118716
0.025562189442250017 0.008269294958620542 0.2596409437671232
0.02552828913141141 0.008197460499234586 0.2596294498439556
0.025514169104809793 0.008140114704198637 0.259759371512435
0.025472269437978493 0.008098088718103425 0.2596826795016897
0.025456382646936074 0.008032260424414751 0.2597928195231189
0.025464355061496868 0.00805996463216447 0.2597846480557455
0.023866547412600195 0.012646423903958736 0.2604107569541806
0.021507051565786545 0.01930453811125262 0.2630291649581403
0.021549045050581854 0.01915308390568024 0.26287186549803576
0.021377530546550522 0.017217666276088638 0.26236214931958646
0.02137532600688909 0.01724469113312574 0.2622624177397985
0.021501083101868865 0.01721465530923271 0.26233712168979656
0.023504146297022317 0.012715421088206995 0.26033305420201763
0.023548138317494572 0.012713239424316475 0.26026507169413926
0.023615084995374982 0.012705186805883962 0.26036737097740725
0.02363816363489308 0.012709895701958511 0.26028738075615643
0.02369380088725428 0.012694637308790087 0.260386612694501
0.02371444859779404 0.012696631434296224 0.26032637047580903
0.023790979125222787 0.012671596387176572 0.2603340826212426
0.02545250843350155 0.00785389755731997 0.26013040828331685
0.025467582302352024 0.00787785301081209 0.26003291112989246
0.025540283384807027 0.00784950515701081 0.2601761439525789
0.0256577400009264 0.007847897934872335 0.2601940141726891
0.025760542194077793 0.007841073855553535 0.2601626141929962
0.025774963310677627 0.007834367579199284 0.2600990660651443
0.02586145210531813 0.007823664617483447 0.26013559506748696
0.02587279276810224 0.007812000966798779 0.26004640100927484
0.02170329655861393 0.018576207572915497 0.2623966276707683
0.021680676122137445 0.018652829976801774 0.2624214243797497
0.021664368529918685 0.018732952392324385 0.2624414429702809
0.023414273717274805 0.012966692119575029 0.26051369449875345
0.021427237394501968 0.019574962596281956 0.26325120007981867
0.02139754608911641 0.019648471854168854 0.26321370646583675
0.021479526892632817 0.019412517980482567 0.2631644076966103
0.02145225955928801 0.019496212305851898 0.26316363527623526
0.02143238206617942 0.01954417519539059 0.2631477377325629
0.02150541843772643 0.019334611158761283 0.26307923739473243
0.021485460846083344 0.01939918813952808 0.2631005725954779
0.021454683057576748 0.019474845808788374 0.26306882382988367
0.025486444541886977 0.007853791957313512 0.2600897196866799
0.025506004413892207 0.007849120809159579 0.2601481440341906
0.025440772369840044 0.007865610324518763 0.26010820522960165
0.025462620883328627 0.007852199214774183 0.26018299147161017
0.021425249257560463 0.017225903209917008 0.2623385054844353
0.021415122397748995 0.017229975073089848 0.26224748329131364
0.021502570642704128 0.0172113271531849 0.2623698259708556
0.021495231086642357 0.01721433590024901 0.26227281024605836
0.027084403203468357 0.002497649084305616 0.26249349142226613
0.02130343954867379 0.017390389782650582 0.26213575536159606
0.021288606087346854 0.017401319074960626 0.2621075960594977
0.02550178427031723 0.0081832271232657 0.25957218411382926
0.02547818352328917 0.00810704598458686 0.2596668629068577
0.025463120993426024 0.00808360437657943 0.25972242262075307
0.025552807780936916 0.008260454831422778 0.2596212027088402
0.02553173445324372 0.008174108064067072 0.25970779844272557
0.025489066261654852 0.008099409882884564 0.2597743838469413
0.02160435335452723 0.017804883907778825 0.26205563787361136
0.021554532534984506 0.01770816559441704 0.2620894567721824
0.02154500537473328 0.017726957946409 0.2620224613572336
0.0215097160127891 0.017647061521018387 0.2620675774291302
0.021505402349385062 0.01767333839951119 0.26201341859915106
0.021456691938631856 0.01757319301699569 0.2620657088807059
0.021395807048718945 0.01753222852094497 0.26204610663737504
0.026945257134576073 0.0024716197217595458 0.26291475556362787
0.02161182539131319 0.01894736276059409 0.26259662349600443
0.021639622419440653 0.018878524246016028 0.2626117159655825
0.02163167967182529 0.01886941348435308 0.2625132977900139
0.02166776154192222 0.018806585310619947 0.2625998185599808
0.021668394579765392 0.01879886720081573 0.2625452911958033
0.021656125786687765 0.018769946264190283 0.2624553045621229
0.021687555541189948 0.018712269774924475 0.262527619651267
0.021434052187732675 0.017215436202251043 0.2623749245436063
0.021448393790940136 0.017227753548894005 0.2622959190438666
0.02156563003136658 0.01721087057517931 0.2623269287863554
0.0217790928342055 0.01823393014919645 0.26222104571492244
0.02178924383222405 0.018163134784153948 0.2622529821287431
0.02178503303440374 0.018063520576574024 0.2622890961776707
0.02174026601763979 0.01799166388857592 0.2622511640395819
0.023519733166694135 0.013196214282399052 0.2605767096842304
0.023471184580652216 0.013087903880597091 0.2605470052240465
0.02346623629174308 0.01303940781947221 0.260615775839081
0.021703522486830218 0.017939527610332545 0.26206542252285875
0.021770954534154494 0.01826858546835987 0.2622237192567612
0.0218028701419521 0.01819601478490846 0.26227860917370693
0.025563863545718643 0.008282193442786792 0.25963369524425367
0.02548838011000849 0.008129702517612395 0.2596416657695096
0.025501026466423694 0.008094262248913886 0.25980586509479436
0.021716125348954354 0.017951040013674757 0.26219336825250844
0.021722278467424166 0.017968600266825563 0.2620903621767538
0.021616831599927108 0.017810541277641805 0.26208618545875284
0.021674963559046963 0.01791192019388807 0.2620294522253742
0.021534731644610748 0.017683683439236056 0.26207322677162487
0.021438210746624758 0.017570017126506868 0.2620423314693522
0.025519393789218282 0.00813234630565404 0.2597989300406796
0.025519020971088553 0.00815109792881736 0.2597279853901739
0.02547294832454376 0.007954934959966973 0.25984642137918124
0.025476492676563326 0.007997051157100064 0.2599539099707053
0.02546618681363716 0.007879795478232924 0.2598026892850741
0.02544692472448556 0.00797349838385351 0.2597931746174617
0.025449002322216144 0.007936938153993493 0.26003363056951995
0.02546903649976647 0.007919357115854269 0.25990305293694904
0.02549366476206919 0.008035851136516413 0.2598848179583111
0.02549510634295601 0.00806073014316712 0.25982953253281194
0.025470317114734006 0.0078947225639457 0.25997035313217587
0.02138609696305464 0.019680228084747724 0.2632270357768408
0.021377727168433284 0.019707571853319318 0.2632433651539967
0.023421231831617043 0.01283230875787625 0.260486571157452
0.023444335544570653 0.012763230928439832 0.2604331225734847
0.023406659572744362 0.0129179389357144 0.2604922487726866
0.021325771091531172 0.01730557859462456 0.2622833674843341
0.02132279901337403 0.017260698615810623 0.2623279209393415
0.021348019079185286 0.017256574726409832 0.26228699285953455
0.02163157695765251 0.017850616675094508 0.26203971409182064
