0.02958100851250913 -0.0012529537462644385 0.2634711354232629
0.02957750978922191 -0.0011004567976786687 0.2634470424511053
0.029573958317619577 -0.000999428251948968 0.26344703259180835
0.02956042987267341 -0.0008872304536085209 0.2634223339192751
0.02954301369731467 -0.0007524298652666995 0.26341878963958104
0.029531193170230362 -0.00063843713786182 0.2634347177260402
0.029508395403142342 -0.0005281658006295039 0.26341466139285585
0.029495696729996742 -0.00044780328281609214 0.26345437851801656
0.029558851172365237 -0.0009715494123443637 0.2632870941340674
0.029458226209776443 -0.0003592354238460242 0.2633356457745466
0.02944173178857196 -0.0002848659825545958 0.26333127111214444
0.029426163656968977 -0.00021852321355995518 0.26335257572386406
0.029360637107726132 -6.48366276848013e-05 0.2632815106124073
0.029324433647345716 1.5883582757377846e-06 0.26318108693593295
0.029260554159666562 0.00011973676811600925 0.2631081925808288
0.029191195611807236 0.0002390347820509928 0.2630169557910453
0.02860398972201598 0.0008078450569807998 0.26260094383276894
0.028254234298102584 0.0011071354294356225 0.2625008287619803
0.02772306625629278 0.0038675459732568493 0.26028278782139325
0.027689983708446237 0.0039345539285537716 0.26015311378677203
0.02768189423110617 0.004012588580830217 0.260163559264284
0.02766364100454019 0.0041126039899806255 0.2601809897993419
0.027644637608641377 0.004109624210608041 0.2600676292093683
0.02762618333171464 0.004198612447928684 0.2600614263324807
0.02749315084423672 0.004639029255666889 0.2598062663708153
0.027456468702318635 0.004744531847694218 0.25979410815796106
0.02738942038873241 0.00487946482120864 0.2597346380780568
0.02726773454354795 0.00516643454087697 0.2596985979951599
0.027240720603467505 0.00519932234262348 0.2596157141702142
0.0272052258868627 0.005295188530049799 0.2596284512225219
0.027164888921589733 0.005345699860456413 0.25953547710336455
0.027142170251220264 0.005415710414110357 0.2595567092510116
0.02707392173300431 0.005535494577702206 0.25948547937235145
0.027006737202384213 0.005658166385616021 0.25943671404667307
0.026937244131189475 0.0057862989484327755 0.25936643022206224
0.026921128102687902 0.00583053685058446 0.2593916894350063
0.026852917040908288 0.005960379608856576 0.2593307105060619
0.026819315428151594 0.006038813813319637 0.25934184576943525
0.02675211862968574 0.006169020569921276 0.25927601807001294
0.026691040329971796 0.006306529105580436 0.2592124161728327
0.01966688684898856 0.023780674852378614 0.26696301801079647
0.019637386769969803 0.023852683977825292 0.26702477860656976
0.019605327326037363 0.023915415635454476 0.26705678354502993
0.01958783193715253 0.023954810203064586 0.2670969641076266
0.019467397366605476 0.024115224541881322 0.2671030418308131
0.019444861000059228 0.02414938840785333 0.26716301177199003
0.019391624987410386 0.024215263191644916 0.26720918077043754
0.019345409473237592 0.024262760023544085 0.26714368316964726
0.01932080172038925 0.02428905944907892 0.2671907302111726
0.019275149509888456 0.024336216224427866 0.26709248425850746
0.01921880169886332 0.024374317620954357 0.26700486462899786
0.01919507953630625 0.024406938942100588 0.2670595969138971
0.019140106749118292 0.024438056156360285 0.2669866806005954
0.0190862994128589 0.024494435077578723 0.2670326521570941
0.018995465931786498 0.024552867136767506 0.2670219508265587
0.01893080059297664 0.024595568548000497 0.2670659490860167
0.018897509558736935 0.024623325556178216 0.2671345577016293
0.018883615805521708 0.024644199440150297 0.2672121607427391
0.018797998725878395 0.02469483162274789 0.2672745487580847
0.018745974730447198 0.024720869555109576 0.2673302304891795
0.01869045598569149 0.024740870854853617 0.26728004143868733
0.018638624804203644 0.024765144181815697 0.2673587785095229
0.018665006742038383 0.024743054777598042 0.26720904296772546
0.0186236064750019 0.02476573022292442 0.267278889510006
0.018530102663326137 0.0248060824051241 0.26735634092635113
0.018492621868590537 0.024815175348725176 0.2672781757748916
0.018456904250240092 0.024831944721082515 0.2673675340061304
0.018381671096648903 0.024852645650725674 0.2672823074057486
0.025512035346612824 0.00844994423805623 0.2587324373649792
0.02548810281059314 0.008547539911073529 0.2587519454998966
0.025466199900874533 0.00862633600130399 0.2587443858365269
0.025449499257915672 0.008712915724259411 0.2587753980953568
0.02522754258254353 0.009342429924755272 0.2586766407304076
0.024799709492753737 0.010545030935169451 0.2588513939705258
0.02476965489316998 0.010624140005902892 0.2588736396908233
0.024744612987880246 0.010701094419565483 0.25889078242681524
0.024626698089837418 0.010995586168112177 0.25900739286484503
0.024603857138189477 0.011053550925758514 0.25903007802516664
0.024567350192097895 0.011145949588093885 0.2590791855264847
0.024542560239552823 0.011213440617313048 0.2591145779384927
0.02441377392109236 0.011481373667120712 0.2591438323330029
0.02102594952887713 0.02035652660742194 0.26281414571084605
0.021005249665075852 0.02039390777935681 0.2628427194229499
0.020965950894219765 0.020474723919369345 0.26290773071598933
0.020950584596945144 0.020507769139554564 0.2629620963607569
0.020894400961682397 0.020580063574272292 0.2630153749093247
0.020867456028443192 0.0206051090334129 0.26304526338284157
0.021234284982579232 0.019984628549584438 0.2624356308331895
0.021204055629562693 0.02004762754542532 0.26249154973195593
0.021167280791818198 0.020109103812188153 0.26250856107328374
0.02112949067257231 0.02016423566806661 0.26257066064538187
0.021099102698271133 0.020209422739879843 0.262634588008528
0.021067902751584586 0.020262571908574577 0.26267666449951543
0.02086181572216243 0.020602276274295644 0.2629205033270512
0.020818178084232166 0.02064564152838625 0.26297191549967136
0.020763532634997008 0.020692307410221843 0.26304406447645134
0.020712603965212923 0.020727284479343133 0.2630865473933674
0.022526394888214542 0.016151564075050077 0.26095182451067905
0.022487562045903912 0.016210621283818706 0.26099679256990477
0.021325144580445113 0.01976444250121611 0.2622176195245846
0.021302146286232466 0.019810083994426658 0.2622358432168785
0.021260652786012982 0.01989728907960151 0.2622868126887138
0.021226895319846714 0.01997461840202252 0.26232290744417686
0.021215765701862836 0.020012945247263166 0.26236029948928585
0.02117634209732574 0.020092378310362938 0.262386818601109
0.021138711761836532 0.020141576408294955 0.2624549020169372
0.020720489223070772 0.02071222810578855 0.26295331339724065
0.02066860033696746 0.02074596112359281 0.26300291503742307
0.020622566801415453 0.020781188013967763 0.2630808312854019
0.02058341388816465 0.02080904625303523 0.26313860813630285
0.023062279837393587 0.014999098227304832 0.260166638716345
0.0230308356133208 0.015077693768182356 0.2602075812446819
0.023010792390583484 0.015138223038741839 0.2602272292045719
0.02297728673908434 0.015215899366347216 0.2602613275190078
0.02295791910310987 0.015266318341524213 0.26027600893988095
0.022594972859884963 0.01602506454041669 0.26073601415147657
0.022557721782301064 0.01608731688289066 0.26078007130952546
0.022517071475682465 0.016151216957507375 0.26078925250420754
0.02234179689061749 0.016418743999830565 0.26106606136146493
0.022326854314024713 0.0164328339286652 0.26112503676659454
0.021478355917642196 0.019336147624855998 0.26188848699741973
0.021447720240256735 0.0194138656873329 0.2619185669531375
0.021424146758145208 0.019484100207569265 0.26194473431464566
0.021406473348985496 0.01955639411213425 0.2619907167077044
0.021383700942643514 0.019614636981101975 0.2620212873835852
0.021346538708972195 0.01967967425463759 0.2620549896941827
0.02132138898501822 0.01974051935135101 0.2621105784609525
0.020537400157495864 0.020820505419696343 0.2630622133217578
0.02048419816584027 0.02085295430214535 0.2631359880471838
0.0234797033410552 0.013487852098186807 0.2596429417642661
0.02344076381084241 0.013634066728480066 0.2596924076330546
0.023411515136932598 0.013729732537288045 0.2597103373820666
0.023389482924870995 0.01379656730678205 0.2597201191773191
0.023376265600758547 0.013863651587616389 0.2597582137045933
0.02335082680934862 0.013942009388412276 0.2597509825880797
0.023330823146960684 0.014029371801483725 0.25980659334399436
0.023307131366898496 0.014114167939585563 0.25982299410984533
0.023288076148443734 0.01418736402076662 0.25982192933316545
0.02327079378482511 0.014279762712980698 0.25987830508934556
0.023239725648158363 0.014366860044734359 0.2598442630185294
0.023221969663995444 0.014451011476040797 0.25989502723560676
0.023207768725232527 0.014513040301554451 0.2599263343057931
0.023184922005733802 0.014599005861856515 0.2599310623973848
0.02316109562537416 0.014688711496376482 0.2599370985827965
0.023144602954558127 0.014741950556003677 0.2599598103647469
0.023104734272036555 0.01484936191900881 0.25999073478473156
0.023075972960081483 0.014924546289114497 0.2600057719661971
0.02305499282034569 0.014982529666970659 0.2600457151574699
0.023037609239878572 0.015034103054205536 0.2600956784625975
0.023007747083421345 0.015113370166457746 0.26011300988858943
0.02298645997042442 0.015175124441811096 0.2601354363193318
0.02294877152532756 0.01527114213612778 0.26017448206793875
0.02292910787885065 0.015325142721286978 0.2601884860320097
0.02290415387509732 0.01538845491931346 0.2602169798748137
0.022873962632928464 0.0154656399825219 0.2602633551086547
0.022850343169265222 0.015517144077083739 0.2602782372213951
0.02280725655959836 0.015604581115271642 0.26034098831875896
0.02278962859186141 0.01564999434562365 0.26038534707733557
0.022767722442542094 0.01570266254851785 0.260416780537627
0.022731650402450773 0.015772170170083477 0.2604268877413918
0.022688192314892986 0.01585484104544809 0.26047312594088373
0.022669052328608625 0.015898024293307576 0.26052219119263426
0.022627579304842414 0.015976386880922573 0.260560878790931
0.022602923324657354 0.016013463680451423 0.2605864536531558
0.022567029918903466 0.01607802637204757 0.2606546990462401
0.022261634712665585 0.01648191363975155 0.2610490473755045
0.02154336390562907 0.019100003262829353 0.26166908990678056
0.021495520156068555 0.019249888890974197 0.26171843979030246
0.021476446093389213 0.01932160028269484 0.2617721362904714
0.020388943473205526 0.02088078612459355 0.2631189465510561
0.023491138298117414 0.013375951156924823 0.25950479938336274
0.023481057448370417 0.013430622652929004 0.259527061191309
0.023451951707554784 0.013533550918413023 0.25954568202147404
0.02337125520741919 0.013833788788112329 0.25967817395656534
0.02315053314016328 0.01466931223379857 0.25982590199329136
0.02313759644164753 0.014731698840468797 0.2598655561701166
0.022751921892051923 0.015702657102663345 0.2603142397175868
0.022607396107695236 0.01598677388776324 0.2604718407089559
0.022201296243254003 0.01650007847516584 0.26095565998415304
0.022175448179221628 0.01651852743789118 0.26100721941549343
0.021685273405452152 0.01858115131001105 0.26135430063152393
0.02162474477911357 0.018791432589967773 0.261459694127022
0.021609961013702998 0.018846102447575903 0.2614628619416307
0.020270943328285506 0.02091301911965244 0.26316189880860313
0.02211391319317399 0.01654110143885186 0.26093887213410805
0.021743270878281363 0.01838693062888403 0.2611919013597646
0.021714937417762554 0.01847314131567944 0.2612070032204871
0.02168491771162811 0.018557071245216793 0.2612395266546763
0.02166833110403012 0.018622130315139256 0.2612637460945795
0.022048638536981496 0.016563697064656845 0.26087692073417706
0.021817817865236355 0.018004104888235152 0.26093654310723957
0.021797981090525772 0.01808310285533083 0.2609596353562386
0.021795742420896914 0.018149621486030262 0.2609976294561511
0.021786553559521755 0.0182125072336856 0.2610176930542446
0.021765732932944943 0.01829076246478273 0.2610569308933147
0.02174302490057286 0.0183646841188912 0.261090031085454
0.021823234488941787 0.01795143679389956 0.2608388421915496
0.019385942713098864 0.021760045829401643 0.2647315881114242
0.019368923088104045 0.021583787616293225 0.2646708506775231
0.019362158168693803 0.021460167031631935 0.2646570594914471
0.01940778390403058 0.02192520611498392 0.26485162662209905
0.01934734232632719 0.02134842076989659 0.26468359582320433
0.019580192732524957 0.022604105917848803 0.2659028091986419
0.019300999091054122 0.021223434694014692 0.2646951586377433
0.019454395107351898 0.02228722210187018 0.2651572286411758
0.029411052788802662 -0.002458040319736 0.2640070691938148
0.029444608143259884 -0.002339086646263492 0.26399794599510856
0.029479791707720485 -0.0021054386754485585 0.26381785953108117
0.02947152522705407 -0.002187727507191614 0.26391028706846986
0.029467702827890466 -0.0022586806244116898 0.2640039950026132
0.029525080417383186 -0.0018014937610996088 0.2635682892353358
0.02952224829553018 -0.0018838488062855891 0.2636870960517152
0.029509616260722384 -0.002000874719878632 0.26379949249447165
0.02950986863615904 -0.0020591515180498274 0.2639094219127433
0.029549792808848847 -0.0015839100738309906 0.2634330608032563
0.029548918635879676 -0.0016698489151035678 0.26353915812547674
0.029544666265529346 -0.0017522021441437328 0.26365202687054407
0.02954297628560578 -0.0018203065074081965 0.263731924783359
0.02953460944856906 -0.0019258132389401656 0.26385668345215374
0.029562723981643904 -0.001537817836619371 0.2635132391316185
0.02956308669562428 -0.001624016692565493 0.26362662163764206
0.029562508541522176 -0.0016984542237983037 0.2637199213647681
0.02957094346561033 -0.0014107980635270384 0.26349564056841307
0.029575754053905303 -0.0014853265637307116 0.2635986338439103
0.029580243498749176 -0.0013133053283333467 0.2634972484142008
0.029585070674246983 -0.0013542256553772255 0.263582000022512
0.02956583717501972 -0.0010303012962491606 0.26331812273385125
0.029571032706732305 -0.0010799085161026464 0.2633801086111834
0.029584821829068304 -0.0011621202691578644 0.263504505973956
0.029588496192123608 -0.0012504319939479391 0.263549821328095
0.027718087000510993 0.003189573622757292 0.2603235787231973
0.029565650516679646 -0.0009726335932061612 0.2633757116067731
0.02958411537656471 -0.0010466312732701523 0.26352252432997714
0.027745003562956165 0.0032925453939540777 0.26027117012464
0.027744359015259356 0.0032392675567172145 0.2603638316183559
0.02773325169520471 0.0031702464019995194 0.2604480207895277
0.027688601171130634 0.0016339902486965565 0.2623665888018586
0.027758277421859413 0.001574412445238609 0.2623770797179057
0.027871327089182902 0.0014789651160212415 0.2623955650354123
0.027927799849377953 0.0014313606891886263 0.2623956444198759
0.027983257802117092 0.0013848753283081136 0.2623979719941052
0.02955277091270282 -0.0008191177118557412 0.2634310590635765
0.027767805431987206 0.0034134441920116473 0.2602751722237033
0.027772425568056838 0.0033561749347192126 0.26036591283981253
0.02776287787811884 0.003279572651590258 0.2604630278357518
0.028320329454475598 0.0010520131928179995 0.26254041842520587
0.027759625968186517 0.003564735837701472 0.2602762451712224
0.028845953633657516 0.0006105429467829421 0.26272555477961806
0.02890733201269977 0.0005471061288449702 0.2627483320471461
0.029515663859347487 -0.0005631408243920379 0.26341952955033154
0.01946834025801507 0.022329391976552017 0.26525155647557414
0.027749347592156196 0.0036849084000896218 0.2603052913867292
0.028910777778990076 0.0005725688365803366 0.2628254563818885
0.02895072395990428 0.0005357226357616242 0.262857070043739
0.02900994586092896 0.00047230280247253164 0.26285979566011114
0.029067147487982947 0.0004169512696208039 0.26290412721741907
0.029113019198399533 0.0003576649092516761 0.26294346606790614
0.029425883334159682 -0.00024309445096121261 0.2633014338495173
0.029454688495250965 -0.00032546719515628894 0.2633541591698888
0.02948134949437673 -0.0003980420434174589 0.26343884495810305
0.027671366807319634 0.004006376603984962 0.26010749642728753
0.027698283813009296 0.003908513513945828 0.2601789976112825
0.027721484416285896 0.00385012897341951 0.26024713571908675
0.027739751902985083 0.003786224302095123 0.2603147906946066
0.029296783697817998 6.647863336111415e-05 0.2632047026593063
0.029334426522073232 -6.79738582290109e-06 0.26324259822230056
0.029366598216090986 -7.57116673733059e-05 0.2633049147594508
0.029399803215208024 -0.00014955299804570387 0.2633463513859806
0.027568943923479146 0.00440383876531019 0.25990850705148955
0.0275946807389704 0.0043151849840852 0.2599681603967677
0.027616150013651856 0.004230958950247317 0.2600312449588142
0.027635958503742217 0.004176452405334543 0.2600902597822234
0.027660947198677822 0.004100101391438352 0.26014139533837
0.027683317677742524 0.00402851987865567 0.2602015458046538
0.027431526775411365 0.004790977464537993 0.25977188247106126
0.02747208871816488 0.0047115292958269505 0.25980691198845063
0.02750246484207884 0.0046367720786843905 0.25984404727599586
0.027528059936145332 0.004568109654298504 0.25990146194604785
0.027561005077119605 0.004477288829449152 0.2599417600422793
0.027337941846258654 0.00499301961739411 0.25970006167529347
0.027362356392924912 0.004961543547975378 0.2597718530178427
0.027397315335213737 0.0048838317485840835 0.2597964014900849
0.02743416058019485 0.004815808240925182 0.2598355832451254
0.026976314001386947 0.005706825170508723 0.2593991260805956
0.027022658913990093 0.005616757966851585 0.25942777473154444
0.027049038017563823 0.005582308126855493 0.25947228372073644
0.02709336486463241 0.005502741744336601 0.2595079400722297
0.02711905957928527 0.005454861640559329 0.2595296451269678
0.027165708771162145 0.005373412639648668 0.25957496343284847
0.027195273348340543 0.005315041312716417 0.25961062230787874
0.02722621262881696 0.005260430055706033 0.2596766156297482
0.02730843447040269 0.0050921036155405185 0.25975914755331375
0.026808253918657 0.006051274710335923 0.2593055897250665
0.026835782352087757 0.005999521407130161 0.25934228512341767
0.026623846174037295 0.006439344049781905 0.2591793712699729
0.026670490415658374 0.006359379758331009 0.25921479214117005
0.026705948748848705 0.006289796959407978 0.2592758871270642
0.026592992595554737 0.006511768554237088 0.2592476284802093
0.026617492017807422 0.006476907917542167 0.2592731545495995
0.025641697027106888 0.00784206654257359 0.25876182766518374
0.026499753221142782 0.006669527004372456 0.2592812601062499
0.025616171707970786 0.008019982349108444 0.25873806761324686
0.025632533534598132 0.007950030613892402 0.25877643315077326
0.025602306530644523 0.008132936361575114 0.2587770356427761
0.025557775899154166 0.008294552218599725 0.2587486335386766
0.0255830686399162 0.008230727192684898 0.2588139931793713
0.025503616827125538 0.00848207156661815 0.25873668875170774
0.0255317549694751 0.008408645948954456 0.2587987839126769
0.02546206688441217 0.008639112634853499 0.25873651483213983
0.025480892834037556 0.00858339368987241 0.25876567446504034
0.02518698972092022 0.009462341842445475 0.25868050473222254
0.025134302817104714 0.009632018579765759 0.2586841214543137
0.025163966559744174 0.009543919882421332 0.25872781493665187
0.025079299225486584 0.009794223634033686 0.2587115408886449
0.025015893026406222 0.009966796194179098 0.25871446196773096
0.025047094905557937 0.009902058284763622 0.25876567965922453
0.024993842567976526 0.010057796720162842 0.25876564996880286
0.02492467127046052 0.010216568846074576 0.2587862175703506
0.024943805524237774 0.010171557796292844 0.25881705545500466
0.024891542326260903 0.010313570455002422 0.25882231425747876
0.02479373409125689 0.010559165800835482 0.2588432890368705
0.024822968675083778 0.010480688519847682 0.25886740178199075
0.02473568738443521 0.010709135467002784 0.25886347377508623
0.024765519644143343 0.010643264552245346 0.25889167588617257
0.024522013241346095 0.011237988157470956 0.25906472286616417
0.02448741121937846 0.011331727945789993 0.25915229394564615
0.024521251852759877 0.011275185304862032 0.25917126759814746
0.024417526290916473 0.011480748061274089 0.25917947546611486
0.024440242280405543 0.01143950428522404 0.2592028132029087
0.024321569608188452 0.011644847121072997 0.2592575237140961
0.024358962287843018 0.011594359863826101 0.25926019961841684
0.023617147926598085 0.012806811224503226 0.25951587457425523
0.02355894120212532 0.013087561722954597 0.25945461264524977
0.023578903870452972 0.012997488495231146 0.259475561831886
0.02360315881607737 0.01292284871939868 0.2595511902926428
0.02353835330505682 0.013185375326641052 0.2594746003596804
0.023565395591163076 0.01310331763445697 0.25951382035095505
0.0235144098002502 0.01330432028615308 0.2595227436259203
0.023539160495149605 0.013237825813876765 0.2595585957549882
0.023470876695663893 0.013472110721159775 0.25953822351045885
0.023502978374444206 0.013393354160440279 0.25958808540836803
0.023450204945507844 0.013560926773577824 0.259591710780705
0.023475343546017307 0.013494866814002856 0.2596115324129635
0.023420456877976368 0.013667937884860521 0.2596394795899865
0.023388783779475505 0.013777079467663949 0.25967750452699523
0.02333770003561033 0.01394933853618877 0.2597054626550385
0.02337159437308656 0.0138582458445227 0.2597183497149078
0.02331201452861393 0.014055961878428976 0.2597562833222898
0.023340857018005857 0.013979235943572414 0.2597693471014544
0.023289710617386324 0.01414896675744588 0.2597812729525992
0.02324345827124715 0.014325715342848152 0.25979628789964915
0.02327216850381956 0.014246227815066233 0.25982140012322175
0.023208280833748995 0.014463294023021676 0.2598284252479027
0.023222406060656047 0.014416168931665897 0.25983038387740637
0.023247306844260192 0.014363195311071171 0.25988642473211937
0.02317545155159748 0.01459623306499196 0.25985493263844656
0.023205958776732483 0.014508324237047092 0.2599010527824611
0.02314938825469864 0.014716925044973966 0.2599134030969943
0.02317536965790412 0.014641894670988424 0.2599564908558947
0.023094628580665164 0.01485582947556249 0.2599329729555177
0.02312036545228023 0.0148026800825607 0.25996910635783493
0.023153811862089018 0.014718645688070651 0.2600002098691091
0.023092990105150927 0.014893198768632238 0.26002971748421816
0.023122232391136435 0.014825697687655532 0.260060460596899
0.023052974960341314 0.01499928778233468 0.26008693482038026
0.022887374179207543 0.015405946479742324 0.26015393543239707
0.022916316502658164 0.015334489953844958 0.26014221713815416
0.022852988677513134 0.015498992867878826 0.2602207365066996
0.022888795895183302 0.015426741521739524 0.2602419404342552
0.022918418982660768 0.015365933746784709 0.26026943461715546
0.02280338143997185 0.015600102445860653 0.26029168662032787
0.022847174613137376 0.015525891488630778 0.26034839482000943
0.022730676209233455 0.01575642301121557 0.260350488759493
0.022771599312930418 0.01568474677238923 0.26037639195951756
0.02280425194335676 0.015622100374966077 0.2604095670874924
0.02269449673807079 0.015836553392265987 0.2604312887099826
0.022720784426048597 0.015797714804358855 0.260465476563822
0.022596642906216408 0.016010608199999367 0.26051299915788423
0.02264027920126925 0.015949320635715067 0.26051188815916215
0.022679062661283132 0.015877946553774294 0.26056004999629967
0.02255471084242073 0.01608834551779329 0.2605962099020706
0.02258223256084124 0.016048830536966444 0.2606079197742063
0.022630724923082123 0.01597196327661795 0.2606196473183148
0.022534711752226 0.016118848313108697 0.26070696346846606
0.022573979098727014 0.01606056106990835 0.2607175543739457
0.01954621999611708 0.022538730658559915 0.2657004150474075
0.02184852029763669 0.01788172394112398 0.260893575697161
0.021802243897952024 0.018045738235079642 0.26089386137258
0.021784699570654764 0.018139291784457466 0.2609470113761407
0.021802786739247133 0.018075962425296875 0.2609803582155806
0.021765599069464545 0.018257239789703818 0.2609936201072186
0.021795097151734066 0.01817838791748362 0.261019364339384
0.021742333641982352 0.018348556806384593 0.2610593753689744
0.02176601226521373 0.018299445424985593 0.2611123507983634
0.021737562795871853 0.018396501014231292 0.2611488259048103
0.02175970326893708 0.018313732656384682 0.2611485026528792
0.02170694493725175 0.018499548929750427 0.261229470678607
0.021685072894893593 0.018589457688596156 0.2612902449778287
0.021617346722038754 0.018808771338555033 0.2614168355088812
0.021640073756332583 0.018714707599117086 0.26144033432236496
0.021621863503597342 0.01883514019498525 0.2615117303337923
0.02159810197229201 0.018923491090764882 0.2615757732556882
0.021613484551581196 0.018876700132287906 0.26160044218065903
0.021565884873925144 0.01902289123003119 0.2616352222572496
0.021540314040675048 0.019140782954816978 0.2617331396643536
0.019565420038275307 0.022570689022299674 0.2658018632581764
0.021478540225616835 0.01931131547291487 0.26175666598672515
0.021440433096029096 0.01941927060853469 0.2618491821467616
0.021469855983765194 0.019353810539523134 0.26186693941125444
0.019536351442250965 0.024043817662484722 0.26715172460627545
0.01947082051056956 0.02411510006557948 0.267129812671126
0.021407887179473076 0.019521368566461438 0.2619143297668463
0.021435160555915194 0.0194525066199127 0.26195032240713506
0.02136980349689375 0.01962270613514657 0.26197642437928714
0.02141161090842461 0.01954789130404424 0.2620326535308746
0.021366988868808084 0.01965614522028729 0.2621140218176853
0.021289107743659236 0.01981879288822963 0.2621771665701074
0.02132759082155597 0.01974937844305976 0.26217431581277734
0.021287314482538917 0.019844608109361686 0.2622820386115314
0.02119939736261612 0.020009298157760494 0.262297064089323
0.02124539495041034 0.019942932016896557 0.26234911404767025
0.019741806916472104 0.023005512595858285 0.2664314514203726
0.019710029444580116 0.022945074217910297 0.26633605503180796
0.021152943292078882 0.020121899924005995 0.26240313683449784
0.021214687755290545 0.020032720263454533 0.2624303576520211
0.021105436450144635 0.020189008958933573 0.2625317468259469
0.02114286422047126 0.020145129256092804 0.26254826641089885
0.02109200458802059 0.02022788893492275 0.26267177801621167
0.019622634989831068 0.022711232932774023 0.26609667238175827
0.021035108010986677 0.020327966287748626 0.26275258439388804
0.02107898909726266 0.020260176952671627 0.26274290108778603
0.019612497029566738 0.02272093584493167 0.26591887903779593
0.025517538482823676 0.008447287094866767 0.2587710258967199
0.025552255694437063 0.00834160674282328 0.2588106463372748
0.025541819403188042 0.008356476521152855 0.2587617759125028
0.025492954926607875 0.008520217720178407 0.2587360554698505
0.025502399695038865 0.008522185271535683 0.25880978541214633
0.025571683139600992 0.008262589671024794 0.2587814483709278
0.025471130079937336 0.008624037810037514 0.2587734028755095
0.025589482138453724 0.008182983512376264 0.25876317340047456
0.025431910383847903 0.008744448856468865 0.25872745108625206
0.025620019858392195 0.008062351796645387 0.2588184862364242
0.025606164684054845 0.008079164509263353 0.2587321782336754
0.019483853832216694 0.02410488205959195 0.2671605697431661
0.019574295744859242 0.02398741204166467 0.26716523919984975
0.01954882577942809 0.024014065653458948 0.2670879717187258
0.019620717777889183 0.023901172859155058 0.26709547500810765
0.019685304702205857 0.0237599453500196 0.2670143645015706
0.01970954565276729 0.02368461959329376 0.26693826317970587
0.019743087529946232 0.02357128241976421 0.2668688116666076
0.019766739338800937 0.02346529460734398 0.26682932798192277
0.01977882516539432 0.023372157685450166 0.2667877081167659
0.025624509099507968 0.007994118412798826 0.2587672297856785
0.01979599746028695 0.023274179588701732 0.2668365913679433
0.019786726559182212 0.023283299180375847 0.2667505230088303
0.019796980831113406 0.023183131591418736 0.2668079208992939
0.019790031632426756 0.023203199321574476 0.26671856113293346
0.01977619709987529 0.02320729286792307 0.2666301353522619
0.019793099461908388 0.023115972707980083 0.2667787348298709
0.01978745452038882 0.02312091834003143 0.26670443575612945
0.019775582195103333 0.02312051621944347 0.26660703204577224
0.019764973105230347 0.023037015517509814 0.26659164531484386
0.019752566806269106 0.023036975047098708 0.26648649092830556
0.025631841369945646 0.00792210992035643 0.2587456945906156
0.019734848744516437 0.02296122233544351 0.26646264536971254
0.0197272832884348 0.022985004704246782 0.26638016855958774
0.019705795874388046 0.022898601561045825 0.2663977698885881
0.01969265591034553 0.02289783033867903 0.2663082944413358
0.01966804981342799 0.022824448023849003 0.266262683166801
0.019670825698046554 0.022845706704181908 0.26618733121941357
0.01964084305952563 0.022757125310859938 0.26617273010149534
0.019636213086981415 0.022757068580242526 0.26606974144417866
0.019620187662734975 0.02272788350856004 0.2659944815161386
0.019602739627203672 0.022671131324811217 0.2659459701041219
0.01959861951225627 0.02268150636359413 0.26587936813025437
0.01957779426532126 0.022612734674532585 0.26583588022649113
0.019566285033146936 0.022615118751863138 0.2657573225810959
0.01955385294186909 0.022538146823230104 0.26576145140768115
0.019540535804568732 0.0225517738872624 0.26564088466649616
0.019533170992002965 0.02254513073191998 0.2655846128429699
0.025380546754323156 0.008903455618429758 0.2587744010608288
0.01953012677714526 0.022480773927737258 0.2656347490984274
0.01951827324358332 0.02247024832483522 0.26554181485702183
0.01950322648848828 0.02244747015632359 0.2654458733623474
0.0194952259298078 0.02236836821063081 0.26542840956412306
0.01948337992073753 0.022359675587101287 0.2653371709140603
0.019458320511034872 0.022317178696272554 0.2651918566451281
0.01946131011304146 0.02224423722608962 0.265198881223934
0.019448451130201983 0.022162669738716723 0.26515515440191373
0.01943607073849668 0.02215068999184465 0.2650596207017546
0.019429600412638186 0.022073198225573035 0.26503263359477014
0.019419128753079468 0.02197788650085366 0.2649338194663416
0.01939691527700053 0.021826396547048627 0.26478924566001194
0.02549384801655966 0.007381884924580137 0.25871703998784734
0.0193902955889583 0.021666015588973825 0.2647399497593989
0.01939182493452544 0.021569824698367164 0.264741053510468
0.01937996219276312 0.021489395155615355 0.2647039365209537
0.025650638224895685 0.007806739339535747 0.25881924984824606
0.019361758668739917 0.02141534592617539 0.2646769504091091
0.019340220836498175 0.021299867513577653 0.2647034139256223
0.02564045571211056 0.007713289017087252 0.25878381426489167
0.025627756764173597 0.007733873571198463 0.2587132128133957
0.02536441457196237 0.008970886698610658 0.2588248767888367
0.028682501818103258 -0.003578853583470079 0.2641610470786904
0.028700141316006268 -0.0035911331826394793 0.2642499761265766
0.02875521207071142 -0.0035067837443083587 0.26411786389273956
0.02877217982130741 -0.003520295967551841 0.2642081088408681
0.028824292251126274 -0.003434132616177202 0.2640776299573725
0.028841333071269497 -0.0034479804164128723 0.2641680513960774
0.02885601076348288 -0.0034595280307024925 0.26426005740759584
0.02890760117123713 -0.003372883098076135 0.26412962924354405
0.028923188004589474 -0.0033858816089015237 0.2642209297328217
0.0289680379799073 -0.003297998983273685 0.2640968994267399
0.028984834413106415 -0.0033115435441513482 0.26418736799201215
0.02899768999130793 -0.0033238861558318503 0.2642812662190774
0.029040320229579364 -0.003237259775236828 0.2641597030603083
0.029053745139311974 -0.0032496273585519786 0.26425324500374353
0.029104554364194693 -0.003174136845337491 0.26422905941957797
0.029152903664441517 -0.003098419741843275 0.2642078597402387
0.029199035327953225 -0.0030221531872628173 0.2641878891625286
0.02924344742898944 -0.002945292657647716 0.2641690759950962
0.02928274483984559 -0.0028679297190273008 0.26415485018306245
0.029291284607550434 -0.0028785095357821 0.2642493048576159
0.02931618787648385 -0.0027903405048416456 0.2641451515778815
0.02937549082474936 -0.0026344696108672313 0.264136459590845
0.02940182620496909 -0.0025568573432335354 0.2641350979148811
0.029422370217806918 -0.0024575468050666315 0.2640668545544309
0.02942685766514241 -0.0023835448727933914 0.2639719245574003
0.029441147145364784 -0.002382902288798687 0.2640489831224063
0.02944657935235509 -0.002300214825950195 0.26395294106070977
0.02946433561585676 -0.0022957595673527027 0.264047768447457
0.0294730571332566 -0.002215275057183539 0.26396436440524634
0.029481339454589167 -0.002132061530480072 0.2638710980065439
0.02949310584724871 -0.002137168212614181 0.2639434075328967
0.029493382801730576 -0.002051276948902852 0.2637909897350046
0.029503278623956602 -0.002050491008818776 0.2638474797774959
0.029520211204798696 -0.001950789474153739 0.26378600218977893
0.02952412939061941 -0.001979809791487383 0.2638728864271395
0.029539392338553405 -0.0018753011962033255 0.26379330384027455
0.029554340496994284 -0.0018006099287190965 0.26378121093240187
0.029555606545073696 -0.0017534681771579964 0.26373235040659593
0.029551369413345015 -0.0007737609825422902 0.2634658472196866
0.02954337034632395 -0.0006988490442755866 0.2634681131261103
0.029522535602336048 -0.0005975903853077135 0.263421543849468
0.029493372278016933 -0.0004801647774381177 0.26338954487868615
0.029503554827095543 -0.00048321319257373866 0.263455312060163
0.029461974282285423 -0.0003845427999406355 0.26332363922351515
0.029477732537079162 -0.000414074729117878 0.263385017659182
0.02945096412393791 -0.00030006227421337187 0.2633645469487758
0.029467864288419094 -0.00033558505700960055 0.2634395786263722
0.029411333739313046 -0.0002089342033715681 0.2632785324876711
0.02562975170767735 0.007640505751590152 0.2587834796716008
0.025610859279521683 0.0076372931140796865 0.2587136599321383
0.029271950136641738 9.868103543126462e-05 0.26309793413894483
0.02919813646375146 0.00021907071469769808 0.26299105839370496
0.0292167768782986 0.00019322588945392235 0.26306073760763304
0.026994335880130328 0.002108408107216284 0.26083917562762254
0.02701161312524932 0.0020963785931895473 0.26093050532757495
0.027020675630704184 0.0020876393312036627 0.26102818369618747
0.027016378580934603 0.002083125528788678 0.26113881597832533
0.027000875635746643 0.0020839365532511834 0.26126924024688686
0.027073163181464657 0.0021785127256168046 0.26079075673520175
0.027093194124091027 0.0021653574580319953 0.2608798019595108
0.027104834957392132 0.002154588357328475 0.26097609971945407
0.027103277401640195 0.0021490087111476048 0.2610835491334524
0.027089501274802735 0.0021485347733110117 0.2612133020822137
0.02705742642837016 0.002132886529157647 0.26130145808530625
0.0271692920491693 0.0022357794599069695 0.2608339789047162
0.027184429602209487 0.0022248114421086476 0.2609265435716985
0.027186548077028676 0.002217196860798597 0.26103071131870265
0.027172855108807452 0.002214461779296612 0.2611480910054056
0.027163754986918306 0.0022227519996685036 0.261259309119163
0.027240652735265464 0.002307490512425164 0.26079291091198936
0.027258160004511395 0.0022965581949698135 0.26088251126276213
0.027264555339587326 0.0022872153932973196 0.26098287167201883
0.027253256954885334 0.0022818617007962605 0.26109953564494864
0.02723434523270232 0.0022825470605910055 0.2612162425104107
0.027306002478646733 0.002380284325083857 0.2607571449941541
0.027324935908049467 0.002368239093689714 0.2608458077470535
0.027333486486696153 0.002358733029343539 0.26094349283007773
0.027327683228947117 0.0023518418173329495 0.26105752503297025
0.027309751875085293 0.002352827846553415 0.26119331485878583
0.027385180501266475 0.0024413730544674086 0.26081465327596054
0.02739395955553964 0.0024316209688874184 0.2609119233018313
0.027391853828704547 0.002423853250155603 0.2610213024948262
0.027384329581646404 0.0024294160521011097 0.2611563263706434
0.02742293164134699 0.0025246886723557355 0.2606999199305961
0.027439665725523435 0.0025143182478373303 0.26078975063148424
0.027448073422504285 0.0025048206758005007 0.2608869393147602
0.027447271066460766 0.002496778318002713 0.2609919602055669
0.02747504915565599 0.0025983136470414873 0.26067724588365315
0.027491055964700372 0.002587600223698227 0.26076820491192665
0.02749880209336674 0.0025779973560248943 0.26086586787380645
0.027523385815417575 0.0026730919218250935 0.26065819574865384
0.027538353122767152 0.002661977251009701 0.2607500891412529
0.027568631670710938 0.0027482343877274183 0.2606409919323076
0.027582429099578844 0.002737387433847959 0.2607333460981485
0.027610220199047616 0.0028243071845180873 0.26062625984490495
0.027622286906272282 0.0028138551618389733 0.26071985482980614
0.027648011261185435 0.0029019324069023225 0.260614235196374
0.02765850080131921 0.0028901424750188464 0.26070711439993394
0.027685772714965893 0.0029872051615517327 0.2606126490617986
0.027687670728200046 0.002962129868483137 0.2606939294445689
0.027706945119323572 0.0030865377319387486 0.26050299996214865
0.027707321526331437 0.0030594559021030446 0.26057932560731795
0.027718587129931565 0.003163916369071815 0.260380111893141
0.027731055639017444 0.0031493342224975986 0.26050458142147015
0.027730995246646042 0.003136937116914574 0.2605766284944567
0.027732189572379287 0.003245030114282699 0.26029589993141755
0.027748516005404237 0.0032300252845923094 0.2604241762381566
0.027750671939037116 0.003225402785104733 0.26049855903353747
0.025320703407059338 0.009072781122416043 0.2587555732545819
0.02776209192624692 0.003324159377037675 0.2603180496043047
0.027766754588658123 0.003315510905705029 0.2604106226680049
0.02441295914386836 0.011494696470330289 0.2592108747886017
0.027764239723610622 0.003484316230005126 0.26024928228638367
0.024472159305019926 0.01137567244220634 0.2591966283943639
0.024446110877153066 0.011407937758931263 0.25914939156506406
0.027749327158394756 0.003649543715579551 0.2602763262063921
0.024506408459110833 0.011297741936411225 0.2591472367775595
0.024485965765310952 0.01131448983579581 0.25909464330708626
0.02773043372731276 0.003766241609017104 0.26025113654722043
0.027748821022145192 0.003741544305661853 0.26033800918500544
0.02524510801430008 0.009308490478108618 0.25872807749613524
0.024557793874353608 0.011180036402558022 0.2591125636626048
0.02771022253020634 0.003852610058616374 0.2602017468709169
0.027729667796707953 0.003831300908596657 0.2602814331805074
0.027704796798229257 0.003937176799692828 0.2602332908122725
0.024591310086522482 0.01109202776133621 0.25909834256587694
0.02457631174672164 0.01110821135479092 0.25902467496983833
0.02766060494525489 0.004061319812763446 0.2600941514719102
0.02767421246804727 0.004062415620086086 0.2601772597743219
0.02768825545702537 0.004017434092647688 0.26023537970162625
0.02463217136757216 0.010994837900393328 0.25906064312236815
0.024614384190432794 0.011021281025845034 0.2589820536883087
0.027632335696658145 0.0041581945942722465 0.26006028773184225
0.027646124312558727 0.004143709067844304 0.26011085452623983
0.027623387739274936 0.004243984384798392 0.26008091717924536
0.027635673264261557 0.004200685149739417 0.26012162572772235
0.024680877762315562 0.01087986609982697 0.2590984664152657
0.024658954215716188 0.010903875234445162 0.2590259671155493
0.02757601326966767 0.004364473102221499 0.2599239670001974
0.027604531288455598 0.004319608344134757 0.2600181727138577
0.027571037149850805 0.004427514205058645 0.25993078179180396
0.024703849133140773 0.010797380638644544 0.25905503956048764
0.02753605690127606 0.004532325893156168 0.25988698388377396
0.027478799662531493 0.004673919365318039 0.2597876294120453
0.02750738377783168 0.004633246293152577 0.2598830312445913
0.024749073274149012 0.01069816627873453 0.2589585671916055
0.02474214471348721 0.010710259794116802 0.2589082753977138
0.027470431412207386 0.004732264993363538 0.2598431865688703
0.024774064290150537 0.010625941530234481 0.258935655792187
0.024756661516752997 0.010654465100197016 0.25885815004830515
0.02741040788110323 0.0048393700055268385 0.25976145512337184
0.027362010306575923 0.0049380957474747566 0.25972343482936033
0.027381833062951846 0.00492238289997761 0.25980310701555603
0.024812625955523828 0.010518422966181638 0.25889664441887544
0.027322723658028996 0.005041335905586532 0.2597164213067784
0.027277334651359883 0.005129009265738109 0.2596756418868055
0.027290330697276283 0.005126354481105369 0.25974163861255073
0.024839230330250185 0.010436068186249755 0.25885289568669045
0.02722984038792713 0.005231791894556122 0.2596100331133508
0.027245910757122238 0.0052161523253047865 0.2597044113296274
0.027151184483985607 0.005371884018570782 0.2595252163746479
0.027181979704125125 0.005333356892750799 0.2595756314754869
0.024890127014693744 0.010332161610132371 0.25887249076138347
0.02487477012771759 0.01035223225140284 0.2588285573460666
0.027105160288878945 0.00545461414585898 0.2594829993578931
0.0271212917188034 0.005462836715063613 0.2595739078306791
0.024916438885172858 0.010254842342193862 0.25883382091295676
0.027071663070438283 0.005555157188815833 0.25952818850448517
0.026995484426334555 0.005675249017148062 0.2594200937448974
0.027021475379006392 0.005639986315305878 0.25947651602895255
0.024946412313128854 0.010157030944062007 0.2587729355114876
0.026945010454282093 0.005780936160395852 0.25939557506431754
0.026892203271477805 0.005878459751073691 0.2593555874911782
0.024999070773644404 0.010049370504047184 0.2588026623308926
0.024979958262295755 0.010067277902811138 0.2587296445715497
0.02502805307065748 0.009953591522175948 0.2587779491362071
0.02560640864393839 0.007552070878089068 0.25878239099160694
0.025053074781275022 0.00987364356336914 0.2587337160628298
0.026716381949375922 0.00625569495389124 0.2592556078705072
0.026648323228346812 0.006393412013793682 0.25917942588048537
0.026666311951095763 0.006379920028597773 0.2592633384194133
0.02509672327467708 0.009765273284950898 0.2587553186455289
0.026621080990924105 0.006460930657337916 0.259228577407157
0.026571595992765012 0.006551770060286679 0.25926939579062713
0.02511868882118149 0.009687353752342535 0.25870414075767817
0.025145079321738314 0.009590187876529016 0.25866864722365085
0.0252804384096121 0.009183611938287779 0.2586823575436055
0.025288202526731154 0.00918292372076905 0.25874691016587614
0.02559293361762711 0.007508825625756239 0.2587908520799872
0.025565310079456238 0.007496832853767091 0.25870856406652865
0.025178245380096928 0.009500878183500814 0.25872345634245575
0.02553509799593249 0.0073933227844691215 0.25887624205901155
0.025206447061271835 0.009402099313834953 0.2586683995782352
0.025537515512893617 0.0074002194321521764 0.25883146635061416
0.01946555943307072 0.024130718629990784 0.26722321853876435
0.019511558678330692 0.02407669461327215 0.26716275207489315
0.019607170848513725 0.023932808239688998 0.2671430366060936
0.019640126534343803 0.023864565662192166 0.2670815166305729
0.01965640345244574 0.023814213814885528 0.267005139926599
0.019796358397077787 0.02315275276366683 0.2667595774985004
0.021198600052093747 0.020063350063496597 0.2623975739036808
0.021264479811448883 0.019903994686763495 0.26236514156467217
0.021523837221154894 0.01922116580308609 0.26180086445983225
0.019332402519199047 0.021258202167046596 0.26475850553127195
0.019303754429426105 0.021205271603773126 0.26473187534869813
0.021624659962096008 0.018846593723546037 0.2615756487873356
0.021629707850661355 0.01880032915251391 0.26150647924426756
0.019277168483915294 0.021144325634041353 0.26473235615504664
0.021653452742828882 0.01870686510830459 0.2615322442949368
0.021663921011861847 0.018638664392725837 0.261459239815362
0.021670692835018126 0.018608470623802192 0.26137181957726274
0.019259648480423875 0.021083693683834406 0.26478174514462693
0.019227594712151467 0.021039179598365335 0.26471669267092773
0.02179220691002732 0.01822030081917974 0.26106298986487425
0.021785609986029842 0.01817681853449416 0.26098154404292917
0.021806867621490464 0.018084428462274607 0.26101176679908894
0.02180490408016759 0.018049659873310746 0.26094667911187436
0.021814305138171473 0.01800563946249957 0.2608641400414869
0.021831345315203633 0.017954759125912524 0.26090303566868966
0.021863944125764874 0.017787431897619152 0.2608671116638789
0.02186676111461602 0.017735767069500058 0.26079140584435856
0.02189982337819873 0.017695051942465574 0.2608979384189887
0.021904205952625804 0.017669503802256598 0.26081888206900194
0.021886141434837997 0.017622912077329876 0.2607560387999474
0.021915736450130414 0.017558523470165774 0.2608592713400563
0.021906761496515877 0.017483253218893983 0.26088489894784733
0.02188702915334607 0.01746139721793747 0.26084680944856975
0.021829514967258472 0.01740256913610244 0.26068954090884777
0.02177738709472975 0.017303478978648028 0.2606594530873697
0.022502725120006787 0.016175473265345915 0.26088314159946824
0.022541381765774374 0.016120089956053338 0.26081417367946336
0.02255995960518245 0.016080191118879893 0.26074080485519086
0.022604156855929942 0.0160155079205783 0.26064392791942254
0.022646154364684448 0.01594699179612183 0.26057356057083053
0.022665634155043454 0.015896988088254217 0.26048316779364644
0.022720796988356048 0.015797048363825533 0.26051274843600003
0.02281190958002348 0.015596228361047581 0.26037171241675694
0.02283042673928673 0.015552783897129621 0.2602852584922209
0.022882595719743687 0.015447233964080789 0.26031532246087874
0.02290116199650448 0.015400238554817168 0.26025425740151276
0.022941187856779097 0.015313585094692566 0.26027975973194983
0.02294780107096141 0.015287316070880628 0.2602261336134426
0.022961913287128523 0.015227850900817087 0.2601409867661484
0.02299565038537229 0.015174767158960285 0.2602522230909373
0.023008423213136245 0.015134807139536294 0.2601714886508357
0.023059789477906673 0.014993538740218934 0.26012137643278593
0.023075104970887265 0.014941984812548477 0.2600395878839756
0.02311082987047122 0.014861543041147441 0.26007343949344375
0.023120495560959808 0.01481325656088007 0.26001580809097286
0.023126191997953818 0.01477934185570909 0.25991737546539206
0.02315233812885965 0.014729444346528496 0.26003368908633223
0.023162444999720457 0.01468853171488397 0.2599722504386152
0.02316590170217088 0.01465968039810494 0.2598909508129808
0.023197118181711246 0.014546074248856013 0.25991506154001104
0.023194673499513593 0.014520514518936743 0.25984810711270845
0.023216912532915288 0.014481141502876937 0.25993266191387154
0.02322769889127489 0.01441721764964573 0.2598628217616566
0.023227251982541917 0.014377074078358433 0.2597942424429308
0.023256770471128597 0.01430437836094577 0.25983108229772733
0.023285987748271408 0.014222350041159995 0.2598672728416508
0.02328178826828173 0.014175097152885285 0.2597774134942376
0.023319025833655718 0.01406906935670995 0.2598097981073002
0.023324362559562467 0.014018410567084725 0.2597543403225419
0.023356694458124546 0.013897374705079728 0.2597087043011981
0.02338301245336902 0.013824555997575507 0.25973145097268463
0.02339716538847927 0.013743312244619662 0.2596641279288333
0.023429956162267306 0.013671211927263028 0.2596984395929062
0.023426000196692373 0.013638708645702087 0.25961404532577786
0.023461544440599152 0.013549868964935688 0.25965236207598474
0.023466385405393246 0.013506639243375803 0.25957559691765286
0.02349346510043078 0.013436724359519696 0.25962573144998413
0.023503062964543124 0.013367828502832352 0.25954329659002934
0.023527359517555153 0.01330084623956872 0.2595928168285164
0.023526792754626102 0.013240606084210146 0.25949907302998987
0.02355499908156523 0.013167089155241582 0.2595455581553056
0.02355296732223736 0.01313497566825814 0.25947956433356606
0.023576740967589237 0.013039763165990006 0.2595104523587299
0.023590931753818843 0.01297237923614382 0.2595254927604757
0.023618882665802064 0.012859656831815494 0.2595811812528394
0.023604290143778465 0.012864139670634472 0.25949738361470365
0.023635608419234597 0.0127764201478786 0.25960794098600903
0.023628788014742684 0.01274758775536634 0.25952726458968034
0.023640997227931136 0.01267763456265841 0.25956530965957486
0.02362462185598656 0.012629195047983955 0.2594930879813074
0.023600260924206487 0.012529221911627862 0.25946009164651174
0.02357329212938151 0.01249631801690021 0.2594001559116164
0.023593356559998287 0.012475285972408712 0.2595142386650393
0.023547098141706482 0.012411287487160642 0.259434706160847
0.02350937003484952 0.012367092061925303 0.259382477354224
0.023502313113132663 0.012309871938630092 0.25943455146147476
0.023466500586048756 0.01229202732552368 0.2593427661844042
0.02651804575330507 0.006651839621728416 0.259305850621948
0.026532710429038965 0.00661815377116594 0.2592738226364119
0.02659708735608227 0.006509937510242606 0.2592744318459329
0.026648653094802816 0.006408378650411676 0.2592216216501365
0.026689414726307942 0.006327192204973545 0.2592680760446991
0.026736871143751735 0.006209554381859734 0.2592854494040879
0.02678237769677242 0.006108475110082649 0.25930787880999134
0.02686533186474498 0.005945158209464624 0.25936981686040056
0.026866317325291423 0.0059220661853111155 0.2593180126261334
0.02691648799871853 0.005818716030266082 0.2593427012951952
0.026955325002250573 0.0057479782361708935 0.2593750787834114
0.026994759511201928 0.0056891054362250525 0.2594663124429363
0.027097060483872677 0.005509215278775004 0.259550700043585
0.027084784213659542 0.005493228032000278 0.25946616391148625
0.02713607299972833 0.005438549008207469 0.2595906126482443
0.027177743996432965 0.005358469218259645 0.25961522067082954
0.027220276871586544 0.005261544405977441 0.2596262632156096
0.027255562177925855 0.005183315460120265 0.25966195568381545
0.027296917109450928 0.005095573147191376 0.25970913561027187
0.02734519415725728 0.004997006443771432 0.25973654443972577
0.027379045083322662 0.004915885484593436 0.2597677092802766
0.027416672840559386 0.004841717257135237 0.25980397244093656
0.02745461828864486 0.004769161979643257 0.2598345982205616
0.027490002192278956 0.004680570365856626 0.2598541398128791
0.027518469185811235 0.0046003646547841115 0.259889703402273
0.02754585433792641 0.004512950680697126 0.2599188871747837
0.027576746195212172 0.004432816428083703 0.2599672213956994
0.027593095327220065 0.004372701199166547 0.2599974637391077
0.02761327152148662 0.004276530591112396 0.26004212669726556
0.02763219465979581 0.004187661280380287 0.260081022818493
0.027654699688190006 0.004105180084143654 0.26010505342739776
0.027672979144015074 0.004043970700303777 0.26014046136612196
0.027696596439734447 0.003985580641391295 0.2602564643560105
0.02769308245099369 0.003970596735285183 0.26019388260914356
0.027715523070911362 0.0039110703629881265 0.260284492506941
0.02771326147202537 0.0038860389617233686 0.26023337698267285
0.027726472705559377 0.003811356407451208 0.2602466060981343
0.02774375808515879 0.0037294690129335375 0.2603006245039902
0.027745341592105097 0.0031977831297420926 0.260560222751713
0.02773529137019927 0.0031389469041237577 0.2606418479683719
0.02772104060333735 0.00306916513785147 0.260666396258328
0.027104205154713987 0.0021780794138971243 0.2613291886989053
0.027884774634295003 0.0014740895847527207 0.2624355670456781
0.028018818473333908 0.0013518443345161989 0.2624102466228868
0.028094477060314205 0.0012809526842437696 0.26252712569345893
0.0281092494562459 0.0012441970185689368 0.2624631966823667
0.028529258206269434 0.0008769350990053138 0.2626095880705769
0.028624661606801636 0.0008024313418841801 0.2626597639506563
0.02875061625681359 0.0006975977507356722 0.262672693873598
0.028942704784468743 0.0005237012596334021 0.26279442114796814
0.02903366484886546 0.0004614468561012629 0.2629140402473034
0.029093760966765747 0.0003828930351877081 0.2629212573404303
0.029142571360485908 0.0003184974178750376 0.2630131101712837
0.029191916982536262 0.00024353425296396738 0.26305211805755035
0.02924021555080439 0.000145259709231837 0.26306318079941154
0.02927728036640192 0.00010224189324075324 0.26317124833363004
0.029281314828839826 8.049713615070609e-05 0.26311163304572555
0.029311955737451406 3.7796317486396224e-05 0.26323502643495245
0.029348788155780656 -3.46890366599384e-05 0.2632616202329943
0.029381108857739854 -0.0001162194170398087 0.2632931115524332
0.029414207870311862 -0.0001975864304258004 0.2633167404203575
0.029446582722762606 -0.0002588372223043267 0.2634227218730889
0.029443659859519657 -0.00026840782456013953 0.26337530856754154
0.029466280430148133 -0.0003621967103986139 0.2633847863139836
0.029491194998670135 -0.0004472805191061361 0.26342268542045316
0.0295152508002207 -0.0005342565974477822 0.26346613636760097
0.02952871241199134 -0.0005968404015155556 0.2634697630847045
0.0218066494686573 0.01803146587232657 0.2608721242934707
0.02169154345505587 0.018516894730958917 0.2611901775389181
0.021719876174299393 0.01844070865934854 0.26114824072915793
0.021743763211746196 0.018369588986641483 0.261117930097425
0.021770338186587718 0.018288933998407024 0.26109483152852836
0.02179617832195559 0.018205545440891056 0.2610763511746474
0.02180259100930829 0.018135192831147146 0.2610214661517073
0.021810771516482984 0.018053643979563334 0.2609963811620178
0.021828912657961497 0.01798258940973472 0.26096078977833653
0.021662157609061112 0.01864831599987775 0.2613160764115539
0.02169466822516523 0.018549178543078366 0.26129863930170494
0.022830232076712836 0.015536217799137894 0.26022043136283973
0.02287225551547907 0.0154511704294778 0.2601932362896064
0.02290736251834128 0.015368026672516289 0.26016335829388465
0.021577477622375916 0.018977549960725842 0.26156639215931904
0.021599227268062807 0.018906763188982045 0.2615291830978073
0.021622388806300068 0.01882053033873054 0.26149781165722863
0.021638852543562164 0.018744778167398654 0.2614904073886041
0.02167065522873598 0.01860987816069789 0.26141026687008895
0.022751565601902363 0.015727847760199636 0.2603810752353165
0.022785749109790494 0.015646328870401155 0.26033731518053516
0.0228243210472291 0.015570724736534923 0.2603378186530457
0.022866344856026403 0.015485716661232463 0.26031883285236346
0.022898172780578634 0.01541061438861646 0.26028636059856713
0.022930922131329273 0.015333735604386391 0.26024120956800645
0.022964166695652568 0.01524226826590348 0.2602145225930219
0.022989400692475365 0.015184770220966046 0.2601983667292964
0.02302270213537219 0.015089087158568522 0.2601584679665184
0.02152338287176387 0.019180511762648574 0.2617159117002376
0.021549908736214755 0.019102955693528954 0.2617171663547106
0.021639955249749057 0.018802296135134122 0.2615997867830375
0.022692815694468026 0.01584783333696123 0.2605190725640793
0.022737890488807158 0.015769085669309554 0.2604832389213017
0.022771938794364514 0.015695928169678658 0.2604563113195439
0.021433329854287274 0.019450360984767226 0.26192474111355213
0.02146200324133227 0.01937438554254009 0.2618917712977541
0.021371785077440662 0.019644965712257635 0.2620953656234602
0.024396682256220575 0.01151800999872584 0.25917115328281126
0.02442947080202722 0.011447235658052255 0.2591570647993549
0.024465394364333152 0.011361947079740035 0.25912797087764017
0.024516881904149176 0.01126600727523894 0.25911542821221434
0.02454402281264376 0.011193207132833262 0.2590652134817879
0.024573731430901843 0.011123195924183168 0.2590533253337173
0.024619857221312724 0.011022603919816562 0.2590222939155014
0.024638901470639855 0.010955613694072101 0.2590147278846885
0.02472730819897823 0.010739129053717223 0.2589178677325363
0.02475528940452335 0.010673877564925747 0.2589005666820846
0.024788398852091376 0.010574966467184699 0.25887113009047796
0.022486293152298442 0.016200626673949288 0.26093040237572995
0.02253959981838075 0.016128479853763172 0.2608897673060459
0.02421692756509029 0.011781907129033348 0.25934479427691176
0.02429133786654051 0.011695746800416124 0.2593648086545103
0.02434496458843069 0.011625791234500204 0.2593250826882325
0.024387465077720702 0.011557240014098658 0.2592819370199498
0.02442861150450585 0.011475783242599619 0.25926004594095015
0.024623134664569356 0.011025556621260616 0.2591220866508076
0.024657806053715387 0.010934664792086045 0.25908153871049044
0.024682966945695058 0.01084894931533546 0.25903191488899097
0.024725415774431284 0.010748956814922633 0.25901953972838093
0.024838602902814602 0.010464347582102839 0.258921838520292
0.024869807001096842 0.010376235075419347 0.25888125958713276
0.024933839474927118 0.0102067904383383 0.2588417762012642
0.024959201392881037 0.010131928342099606 0.25881759144853744
0.024976126680647477 0.01009497708614378 0.25878263652588973
0.025005939424516465 0.010012485670827295 0.25874582478860286
0.02502961580685353 0.009926603009013569 0.2587137813334328
0.02505848517529495 0.009840596802247454 0.25869846223869797
0.025089410772732156 0.009752083281266671 0.25867647454607856
0.021242629490756396 0.01995907928823866 0.26240321452050636
0.02240447901358914 0.01632941569537639 0.26104711769806216
0.02246536964921108 0.016241607726389398 0.26101984663691796
0.022521920431928927 0.0161630026106954 0.2610240128175109
0.025116950663156293 0.009712432445071063 0.2587656638084617
0.025136249642118528 0.009645159970398295 0.2587344283596509
0.025151146390499368 0.009579143557406009 0.2586987891312175
0.025168266549644262 0.009518171376934061 0.25867979365124605
0.021192127362225435 0.02006848940372144 0.2625392415290153
0.025194790875139508 0.009460458323914785 0.2587491084387609
0.025211929537438168 0.009403774108895745 0.2587140570903947
0.0252288835611126 0.009356711509420882 0.2587198367280916
0.025271443437650944 0.009232337722902878 0.25875169785073676
0.02530035658475632 0.009135153005785513 0.25872873897264415
0.025315728590679692 0.009103154661031789 0.25881884897468005
0.025340882721481276 0.009020073909768514 0.25878774539010935
0.02536151879022932 0.00895419128565713 0.25875794458631435
0.025385619087774678 0.008913154635962442 0.25883516483780367
0.025406578036651747 0.008839190510558337 0.258806954155161
0.025431233321549507 0.008765750788270401 0.25877991513859433
0.025454656842614266 0.008678168106563388 0.25874466578362254
0.025488914241232546 0.008570472951495666 0.25880353641224874
0.025504864793672696 0.00849527960263234 0.25877285286187446
0.02552210940728415 0.008412907224246402 0.2587305626090916
0.02556289153546651 0.008299871262901114 0.2588030667659633
0.0255735771320677 0.008238132449923231 0.25875077266020213
0.025610160272190714 0.00811067983477617 0.2588114219112356
0.025617034537510488 0.00804250206370858 0.25877203572446184
0.025632531330392224 0.008019545159001336 0.25885275984933565
0.02563814628164957 0.007943490087001214 0.258813491383037
0.025643767665650494 0.00787017508852872 0.25879298672647105
0.025641153057493003 0.007787532677779172 0.25875432605951254
0.025625222671075004 0.007707291063011632 0.2587105468744119
0.02664074973139824 0.006435026873302185 0.25926772793998587
0.026959287426355776 0.005756938680997038 0.25941944028275177
0.027177950701557384 0.005356010600936223 0.2595909958122367
0.027237615559285118 0.005231069466729635 0.2596506411828493
0.027281580412452534 0.00513564561280822 0.259712307127979
0.027337293014498606 0.005030985583883416 0.2597707958467095
0.019242078469354506 0.02436531833155351 0.2670620887746513
0.019301132625179778 0.024310867371091394 0.2671446396413005
0.01944666419758686 0.02414181150099306 0.2671199573800989
0.01950295883384228 0.024076078836986287 0.26710964695278294
0.019621283353195306 0.02388754565262472 0.26704941870596827
0.01934975143321666 0.024257612530758095 0.2672474980881396
0.019425932480944076 0.024177346695302117 0.2672116481156749
0.01949499109818933 0.024096528869325777 0.2671962570114705
0.027601471652836388 0.0017250995688575664 0.26240488039913035
0.027700573730626142 0.0016335032486740743 0.2624121387947248
0.02778924711302928 0.0015523422712769603 0.2623918619014435
0.02795066258904161 0.0014255492584169947 0.26246801569185213
0.028017257764146413 0.0013611456334948928 0.2624670481952608
0.028068818185885157 0.0012927121029988795 0.26246583728074024
0.028137222954238084 0.0012366487732953938 0.26253706335552424
0.02820047664148737 0.0011697894524048973 0.2625278403809805
0.028285500790785432 0.0010825167668474661 0.262524852791361
0.028419095551695778 0.000970482722023766 0.26259773624941385
0.02851437185593326 0.0008809912853362716 0.2625775631408173
0.028564164299419603 0.0008524962465484854 0.2626616991303587
0.028678915719492028 0.0007564333882418944 0.26266469294821154
0.028722780435314132 0.0007087906308602566 0.26262655783479993
0.028803430987937334 0.0006587238673184829 0.26273939981834343
0.028870341961032314 0.00058237776896483 0.2627278057230502
0.02886784676505994 0.0006078736269090417 0.2627912552646147
0.02892793849217359 0.0005465166634834284 0.2628100955876395
0.02904835686797501 0.00043171418784269163 0.262873822017448
0.029094736506125356 0.0003931303683998291 0.2629963221486408
0.029134043837691356 0.0003211992274149785 0.26295252204884884
0.029171519020768127 0.00027447067007145754 0.2630201799196544
0.02920780071447009 0.0002045208807610217 0.263013374871708
0.02919265551605623 0.00024605707270899176 0.2631158882382681
0.029233096150704258 0.00017309513094108375 0.2631143327567591
0.02927216011506896 9.095201415891345e-05 0.2630838244635681
0.029254719074157155 0.000145645624942328 0.2631825454645325
0.02930087534497767 4.964976608180128e-05 0.2631534559828325
0.029321656435862042 2.1564573196411097e-05 0.26326345896962033
0.02935247359291152 -5.756208933968467e-05 0.2632157879647297
0.029373490730788578 -9.014396547952176e-05 0.2633238654589765
0.029397355385273927 -0.00016419566722282062 0.26328681630331513
0.029418832091589794 -0.00018785484615645138 0.2633759957428626
0.02945700949982795 -0.0003054314541908553 0.2634053383269913
0.026586882966525838 0.006526073308828907 0.25927201433941494
0.026489839797574386 0.0066978862187502125 0.2593218541673062
0.02638553680329237 0.006844849330781546 0.2593144912340664
0.026441476743414186 0.006782714170443911 0.2593514516419239
0.02624219412581961 0.006982573961308882 0.2593240843910562
0.02906753604765045 0.0004276119961313058 0.2629551792500098
0.02912105295499317 0.000350359432565442 0.26299504744599334
0.02916433128571211 0.00029358409918425255 0.263064491813005
0.02784722175860654 0.0015005016414822631 0.26239154288314376
0.02770295154951725 0.00162566475448072 0.2623858361753476
0.02778185537009651 0.001567165027250202 0.26243610895040476
0.027827227889752226 0.0015294910384968418 0.26246751984392125
0.02440180464771447 0.011505833645503536 0.2591350567673619
0.02762674660542016 0.0017081605849150565 0.2624138272642172
0.02439053461797178 0.011540109119279388 0.25923285890909226
0.02744129456757957 0.0018305944306170334 0.2624077644936125
0.024275234241840023 0.011704645207434224 0.2592624977258465
0.024332995772179036 0.01163571697237533 0.25929050353461125
0.02721363737299138 0.0019236781909952637 0.26237284351558987
0.024141051891593494 0.0118393293718742 0.2592592797091555
0.024264101991964646 0.01172785126642944 0.25934036957723466
0.023972572620360257 0.011938621228069896 0.25922385949800536
0.024056192662906654 0.011910920964756256 0.25930626644914956
0.02413335353728356 0.011853793048251467 0.2593273552547395
0.02279994397706959 0.015624934981156009 0.2603689111477761
0.022757153017616334 0.015725908266469184 0.2604323588832923
0.022784617563146543 0.015665454717141855 0.26043539903337865
0.022663737642741485 0.01588900261910082 0.26043535242244115
0.022705755144468546 0.01582418770675128 0.26047956445344794
0.022660903793247228 0.015917066474219595 0.2605533533526618
0.022598007197445213 0.01602422466220344 0.26069360360679533
0.02253489022946345 0.01612040146163439 0.260753628054348
0.022585300262852114 0.016041885805446562 0.26078141261961635
0.022516621325418183 0.016155683976821315 0.26083519502049907
0.0225664552025144 0.01608019367243354 0.26084555394114756
0.02251412560172186 0.016163989270101382 0.26091357726062253
0.02250542553877605 0.01618514631951292 0.2609764986295278
0.022434724345853075 0.01628075918377985 0.26102049860800447
0.022241015969634893 0.016484284012833146 0.26098313249579375
0.02231567861160575 0.01643821887792235 0.26102021002860787
0.022372349737892056 0.016378941470237413 0.2610770002124745
0.022206516331646196 0.016509431637835338 0.2610492393527407
0.022287250248664327 0.016469696933892955 0.2611041349568043
0.02173467382548035 0.018415823945830107 0.2611766955345981
0.021698205848262278 0.018519604862385346 0.26123022466121687
0.021678463337320184 0.018615391204717703 0.26130970634957523
0.021636403424793865 0.018738073026588926 0.2614549333416968
0.0216565669061104 0.018675115448164928 0.26149041029957343
0.02158620122756976 0.01893158766028425 0.26149705576374976
0.02161627985366934 0.01885881136031698 0.2615260704378827
0.021643589688306587 0.018766736797805314 0.26154664478283884
0.021561637990459823 0.01901565211072402 0.26156579439157257
0.021596433464356666 0.018939010755528694 0.2616166199665337
0.02155939248429336 0.019047152204304023 0.26166668354463923
0.021502244973240468 0.019266394795561304 0.26177534437226013
0.02146921750344235 0.019353085873305094 0.26183294820354197
0.021409517491606744 0.019544585691851857 0.26197679943045155
0.021429833672007077 0.01948076857773204 0.2619902009997387
0.021369906013766912 0.019639169832975756 0.26204029944597274
0.02139841388359334 0.019586357775484863 0.26206033582143207
0.02131207636709724 0.01974694395239507 0.26207940975470906
0.02135134379516368 0.01968678109081829 0.26211617021417233
0.021310313220254617 0.019785480890484035 0.2621860479815133
0.0212720843311604 0.01985850314246059 0.26222220036670285
0.021230478685977407 0.01995214135797907 0.26228994413308343
0.021274806792225452 0.01987837872916385 0.26233709466316246
0.02118390118930697 0.02005859931860958 0.26234325428148214
0.021231379193414578 0.01998727544114342 0.2623949111554597
0.02118401270533736 0.02008922929271468 0.2624416582105221
0.02112513878038307 0.020162613780250777 0.26250222312486654
0.02117284687178924 0.02010282737584415 0.26255999362912696
0.021102631050914564 0.020196395161199268 0.26257568191273695
0.021148944707283335 0.020138349695955148 0.26261231989983164
0.018009462636009145 0.024963466581088285 0.2677032916854097
0.01805909406372312 0.024951840921524658 0.26760625789375564
0.021103628496193405 0.020211477180687012 0.2626772912803714
0.01821931509533422 0.024911795806266394 0.2676191186508647
0.018104900284359966 0.024940741994635314 0.26755001305334447
0.018280434619728322 0.024893111704154418 0.26758254201944376
0.01813280122566686 0.024930960083086776 0.2674820468545346
0.021056065720623587 0.020293453220217278 0.26272973976483976
0.018310085270239224 0.02488390529158379 0.26749287876280053
0.018374504376072267 0.024860636492218965 0.26741272236642566
0.018396656800219558 0.02485158911735315 0.26734178113714097
0.02098852793474751 0.02043006929412864 0.262876159857819
0.01856970360809074 0.024790072126818892 0.2673272045030573
0.01842876641491932 0.024836523861080026 0.2672650802238657
0.02087991676707553 0.020573842867485558 0.2628842241532701
0.020929548829464344 0.020523725437085395 0.2629070585232666
0.018682472192495213 0.024747205070262547 0.26733149398246664
0.018565545887914852 0.024785635782298296 0.2672605050074804
0.018729426010595414 0.0247233972693744 0.2672597289925155
0.020800408374063724 0.02065159335736519 0.2629256695265241
0.02086422751243258 0.020607162711057864 0.2629699181315481
0.020931816472938958 0.020538088732359246 0.26300597652841196
0.018827296575973835 0.024674677796737703 0.2672257810497426
0.01894485782909855 0.024609637175420168 0.2671766561401512
0.020797470051337363 0.02066610002879752 0.26301010636945116
0.018975529275866612 0.024581633113629438 0.2671102102834228
0.01941217195231132 0.02419292187732211 0.26726717090069874
0.01935713520797239 0.02425102821829632 0.2671919587327259
0.019289072256793657 0.02432277592017324 0.2671797994830686
0.01922842337155226 0.02438343623258655 0.2671045852223403
0.019145256065657507 0.024451437637766568 0.26706195520916
0.019414732034037298 0.024185858085159585 0.2671707130019975
0.019322390856274154 0.024286180942458872 0.2670921624667185
0.019261660337242272 0.024340646305785037 0.2670324384526548
0.02061557931671685 0.020789290467002022 0.26312038789688974
0.02066261285253301 0.02076163437574626 0.26312511978077235
0.01758309770720536 0.025009428034419807 0.26767194326130594
0.01753790734721464 0.025011845602237612 0.2675938485493867
0.017491197937913944 0.025010892562055978 0.2675148852231067
0.01744348974844163 0.025008555334763774 0.26743554952038795
0.01739372735445555 0.0250043134193007 0.2673554808055364
0.01767485734492976 0.025004562130578237 0.26765020374050874
0.017629644896417367 0.025007803201904204 0.26757199833049017
0.017582660557116398 0.025008551056992366 0.2674929317144425
0.01753619666435492 0.025007134311387715 0.26741398567716806
0.01748869984252895 0.025004055079200442 0.2673348486008665
0.01780621246063525 0.024993153352463042 0.26770491101113997
0.017763861583460206 0.024997193199252844 0.2676273784809322
0.017720030661929627 0.025000300140818478 0.2675497523742935
0.017673181777391064 0.025002034953226476 0.2674707667968543
0.017934345046995093 0.024975383050362426 0.26773842047959273
0.017890503519702068 0.0249818342298058 0.2676784787406424
0.017848413028595824 0.024986943107366072 0.2676027384638503
0.017806599553129354 0.024990058374651847 0.26752615025993404
0.017761708276742526 0.024992156333918256 0.2674479263219656
0.017982335232028558 0.02496660874766301 0.26764648483333636
0.0179328961822798 0.02497232660229154 0.2675775569006936
0.018056427695156665 0.02495365704152764 0.2676485727786874
0.01802509810402346 0.024955413945657215 0.2675507891762414
0.018139165071052794 0.02493359361157132 0.2676087026155549
0.018085956257941283 0.024943249360277704 0.26751502844129016
0.018223063811465608 0.02490953817759447 0.2675582217721257
0.018173793657752183 0.024922287271964196 0.2675130984029496
0.018286407794321745 0.024890902734154716 0.2675293854324875
0.018249710575992013 0.024899417932968383 0.2674676651622676
0.01831937427184278 0.024879682573173495 0.2674508346467029
0.018287362369350905 0.024884762262067844 0.2673806820169617
0.01834427870134858 0.02486680443731299 0.26733192030060543
0.01843209126298276 0.0248383827835151 0.2673073780428725
0.027659062248896082 0.001673334702612581 0.26241757673199173
0.01914357479716273 0.020914125515678873 0.26343443397811694
0.019262885382220537 0.02093603309691778 0.26341060046646997
0.019371011472719794 0.020957334289115885 0.26341221622148814
0.019476202390214765 0.020975077721816955 0.26338343584670704
0.019577477532615108 0.020988778100443417 0.26338922087542627
0.019679094074980873 0.020989212869014735 0.2633647233838421
0.01976208619314198 0.020986912848975553 0.2633316347599518
0.019868394620214384 0.020977488743396798 0.2633149255299447
0.019816165561879213 0.020971785792190417 0.2632544598337776
0.019965030619137507 0.020969690651480112 0.2633087393134444
0.026455245853430922 0.00674197331581477 0.25930029199206744
0.02004744305726728 0.020962009962437356 0.2632773092950332
0.02002137144686773 0.020957519459171806 0.26320832561861907
0.020134169715865537 0.020947411026210172 0.2632559526602463
0.020072360297573057 0.020945592925206424 0.2631752870125449
0.02021664333586118 0.0209286713930414 0.263234753795807
0.0201698957788355 0.020927835828715803 0.2631493493869958
0.020290940778878382 0.02091204715830018 0.26322436575555036
0.02025399340263274 0.020908771032276258 0.2631077965602764
0.02036612774109126 0.020893200097524087 0.26318399749681537
0.0203292102051278 0.020894781183967086 0.26311364203431203
0.02043576672089809 0.02087103042137336 0.26315433006600586
0.02053389706615923 0.020831495967423078 0.2631231794337525
0.02049008005691611 0.020839329667097797 0.26306052282156833
0.02057867836407111 0.020805381719531293 0.2630919302303326
0.020646700742494643 0.020763607014299794 0.263051038560809
0.026409677746056043 0.006827800277127061 0.2593565561547483
0.020717310244931446 0.020719023587930367 0.26300207234022
0.020805909754654246 0.020660440037832205 0.26305365686439897
0.02076400238903041 0.020684290642699325 0.26296511540318473
0.020845066498116387 0.020627062576836358 0.2630167468286509
0.020830821359501542 0.020629615614423724 0.2629311707383868
0.020904551753790742 0.020564470681202228 0.26295675404609953
0.026342630531751548 0.006892269683449094 0.2593150970519782
0.026244774098726744 0.006964666688662774 0.25926658394909113
0.026289557563286138 0.00694606362388383 0.2593445627980367
0.026148217508614326 0.007018021299418303 0.2592361173146036
0.026186048558500388 0.007016003600271879 0.25932837441543954
0.021417801068359367 0.019524606930370635 0.2620028960652127
0.021396481776451978 0.01956620543437678 0.2619538990688047
0.021426186522620978 0.019464618977778333 0.26189912453009545
0.02145828374377148 0.01938186267655271 0.2618561871663913
0.021486151818550216 0.01931189420151689 0.2618118679842092
0.021516536926377856 0.019218359445420212 0.261749700142649
0.026054976031883517 0.007059772812838407 0.2592143652171372
0.02609807816703573 0.007057504499139482 0.2592948026710893
0.021534309600680025 0.019139212885560655 0.26169388579852015
0.0259663480653262 0.007095652572731465 0.25922995147306765
0.026021718402275875 0.007088291330654229 0.25930801372067286
0.02589370883907279 0.007118428035260212 0.2592413018614269
0.02594699996872284 0.00711237079172597 0.2593360308269095
0.02585349435208177 0.007132832833690485 0.2592881353720602
0.025861517126971975 0.007132237920054806 0.2593566882681391
0.021463339670336277 0.016675300040638767 0.2609355624723486
0.02150035728885319 0.016674193223532405 0.2609199991316008
0.021654859411334243 0.016648322937594412 0.26097741028255905
0.02160657406523071 0.016650595030480816 0.26091711953081725
0.021716684640906887 0.01664453467043099 0.26096506969828653
0.02169505235327481 0.016640924673871176 0.26090028340454596
0.021804034708719378 0.01663558583816486 0.26094330393493614
0.02178413984763111 0.016628923418413828 0.2608523396091521
0.02191935138870374 0.016611102262456066 0.26097211305220636
0.021882771484171826 0.01661942860701457 0.2609043672636236
0.021872623150100974 0.016615176174191233 0.26083708217292223
0.022037140937755592 0.01657095942850234 0.2610266834417628
0.021998778121847064 0.016585918614782626 0.2609496380382568
0.02196547103754288 0.01659375102843351 0.26087739401890875
0.022159068089714812 0.016526615164816273 0.2610663729465877
0.022113855473015254 0.01654246739919458 0.2610030733094924
0.02207174178955914 0.016558792666919286 0.2609401385726654
0.022032878300203042 0.016565447294420742 0.26083329704643216
0.022219559565340788 0.01650062332994929 0.2610124304262829
0.022150989526673066 0.01652308800250627 0.26094197345725906
0.022113089574813505 0.016536321411189367 0.26089027981796314
0.02575744746046257 0.00714234314516511 0.2592995809950639
0.022311629383273517 0.016450949372362876 0.26107337397937536
0.022273484292786108 0.016461375199182955 0.26097660514189747
0.025508932563547485 0.007149749751533619 0.25907976505298197
0.025612654774787046 0.007145324331027363 0.2592795677642973
0.025642582333605737 0.007151798002624406 0.25935124140449517
0.022352110028640224 0.01639839205189566 0.26103071204181966
0.022432800317048203 0.016300088463368438 0.26108866173413403
0.02549299063085181 0.0071753144429960915 0.2592296460982557
0.025520452671505246 0.007148289206743549 0.2592940955088709
0.025555798239503876 0.007152027039393651 0.25934245755835117
0.02548017925256803 0.007164065653767445 0.25930001918563544
0.025471294329239013 0.007163757888918923 0.25938947970440357
0.023021238059593687 0.01510386561002447 0.2602048386442651
0.02300422535907383 0.015131808911157948 0.26012994478308277
0.02304248065669808 0.015035549397227965 0.2601398026723924
0.02308366180318881 0.014933496884169619 0.2600912541136891
0.023064929706163573 0.0149565898601665 0.26002219160069784
0.023110852741096508 0.014848905870243281 0.26003371830780597
0.02308902931802933 0.014885406653428171 0.259980622275633
0.023137130467265753 0.014766487343872118 0.2600051606202563
0.027170918863473666 0.0019372461811156924 0.26238787336883845
0.02722953628692515 0.001916452259838791 0.2623508787015762
0.02737326989612932 0.0018679209854550471 0.2624094828003394
0.02750777035650972 0.0017867947827599755 0.26241601020363153
0.027811072467685695 0.0015368344959425615 0.2624125614690309
0.02771967326295258 0.0016081231485037288 0.2623733776778645
0.01922333404602818 0.020936447028266997 0.26347226100544124
0.019314984087814773 0.020953063915149422 0.26346437966603425
0.019315277425754174 0.020943586034768653 0.2633992073894409
0.019446796375770462 0.020975200785321932 0.263421374877663
0.019526409778266685 0.02098690133064189 0.2634144108714747
0.019613977433832516 0.020984052375629107 0.26335149321930906
0.01973233993130089 0.02099054029340769 0.2633598761135556
0.019719873457743863 0.020981036288206155 0.2633070024355847
0.019789832258519543 0.020989947981423243 0.263363417353098
0.019787101583802674 0.020980734529728956 0.2632994054751106
0.01998815833599392 0.020963355629868966 0.2632333028818334
0.02148630690645359 0.01930116707266285 0.2617700781618321
0.021516876327764983 0.016673946828331412 0.2608924468205755
0.02157601715697925 0.016655160421209445 0.2609515010806021
0.021569588638455345 0.01664649321879428 0.26085782761022824
0.021636726649128905 0.01664845298195157 0.2609412598686848
0.021650592215387277 0.016640825695110398 0.2608857424987203
0.021749912958074925 0.016636424644870695 0.26088939361207975
0.021824036856244577 0.01662806935753667 0.2608780086310212
0.021918447272760655 0.01660393054118063 0.26082835749409367
0.021972131594104483 0.016587388363091524 0.26082638592468804
0.023528965710797264 0.012037838182031111 0.25924376074758027
0.02355926927334325 0.012019700245753173 0.2591552487034022
0.02357445022901882 0.01201389570554377 0.2590937545663017
0.023629382797334855 0.012015686707823383 0.25918371019785985
0.02366189053449772 0.012007517268106784 0.259100223578098
0.023722236721580185 0.012013000102735066 0.259206350743466
0.023719060418949205 0.012005347798271402 0.2591125466058282
0.023800623513094747 0.01199052531750418 0.2592332155874982
0.023808264836414468 0.011988885680579172 0.25915601162148166
0.02388103194041078 0.011970109871926414 0.25924922856031485
0.023900636660869185 0.01195616731368651 0.2591601359292756
0.0239605196753004 0.011945662849250272 0.25924914928619225
0.023962062727702595 0.01193425868196955 0.2591861486063711
0.024032469661097997 0.01192740005825236 0.25932478887509036
0.024015117763085767 0.011924654788878476 0.2592632226763167
0.024088540219834788 0.01188834281345166 0.25933722997518344
0.02409896638172457 0.011872178582582748 0.25926657023142025
0.024175366857010577 0.011815701111542261 0.25930012393227336
0.024240413175837874 0.01174929614521733 0.25929840665116566
0.024303845810153546 0.011675350815922247 0.25930995092157233
0.024299836594139913 0.011676278446006706 0.2592599813579422
0.027083226249131658 0.0019565776562270243 0.26238120421897604
0.02725578577869682 0.0019056668911533491 0.26235863401614423
0.027316596348259677 0.0018857789961472381 0.26237669605262043
0.027127886592642054 0.0019446559273690928 0.262373417576659
0.024063660818296462 0.011898239496963822 0.2592732731660497
0.024000711284091755 0.011923005002854915 0.25921375853203965
0.02396909517480877 0.011944365860960274 0.2592831797303498
0.0239174439726253 0.011957941860308626 0.2592165876365644
0.023839189794081433 0.011979605487490963 0.2592673156268433
0.023853969415482013 0.011971175792812929 0.2591371440771911
0.02380469523178952 0.011990484536084102 0.2591965110558469
0.02371686077323867 0.012012056303574077 0.2592507627511055
0.023754371219459683 0.01200205424117931 0.2591353688657729
0.02368106328605821 0.012015878782084275 0.2591981732125108
0.023599315816744664 0.01201717800141645 0.2592510629410973
0.023482930062950276 0.013459768335674138 0.259585818376333
0.023465983005858334 0.013523867865927961 0.25961790134342105
0.023440794136012202 0.013610278913384235 0.2596399937338165
0.023415152462366428 0.013704835717082732 0.2596799704476255
0.023402576150415664 0.013764031143203171 0.2597312245635981
0.021536160054532162 0.019171139124016363 0.2617730605597676
0.021509964371703282 0.019263545835372868 0.2618301932019031
0.02148025831779958 0.01932854459610335 0.2618548681540811
0.021452782131238902 0.019395505857720714 0.2618810442331361
0.021429288375161386 0.01946276465856045 0.2619299872667053
0.02141421619875431 0.019523776729434658 0.26196542578397125
0.021394175464811732 0.019588540104494463 0.26200491098542567
0.021509232796185294 0.019214605080054396 0.2617106444078227
0.021479516295852156 0.019297576348186206 0.261739953167137
0.021857410060868707 0.0178394279777484 0.2608856023357737
0.021840887994650244 0.017949392247417928 0.260950190706429
0.021816055957598546 0.018020918010721948 0.2609699003492378
0.021798391097385482 0.0181096133981579 0.26098412600778964
0.02181710753193574 0.017982829336806505 0.26082006503660826
0.019217605354584753 0.020998744780484024 0.2647580315538143
0.019250045033564273 0.021089385406823466 0.264713602870686
0.023617168348990667 0.01254520465919442 0.2595098015214603
0.023561201622004365 0.012418198377817935 0.25948478306104883
0.02359023895308467 0.012517809831227258 0.25943490315874923
0.023524929671296647 0.01236847930418545 0.2594290690259321
0.023554030693394748 0.01245461212019855 0.2593898459279095
0.02348624589022913 0.012315212021416585 0.25937914019489483
0.025595949208272593 0.00817731608221317 0.2588123612673048
0.025644245266854833 0.00791333320286406 0.2588382983360664
0.02562969126272516 0.0079974252507973 0.258808868498517
0.025610631512140814 0.008085726073119198 0.2587777535891497
0.02564843695236852 0.007797187586185584 0.25879050608879817
0.025637519527953043 0.007894045281979383 0.2587670025420518
0.025621470745302837 0.007963846099711503 0.25872104612661956
0.025519243923097394 0.007334848785198538 0.2589468028865567
0.025628846326404525 0.007689903188693252 0.25873663750584813
0.025497113564187632 0.007338766638154784 0.2589063667141026
0.025567982137696194 0.007449890173272062 0.25880884687339356
0.025607438683637237 0.007577845169240533 0.25875456907877076
0.025536534132782975 0.007420601363327884 0.25874818550843165
0.023484063769404515 0.012274821178095845 0.25939563007738514
0.02168828479120722 0.017178040875054243 0.2606568479820407
0.021406875172070787 0.016815226167660104 0.26072906546507624
0.021810754095170245 0.017352256393103928 0.2606804375869016
0.021432447669840832 0.0168797800703007 0.26068193282764035
0.02142569211892314 0.016833912328770684 0.2607361683936346
0.02142520710721948 0.016825560161633113 0.2607659175426604
0.02357951609161877 0.012475509008061507 0.25944513617890375
0.021838135692724248 0.017392711738027485 0.2608026266718582
0.02151929289184179 0.016950485365155102 0.2606765242053416
0.021567240986249462 0.01702916951144852 0.2606107260384616
0.021868122753776423 0.01745271078060953 0.26081821819707807
0.02162619376827018 0.017096809717808074 0.2606223546701807
0.023530246895377596 0.012388545784665934 0.2594126348454171
0.023524358527753697 0.012419120942909864 0.25935325365794937
0.02170307881735171 0.01851617509999994 0.2612624767232011
0.02173301278019948 0.018428491670316828 0.2612097747438527
0.021747340122291375 0.018356728042903142 0.2611544804905435
0.021773482040275897 0.018281776155033194 0.26111753966720647
0.021798392238992773 0.01818515798436214 0.26105594934169946
0.025646703403242894 0.00783068251403908 0.25878960347286445
0.02564822478264764 0.007758958132666947 0.25880464722975893
0.025599185675978877 0.0075338095181498935 0.2587701211396508
0.025564957638356745 0.007461454479818161 0.25876422870648974
0.025553612532103552 0.0074130177595697275 0.25889799240857553
0.02550999743883634 0.007366037978797836 0.25882523215886505
0.025496443711231453 0.007307811715559537 0.2589398732397974
0.025504268303774075 0.007334882140442437 0.25892968387042514
0.023925931624253004 0.011957288023790013 0.259280151362601
0.021632068098936037 0.018782711500802005 0.2614949990797984
0.021670435593124537 0.018620906264916998 0.2613473781113356
0.021485542192549136 0.016656039904027482 0.2609729668095985
0.021481190635789345 0.01667629899980027 0.26087171354351657
0.02160851468866407 0.016651024788060777 0.2609455205728601
0.023562000618135598 0.012021859796698528 0.2592058707687031
0.02360449393292146 0.01201499255587265 0.25913724979449015
0.023673650596783516 0.012013664030427479 0.25923838058388493
0.02369498126084915 0.012012919150929464 0.25915777239121784
0.02375275568447283 0.0120042247601399 0.2592565743322096
0.023772084348090177 0.012002106415246806 0.2591959002456679
0.02384873556849939 0.011977444509274605 0.25920361602194725
0.02549973739624315 0.007152577971608949 0.25928870862974235
0.025512705320117693 0.007169879233604865 0.25918951548742036
0.02558848559450757 0.007151040442929907 0.25933271862872426
0.025706302697929645 0.007150328326902231 0.2593481006842435
0.02580838605406556 0.007141134926684421 0.25931500555631715
0.025821407116709872 0.007130129975904094 0.259251754862361
0.025908660837808975 0.007121680158547276 0.2592870340593613
0.02591803590932535 0.007104011698002764 0.25919860236291686
0.021813584973135954 0.01801295537548476 0.2609088182014704
0.02179160214460525 0.018091132156136135 0.26092888558587335
0.02177583035941809 0.018172462807563107 0.2609438140462921
0.023476393211319595 0.01228495249707487 0.2593710940464425
0.021557443855140412 0.019067672736541495 0.26170000545936667
0.021527026972599575 0.019138571060225797 0.26165830178260735
0.021607632709079682 0.018899618723407965 0.2616232311784521
0.02158045367903072 0.018983143302278398 0.2616174183263029
0.021560290077835755 0.01902998031337865 0.2615987633275615
0.021631565025504684 0.01881608965204417 0.26154295687516865
0.021612154562713228 0.018882008397854276 0.26156032453433853
0.021580779529831808 0.018955439664671878 0.2615242302735032
0.02553277609881026 0.007149645122896085 0.2592473918652139
0.02555360250753651 0.00714886377927478 0.2593055594060052
0.025487532753697834 0.00716280132810743 0.2592660275940022
0.025510994504651354 0.0071543946818794155 0.2593410547353673
0.021532742503748804 0.016662540998788673 0.2609477910317642
0.021520633792189017 0.016660506160575274 0.26085694274318466
0.021610712625667477 0.016649900697196983 0.2609783346688046
0.02160125832261483 0.016646394513654766 0.2608815188884236
0.027176567449820156 0.001963162214921575 0.2619710294983497
0.021406725222816177 0.01681333500395738 0.26073712099827207
0.021391292841064138 0.01682238410700975 0.2607086186715704
0.025537190939489404 0.007443470543792425 0.25870864049749703
0.025515575031298452 0.007373895070012876 0.2588087236677176
0.025501702604946615 0.007354284771551805 0.25886604960060483
0.025589364446894206 0.007523686045849183 0.2587512285070167
0.025570086733972715 0.007443417470973028 0.2588438783649328
0.025528795780574168 0.007373481846984036 0.2589162529085563
0.02170630475579673 0.0172207013151539 0.26062276146818686
0.021657120896646165 0.017126609832937553 0.2606640894862061
0.021646154141311148 0.017140877085457848 0.26059620369474035
0.02161176496116403 0.01706429095773679 0.2606473523714534
0.021606299789736487 0.017086875636494074 0.2605916538518439
0.02155862568265041 0.016990604737942866 0.2606516135792089
0.021497278727361423 0.016948575474951863 0.2606361410283783
0.027046629764260942 0.0019659042532248635 0.26239601339462987
0.021726943641502332 0.018396966677401004 0.26108531204712326
0.02175498268146426 0.018329226289491296 0.26110439739710317
0.02174488039850322 0.018313535338841322 0.26100701172851326
0.021782770278862735 0.01825657564639252 0.2610967617970508
0.02178220249986633 0.01824520460160784 0.2610428769163559
0.02176793610837755 0.018210327189326726 0.26095532936192706
0.02180087062784446 0.018157563999392723 0.26103066356541704
0.021542326841147624 0.016654524836990044 0.2609846323038193
0.02155495304839277 0.01666146052211378 0.2609046839282107
0.021672818956483837 0.01664639197689708 0.26093420581254945
0.02188512271384357 0.017659440431730365 0.260755073381731
0.021895885728122504 0.01759092765832969 0.2607914755575531
0.02189234770910348 0.017493980549838403 0.2608342971207734
0.02184667779664077 0.01741985324942749 0.26080227027376285
0.023583474996130418 0.01251791445092558 0.25941620781063696
0.0235341612478387 0.012407979766270867 0.25939492442182566
0.023530659801175413 0.012364233977643293 0.25946689522735533
0.021805822665989922 0.01735543527324717 0.26062130239748554
0.021877085635858683 0.017694218523934595 0.26075558385219577
0.021910107549847038 0.01762542123595138 0.26081452873715366
0.025600716182773712 0.007546186592726462 0.2587619860198683
0.02552524525741222 0.007394777847170101 0.2587818428019373
0.02554143500220136 0.007370432396944632 0.25894774202621795
0.021821232033741655 0.017375496788246174 0.2607478787155763
0.02182515342093811 0.017386070319623144 0.26064381480177
0.021719454227082154 0.01722836815489274 0.26065258056229346
0.021776451989840667 0.01732554591265243 0.2605879012956207
0.021636941222151113 0.01710114364864119 0.2606499785580065
0.02153963431473529 0.01698591206775353 0.26062891003562627
0.025559691267351223 0.0074079147873245986 0.2589378613332168
0.025557790312446812 0.007421851454664555 0.25886584007611935
0.025514085619105707 0.007234224404368131 0.2589981868644332
0.025520027676790104 0.007283467810824288 0.25910249368430155
0.025506281496514738 0.007156330920636883 0.2589597699845133
0.02548692654948356 0.0072492319679827505 0.25894438905712097
0.025494215156420315 0.007228927864871943 0.2591866588474494
0.025511370344705214 0.0072025480153358286 0.25905715679204727
0.025535731540162525 0.007317485542897561 0.2590305895280951
0.025535993967879624 0.007338584487325026 0.25897373632171466
0.02551409230366806 0.00718249415751106 0.25912591907186505
0.021515909301156405 0.01917118236174764 0.2616697084295613
0.021507930582019892 0.01919958491886798 0.2616843378003598
0.02348259854147619 0.012149030767391104 0.2593529348565536
0.023504447304142966 0.012076452368600877 0.2593037689456094
0.02346825477776359 0.012234887180414687 0.2593531497641506
0.021432177165462484 0.016738589009389702 0.2608895880737724
0.021430126509359736 0.01669681645664832 0.26093711601026276
0.021454441286988393 0.016689881396581008 0.2608960202388168
0.02173322776840066 0.017265186823592897 0.2606032072274385
