0.02930801712565314 -0.001036330271071073 0.26284626783410725
0.029305953636036077 -0.0008821105245202059 0.2628385190610181
0.029303361523079257 -0.0007816240333629631 0.26284924874625654
0.02929088582837515 -0.0006673150242905873 0.26283663142932495
0.029274748407065676 -0.000532743513262778 0.26284745620429606
0.029264019159082187 -0.0004209827333534644 0.26287542372137884
0.02924225873489769 -0.0003089954907041694 0.2628672320229524
0.02923034470962301 -0.00023319255754541079 0.2629152821210406
0.02928843485914987 -0.0007367678626994162 0.2626932010469549
0.029193653758053568 -0.00013216218040940238 0.2628066892719727
0.029177863852248215 -5.7597435282068796e-05 0.26281026629010784
0.029162937616237818 6.24913190610892e-06 0.2628385229625385
0.029098835467610558 0.00016722494412423788 0.26278428969025963
0.02906321100406317 0.0002442814246337914 0.2626915476797765
0.02900041745867029 0.0003701007420581422 0.2626317171464357
0.028932146279591314 0.0004990635386590033 0.26255377858537593
0.028350146624117202 0.001114343182752257 0.2622014588500609
0.028003195449864748 0.0014258460620435 0.2621342468728688
0.02749708249043377 0.004411174401618562 0.2602228662591693
0.027464568807399958 0.0044918893018636545 0.26010109663408143
0.0274572261307502 0.004568444723758846 0.26011978639272254
0.027439932565659946 0.004666208654431929 0.26014777268161243
0.027420841566966413 0.0046754695985656725 0.2600347664862839
0.02740322972004003 0.004764782383362183 0.2600380818625427
0.02727424929475653 0.005231047357420067 0.259831364090785
0.027238564039484874 0.005337584124769112 0.2598305404652541
0.027172768295960395 0.005478695549415044 0.25978584639329316
0.027053793422129872 0.005768999380135046 0.25978068715242736
0.02702704895866011 0.00581076005292324 0.2597018083290209
0.026992472797534414 0.005905058950656245 0.259724713356158
0.026952567879869938 0.005965539792760299 0.25963769429281797
0.02693052621326838 0.006033108019787005 0.2596662795920099
0.02686338024883414 0.006160417895209111 0.2596082846199847
0.02679733756427508 0.006288201931803599 0.2595729321885568
0.02672902686815658 0.006423723727723615 0.2595167668235495
0.026713344987105297 0.006465176486295979 0.2595466079631631
0.02664633741864219 0.006601397976227517 0.2594998745484632
0.02661348791970141 0.006678516787623849 0.2595193318413928
0.026547495450945053 0.00681560589820861 0.2594678142227898
0.026487691711596848 0.0069596612015711 0.2594192761992091
0.019633875934312556 0.023576464482281432 0.2689933760825727
0.019605093653031345 0.023641777073018892 0.26906248314281545
0.019573648244705307 0.02370105090296178 0.2691010212314955
0.019556549001309882 0.023736115403167182 0.2691451867712369
0.019437646136568544 0.023896098862926787 0.26916845877071405
0.019415466985204254 0.02392390704570998 0.2692317536489827
0.019362883325824084 0.023984999759455925 0.26928474209766123
0.019317086088563706 0.02403961888774029 0.26922473274518355
0.019292754117207014 0.024061000092301 0.2692743454921489
0.019247499546973496 0.02411875556941371 0.26918173619598224
0.019191469524965754 0.024166478579839886 0.26909874738583484
0.019168087205595423 0.024193320685942637 0.2691566721912367
0.019113373639178616 0.02423252412499523 0.26908755929000683
0.019060128419900565 0.024284201496988435 0.2691393433806903
0.01896984814166848 0.02434428966218556 0.2691350504719359
0.018905614503895093 0.02438267913402276 0.2691834359204763
0.018872624927293368 0.02440330001618347 0.2692546563785944
0.01885897117787259 0.02441593929468902 0.2693340592196369
0.01877387180544481 0.024460456858212142 0.26940160513032263
0.018722126931595293 0.02448091784318229 0.2694598180268692
0.018666773957030335 0.024506658976752933 0.26941212351933097
0.018615217372154828 0.02452291381701326 0.269493073447213
0.018641308913624297 0.024516613366014087 0.2693417981462515
0.018600162881670088 0.024532126238944588 0.26941372207987496
0.018507087527103547 0.024564895870459114 0.26949516600489526
0.01846965326945238 0.02458259427931334 0.2694184670793609
0.018434143911397253 0.024590108190455505 0.2695091559994662
0.018359065464268298 0.024620452961993333 0.2694267269334941
0.025328835662113476 0.009152912137679143 0.25917155897183686
0.025305841173231692 0.00924810267411458 0.25920136273425365
0.025284683361159917 0.00932745799552378 0.25920225141438846
0.025268821955047063 0.009410405171812799 0.25924231264055303
0.02505279974194727 0.010048904189786588 0.2592113397654213
0.02463649670333999 0.011230089699370678 0.25951353442105735
0.02460720636197271 0.011306665673406944 0.2595441055218389
0.024582905322505823 0.011381594473046864 0.25956936589921803
0.02446785366792824 0.011663121795813108 0.2597167863547697
0.024445576129471108 0.011718559709829416 0.25974553679250223
0.02440997416775687 0.011805555740265643 0.25980423949780984
0.024385844907459264 0.011869133624284886 0.25984664038295535
0.024259623797792104 0.012133638018933064 0.2599043942684193
0.02095816481836372 0.020599947303462905 0.26450209693645216
0.02093783596817688 0.020634273279737513 0.26453451234332725
0.020899340780668695 0.02070808917849413 0.26460780247724347
0.020884317778831447 0.020735313309845436 0.26466539491674695
0.020828851354398336 0.020802061266059872 0.2647261392662933
0.02080216129506671 0.020824040814558152 0.26475856094855504
0.021162758998852137 0.020268436052170977 0.26408589163749846
0.021133158830237007 0.020325417488240842 0.2641482338901155
0.02109697836366613 0.020385080519530953 0.26417173713108333
0.021059746357711424 0.020433653912858615 0.26423940081922725
0.021029822712651507 0.020472075583657642 0.2643078139676662
0.020999151128824254 0.020520743357003324 0.2643553471527383
0.02079642812692424 0.020834533814192528 0.2646342149118601
0.02075323147731293 0.020872598230075905 0.2646900105201624
0.020699069858430993 0.020911844304704094 0.2647667931299537
0.020648498126437646 0.020942585614673045 0.26481283001499806
0.022417630324816338 0.016602781358416467 0.2622012468172928
0.0223793838184668 0.016657087841469284 0.26225229464340205
0.021251408240266587 0.020071818945356836 0.26384558075883363
0.021228853996505755 0.020115479446812655 0.26386858591262585
0.021188217384651525 0.02019716047966843 0.2639285959046989
0.021155214797468003 0.020270530047480112 0.2639727542307352
0.02114446941967213 0.020304769479789132 0.2640140238155547
0.0211058158413438 0.020381301439499497 0.2640488929340596
0.02106869045074853 0.020423337604119293 0.2641218758960247
0.020656169357370774 0.020941698234073873 0.2646787385008309
0.02060462941953683 0.020970455185411144 0.2647317231048009
0.02055897378006191 0.020997633904229616 0.2648130117370167
0.0205201178011998 0.021019561402954672 0.2648734815171249
0.02294213232716641 0.015535293888480196 0.261297236257808
0.022911457472601673 0.015609385630956204 0.2613463458891882
0.022892000272897093 0.0156676698959307 0.2613723444956133
0.02285925172389984 0.015741594262386603 0.2614145541649162
0.022840371453238945 0.01579034730857948 0.26143453911842335
0.022484889610981048 0.016499291455129038 0.2619731126244541
0.0224482546501528 0.01655685678793269 0.2620235917508759
0.02240821774630564 0.016619798176268394 0.26203957265400135
0.022235638016974847 0.01685803066878782 0.2623435077762431
0.022220861194763325 0.01686591386342647 0.26240366927445935
0.021400371555571937 0.01967950271653848 0.26347257091620346
0.021370491114262345 0.019753868627172967 0.2635107850008143
0.021347599420561525 0.019821143162186118 0.26354430268268936
0.02133063760327738 0.019888304472149468 0.26359773295218547
0.021308435433086834 0.019943180373884956 0.263634353705148
0.021271910257079092 0.020004614192363653 0.26367483236328704
0.02124736886269273 0.020059441429143964 0.26373660970111085
0.020474174398917945 0.02103950449794325 0.264798807422895
0.020421322053704907 0.021064428396520347 0.2648756938383741
0.023344910640166985 0.014084399771791845 0.2606152966457194
0.02330738734373233 0.014224889465744645 0.2606800772401727
0.023279057796665437 0.014318378751920982 0.26070811467823723
0.023257666327485077 0.014383999556190779 0.26072497597692085
0.023245106744817726 0.014446777292888457 0.2607700026807568
0.023220409224028186 0.014525695096606115 0.260771176913799
0.023201265435659913 0.014606837723795533 0.2608357856076388
0.023178388518849062 0.014689629675864091 0.260861139304606
0.023160028548110008 0.014762700087230138 0.2608678867379895
0.023143654157870265 0.014848743434332934 0.2609337870116127
0.023113396291735984 0.01493925259119271 0.26090923928337684
0.02309646702118724 0.015017696444623058 0.26096868426430614
0.02308287226720794 0.015076178017788324 0.26100642631995175
0.023060845279932445 0.01516136509634373 0.2610202963768647
0.02303787488009731 0.015250141108544056 0.2610358660007913
0.023021900482006478 0.015300817885077025 0.2610641310609515
0.022983069820701252 0.015404704591855408 0.26110635385571146
0.02295503161966138 0.01547813208143017 0.2611293382516616
0.02293462414618797 0.015531737255423471 0.2611752481334692
0.02291775752908207 0.01557787055058785 0.26123043482846614
0.022888658514180187 0.015655124038112592 0.2612561359528968
0.022867970585905485 0.01571434275862913 0.2612850293650195
0.02283121619837303 0.015806017394338463 0.26133411361060466
0.022812073576167585 0.015858406377783452 0.2613538059347109
0.02278773693496923 0.015918563836217994 0.26138890356839
0.022758304497681663 0.01599066412579891 0.2614432633630703
0.02273518300063228 0.01604051467526304 0.2614635696968682
0.022692961807198576 0.016121189404133963 0.26153532170552757
0.022675789352161975 0.016161795507250082 0.261584281458159
0.022654400929793744 0.016211028743517673 0.26162116648540884
0.022618995817168277 0.016279404325561644 0.2616386569079344
0.022576349145975505 0.016357098187412843 0.2616934836839368
0.02255764606662328 0.01639500112135276 0.26174688867735024
0.022516939457157815 0.01646919495505516 0.2617937468045681
0.022492650187865757 0.01650357407034707 0.2618231540796715
0.0224574076117249 0.016560853653152605 0.2618979278827082
0.022156070189058706 0.01692340000762023 0.26233342490952144
0.021463018106109625 0.01946740819501109 0.2632292262938183
0.0214166257851992 0.019611643825050512 0.26329429527634973
0.021398261941709504 0.019677419409658167 0.26335533624146173
0.020326326868256764 0.02109480609668402 0.2648618522534058
0.02335520932544954 0.013987708621837116 0.26046602958672155
0.0233456598197783 0.014039797304823479 0.2604939895607234
0.023317542518679367 0.014140432837159225 0.2605234855657141
0.023239770564852165 0.014425636704922692 0.26068725092655287
0.023027069666285063 0.015242767100430016 0.26092325405489397
0.023014746922876275 0.015300705608486067 0.2609693320309684
0.02263854661418979 0.016222067315026897 0.2615192298981805
0.02249680853007655 0.01648917304725701 0.2617063474166594
0.02209585734234923 0.01695195052332397 0.26224258891365976
0.02207021297575664 0.016965058221823783 0.2622958563174081
0.021599827925108315 0.018983633557479822 0.2628608744017272
0.021541354467635707 0.019182084240124058 0.262988106086182
0.021527092108449126 0.01923624430341379 0.2629970872194559
0.02020866088950709 0.021123398532608556 0.2649081673335933
0.022008858819878952 0.016995343280083505 0.26223038896903705
0.021655892570738466 0.01880723287063797 0.2626786699657437
0.02162838692415117 0.018891612877280153 0.2627028895360303
0.021599182701040512 0.018971889794618686 0.2627441923143282
0.02158322739432485 0.019034159822881296 0.26277521248788976
0.021943768763134704 0.017025005324666255 0.26217128933600775
0.021726665952466924 0.018453025497669338 0.2623839685855749
0.02170759236845938 0.01852930516569711 0.2624153539171596
0.02170600552008939 0.018591428124546172 0.26246020379336993
0.021697424784887172 0.01865190939703245 0.26248684937577726
0.021677368911623515 0.018725744212778027 0.2625342114875488
0.021655381315466887 0.01879594005887827 0.26257501316895443
0.021731530421591844 0.018410988511491134 0.26228121662387494
0.0193325754588335 0.02180710654352959 0.26656032426235754
0.01931385090215594 0.021638467503590848 0.26648122984797973
0.01930590526768103 0.021517081148152643 0.26645439275599453
0.01935604747203195 0.021958364557689233 0.26669719748599496
0.01929004321909078 0.02140329182404627 0.2664689288570513
0.01953545219625175 0.022520077076826205 0.26781429530913875
0.019242521551427222 0.021278225132887345 0.26646721796107803
0.019406255895873414 0.022285405166060278 0.26703946102152226
0.029126912006719533 -0.0022898930534600266 0.2632513911369489
0.029161590392764978 -0.0021709635686894464 0.2632549065591829
0.0291988951204592 -0.0019198433733366859 0.2631006101017456
0.0291898967919538 -0.002011406222284395 0.26318378408191173
0.029185450649212623 -0.00209187578972339 0.26326942877252896
0.029246935080856757 -0.0015915389867217308 0.26288467654105085
0.029243384238702822 -0.0016860216594614705 0.2629940650691146
0.029229701345744652 -0.0018142042683476469 0.26309341088090066
0.029229458757374115 -0.001883831732607906 0.26319652578414726
0.029273640398864972 -0.0013610596475584812 0.26277329345297656
0.02927200664505792 -0.0014577735659854845 0.26286966066332834
0.02926703248398583 -0.0015516101415996826 0.26297314711364245
0.029264738380976825 -0.0016277998045693552 0.2630453593643203
0.029255436422191482 -0.0017458825577318848 0.2631582147442023
0.02928705116215005 -0.001323871276414867 0.2628578951691517
0.029286655637605137 -0.001421629437137017 0.26296147679190685
0.02928542029422162 -0.0015055506076353943 0.26304634039110514
0.029296466907182864 -0.001195783387097164 0.2628538791442993
0.029300624344112756 -0.0012808755869775142 0.26294836346647865
0.02930669300624454 -0.0010991050269651558 0.26286582195720765
0.029311176435837253 -0.0011488426544244835 0.2629457386461644
0.02929487920300965 -0.0007985471043288543 0.26271780100296926
0.02929963641165071 -0.0008545064922529861 0.26277415732177295
0.02931271039006594 -0.0009495967043788079 0.26288909442955916
0.02931557017501384 -0.001042254124503708 0.2629247646850369
0.02748568818479451 0.00373278269616576 0.2601914010009981
0.029295270639829195 -0.000747325917291861 0.2627811911747291
0.029313110029794497 -0.0008366745965600409 0.26291928227899986
0.02751355336522634 0.0038404831547543417 0.2601501882464274
0.027512452190635635 0.0037776693891851854 0.26023666549239155
0.02750073474668497 0.0037002005626127197 0.2603130617705519
0.027442518803044776 0.001969266857747328 0.26205761307936076
0.027511631817709273 0.0019082603878802337 0.26206160754282165
0.027623779972392817 0.0018103325603055888 0.2620696734517969
0.027679798246921863 0.0017624613573875739 0.26206460775836277
0.027734813578034513 0.0017154734720843843 0.2620618979839627
0.029283878534112198 -0.0006004461444329896 0.2628525557545448
0.027537504186596395 0.003960052920524177 0.26016697784646553
0.027541628542096793 0.0038934252106561586 0.26025111292160924
0.02753140554055928 0.0038070304115568826 0.2603395539727573
0.028068785280298502 0.001366211388892421 0.2621676542373536
0.027530762082355092 0.0041104441037504045 0.260184131648907
0.028590292477152474 0.0009026553348749054 0.26230402965307537
0.02865107787785255 0.0008365842232434096 0.262319843649076
0.029249197380316012 -0.00034435644655838324 0.2628683454414896
0.019420650861223746 0.022317180550511788 0.267137713837337
0.02752164055238795 0.004226941090057519 0.26022579724949596
0.02865480617789552 0.0008536742914269385 0.26239923140095417
0.028694417501173502 0.000813304274422866 0.2624266898840743
0.028753036039368407 0.000749400921653628 0.2624225708690531
0.028809733082523086 0.0006891178586398252 0.2624606825852461
0.02885506071247491 0.0006255592528087613 0.2624934292047321
0.02916239687178431 -1.2745083569841355e-05 0.26278506042449656
0.029190446638597274 -0.00010052060484205274 0.26282869108054396
0.029216462329675556 -0.0001819300447859144 0.26290514555788663
0.02744661044639925 0.00456832406731233 0.2600633971234616
0.027472635038037138 0.004463169228540566 0.26012405443475195
0.027495316434512904 0.004397659916824625 0.2601855679180903
0.027513012270798175 0.0043267595998921484 0.26024602208450615
0.029036190932580395 0.0003065515913861763 0.2627219666207458
0.029073156459219783 0.0002293137279524871 0.26275180440203877
0.029104705477429126 0.0001538691514283299 0.2628063967295502
0.029137229891865242 7.573458369859135e-05 0.2628397022830102
0.02734786022796799 0.004985623695471963 0.2599079210700078
0.027372785830702958 0.004890895615223835 0.25995777789843477
0.027393487945551548 0.004800245475114404 0.2600115235125716
0.027412809358807688 0.004739593280566546 0.2600643826024834
0.02743709916077708 0.004658009870565933 0.2601070781529889
0.027458820933744212 0.004580235418709045 0.26015924834675425
0.027214052415371233 0.005386360442995223 0.25981341366568084
0.027253876806525405 0.005303262790518192 0.25983974136634025
0.02728356149477387 0.005224701157483935 0.2598686769689533
0.02730853399974059 0.005150089576604217 0.2599184320460241
0.0273406367537075 0.005055195808880927 0.2599488018852569
0.027122351860421303 0.0055957595272320875 0.25976360976078783
0.027146504563729766 0.005556605582465039 0.25983161288889284
0.027180737130248114 0.00547640065962256 0.25984771197710943
0.02721695566570987 0.005404256156282983 0.2598793879605494
0.02676735777238642 0.006340862582384075 0.25954077364911954
0.02681286066386896 0.006247830227976326 0.2595596194762457
0.026838935119911117 0.006208599993062483 0.2596001757348344
0.026882523455507425 0.006125282864829366 0.2596271083756801
0.02690777393742064 0.0060751285009316555 0.25964356392322996
0.026953671767015654 0.005988891049234487 0.25967990022550813
0.02698269973540618 0.005926786310167029 0.2597091099813524
0.02701315414573843 0.005865184030677669 0.2597688798320551
0.027093817922018194 0.005688276788609727 0.2598329338951596
0.026602525974411352 0.0066948628605589585 0.2594846219961748
0.026629581275318896 0.006639247354799007 0.25951556868439607
0.026421744049207406 0.0070958601823240645 0.25940063288761434
0.026467645771689488 0.007012150690006737 0.25942728554356376
0.02650247428492444 0.006936140366563404 0.2594805871570091
0.026391615721773086 0.007160908170943435 0.2594762459946963
0.026415796605247024 0.007123304196271875 0.25949788604699114
0.02545273565903875 0.008544163049476547 0.2591359981482459
0.02629989623294333 0.007315067886271799 0.25952659193136124
0.025428888082455164 0.008723827951222413 0.2591313149472303
0.025444605385125694 0.008650045172257311 0.2591620059398006
0.025416116644130734 0.008832126968122115 0.25918208474831017
0.02537310739262885 0.00899625652376315 0.25917108315068393
0.025397827703179846 0.00892561336727544 0.25922925264430136
0.025320724808891422 0.009184483420538554 0.2591792126741188
0.025348197507964094 0.009104614622467158 0.25923311175852926
0.025280667659904034 0.00934103686734261 0.25919578880782845
0.02529897921924889 0.009282360742417268 0.2592188344268937
0.02501338925403552 0.010168101915251295 0.2592279845479854
0.024962317627359246 0.010336920665361102 0.25924968948429017
0.024991166778507625 0.010244403502585379 0.25928372974824254
0.024908871112915117 0.010495802891463058 0.25929427208653216
0.02484710780042893 0.01066767545144025 0.259315609463541
0.024877720808506774 0.010597571852573453 0.2593596110005863
0.0248259495026234 0.010752924591447416 0.25937621012741524
0.02475829969243484 0.010909254486419058 0.25941363671849205
0.024777022097609454 0.010861043941870381 0.25943948830139907
0.024726112375969698 0.011002177994787499 0.2594598861309344
0.024630651471753116 0.011245061199815196 0.25950698634942254
0.024659152439575182 0.011164195180810832 0.25952257964296804
0.02457404197216739 0.011392575144779656 0.25954307991114317
0.02460326244906778 0.01132380343122966 0.25956407789545355
0.024365505439250312 0.011899031388586037 0.259799707251558
0.024331841464834716 0.011983255980997594 0.259896795338673
0.02436515380195462 0.011924702293282997 0.25990960205763747
0.024263388977295467 0.012129193426499967 0.2599397633738846
0.02428572474314814 0.012085491994661947 0.2599585520305445
0.024169036079130353 0.012284963484117185 0.26003495231839896
0.024205949143322626 0.012234129051821106 0.2600321914697842
0.02347581550498173 0.013419456659611358 0.2604163787469986
0.023420244446561402 0.013705661055999041 0.26038538213340295
0.02343936214259644 0.013613688413243534 0.2603966119857123
0.023462947476201035 0.01353121081349881 0.2604638447171687
0.023400596769081107 0.013800985933986388 0.2604156807753911
0.023426879563322574 0.01371497525013807 0.2604459187447477
0.023377809209413396 0.013914361357407312 0.2604762258774928
0.023401946491534386 0.013844204460473509 0.2605047721263607
0.023335879355688954 0.014079958118783919 0.2605095123325194
0.0233672583046797 0.013996051472677984 0.26055067492232464
0.023316080184033666 0.01416277799674844 0.2605721650349009
0.02334060097080118 0.014094752850402108 0.2605848171130254
0.023287374820848986 0.014264381922032904 0.2606310787777053
0.023256759569270764 0.014369157585643548 0.2606805331282293
0.023207328467905596 0.014537942436767651 0.260726713565092
0.023240363244703258 0.014445682068519846 0.26072979721110096
0.023182683419847736 0.014638798399286135 0.260788614445786
0.02321080307420834 0.014560851446656654 0.26079340800546713
0.023161276804915754 0.014728826602755544 0.26082337840725794
0.023116712637875077 0.014903405323759505 0.26085715851662117
0.023144680216999235 0.01482143354079657 0.2608736390996149
0.023082860073240723 0.015037114318389331 0.26090378536642655
0.023096538277642496 0.014989917431605599 0.2609007042785876
0.023120964729778856 0.014931057633709827 0.2609507612813713
0.02305130851896682 0.015166786335256305 0.2609443175741699
0.023081004205217644 0.015074192192615188 0.260980789638365
0.023026423331511676 0.015280821364410163 0.26101532027532404
0.023051714063819676 0.015201396880626767 0.2610501523802713
0.022972995332182437 0.015417367696951133 0.2610496217338543
0.022998245598968653 0.015360440595556427 0.26107986402963407
0.023030909151639384 0.015273266825143393 0.26110181160988566
0.022971763080165544 0.015444259339017576 0.2611497914580325
0.023000379481344462 0.015373602296841165 0.2611731437635813
0.0229327873643682 0.01554403880156886 0.261218018041056
0.022771090605791442 0.015942811993061037 0.26132810026901726
0.022799346965346003 0.015872736723413543 0.2613088117665208
0.022737625533910785 0.016028552074276767 0.26140446193503597
0.02277275640581346 0.015954123871302274 0.26141781426971367
0.022801815415546527 0.015890463594681888 0.26143864660117105
0.02268901817166702 0.016122011318471657 0.26148582923442715
0.02273213487807141 0.016041787155185623 0.261534264359635
0.022617831606564272 0.0162718741052146 0.2615610188573716
0.02265808608780782 0.016197470387567116 0.2615790971023098
0.022690160062332942 0.01613134990715616 0.26160537821203506
0.022582457447346473 0.01634330122540735 0.26164993060834185
0.02260839334511781 0.01630080483688947 0.261679758011342
0.02248630395334099 0.016508598895116 0.2617498217079425
0.02252935579837097 0.016447369572725697 0.2617421382959959
0.022567485416162093 0.01637092122429225 0.2617823845525783
0.02244515602056454 0.016577444425192597 0.2618408851864434
0.022472307539928876 0.01653665237212093 0.2618482881049494
0.02252007412763857 0.01645852248611558 0.26185170778495753
0.022425506226762495 0.01659619248489458 0.26195428330133486
0.022464224018234235 0.016536743951436384 0.2619585610335866
0.019500752869263102 0.022476899486885398 0.267606153251319
0.02175618225886598 0.018335620291251204 0.26232819458569606
0.021711465317004082 0.01849910269607763 0.2623459758630036
0.02169483822737919 0.01858663952925214 0.26240879174975523
0.02171234100547136 0.01851995842389129 0.26243519341725774
0.021676883172378678 0.01869914129433464 0.26246769763870764
0.021705644936198153 0.01861772699123915 0.2624848729783975
0.021654520697516062 0.018783168643085105 0.26254281858438844
0.021677760086998513 0.018728486240775544 0.26259023974795626
0.021650252747187067 0.018821379298381805 0.2626368639820524
0.02167160621346477 0.018738909761502668 0.2626277146069444
0.021620657454443554 0.018915557491601467 0.262728047819816
0.021599672287318405 0.018998700805256213 0.26279806423757107
0.02153409861670872 0.019203947526435033 0.26294734367777667
0.0215559440196131 0.019107710282385136 0.26296068049259974
0.021538915919341862 0.019220040278288143 0.26304449594297485
0.021516028292715025 0.019301305033839054 0.2631175998625185
0.021530979019468145 0.019252015439626798 0.2631371340651372
0.021484787948623633 0.019394123476694836 0.26318732281761137
0.021460389553976462 0.019501178080349558 0.2632972508625997
0.019520309315997266 0.022497715718290803 0.2677103931093445
0.021400250119864465 0.019668817461869926 0.26333885756912834
0.021363218787009322 0.01976668373613107 0.26344237847160323
0.021392028267135096 0.019699434206996602 0.2634530350229251
0.01950594497099009 0.023819279422626283 0.26920917317122006
0.019441082153672542 0.023893098376159893 0.2691950595632891
0.021331678278487545 0.01986158217084241 0.26351805492442393
0.021358315724976117 0.019789032703763663 0.26354648547438614
0.021294591414389826 0.01995610092681611 0.2635906233740461
0.021335716461260673 0.01987534587233185 0.2636385210545236
0.021292167432477565 0.01997475490277817 0.263730998952736
0.021215867583917455 0.020130495829543984 0.26381118679557897
0.021253688361649745 0.020061419216153262 0.26380091793224403
0.021214375168570308 0.020145037167782306 0.26391821066524684
0.0211280336288256 0.02030801602607381 0.2639507840787078
0.021173426659293792 0.02023606620503963 0.26399541743997557
0.019701150779050432 0.022861504764753456 0.2683823447592529
0.019668750283459494 0.02281184599439712 0.2682811158571935
0.021082707045009412 0.02040914026262004 0.26406829133500503
0.021143616459621373 0.020316997592108612 0.26408578804848626
0.021035907774743495 0.02046264646447897 0.2642033763717975
0.021072926010756686 0.02041691056505534 0.26421508281046935
0.0210229199885302 0.02048655131834908 0.26434676631939047
0.019579012540027974 0.022605595200602627 0.2680183777024406
0.02096701904765584 0.02057800533175094 0.2644378356113722
0.021010249392456104 0.02051121990819673 0.26442093725082627
0.019568872790046456 0.022634229728618626 0.26784263741913705
0.02533433380405266 0.009146118199382755 0.25920963826460397
0.0253680671068601 0.009036505063551198 0.2592377527739339
0.025357746526772213 0.009056580776408934 0.25919075494121896
0.025310425228334772 0.009222579271378513 0.25918265229461196
0.025319927385647818 0.009216612620447772 0.25925615935130086
0.025386727957577362 0.008960859018083548 0.259200294891511
0.02528960689941397 0.009322043378810619 0.2592308524213097
0.025403760640431972 0.008883481880578125 0.2591736380780059
0.025251507813872448 0.009447018165703388 0.2591980144262125
0.02543318101601224 0.00875737447760526 0.25921577401772666
0.02541944028281791 0.008783392138510848 0.259131762244312
0.019454034198011703 0.023879548199168536 0.2692245368401467
0.01954335919509374 0.02376140352829368 0.26921655998988064
0.019518102427810678 0.023796354314496348 0.26914260097386355
0.01958892331148846 0.023682633712657383 0.2691379567352292
0.019652123395328524 0.02355022447782225 0.26904220111746713
0.019675607684644523 0.023483187338884676 0.26895849021818646
0.019708035114915295 0.023377561788920954 0.2688773385696456
0.019730658608318293 0.023276152177715663 0.2688267811359546
0.01974183751975725 0.02318785565741413 0.26877548276325436
0.02543699501405207 0.008694934650985326 0.25915755122862644
0.01975810474386442 0.02308508123512211 0.2688136529471992
0.01974887516242641 0.023103381185306852 0.26872905504149397
0.019758208407990474 0.022997589940988904 0.26877546966152793
0.01975140262272309 0.02302710351242887 0.26868875862769853
0.019737560645697327 0.023040699413384352 0.26860128965463254
0.019753674090661526 0.02293395189679516 0.2687393193282299
0.019748036922749634 0.022946817103081753 0.26866597503189316
0.019736109615295986 0.02295687854437185 0.26856909828888403
0.01972470005063753 0.022875588775907868 0.26854494322984085
0.01971223811330091 0.022886838380763972 0.2684403989358387
0.02544363184635182 0.00862555647517917 0.25912847596458927
0.019693788970665822 0.022814217919918924 0.2684086670669576
0.019686405877469303 0.02284669935449092 0.2683291956397464
0.01966410843339227 0.02275912056763774 0.26833755021818906
0.01965091424835936 0.022767984473117925 0.2682485195843547
0.01962558833437808 0.022700098289563927 0.2681954076585425
0.01962852593527599 0.022729216320676867 0.2681227367306203
0.0195976958769028 0.022642973178047903 0.2680988527956392
0.01959301090955852 0.022653903516093428 0.2679964482928516
0.019576669168407206 0.022633032265948094 0.26791853823051354
0.019558657345569976 0.022581922316204654 0.2678642984971505
0.019554600569688874 0.022599353768770758 0.2677991822416462
0.019533100236840538 0.022535790800519546 0.26774866572301614
0.01952157246263358 0.022546616603501542 0.26767082381713225
0.019508412324336956 0.022469761794764558 0.2676667702959446
0.019495161173847007 0.022496247175016654 0.267548354445048
0.01948770375302374 0.022495690327879115 0.2674917067010864
0.025201681097793832 0.009600610927081112 0.2592616715932653
0.019484075259818545 0.022426401943550046 0.2675347260389954
0.019472072999417417 0.022425922573191537 0.2674412178374871
0.019456759735133354 0.02241361005418145 0.26734342251033594
0.019447999244695577 0.022336890168840735 0.2673176654918634
0.019436022811452472 0.022338053080016573 0.26722603802008577
0.019410483921590314 0.022311474524693165 0.2670770697617166
0.019412784583050364 0.022238174762618947 0.2670763001275717
0.019399128539140057 0.02216183963350141 0.2670241742805539
0.019386584258451824 0.022160195571576117 0.2669279276474575
0.019379364164410127 0.02208607423957075 0.2668928699623688
0.019367935602962617 0.02200190431746758 0.26678450472487825
0.019344208089631252 0.021866849185212582 0.2666246881222904
0.025300500421644813 0.008092753517647593 0.25904279807008285
0.019336039817435504 0.021712683468990912 0.2665586414034379
0.019336656406944385 0.021616909773274094 0.26654951651296593
0.01932401087158889 0.021540994404217237 0.2665040824500116
0.025461371521922616 0.008502851977699323 0.25918932807062417
0.019305090795159213 0.021470405968559904 0.266469409544749
0.019282471587514022 0.02135297660566909 0.26648348704014285
0.02545028340783408 0.008413795691177155 0.25914417988730704
0.025437742996961436 0.008441883886937077 0.2590761847150218
0.02518621665315106 0.009662445245215118 0.25931905072756334
0.02838783428060714 -0.003413835770460583 0.26328653315974127
0.028405403596590568 -0.003435660200257133 0.26337362695630523
0.02846120258282521 -0.003338270935357785 0.263251139967945
0.02847808917734234 -0.0033614544765187375 0.26333941228379126
0.02853094806139353 -0.003262407441851106 0.2632187466681403
0.028547904629738722 -0.003285944084443918 0.2633071587088668
0.028562520856914474 -0.0033073398613499404 0.26339739437162674
0.028614862341739895 -0.0032078144836829607 0.2632768311572265
0.028630373519102255 -0.0032305864435725152 0.26336620974090075
0.028675990023305637 -0.003130447000013672 0.2632521500223846
0.0286927051198401 -0.003153684847573698 0.2633406415168268
0.028705492771753754 -0.003176055048488861 0.2634326770157908
0.028748879021547498 -0.003077406004187701 0.2633209404148612
0.028762235553048247 -0.0030997685192627163 0.2634126181192706
0.02881374637870677 -0.0030226156366385953 0.2633965120662855
0.028862801127178393 -0.002945531646242259 0.26338340286810386
0.028909644208275805 -0.0028680111299153356 0.26337157759847846
0.028954774058412926 -0.002790006874060925 0.2633609689371492
0.028994796654614345 -0.002711942518297265 0.2633549828990187
0.02900328572316508 -0.0027325786081569634 0.26344776561944894
0.029028969692644072 -0.002634079287965011 0.2633535314741855
0.02908974524332583 -0.0024787306589226215 0.2633613584655605
0.029116815590349367 -0.002401663666338438 0.2633682101417096
0.029138265343206335 -0.002295861190729482 0.26331087306855966
0.029143404801995162 -0.002212236591471657 0.2632243361408217
0.029157740639115845 -0.00221991980435658 0.2633010047563943
0.02916390668828824 -0.002127549931679427 0.26321428342419034
0.02918175478246204 -0.0021333628236649446 0.263309020023882
0.029191195785809716 -0.002044557083894297 0.26323462604872544
0.02920021828840891 -0.0019519858294575476 0.26315071617863367
0.029211974045582883 -0.0019648572081260906 0.26322205567389706
0.029212985569665673 -0.0018632631028700952 0.26307962609271296
0.02922291839092054 -0.0018685769909111433 0.2631358646164828
0.029240764178551655 -0.0017630707718817458 0.2630853021035909
0.02924445277474997 -0.0018011943637360243 0.2631686050909457
0.029260665035036694 -0.0016889690548511096 0.26310055338367766
0.02927631524600725 -0.001613559264301699 0.2630964417312286
0.029278002883743607 -0.0015615065789792372 0.2630528645763238
0.029282926197361375 -0.000559031546579616 0.26289196815157095
0.029275639937064783 -0.00048471273101411056 0.2629021927280332
0.0292557428045939 -0.0003788879715356868 0.2628666775974439
0.029227678697292588 -0.00025845854952444313 0.26284738077917186
0.029237866751841993 -0.00026857336984357355 0.26291243608836656
0.029197155010302005 -0.00015608455148262337 0.26279205609067374
0.029212664744439964 -0.00019211776854859944 0.2628499251256997
0.029186969153370216 -7.632946154049981e-05 0.26284172498181185
0.029203571113157287 -0.00011978082323279475 0.2629125316933462
0.02914816010926292 2.379023233664633e-05 0.2627659405164287
0.025438888677858755 0.008341563700835056 0.2591361305954119
0.025419929542165886 0.008345965541041903 0.2590663938341121
0.02901160756419199 0.00035014823709522116 0.2626192621520914
0.028938883525171943 0.0004819000314489094 0.2625258960076214
0.0289573147014964 0.00044862381601216733 0.262592406143131
0.026751978467073216 0.0026097918104481714 0.2605903198458986
0.02676918919530043 0.0025879643515714676 0.26067982783086585
0.026778220164000714 0.0025688108684770155 0.2607760107456151
0.0267739391754522 0.0025526076574419916 0.26088554370864087
0.02675851385948807 0.0025397010076277605 0.26101533957497713
0.026831442103824363 0.0026839015657941752 0.2605495023901126
0.02685139450414319 0.002661171677345837 0.2606366149930621
0.026862983679240837 0.002640122441131337 0.2607312054882259
0.02686143025188348 0.002623171962540923 0.26083745615005455
0.026847719119944324 0.0026090428096916573 0.2609664453197577
0.02681554394583414 0.002584417627671974 0.2610524889295232
0.026928133279250813 0.0027353467917099533 0.2605984165938281
0.02694321514589986 0.0027144636276811226 0.2606892686232965
0.02694531652058067 0.00269580402885796 0.2607920343417837
0.026931660507719203 0.0026807406025487718 0.2609084799316554
0.02692269854141462 0.0026772511837280877 0.2610199631856276
0.02700014979224594 0.0028103427972000685 0.2605650905737152
0.02701760003347597 0.0027897878720810143 0.2606529952211143
0.027023959645759595 0.0027697743358231315 0.26075178496601764
0.027012672866169648 0.0027521608177862285 0.2608672369936691
0.026993830453142756 0.0027406187832125168 0.26098338500402324
0.027066168728734005 0.002885908408954721 0.26053716088798273
0.027085034001543322 0.0028643331629535033 0.2606240128099064
0.02709354578983311 0.00284442134316258 0.2607201217168438
0.027087737894027773 0.0028255071553352326 0.2608327850726662
0.027069888788740948 0.0028122271709128876 0.26096793844463373
0.02714595369590129 0.0029397948901225563 0.26060071244784927
0.027154691393359708 0.002919680411582994 0.2606963821572467
0.027152570069624325 0.0029003544358083963 0.2608043200377428
0.027145170647654423 0.002891608835881941 0.26093918207516037
0.027184433259676954 0.0030344721307383345 0.26049542273049264
0.027201115807888296 0.0030144586719785898 0.2605836173116961
0.027209484538116866 0.0029946093829728493 0.2606792337510793
0.02720866160536545 0.002975461205389537 0.26078280682130955
0.027237235405790795 0.0031095972297301025 0.26048061943804657
0.02725318805409864 0.0030891296610661215 0.26056990063340685
0.027260894497950952 0.003069131489948585 0.2606659784954516
0.02728626974171327 0.0031855194618633184 0.2604695478858268
0.027301179621682974 0.0031645634069890024 0.26055971712139747
0.027332217850692574 0.0032616366271781107 0.2604603556431372
0.027345960691455545 0.0032409087796416137 0.26055101328519936
0.027374518942962833 0.003338450497239898 0.26045372560098995
0.027386535548577413 0.0033179997229926955 0.26054566165714965
0.02741303891713381 0.0034165558865204494 0.26044995844620117
0.027423465344418984 0.0033948656941551964 0.2605410430473653
0.02745160743353159 0.0035011562837727354 0.2604573832847601
0.027453310429559022 0.0034675696155954923 0.2605355363968242
0.02747366378085987 0.0036113744308092985 0.26035887626518106
0.027473823558704397 0.003576333430517094 0.2604318918393387
0.027485974699243937 0.0037012600777991244 0.2602448873220605
0.027498370263539896 0.003673418328453553 0.26036708369344347
0.027498230413061948 0.003653436995562646 0.2604374058050282
0.027500301952314805 0.0037907315060502385 0.2601697493559838
0.027516553273611896 0.003762028783624015 0.2602956801166477
0.02751870470376918 0.003749508711854041 0.2603691473539114
0.025143438103127407 0.009771532500472888 0.2592610327493305
0.02753096599426426 0.0038667751127040716 0.260200134968013
0.027535595471001064 0.003848295667287513 0.2602912578885228
0.02425897113472327 0.01213976870336028 0.25997247393160433
0.027534597783266532 0.0040333050460924415 0.26014876994105585
0.0243170309981267 0.0120223820158738 0.259945571218683
0.02429126501423386 0.01205972694134241 0.25990206995530163
0.027521268979357257 0.004194856136332029 0.2601932386764633
0.02435051248527868 0.011949822969227314 0.25988812668136374
0.024330201810496173 0.011972255590471163 0.25983764180249874
0.02750347100608403 0.00431374208187432 0.260180619520395
0.027521669095271095 0.004279782289613532 0.26026434804993875
0.025070069447742867 0.010009528018849191 0.2592588523503231
0.024400759632057713 0.01183599107668489 0.2598410649880155
0.027484054521966086 0.004405055426325364 0.2601407169519355
0.02750333888895693 0.004375218127451316 0.2602176581956587
0.027479448687256446 0.004485838804512988 0.2601810756510626
0.024433431193006085 0.011749681150310777 0.25981752220325066
0.024418548082360835 0.011773740873857057 0.25974601418747345
0.02743636363917398 0.004624472781951714 0.2600559818361426
0.027450025063922308 0.00461660377738496 0.26013871514044606
0.027463671195867404 0.004565571448262751 0.260191705269407
0.024473347858649564 0.011656668206540651 0.25976964722549484
0.024455770832173852 0.011691478077434963 0.25969433957164356
0.027408997460032367 0.004724658387841953 0.26003264595793757
0.027422674761853418 0.0047047530238520825 0.2600813662309184
0.027400875377941978 0.004807850635222875 0.2600622873134774
0.027412770855864375 0.004760357578449706 0.26009814607758514
0.024520980541642243 0.011537876317934884 0.2597949660724747
0.024499247456087045 0.011569657780852468 0.25972546182435224
0.02735456370801222 0.004944773564989319 0.2599191001260879
0.027382704477985433 0.004889887123864074 0.2600079619066571
0.027350189966541094 0.005006777555270803 0.25993258194253477
0.02454314467500949 0.011460260338569906 0.2597429859047249
0.02731618317387564 0.005115973338216644 0.25990022172715443
0.027260220129501994 0.005267853385181001 0.259816561684132
0.027288467425343736 0.005217006997205827 0.25990705806642156
0.02458737358581507 0.011371438556885367 0.2596364489409642
0.024580533464374107 0.011388871960567622 0.25958773742513147
0.027252435702315014 0.005320041291853356 0.25987801624206314
0.024611665581570123 0.01130182587689176 0.2596059551526403
0.024594493269198346 0.011338585564758936 0.2595319455050548
0.02719338839829925 0.005435783041121159 0.2598082193906663
0.027145910170755294 0.005538439599635964 0.2597809780800668
0.027165625136473456 0.005514164631195933 0.2598584992935117
0.024649183974527547 0.011198704143858451 0.25955568180715677
0.027107601776967073 0.005642204622063368 0.2597850336424204
0.027063025581230717 0.00573413680358825 0.2597538699155292
0.02707603086452718 0.005724362574608827 0.25981919096844663
0.024674982017422572 0.011121218209000208 0.2595033898863474
0.027016474497827552 0.005843750102283044 0.25969962596302537
0.02703244574759231 0.0058180205842701385 0.2597917835003394
0.02693910721790405 0.005992793437043047 0.25963029471494153
0.026969562014461438 0.005948840170416253 0.2596762836605642
0.02472490027313418 0.011015344737920105 0.2595117560006278
0.024709711319283706 0.011040113222329605 0.259470227366398
0.026893848166458588 0.006079969305792219 0.2595971773000353
0.02691010518866774 0.006078333890603816 0.2596884199367027
0.0247504563298954 0.010942328660833103 0.25946504966969014
0.02686133104232154 0.006175451357943304 0.259652844529667
0.02678623866406442 0.006307058723391573 0.25955823826038493
0.02681192359261288 0.006265758032508033 0.2596105545989228
0.024779467426701608 0.010851263577458763 0.259394070694267
0.026736757393602085 0.006415221804588015 0.25954516494636304
0.02668485729925997 0.00651693348939134 0.25951584654460313
0.024831117116067628 0.010740564555873314 0.25941210964679784
0.024812136731279546 0.010766307807806998 0.25934143726058395
0.02485917562317765 0.010647686032693069 0.2593773155523188
0.02541470645747243 0.008253968139617852 0.25912568796297414
0.024883413667709388 0.010572659503436093 0.25932480018309295
0.026512572472305346 0.0069042898453717015 0.2594567834259688
0.026445783929651752 0.0070499547157571296 0.2593957694127767
0.02646368828111808 0.0070274545808129175 0.2594777457515951
0.02492604274558263 0.010462202504554227 0.2593346993203122
0.026419210060756416 0.0071121210630342045 0.25945185821788225
0.02637061142976408 0.007198569298912659 0.2595021730087412
0.024947240336579003 0.01038995944503484 0.259275498665863
0.024972688274606556 0.01029687175272218 0.25922984189319936
0.02510418833368891 0.009889888517867327 0.2592000689170565
0.0251119798295574 0.00988227217968789 0.259264171024548
0.025400825944673012 0.008210197028457326 0.25912952715458076
0.02537304611374925 0.008207275610094666 0.25904647325696833
0.025005033985556698 0.01020193651972224 0.25927480081576637
0.025341941634462094 0.008086822636549282 0.25920225068194497
0.025032267323939025 0.010109306776083085 0.25920951740995835
0.025344400754935433 0.008098414993775057 0.2591584575069008
0.019436019181666618 0.023898752143292883 0.26928960413389824
0.019481471327557048 0.02385102970221727 0.2692236693991089
0.019575702598207415 0.023709161954603385 0.2691886310612691
0.019607976218812863 0.02364753642547 0.2691201581354367
0.019623733801342174 0.023605434702112335 0.269038839066436
0.019757271913721036 0.02297252712325755 0.268724173237229
0.021127802893398134 0.020351087113475236 0.264056468965003
0.021192149478940398 0.020195468898963752 0.26400718789722505
0.021444712612411983 0.01957406066365137 0.26337315803192146
0.019274287279278976 0.021305768469431906 0.26653385192048346
0.019245123806880086 0.02125623839909577 0.26650179278434205
0.021541854922922966 0.01922461041276762 0.2631092651357195
0.021546426615270096 0.01918591220764162 0.2630355639420446
0.019217960674485186 0.02119583856311366 0.266495836363283
0.02156929672666073 0.019090020881140684 0.26305121631588596
0.021579078248778586 0.019029868314550284 0.26297136290733225
0.02158551669274198 0.019009072309419478 0.2628812191781553
0.019199892015680443 0.0211304690267801 0.2665385306660473
0.019167382533765178 0.021093422021499723 0.2664691662285786
0.021703175918206568 0.018654792346359875 0.2625327091017765
0.021696123224428997 0.01862027427474049 0.2624471146355877
0.02171651875438013 0.01852500046981924 0.2624673174065324
0.021714190647676122 0.018497364725025004 0.2623989071527041
0.021723129523114514 0.01846227763447656 0.262312143870247
0.02173970649797328 0.01840739474838173 0.2623453871976741
0.021770696098342986 0.018244533497725448 0.2622918383825277
0.021772982250354504 0.018201181309643613 0.2622110675815071
0.02180571300082563 0.01814906836021156 0.26231262034008657
0.021809810850927515 0.018132025174753104 0.2622312904049214
0.021791271433724613 0.01809254636174912 0.26216388042469907
0.021820308576048355 0.01801727819416607 0.2622596419112913
0.021810632986848252 0.017939798508735144 0.26227714094324045
0.02179067380910346 0.017922299669791017 0.26223697526187734
0.021732520210506867 0.01788105789458255 0.26207443513345385
0.021679437924987627 0.01778621933803551 0.26203406967103693
0.022394152173403264 0.016634074315080308 0.2621355294157201
0.022432244633645487 0.016585972583426086 0.2620610082168264
0.022450403874845544 0.016553923027803914 0.26198378706918235
0.022493933579015017 0.016499488010959747 0.26188051825687153
0.022535241320462418 0.016438445742999724 0.2618032050896953
0.022554197496189386 0.01639814942627633 0.261707981366494
0.022608424670931444 0.01629511909960732 0.26172669142811783
0.022697551621123416 0.01610957598291659 0.2615649772506373
0.02271560957593659 0.016075391987340974 0.26147436846290434
0.022766790024284174 0.01596676019980668 0.26149296764417795
0.0227848768565498 0.015926347306122267 0.26142722662865
0.022824091722744733 0.01583710283669954 0.261443316359747
0.022830426765558243 0.015816619800248993 0.26138719266376825
0.022843928563567654 0.015766408957028008 0.2612961881618271
0.022877219182582318 0.015701491822755202 0.2614011028689153
0.022889569184108637 0.01567021855995973 0.261316560225259
0.022939565271559444 0.015534598939661425 0.26125164337051565
0.022954347186868368 0.015491886064782833 0.2611648168549839
0.02298932469468851 0.01540797103197438 0.26118987518125386
0.022998500907747493 0.015365993107706274 0.2611274248867147
0.023003822840908683 0.015342677634748367 0.2610259374286315
0.02302955578208653 0.015280460289368717 0.2611362508805412
0.02303924114483022 0.015246214548825462 0.26107079767051183
0.023042380612495205 0.015226134086453635 0.26098688762836114
0.023072529858561525 0.015110321246868492 0.260998743515036
0.0230698070742849 0.015092044688802276 0.2609294562472948
0.02309171616082367 0.015043703059254747 0.26100931488602425
0.023101858043636743 0.014987463734987326 0.26093306180727366
0.023100993615502278 0.014954840454343284 0.2608606062807486
0.023129840123046707 0.014878367999047784 0.2608894684702632
0.023158296480853248 0.014792688010274552 0.26091669392203537
0.02315360085731826 0.014755292348976263 0.260822329262148
0.02318984726044951 0.014646078959275834 0.260843208121556
0.02319467333478819 0.014601551922399923 0.26078267373881747
0.02322583038794645 0.01448575239467917 0.26072438664403536
0.023251467898596178 0.014410685188747436 0.26073922728894317
0.02326481310031271 0.014336925731577844 0.2606636316986671
0.02329693605611838 0.014261283210042688 0.2606900382422901
0.023292626875163206 0.01423797001002579 0.2606026744570901
0.023327346372599058 0.01414523222462652 0.2606312806654554
0.02333173593285297 0.014110360584648738 0.26055034962205403
0.023358177216105735 0.01403526332626043 0.260592730425757
0.02336707676715706 0.013975429799569953 0.26050342750713235
0.02339076255156932 0.013903339820220842 0.2605455133550414
0.023389574112977023 0.013853409653203558 0.2604459007888896
0.023417105840936252 0.013775108105133571 0.2604842684070775
0.023414734246887548 0.01375020923690695 0.2604152393515813
0.023437619228870894 0.01365203480513263 0.26043579988283416
0.02345117758823504 0.013583304020030253 0.26044357395323303
0.023478086566214182 0.013465045159940979 0.260486927742162
0.02346349278665713 0.013478543471451082 0.26040410323561586
0.023494035486633588 0.013379283017278502 0.26050466658438476
0.023486898822499335 0.013359251591289197 0.26042139404570674
0.023498463515545673 0.013285540384258106 0.2604517726110574
0.02348159064621664 0.013245204997352142 0.2603748383986175
0.023456264118854424 0.0131495369792006 0.26033144440808054
0.023428952327950454 0.013123442511980608 0.2602683934813773
0.023448876719350614 0.013090220054083954 0.2603795649247369
0.023401970551502997 0.013035471728127229 0.26029375409312
0.023363796819735876 0.012997432206046695 0.2602371832979792
0.023356224588048813 0.012935071528727393 0.2602828939371298
0.023320195537799616 0.012927417658521238 0.2601897873841434
0.02631803305976093 0.007294696837967711 0.2595491358796396
0.026332360246034758 0.007264468776339846 0.25951368764803784
0.02639570713953811 0.007156201094835224 0.2595026967779585
0.026446278277274478 0.0070603492545735615 0.25943931595320446
0.026486291908522516 0.006974307392826884 0.259476818854979
0.02653263850384978 0.006855049377687464 0.25948152220767484
0.02657719521978349 0.0067517364933072895 0.2594930152832535
0.026658627920751056 0.006581991585236299 0.2595371231906748
0.026659366595058912 0.006564526645356216 0.25948315726035537
0.026708566859089285 0.0064586720021147185 0.25949664836570463
0.02674674768093565 0.0063845330108838584 0.259521267157763
0.026785669872299443 0.006315931811963469 0.259605668616436
0.0268863030664794 0.006127141224289938 0.2596703083807845
0.026873830691269474 0.006120342978770155 0.25958457110642563
0.026924664071361903 0.006052271040354476 0.2597024269589265
0.02696558593782952 0.005969642322667602 0.25971832335343087
0.027007202510309206 0.005871698036788811 0.25971894000466145
0.02704176243127703 0.005789791724565804 0.25974606455038524
0.02708230747693538 0.005697148739864812 0.2597835914202022
0.02712966106070349 0.005595778989046456 0.25980029842541963
0.02716275680515341 0.005511491718246829 0.25982261591139955
0.027199697928026508 0.005433540333186673 0.25985073576040485
0.02723696904906821 0.005357788726801344 0.2598734210280103
0.02727152060302655 0.005267294095186762 0.2598833849764245
0.027299243682901205 0.005183499975350559 0.2599101818236857
0.027325813145938224 0.005093226774417781 0.2599298707755948
0.027355968436927565 0.00500812397706965 0.25996936981999924
0.02737176212534826 0.004944984848852688 0.25999302873151414
0.027391048033899083 0.004844427850056839 0.26002718994086843
0.027409147203443014 0.004751755017654577 0.26005639463221014
0.027430880861813063 0.004666979807480428 0.2600714911892277
0.027448597140307365 0.004602185770371784 0.26010016723378543
0.02747172056426998 0.0045315810684733405 0.2602092733868386
0.027468031253659063 0.004523365398057885 0.26014545934177924
0.027489953787991413 0.0044543401096429165 0.26022919724268245
0.027487427502057935 0.004434904148686874 0.2601757150587227
0.027499936095693362 0.004359118037034558 0.2601809141419007
0.027516471896316907 0.004271795800750988 0.26022589983127153
0.027513145096948955 0.0037155444448774147 0.2604275356356189
0.027502580042003493 0.003648464954935809 0.26050246297404195
0.027487680414957985 0.003576606634167661 0.2605194800434219
0.026862764354701075 0.0026259670967751342 0.26108479229782566
0.02763720185208397 0.0018011081466207403 0.2621089103150472
0.027770065547924393 0.0016809929620028444 0.26207053901650496
0.027845109680348243 0.0015973765405247272 0.2621791080601958
0.02785949850316449 0.0015674848848128966 0.2621116130841104
0.028276079042578534 0.0011828218080812453 0.26221750962692886
0.02837079739561658 0.0011025162998012446 0.2622593390010294
0.02849575788402393 0.0009957249625551024 0.26226086387026665
0.02868625129930348 0.0008080836437047566 0.2623631307544239
0.02877667967698871 0.000732620447504396 0.26247531848783723
0.0288360310887565 0.0006531839997950431 0.26247405622935194
0.028884276633902122 0.0005789377176347731 0.26255847216125466
0.028932929001222962 0.0004997943204512156 0.26258921873075963
0.028980298201988462 0.00040045175148465675 0.26258970319949704
0.029017010275646956 0.00034584858982334907 0.26269253142220017
0.029020806459412594 0.00033052459891778007 0.26263093711896085
0.02905110606106053 0.0002746684254368377 0.2627490479809679
0.02908726272640674 0.00019942521583096056 0.2627677332334212
0.02911882460202942 0.00011471052904299785 0.2627903342013118
0.029151162130819634 3.098641613038535e-05 0.2628051333921254
0.02918301023532289 -4.1480017992127525e-05 0.2629039573419813
0.029179971470722803 -4.5930575604891024e-05 0.2628558001042425
0.029201705582074914 -0.00014040369451350952 0.262855224598027
0.029225831322721968 -0.00022926290838601294 0.2628838309128578
0.0292490833161708 -0.00032058546004016825 0.26291775790742
0.029261952049969904 -0.0003833238770262113 0.26291469403332113
0.021715723643437428 0.018487180146290843 0.2623228386751329
0.021605400499744746 0.018937124038189413 0.2626908437514688
0.021632986338820465 0.01886556286621282 0.26264100624904513
0.021656180970493523 0.01879784553928334 0.26260327422690116
0.021681976714233067 0.018719855743147124 0.26257169620284077
0.02170701414949058 0.01863866415128819 0.26254442094212455
0.021712729460052003 0.01857448470246368 0.2624823620058319
0.021720122026750194 0.018495989832664563 0.2624487421014176
0.021737568837379654 0.018428952276402625 0.26240577497038353
0.021577330571790048 0.0190546935576992 0.2628300381882357
0.02160888921391435 0.0189576694740935 0.26280211673398
0.022715223227654523 0.01606581059136738 0.2614081485430448
0.022756422859515346 0.015983743786555878 0.2613720067890396
0.022790723017736183 0.015903919718686124 0.2613334101838167
0.021495913151291308 0.019356245818287883 0.2631140471889261
0.02151696998690267 0.019289612559190972 0.26306949444651717
0.021539295098864434 0.019206987811627677 0.2630291029985857
0.021555034941793887 0.01913230011109151 0.26301366687105415
0.021585512859349384 0.019006386862982703 0.26291959840773
0.022638464985531737 0.01624001582647798 0.2615883640205329
0.022671849749157126 0.016163291091253376 0.26153613800630265
0.022709702395560277 0.016087702859877897 0.2615285466073667
0.022750907127923974 0.016004802826649706 0.2615005718236927
0.022782003327983236 0.015933280791986797 0.26146025507407733
0.02281399731591707 0.01586133094746063 0.2614071411624462
0.02284635778633572 0.01577290919754383 0.2613708360141069
0.022871036158612943 0.0157172190910621 0.2613486238174168
0.022903406466646656 0.01562600898561455 0.2612987336818983
0.02144382720648326 0.019542669693775407 0.26328436753768586
0.02146961619085188 0.01946517388871242 0.263277334189772
0.021556741753174305 0.019177857196683294 0.2631285364634069
0.022580930170753116 0.01634520491140971 0.2617384185256289
0.022625236246702613 0.01627029114134381 0.26169435174802425
0.02265857413484243 0.01620009278723687 0.2616597514749753
0.021356451156311306 0.019789634689599402 0.26352082385330045
0.02138438440718607 0.01971732693979869 0.2634799244338141
0.021296847379218928 0.019965576528741435 0.26371125321525823
0.024242895246643314 0.012167322659610165 0.25993547932365363
0.024275002873501237 0.012098141438955597 0.2599139006210445
0.024310099606679337 0.012016093810894106 0.2598758545141515
0.024360667272155172 0.011921550980736452 0.25985311037701453
0.024387089107812225 0.01185424719284927 0.25979540339705076
0.024416125359760142 0.01178561985114523 0.25977609838621274
0.02446127753483066 0.011688466245561148 0.2597344841241334
0.024479680876521425 0.011622483470610663 0.2597198141198919
0.024565976807899303 0.011416696477002813 0.25960036553811106
0.024593328042697822 0.011353393068837815 0.25957618663264176
0.024625481269125157 0.011257863465684729 0.2595363567612921
0.022377984850260157 0.016654216607105414 0.26218522036292746
0.022430582548151546 0.016586298959457603 0.2621370680160011
0.02406574638941174 0.012412950331522 0.26013645187992124
0.024139345911159182 0.012324456643459422 0.2601470842865928
0.02419228493753062 0.012258618145280124 0.26010006821971837
0.02423410975259737 0.012194643759390953 0.26004981811628824
0.02427446931794537 0.012115591708166585 0.260019333167836
0.02446463583311594 0.01168076763752561 0.25983402056653987
0.02449842117066494 0.0115943775523241 0.25978399188031315
0.024522740769900745 0.0115141879125713 0.25972550328425104
0.02456423174404774 0.011415682532375076 0.259702509003729
0.024674659707935375 0.0111420164623439 0.25957494798144815
0.02470500428287938 0.011058425672964183 0.259525189101815
0.02476740413252078 0.010893542324072376 0.2594678277862534
0.02479204129759418 0.010821439166481586 0.2594357870721136
0.024808596437100244 0.01078825412492399 0.2593970780593033
0.024837605088906853 0.010709865119870841 0.25935166441259727
0.024860447989812563 0.010627655137741974 0.2593106411702024
0.02488849134619709 0.01054349649805934 0.2592862264977807
0.024918563493580837 0.010457534140982924 0.2592549114260484
0.021170843349067277 0.020246398728019397 0.26405093148123676
0.02229745913395115 0.016770636716176904 0.2623150841339212
0.022357498859105474 0.016685656083082527 0.2622785445238757
0.022413302989577024 0.016606526085223457 0.26227424862337223
0.02494577301967517 0.01040837408664712 0.2593393406250699
0.024964415836177034 0.010344623331084796 0.25930110482694696
0.02497866620917412 0.010282630715864058 0.25925863039902214
0.024995196618624514 0.010223864168004446 0.2592332380120513
0.021121454487013944 0.020341204653022603 0.264197890530939
0.025021208586970385 0.010158866291162904 0.2592959877499699
0.025037789687986887 0.010106069122797224 0.2592550859517007
0.025054299182736918 0.010058501815257345 0.2592558065323675
0.025095693194742162 0.009931052789255124 0.25927420747096325
0.025123670139664274 0.009836590791394626 0.25924100851144594
0.025138785475785654 0.009795055917267462 0.25932718499283847
0.025163133159617823 0.009715518123422778 0.25928739172528814
0.02518312696271648 0.00965298429940869 0.25925072806355304
0.02520687754095895 0.009603750411162064 0.25932311405999753
0.0252271183247748 0.009533009203837636 0.25928717238145
0.025251060878279486 0.009462630222244939 0.25925244577232043
0.0252736330870477 0.00937907294303528 0.25920805454590806
0.025306897686184632 0.00926541534193017 0.2592550968976274
0.02532211731671987 0.00919376168481332 0.2592165734454437
0.025338556628749866 0.009116191111998963 0.2591657442594063
0.025378302191368347 0.008995713285783588 0.2592257654801748
0.0253883733758734 0.008939783084890178 0.25916719142132033
0.02542377697062365 0.008806269935269923 0.25921389957111496
0.025429982713677475 0.00874260172035195 0.2591674820866687
0.025445303692028902 0.00871105284618966 0.25924528626754256
0.025450175450362728 0.00863955158422414 0.2591981508285602
0.025455089616118667 0.008568780909929082 0.25916996408460585
0.025451669967048927 0.00849074253901219 0.25912274576120403
0.025434955218972186 0.00841576010430254 0.25907071343777194
0.026438652752368706 0.007082020470257213 0.2594880046652505
0.026750818546456775 0.006388691413586189 0.2595663234419071
0.026965756432211642 0.005969769861470405 0.2596939741036371
0.02702426401306182 0.005838643928682733 0.25973991542744945
0.027067353619954385 0.0057367994936247495 0.2597910261486884
0.027122101066377434 0.005625998941516113 0.2598379782589985
0.019214690174464553 0.024151231719336048 0.26915465563908636
0.019273268499495563 0.024087765625367408 0.26923086312397415
0.01941717531026746 0.02392093129140645 0.2691881352100859
0.019472837837730992 0.023856140948925394 0.2691708127201504
0.01958933503306045 0.023673972768366063 0.26909071245378346
0.019321434084067925 0.02402342892608681 0.26932740633807273
0.01939683058425469 0.02394671547716212 0.26928311422349605
0.0194651105945778 0.02386734612167891 0.26925911744661984
0.027356278575457523 0.002056605225156786 0.26210550191233833
0.027454510375010167 0.001963830264014195 0.2621028350524533
0.02754239841229331 0.0018844547962383038 0.2620739135480339
0.027702643191018544 0.0017487785594934159 0.26213591672113046
0.02776862336915798 0.0016842202559139707 0.2621280096463468
0.0278195310830502 0.0016158219943897783 0.2621194554668576
0.027887438278285673 0.001551868324186909 0.2621842165964248
0.027950049422403273 0.0014857768979560926 0.26216784500483903
0.028034239541719626 0.0013985217236676128 0.2621554711748178
0.028166803254586405 0.0012781288186692235 0.2622158333836659
0.028261214877712798 0.00119039743077251 0.26218611983967754
0.02831077918588732 0.001152657647152505 0.26226667545703286
0.028424614949553065 0.0010557479176834458 0.2622592695577048
0.0284680051019034 0.0010120174889357355 0.26221622101788566
0.028548236550781453 0.0009494892595837126 0.26232298075207905
0.02861441348575414 0.0008741828118554718 0.2623032378974688
0.028612194148421328 0.0008928146390174156 0.2623690409267183
0.028671710612596775 0.0008292419183653346 0.26238116322356947
0.028791067391100014 0.0007071930294610309 0.26243214635453005
0.02883714362490068 0.0006553775844884377 0.26254978225228676
0.028875742989003462 0.0005881420659969668 0.26249852722088457
0.02891280873129186 0.0005341393056293701 0.26256077967080654
0.028948421042697247 0.00046497123309342456 0.2625465254076537
0.028933725302635042 0.0004955197684188416 0.2626528947867696
0.02897347055485495 0.0004227598964092 0.26264353394540174
0.02901173666157066 0.00034396060011251364 0.2626044108463428
0.028994868091378995 0.0003880159943330828 0.2627084108010532
0.029040095413792082 0.00029522567945802335 0.26266921576344987
0.029060667302287152 0.00025541709538475757 0.2627755800569784
0.02909070650409121 0.00018151809589291414 0.2627197245753397
0.02911147071365606 0.0001374408674216387 0.26282369615333795
0.02913461154883276 6.752446786459528e-05 0.26277895227084763
0.029155909990597872 3.432277061620815e-05 0.2628650800931712
0.029192984930619285 -8.605911979870902e-05 0.2628817056693281
0.026385655127553212 0.007172597466820674 0.2595020230266907
0.026290274057712462 0.007339044908579826 0.25956998449921637
0.026187367194638028 0.00748693067444203 0.25957843798888186
0.026242734289031087 0.007420697767083144 0.259608501482379
0.026045343699999453 0.0076241953191508996 0.2596028299954331
0.028810249939591127 0.0006942894618724941 0.26251257766669683
0.028863052123832517 0.0006127391699710463 0.2625439300227508
0.028905826311740046 0.0005485026702685831 0.262606882492558
0.027599878072713687 0.0018323997996631492 0.2620679993135514
0.027456799703547273 0.001958809024463795 0.2620758448703823
0.027535171222392796 0.0018945607733153232 0.26211949633265114
0.027580200672108375 0.001853338315011832 0.26214665690683014
0.024247882639895833 0.012159003228395299 0.25989828558933176
0.027381396309059294 0.002038575032842658 0.26211255956235974
0.02423699045660599 0.012182796708945164 0.2599991930282375
0.027197111871423273 0.0021626948565841115 0.2621198243747829
0.024123273193626234 0.012344326682363719 0.26004632276712697
0.02418039254682386 0.012272273856217295 0.260066757811404
0.0269703302067543 0.0022610945133520934 0.262095340839133
0.023990373944642405 0.012479843526757472 0.26005763901231266
0.024112403107923876 0.012359230351758645 0.260126236441022
0.02382282620471273 0.012583913566162537 0.26003322773125903
0.023906223210623374 0.012546830300255976 0.26011209656220535
0.02398284939595607 0.012487063398701774 0.26012687770897985
0.022685857623817786 0.016138528757347198 0.2615652602343597
0.022644060955260607 0.01623258570338685 0.2616391426754349
0.022670951903798565 0.016171896306979384 0.2616357003723653
0.022552199872566743 0.016395308048501048 0.2616595911787262
0.022593623564566807 0.01632577079228266 0.2616966019168802
0.0225496952339817 0.01641069991578451 0.26177991011907675
0.02248789332606479 0.016502934323811363 0.26193084828838376
0.022425724211281833 0.01659277664416548 0.26200084844081567
0.022475401255871948 0.016511283595913043 0.26202005615091656
0.022407834413870908 0.01661936220524971 0.26208573036934246
0.02245695480266928 0.016542734255966016 0.262087933411074
0.022405459261252744 0.01661931484727948 0.26216455510218223
0.022396993862848 0.016633746971588512 0.2622293814958641
0.022327227006165292 0.01672480246325267 0.26228339963861635
0.022135439896428973 0.016932954284207994 0.2622681667343639
0.022209681483233122 0.016882511569340737 0.262300025320422
0.022265817388796728 0.016817006189397583 0.2623501088297345
0.02210121566833809 0.016951257843258523 0.26233662421414267
0.02218159781687955 0.01690515916603341 0.2623868632582614
0.021647562159617946 0.01883765774002964 0.26266663328127243
0.0216121095794125 0.01893550088627953 0.26273094185526297
0.021593319581150332 0.019022480467589187 0.26282018095712145
0.02155250344328414 0.0191294255866367 0.26297768501834395
0.02157208710069932 0.01906286831554988 0.2630062410549689
0.02150416317538254 0.019317831394632272 0.2630402065547353
0.021533564876492526 0.019242105042633142 0.2630612784432303
0.021560010206252166 0.019148113366089552 0.26307191164944616
0.021480435674503688 0.01939434273203014 0.26311752540335354
0.02151452889088967 0.01931241154598436 0.2631598668103872
0.02147854289480793 0.01941496396193998 0.26322119363215113
0.021423537216107364 0.019621945919043704 0.26335262107237645
0.02139136489317653 0.019702331480911862 0.26341916024264767
0.021333562107470522 0.019878013671481058 0.26358263517430824
0.021353278578876707 0.019812946007014755 0.2635891492434039
0.021294884143564535 0.019965682535207332 0.2636558858831173
0.02132289994189992 0.019910775267475644 0.26367015386804415
0.02123810111933738 0.020069228668093648 0.2637063143634028
0.021276815075118843 0.020005134511006734 0.2637364142114934
0.021236760539185235 0.020096231185382576 0.26381644602372323
0.021199245868872618 0.020165354094526508 0.2638602109085377
0.0211585670993579 0.02025165021397186 0.26393758390434
0.021202217898127665 0.02017288237330317 0.2639765622822329
0.021113030757426172 0.02035227326821804 0.26400197470350917
0.021159856857996703 0.020275421873032683 0.26404568818384905
0.021113485312977888 0.02037227129756307 0.2641030757084576
0.021055342937407066 0.020439354103949953 0.2641711851215386
0.021102511901078865 0.02037332257642511 0.26422220309424294
0.021033195950134632 0.02046534842690925 0.2642478517976674
0.02107897585398976 0.02040330647525073 0.26427804400754706
0.017988149463318403 0.024689401829911785 0.26985767420909995
0.018037616763880607 0.024687687297402717 0.26975987831014003
0.02103439047812474 0.020469538297283433 0.2643504868009028
0.018197457174216915 0.024645000563636044 0.2697681653653384
0.018083285681749543 0.024682198265196936 0.26970270227874477
0.018258377126666784 0.024629736040007386 0.2697297167553258
0.018111056412493116 0.02467943224108493 0.2696340386921461
0.020987636003839696 0.02054591991902012 0.26441142118524535
0.018287891434893004 0.024629831282317844 0.26963953740492436
0.018352044158969117 0.02461460792390376 0.2695572635728014
0.01837407202731216 0.02461294230960062 0.2694857286747078
0.020921476074925872 0.02066683210121667 0.264571631221768
0.018546519208351094 0.0245517012737635 0.2694644326332606
0.01840599644276927 0.02460581171747204 0.2694078120156828
0.020814239139203633 0.020809947699976586 0.2645950923387169
0.020863405243965454 0.020757224143181797 0.2646123963151807
0.01865887797482984 0.024507564765154383 0.26946397002849476
0.01854228415229128 0.0245544165663722 0.2693976457933427
0.018705565537443455 0.024491077730700347 0.26939000966483884
0.02073549453252097 0.020883596827340162 0.26464468603949615
0.020798912430795225 0.020834119054519193 0.26468386542151207
0.0208658616603285 0.02076097344717265 0.2647122768785463
0.018802951097328498 0.02444532500919351 0.26935092720585024
0.01891986343969657 0.024384772142685585 0.26929498936570884
0.02073273889285116 0.020889076272572943 0.26473019065826
0.018950232349621055 0.024363700390409315 0.26922589719852613
0.01938324802549351 0.02395643122416748 0.26933999863663033
0.019328725531195273 0.024022714351855674 0.26927147050445543
0.01926134040322854 0.024095983416423557 0.26926710769501044
0.019201230269034447 0.024164858831572242 0.2691988574587086
0.019118689726886164 0.024237782458072597 0.2691638215699671
0.019385689726105684 0.023959633066380673 0.2692433323875847
0.01929426353267677 0.024068596638512352 0.26917602751032144
0.01923402117328153 0.024129667264916246 0.2691225217505835
0.020552084535369587 0.021001552521381712 0.26485321600230277
0.02059885587886649 0.020973110054369044 0.26485491043369047
0.017562223547946263 0.024742433150863247 0.26983204170995245
0.017517016732457452 0.024753559134691527 0.26975471542970303
0.017470258473457116 0.02476144029363695 0.26967616966820734
0.017422488139792233 0.024767994103609046 0.2695971081067733
0.017372645221583244 0.024772751257846372 0.2695171184712698
0.017653921299004935 0.024739043899006562 0.26980976727791406
0.017608700155889948 0.02475100065751321 0.269732418455419
0.017561683073438913 0.024760586562372427 0.2696539511272764
0.01751516592645899 0.024768002520552623 0.2695753729120949
0.017467600011437268 0.024773795470195134 0.2694964296915969
0.01778519119458161 0.024720654501521486 0.26986275082890326
0.017742839434458268 0.02473330712594908 0.26978615154751273
0.017698998789872 0.024745056000208376 0.26970936237486515
0.017652126569620463 0.024755613349106257 0.26963108028015026
0.01791316705617916 0.024698222538562346 0.26989398564419287
0.0178693569444859 0.02471141757619921 0.26983513605290127
0.017827276659754785 0.024724940248394008 0.26976043205987776
0.017785453999974363 0.024736568183952288 0.26968467269845253
0.017740543151489995 0.02474738730733344 0.269607183506576
0.01796102296618275 0.024698816780828647 0.2698015644991346
0.017911603852857443 0.024712290054809866 0.2697337102765221
0.018034990219187644 0.02468502181188993 0.26980215068587127
0.018003626822572977 0.0246974529171271 0.26970515549075647
0.018117512201680314 0.024668532925180998 0.26976024742202964
0.018064347748197884 0.024688586470184255 0.2696682112420854
0.018201151962521016 0.024649191374974615 0.2697073676249222
0.018151981130112252 0.02466712477764131 0.26966392998906313
0.018264300843323176 0.024633131895082077 0.26967661723697317
0.01822765337012666 0.02464850111366247 0.2696162075024221
0.018297117607755008 0.024630012981062203 0.2695972683935817
0.018265118144697806 0.024642818323054476 0.26952810182520853
0.01832183552260396 0.024629610130831127 0.26947762073962556
0.01840936124114631 0.024603134380592043 0.26945006276359473
0.027413381831491637 0.002003246187842346 0.2621125379827745
0.019081498494595853 0.021106119253124788 0.26518100943023254
0.019200999033454996 0.021129314684476076 0.2651594551434941
0.019309323334415734 0.0211493079742348 0.26516315880195424
0.019414662682353798 0.021169021158608504 0.2651362649246244
0.019516066392981635 0.021181078277248033 0.2651433172122685
0.019617669465701575 0.021183160009248813 0.2651188484606505
0.019700618431071872 0.02118361020268889 0.2650855752691916
0.019806823706417946 0.021175017722135477 0.2650677959956799
0.019754510768877256 0.02117626236072802 0.26500714695578126
0.019903378014456487 0.021167014599180013 0.2650606677825686
0.026256088812269932 0.007385496237643225 0.2595532816993828
0.019985697120267872 0.02116194402456267 0.2650284730144926
0.01995954743816054 0.021165053823334654 0.2649594428444415
0.020072269913893277 0.021148883819469198 0.2650055529240302
0.020010403211832294 0.021156227439348838 0.26492524577102905
0.020154550631607933 0.021131729689906932 0.2649823563072225
0.02010775192309513 0.02114041242443646 0.264897418469349
0.020228681364707034 0.02111560688731508 0.26497014662881674
0.02019164268024872 0.021125082503827112 0.26485394608043017
0.020303664559182172 0.02110045121077377 0.26492788892756736
0.020266726359734692 0.021109845500055905 0.2648581564950092
0.020373074155835048 0.021080906898934486 0.26489592697726366
0.020470808174694852 0.021043987117443534 0.2648606014780857
0.020427034265082106 0.02105884503218871 0.2647991992354016
0.020515322922504995 0.021020922085195612 0.26482668580597374
0.020582923895558377 0.020983092430848633 0.2647814826612356
0.02621136750343481 0.007465282647205771 0.2596184162454026
0.020653080922685137 0.020943303782638114 0.2647279482842586
0.020741147592717432 0.020878741817376367 0.2647728802647509
0.02069942157149004 0.020912257784540422 0.26468743854135074
0.020779966075963305 0.020849109299982557 0.2647325727533988
0.0207657003978568 0.02086087453455259 0.2646477742930138
0.020838822527254594 0.02079269097707276 0.2646661779796479
0.02614491341140446 0.007534418734629057 0.25958414460161033
0.02604772301707112 0.00761247584893448 0.25954374852314166
0.026092369222784056 0.0075852728460529635 0.2596192405528513
0.02595166119008349 0.007669669450399344 0.25951927153911025
0.025989520341989834 0.007657505258064391 0.25961073382172867
0.021341669475634713 0.019855298208282298 0.2636064486413618
0.021320720092416007 0.019902065720745626 0.2635621815370885
0.021349429921342093 0.01980660031555536 0.26349687815023226
0.02138071718078264 0.019728577390365928 0.263445341903361
0.02140789616407692 0.019663455844532007 0.26339379683438935
0.02143735884549322 0.019576775407635232 0.2633219964293546
0.025858808787988866 0.007714369064408328 0.2595022218607349
0.025901930133638125 0.007703162146064087 0.2595818966863112
0.021454349643007947 0.019503844326001062 0.2632580616420203
0.02577053375770604 0.007749219660140708 0.2595216681972965
0.025825873135532425 0.007733086127066257 0.259598421301288
0.025698120079291235 0.007771340776382828 0.25953548578010394
0.02575140157103671 0.007754752353125037 0.25962895298532157
0.025658069033988748 0.0077810643664286755 0.25958364641202253
0.025666122185107783 0.0077731133141936476 0.2596517356617276
0.021359587087400295 0.01713523300454908 0.2622423559900993
0.021396584262788988 0.017135438839116463 0.2622267062825816
0.021550864250744463 0.017102165921726736 0.26228080633881856
0.021502570658076602 0.01711128450404739 0.26222117252153593
0.02161264416745874 0.0170991303638048 0.262268038125205
0.021590944195201463 0.017102627983283998 0.26220326830459373
0.021699893769178347 0.017091725648030638 0.2622453105739934
0.021679888268967225 0.017094953562758034 0.2621541839454603
0.021814988070581447 0.01706323842886058 0.2622711780734568
0.021778452914530098 0.017079059025103975 0.26220475668829507
0.021768228950730387 0.01708207562114283 0.2621374163139824
0.021932420128179347 0.017016420768039983 0.26232099344140297
0.02189416017991872 0.017039841244750036 0.2622460325534029
0.021860890618929017 0.017055617985200583 0.26217508089611213
0.022053941812994013 0.016966968023579155 0.2623555594230193
0.022008848148720495 0.016989880145144628 0.2622943718897485
0.021966857962420653 0.017013194746687263 0.2622335926876362
0.021928002701189067 0.017031528801104968 0.26212812279751
0.02211415514501943 0.016946288608458593 0.2622990677772947
0.022045764096791244 0.01697675515036708 0.26223150187948824
0.02200796406296904 0.016995761542565966 0.26218156515654184
0.025562122854728846 0.007790205561042869 0.2595961852694844
0.02220578152509903 0.016889558369718973 0.262354247090321
0.022167685781949165 0.01691056506815035 0.26225919243933077
0.02531357283871409 0.007823259077124221 0.25937878261353525
0.025417354397292095 0.00779665505727982 0.2595768245765816
0.025447380110239573 0.007795195098252683 0.2596487342628668
0.022245738696474764 0.016841454183486405 0.26230618039475584
0.022325522764274523 0.01673679668346814 0.26235323350533585
0.025297953903280764 0.00783290155448425 0.25953055579260953
0.025325192323649583 0.007798924583586599 0.25959172676206743
0.025360597452121134 0.007797170577999852 0.25964015783414235
0.025285073657420408 0.007814359517484593 0.25959935499486125
0.025276233698666703 0.007804631053978443 0.2596882899886885
0.02290210738245023 0.01563578963330526 0.26134641425667465
0.022885321002392826 0.015671691171006842 0.2612749394531756
0.022922665878537016 0.015574574407608817 0.2612744554150942
0.022962850468677753 0.015477876352099174 0.261215275607931
0.02294430181426043 0.015508351750678098 0.26114908644567053
0.02298920649851741 0.015399626415063806 0.2611490361729618
0.022967702431505095 0.015441765575680468 0.2611001523940115
0.02301468536567044 0.015320466003498233 0.26111184302212237
0.02692775042605091 0.0022733889385584197 0.2621117928081367
0.026986148137374235 0.002256094533234253 0.26207270821070144
0.02712944558012871 0.0022002642170975747 0.26212560333429613
0.02726317318104612 0.00211764512162651 0.26212326765100746
0.027564086530609034 0.0018666312080436926 0.26209281472598106
0.02747334750141368 0.0019425343899680358 0.2620615674596295
0.019161486144435264 0.021123545530848 0.2652208713471193
0.01925328562607514 0.021140044992765367 0.26521465930018717
0.019253454371265438 0.0211375434666588 0.26514884854276705
0.0193852793035895 0.021165388173966612 0.26517404742553413
0.01946499649946032 0.021177014826338412 0.26516824366493286
0.01955249975056458 0.021180045830800995 0.2651052449676595
0.019670922944769513 0.021184495246257627 0.26511408785046975
0.019658338735333254 0.02118078066957998 0.26506052289464066
0.01972840892858412 0.021182990509928355 0.2651174577664103
0.01972555692436037 0.021180656980996804 0.26505283357964843
0.01992640449750637 0.021168514358158592 0.26498494981375426
0.021407927215854015 0.019657228938694902 0.26335110363493686
0.02141308559091209 0.017137966465333762 0.2621992583960349
0.021472076726398313 0.01711245730900232 0.262255891436544
0.021465516487733306 0.017113853374686273 0.26216183730548503
0.02153271435473893 0.017106306631367748 0.26224490226943
0.021546477409580052 0.01710449187082117 0.2621888675233736
0.021645753814369798 0.01709879592500135 0.26219187774815683
0.021719788989820788 0.01709100245120192 0.2621795555948517
0.02181393960023234 0.01707139118799235 0.2621274757953661
0.02186746339011866 0.017054649100741108 0.2621236753308317
0.023380191918956187 0.012684612683332729 0.2600642395156955
0.023410274921479724 0.012675698909973688 0.25997425490476866
0.02342536743969416 0.01267631922736347 0.25991246886993646
0.023480362276465123 0.012668026068762517 0.26000202109966275
0.023512746666084716 0.01266846924306264 0.2599180892028326
0.02357319851222348 0.012662077706528016 0.26002410534103404
0.023569899908876042 0.012664466244349231 0.25993002411547317
0.023651382635100856 0.012636140968291477 0.2600483097505402
0.023658967066377597 0.012642642463226444 0.25997135692365375
0.023731602094443378 0.012613385938901524 0.26006193941965766
0.023751026262950094 0.012608805698368291 0.2599718396972693
0.023810854084036596 0.012588340893678747 0.26005914101737987
0.023812255350953136 0.012583681595713592 0.2599952829787825
0.023882667571722603 0.012561469849628552 0.2601323014395905
0.023865257714800803 0.01256544493574158 0.2600708187812845
0.023938371374658964 0.012520787313683843 0.26014043621110133
0.02394860609021182 0.012512125581490752 0.2600684430753663
0.02402448470267152 0.01245168806390465 0.26009568882437817
0.02408889669508953 0.012385234042707987 0.26008682595240956
0.02415163052401263 0.01230988868753657 0.26009035088684207
0.02414760377311614 0.012316158279045808 0.26004076894356104
0.02684024177702245 0.0022941416893368007 0.26210735008595953
0.027012298158392137 0.002244300311649989 0.2620792333649513
0.027072926742460274 0.002222036005702181 0.26209498666221115
0.026884782778785338 0.0022826962658316595 0.26209827224796
0.023913553113132126 0.012537656882190475 0.26007793121967515
0.023850809968327603 0.012569195682717312 0.26002148152843263
0.023819434944792436 0.012583354848054137 0.2600928278201031
0.023767879627099562 0.01260441399063336 0.26002813451958906
0.023689861595380588 0.012621298149743299 0.2600809972673217
0.02370449141985983 0.012626609533154169 0.259950644335855
0.023655434300047178 0.012639962333887823 0.26001180243105304
0.023567837419681617 0.012656470641624314 0.2600681738956952
0.023605189956446136 0.012658435082668593 0.25995231297662125
0.023532049929004966 0.01266619526461991 0.26001634322698775
0.023450346564486312 0.012662634288740987 0.26006919717458976
0.023347840257670168 0.014062515740862019 0.26055550787226206
0.023331519581418658 0.014122999529626088 0.2605942456590268
0.023307163996140617 0.014206806449400582 0.26062543263809934
0.023282442459281707 0.014296816558234022 0.26067526885106873
0.023270455945016314 0.014350346133270624 0.26073254148477953
0.021456545158302014 0.0195271581444896 0.2633401773973909
0.02143125832973994 0.019613212684977063 0.2634068448201906
0.02140218383907851 0.019675497462568102 0.2634383316789291
0.02137535854445273 0.019739553112496307 0.2634715162503519
0.02135253040970909 0.019801448076927835 0.2635273643751382
0.021338056996960907 0.01985848787616515 0.2635691077988884
0.02131865301557283 0.019918874212463848 0.2636152811980995
0.02142999866972186 0.01957726096365936 0.2632827741391619
0.0214010868304863 0.019656923426651922 0.26332077812108456
0.021764665814060273 0.01829432945660015 0.2623157588643625
0.021749222820281782 0.018396958373715102 0.2623916903875593
0.02172508146039263 0.018466214774757933 0.26241892603620776
0.021708267057355048 0.018553058291552293 0.26244252196469714
0.021725691827551217 0.018444254647115656 0.2622658905695803
0.019157031666698375 0.021048919093667188 0.2665059903234797
0.01919030687305428 0.021143459009728208 0.26647139366593675
0.02347334891104228 0.013159987835270653 0.2603825449989117
0.02341616558914681 0.013036889801567891 0.2603442600776565
0.023446120880406412 0.013140960520839328 0.2603052014190022
0.02337939365414955 0.01299371481295279 0.26028363467411436
0.023409290318797606 0.013083250837851342 0.2602537403169833
0.02334017938053525 0.012946419772950255 0.2602283884395273
0.025410199717629006 0.008872559528385702 0.25922193538132027
0.025456001006246204 0.008606873609629149 0.259219603872051
0.025442230440818232 0.008693749573783062 0.25919929758533694
0.025423993397933418 0.008785031632820722 0.25917776986217206
0.025459064404009756 0.008496429614387247 0.25915973557569
0.025449054601398045 0.008595334552382546 0.25914667275854275
0.025433644866508745 0.008669770923424254 0.2591084173479872
0.025325570557229164 0.008021333442981322 0.2592662236759038
0.025438427472082862 0.008395665113339584 0.25909480337128227
0.025303456933310323 0.008029733256933378 0.2592264666996261
0.02537532558884826 0.0081499199113742 0.25914119666652247
0.025415966393850627 0.008282541987673257 0.2591007604346645
0.0253435687282036 0.008127539040087721 0.259077815194447
0.02333762262508813 0.012904527691449482 0.2602404968914974
0.021589147310426673 0.017662609904113457 0.26201828874369787
0.021304344046897346 0.017296832456456558 0.2620519816267538
0.021713277666445402 0.01783217556748779 0.2620600665741718
0.021330503270054868 0.01736578624772312 0.2620119352259947
0.021323341326640266 0.017314480680949852 0.2620610007860608
0.021322792828824058 0.01730301965539402 0.26208969485937494
0.023435002315312283 0.013097914342665036 0.2603108986248816
0.021741106981300364 0.017859159652751994 0.2621858200937136
0.02141801299749483 0.017435847855266477 0.2620139360387864
0.021466671055993092 0.017520624639357284 0.26195679670362754
0.02177167061603376 0.017916878245037807 0.26220765201842094
0.021526269546687543 0.017586090063193952 0.2619754555162593
0.023384892433466132 0.013015363155334773 0.26026941737837517
0.023379263105180542 0.013052128805703946 0.260213629958503
0.021616966883837834 0.018928617946831927 0.26276263943148387
0.02164603901978307 0.018846753867656715 0.2627008736800323
0.021659655013281775 0.018781140662646304 0.2626382457513638
0.021685064519788206 0.018710296331610518 0.26259351044607604
0.021709023571067656 0.018620540085437707 0.2625219650951806
0.02545764846770304 0.008529845610619275 0.2591623994863862
0.025458496784959674 0.008456917675076283 0.25916973519870795
0.02540730392308161 0.00823718251527019 0.2591115584513106
0.0253723873392177 0.00816618762480463 0.2590980644304472
0.025360653869987374 0.008103920361670347 0.2592259419849342
0.025316556084336795 0.00806534923098419 0.2591486692000854
0.025302510997855875 0.00799540092445775 0.2592564956748483
0.02531058684506331 0.00802332616295675 0.2592492281342287
0.023776394426291578 0.012596930124913735 0.2600912558705617
0.021548613394592023 0.019169592777592503 0.2630222733138025
0.021585364557844103 0.019024036495646116 0.26285823773813194
0.021381625596630854 0.01711189992152549 0.26227746810549435
0.021377412839769683 0.017142843160971 0.2621789472472345
0.02150453034908379 0.017108675780405126 0.26224945545052347
0.023413053516141164 0.012672441544003028 0.260024815624489
0.023455443286030542 0.012672506197075837 0.2599557882232001
0.023524637888927738 0.012659790385315178 0.26005609904395816
0.02354591773023848 0.012667414792510942 0.25997583529392926
0.023603659437077783 0.012647729412912773 0.26007306533620717
0.023622934909112978 0.012651888834199425 0.26001247998490523
0.02369935260983844 0.012625828469252786 0.26001741402935996
0.02530451584484664 0.007803955670558874 0.25958685788250563
0.025317594796246807 0.007831576519292694 0.2594900446089038
0.025393268792751923 0.007796917697296165 0.259630318990067
0.02551108197281596 0.007793469565723084 0.2596453572609735
0.02561305586116283 0.0077868872444641045 0.25961131586202657
0.025625938276967738 0.007782543738743685 0.25954723400327473
0.025713126553153248 0.0077695746515941645 0.2595812816210228
0.025722286510926104 0.0077613155355933956 0.25949145894250286
0.0217225025654834 0.018464811183401177 0.26235734749016804
0.021701273622458293 0.0185406159033574 0.26238564113098006
0.021686282658300398 0.018620044261613587 0.2624091504886562
0.02333003558087896 0.012917280319614739 0.2602171879847223
0.021476806870462755 0.01943184500174329 0.26325651014549306
0.021447042362770518 0.019507055565854674 0.2632226220822864
0.021525357135548342 0.01927243668384131 0.26316223807887845
0.02149896926295416 0.019356357415850903 0.2631653741781958
0.021479241359844702 0.019405098642604972 0.26315183209366605
0.021548452704320483 0.019197689341240113 0.2630735067158936
0.02152967819530869 0.01926156869181492 0.26309780957748463
0.021498982606750237 0.019338710697196598 0.2630697697638486
0.025337503277448815 0.007805119720396258 0.2595454126562631
0.02535835220101028 0.007797966669379641 0.2596031358651784
0.025292396779633932 0.007816645253237026 0.2595654102148043
0.025315817477691103 0.007800094220427431 0.2596390833551978
0.02142887213450483 0.01712059609496824 0.262253053056316
0.021416696429387688 0.017128339791203005 0.26216252151278824
0.02150673493161291 0.017104050740115912 0.2622819609611055
0.021497196377982974 0.017110940665911102 0.26218533530500326
0.02693342355642278 0.002343396800333974 0.26170005372257227
0.02130418042480693 0.017294097530989833 0.26205979085274
0.02128881952762522 0.01730626840454933 0.262032435049433
0.025344421643720454 0.008154473520110027 0.2590409228507826
0.025322199260249673 0.008074863298869826 0.2591330803971202
0.02530817170163707 0.008049403772671247 0.25918801955187454
0.02539737699391531 0.008229216448354896 0.25909171227648453
0.025377387230101564 0.008139742038240333 0.2591753388857505
0.025335472564091896 0.008062902600587464 0.25923993664495676
0.021607553401821907 0.017708479777421092 0.26198890008564246
0.021557500362817443 0.0176109952942937 0.2620200727168407
0.02154663352882216 0.01763249741856783 0.2619541039706754
0.021511545915095395 0.01755123605778432 0.261996878827853
0.021506265853960427 0.017579661537569923 0.26194390360767067
0.021457711696109598 0.017478016150101094 0.2619933685878254
0.02139596026007905 0.017438446455367136 0.261973612396218
0.02680374335764021 0.002302184919286068 0.2621231225821025
0.021639604781506536 0.018828690768036508 0.26257377549943983
0.021667009531151485 0.018759045798201784 0.26258551246555595
0.021656707037621622 0.018753887114057753 0.2624870265421712
0.021694102046521675 0.0186873602446979 0.262570158445569
0.02169339773054493 0.018681785068609146 0.26251537135995034
0.021678754375211114 0.018656543098955078 0.26242463573732866
0.021711226438632974 0.01859576708157412 0.2624938868731203
0.021438399485121943 0.017108621074714427 0.2622888193278598
0.02145104853558811 0.017123893798445984 0.2622100410755808
0.02156878171803707 0.017104668231976778 0.26223761371318366
0.021790599060395623 0.018128978442051035 0.26216680308427304
0.021800730423772646 0.01805688757679586 0.26219570331996217
0.02179629484145421 0.01795597670929123 0.26222798749764975
0.021749906201621486 0.017886104013943395 0.26218833630549504
0.023439348299239528 0.01314311453529428 0.260286633423255
0.023388981721988406 0.013036531382646988 0.26025386601921136
0.02338510329604022 0.012985420625864214 0.2603207868631485
0.02170834525326272 0.017841666133162747 0.26200161150284895
0.02178289281313739 0.0181635792844263 0.2621710181003009
0.021815291334012492 0.018088601317933054 0.2622222689879581
0.02540894755526064 0.00825033902422 0.25910478206986376
0.02533205305000171 0.008098392467403123 0.2591085556003698
0.025348098975780574 0.008056405991658572 0.25927090406978187
0.021724011581577652 0.01784801892249946 0.26212957902030853
0.02172797794433636 0.017869552876260002 0.26202722164733566
0.0216207908981809 0.017712810979128767 0.262019344736764
0.021678674395122166 0.017815772041757622 0.26196526896155764
0.021537072325148256 0.017587363170063396 0.262003366966892
0.02143866458202101 0.01747594089102786 0.26197032417755584
0.025366705042932248 0.008094553096636216 0.2592650336739713
0.02536489826569947 0.008116080869747265 0.2591949038205499
0.025319484394637395 0.007915871670339927 0.2593066335810787
0.025325949084410288 0.007953694990578774 0.2594155727293784
0.025310920683283476 0.007842577926343738 0.25926017020045633
0.025292440485044258 0.00793676488310244 0.25925477659780377
0.02529966458235947 0.007890765296596342 0.25949350632397805
0.0253164997961037 0.007878135510310759 0.25936190828684774
0.025341937048874445 0.00799501160307572 0.2593476658252811
0.02534236960889642 0.008022028770337516 0.2592933757988954
0.02531906773151166 0.007850864034672429 0.2594281464157784
0.021436240872605532 0.019538373091173674 0.2632374461039443
0.02142853994400442 0.01956513399099121 0.2632550226121194
0.023334940499307493 0.012784005421205417 0.26018468072200784
0.023356073090435716 0.012716860329749596 0.26012804831533454
0.023321412651523835 0.012869483740256338 0.26019403848384276
0.02132900247812419 0.017203338422224643 0.26220341405436587
0.021326580537720765 0.01715677326141914 0.26224623783401985
0.02135080655861353 0.017154016320184984 0.2622046005299916
0.021634887180192682 0.01775453659762101 0.2619741416550673
