0.02966472038675464 -0.0012626197983145481 0.26391563239416094
0.029661487361340517 -0.0011099512728806036 0.2638926128244756
0.029657770280598003 -0.0010089309106648724 0.2638932835170648
0.02964458930579858 -0.0008965707220363933 0.26386914145595325
0.02962703077950607 -0.0007617733556035853 0.2638662342481518
0.029614683545973113 -0.0006479214145980856 0.2638827585349257
0.029592139061837663 -0.0005375363554144592 0.263863044391676
0.02957845944621289 -0.00045749392505263725 0.26390308085078684
0.029646048870399712 -0.0009798720386366107 0.2637332711541068
0.029543396495152852 -0.0003680911279207856 0.26378423852150995
0.02952687698695437 -0.0002937155115463638 0.2637800682771767
0.029510746367046415 -0.00022755815739279584 0.2638015304250838
0.02944650472104161 -7.343894920094245e-05 0.2637302294714792
0.029412352611652343 -6.314240905880498e-06 0.2636295528055601
0.029349855474140745 0.00011228405089156551 0.2635561922188288
0.02928227181056553 0.0002321617616592833 0.26346438503512914
0.028703180486917498 0.0008032112417922289 0.26304014740665255
0.02835515816485227 0.0011027254520130192 0.2629347988792775
0.027867102708915303 0.0038789521912425415 0.26072661445819356
0.027836696801031874 0.003946884569870598 0.26059676628146516
0.02782825658382988 0.004024826296751636 0.26060762006165406
0.027809468987829822 0.004124680451631613 0.26062540375895676
0.027792904745809328 0.004122525372007713 0.2605116425484406
0.027774440909075306 0.004211530192306236 0.2605057120259777
0.027646181992413418 0.0046536557942788714 0.26025106361016276
0.027609594914438 0.0047591921584119075 0.2602389120600233
0.027543614253183395 0.004894468802449603 0.2601790300425363
0.027422255696714665 0.005181520112741267 0.2601425389678513
0.027396970340694903 0.005214990335886704 0.26005934351224497
0.027361052686513867 0.00531070504023031 0.2600720340910553
0.02732263459744423 0.0053618543597078365 0.25997859721584426
0.027299350594754582 0.005431669292461424 0.2599998610368405
0.02723244706083572 0.005551884263589375 0.2599280830488087
0.027166120985281716 0.00567481935986454 0.2598788082641271
0.027097939137410754 0.005803373514306817 0.2598080119252632
0.02708121244246014 0.005847396082749092 0.25983325033535143
0.027014110039459357 0.005977592282758617 0.2597717967950579
0.02698014813856695 0.006055890386157495 0.2597827960310274
0.026914163095880923 0.006186488564492138 0.2597165194502662
0.026854235384663815 0.006324380667940978 0.25965265400863513
0.019636750967274137 0.023729243517932312 0.26738149599260186
0.019605815112668044 0.0238007419433336 0.2674431473353688
0.019572973590078955 0.023863183238735604 0.2674749263209181
0.019554556008122947 0.02390224829725503 0.2675150163705286
0.019433754402183326 0.024062432927024303 0.26751971115360207
0.01940988145651872 0.024096111043804377 0.2675794381853
0.019355559472926533 0.024161557285143916 0.2676249469558081
0.01931068021565354 0.02420947671791388 0.26755883085542664
0.019285026332493866 0.024235384771188206 0.26760553499287054
0.019241412759782202 0.02428321138669383 0.26750668852543436
0.01918689322302394 0.024321887019663795 0.2674181684303935
0.019161949567186063 0.024354060278843324 0.2674726221724799
0.019108501095768726 0.024385643357390446 0.2673987787763456
0.019053627815631462 0.024441594650552706 0.2674440067778542
0.01896294832596076 0.02449997030221344 0.26743179781613574
0.018897284409966304 0.02454224317244065 0.2674747177180351
0.018862484682739062 0.02456943361649281 0.2675428025572956
0.01884689631443088 0.02458970233919732 0.267620243948382
0.018759878239984436 0.02463973620126926 0.2676811589224508
0.018706629799982877 0.024665276995362757 0.26773590558147653
0.018652166680872315 0.024685572679161504 0.2676846886147968
0.018598619737239638 0.024709175743853427 0.26776247558198735
0.01862824154543038 0.024688252832786778 0.2676131790275328
0.018585316306745987 0.024710340479202314 0.2676822894982281
0.018490107400230348 0.02474996957058715 0.2677580178452066
0.018454295713691254 0.024759594553622442 0.26767913714218744
0.018416643325487727 0.024775637957933912 0.2677678319021266
0.01834322021810528 0.024796867520887226 0.26768116886352833
0.025682255618778748 0.008469589088037261 0.2591635680247793
0.025657749484424234 0.0085669994930844 0.25918328886065295
0.02563588370559159 0.00864581754100268 0.2591758516005125
0.02561837937604714 0.008732136530169477 0.2592071461792191
0.025397552478261226 0.009362044865951642 0.2591083692526305
0.02496408885964515 0.010562658885811548 0.2592829095189074
0.024933433890024715 0.01064155352282705 0.25930509747031716
0.024907903391002375 0.0107183394210474 0.25932227512016104
0.024787030489193344 0.011011769645671167 0.2594385323878287
0.024763612957540357 0.011069528022569922 0.2594611559995939
0.024725909438676377 0.011161500154511575 0.2595101599607743
0.024700255267710042 0.01122868601541978 0.25954551709875323
0.024570429713251907 0.01149619938674653 0.25957400878475145
0.02109007722177614 0.020338434041349905 0.26323719414258034
0.021068708015507476 0.020375568320822615 0.26326559653176657
0.021027891529302137 0.020455834459194893 0.2633303535513447
0.021011308967237585 0.02048844680094128 0.2633846231266258
0.020953877062508022 0.02056025462636994 0.263437224480471
0.020926256395724593 0.020585034368291146 0.2634667149612531
0.021307091295465503 0.01996970487947013 0.2628604594397718
0.021275566411993886 0.02003223630630483 0.2629161874657562
0.021238334038897636 0.02009352803728978 0.26293286619192124
0.021199130632290963 0.020148134799631158 0.2629945522188402
0.021167304885217255 0.020192794336429735 0.2630581498272554
0.021135122586624127 0.020245578928104316 0.263099944425459
0.020923296256288 0.020583131962073807 0.26334184491870843
0.02087849517170136 0.02062604417428326 0.26339263276236374
0.020822238889021898 0.020672084513538014 0.2634639407024574
0.02077035368914101 0.020706665116582004 0.2635055823994261
0.02263702992076457 0.01614984021936473 0.26137603709141016
0.022597144765767175 0.01620849956051364 0.26142060306505394
0.021402966080873755 0.01975130081454247 0.2626428037873158
0.021379507199695422 0.019796769622279317 0.2626608714052233
0.02133678693494871 0.019883526898435932 0.26271159101202246
0.02130213604059355 0.019960532131015046 0.26274753168085074
0.021290144290455906 0.019998559953991784 0.2627849624584047
0.021250030347996902 0.020077732476347917 0.26281122419338476
0.02121086821391422 0.020126360872079682 0.26287885150208934
0.020781117786290017 0.020692623343800336 0.2633724391223532
0.02072812205650646 0.020725904943277394 0.26342116779421026
0.020680370945661913 0.020760476054536573 0.263498340532787
0.02063994270250499 0.020787840496875893 0.26355547144430336
0.023191522152995993 0.015004113469478402 0.2605939146460155
0.02315907796714158 0.015082351852979669 0.26063476093166504
0.023138518389182485 0.015142701682884311 0.26065442733663974
0.023104161471988703 0.015220069306009217 0.26068838007928186
0.023084400457189083 0.015270347510545427 0.26070301998852724
0.0227104265218915 0.016025070187665344 0.261160805681684
0.02267213702072311 0.016086933776363943 0.26120451884438817
0.02263119391309003 0.01615070238754628 0.2612133044841047
0.022449585256980882 0.016415878025803687 0.26148828669971313
0.02243335877472457 0.016429501581661888 0.26154703195568646
0.021563903306877883 0.019325722901015183 0.2623138340558756
0.021532501763879327 0.019403166762840623 0.26234383134013395
0.021508256992893264 0.019473167251847934 0.26237001244627123
0.021489482805755085 0.019545086763123602 0.2624161454311646
0.02146596432139995 0.019603064016445647 0.2624466560766981
0.021427981002769693 0.019667790493951016 0.26248003982896745
0.021401545203423314 0.01972817812973485 0.2625355306152058
0.02059555820252587 0.020799805612734742 0.2634781953434436
0.02054073364663025 0.020831619287550552 0.2635510530826727
0.023622567178944953 0.01349747328391816 0.260067985678702
0.023582335190067506 0.013643253483889875 0.26011769883256647
0.023552551161826134 0.013738738043959645 0.26013571322264745
0.023530204131629096 0.01380546445746529 0.2601455205812142
0.02351606266650621 0.013872240477426571 0.2601838242823708
0.023490655503799817 0.013950612513827256 0.2601766363693476
0.02346932036647226 0.014037524180383744 0.2602324581216632
0.023445142650026587 0.014122159164437237 0.2602489816836803
0.0234259939254846 0.014195332740739556 0.2602480567623025
0.02340735475340209 0.014287278833213233 0.26030473940199816
0.02337687981504158 0.014374583483649492 0.2602706921841365
0.02335790101679232 0.014458324072697598 0.26032169280239625
0.023342929989962194 0.014520094389158775 0.2603531518370276
0.023319845409818032 0.014605987841296705 0.26035803261969
0.023295747187605617 0.014695609957664316 0.2603642281619573
0.02327868369379918 0.014748652024486419 0.26038697914053766
0.02323798420115564 0.014855768216879157 0.2604178450622936
0.02320878320652188 0.014930794429057337 0.2604328246750587
0.023186856105790014 0.01498844435006099 0.26047274191145814
0.02316832052821814 0.015039614433397715 0.2605227057977701
0.023137963032852392 0.015118704367713318 0.260539986034026
0.02311609827591762 0.01518025641033008 0.26056241269124203
0.02307742323206744 0.015275921411419273 0.26060135926425954
0.023057374888563825 0.015329785777016583 0.26061534236983597
0.023031711465630045 0.015392844588648997 0.2606437679005931
0.023000405850353248 0.01546963352660997 0.2606900617971559
0.022976387898891733 0.015520988979925758 0.260704819287536
0.022931821975011858 0.015607887188820084 0.26076728505031627
0.022913172359118834 0.01565293909996794 0.2608115944548367
0.022890510633202767 0.015705336649192287 0.26084294448535955
0.022854115635962416 0.01577471248995098 0.26085279608395584
0.02280954013012115 0.015856968362389808 0.26089870954416416
0.022789281641225335 0.01589975269549672 0.2609476750970382
0.022746859691358656 0.015977760170544617 0.26098605020754173
0.022721600064411384 0.016014606760624044 0.26101136739628794
0.02268414564362782 0.016078600664816145 0.2610793089740589
0.022369702099496847 0.01647905449772605 0.261470031058234
0.021633988483141162 0.019091332938654598 0.26209411902404417
0.021584850763755783 0.01924077164746043 0.26214355275487694
0.021564511858273766 0.01931204853907932 0.2621973634540448
0.020445820340023575 0.020859436723520804 0.26353218157279584
0.0236371451045441 0.013386632004947113 0.2599292860346459
0.02362649923229007 0.0134411193953378 0.2599517353952684
0.023596831311973366 0.013543861211703943 0.2599704981502331
0.023512818313943938 0.013842973298456426 0.2601034740582791
0.02328760260392827 0.014677032160404745 0.2602526884371697
0.023273716017536236 0.01473909932763941 0.2602925222176813
0.022876911672160823 0.015706079177576777 0.260740091220413
0.02272857252797312 0.015988786731117675 0.2608966800446392
0.022311349341017417 0.016497831611234044 0.26137550977710555
0.022284371660651333 0.016515853636275037 0.26142663973872776
0.021783468409954574 0.018575075874403678 0.2617785681755413
0.021720347849530586 0.01878446791875573 0.26188421138078344
0.02170540942468177 0.01883909032930505 0.2618874708023289
0.02032687363191267 0.020891169967903488 0.2635728334907153
0.022224278662841903 0.016538849608824895 0.2613571594698684
0.02184525381082885 0.01838216908687878 0.26161599991644496
0.021816460995045125 0.018468221441657856 0.26163113595609233
0.021785612659635394 0.018551859520547154 0.26166363582627905
0.021768403438120917 0.018616709766935118 0.2616879805924169
0.02216030972987357 0.01656181351809093 0.26129399339126536
0.021925888540389227 0.018001386821832367 0.2613594389195749
0.021905431072399194 0.01808017919835642 0.2613826914851353
0.02190226881012478 0.018146406681845213 0.261421126001238
0.02189254828902763 0.018209125948801513 0.2614414583749819
0.02187076234623134 0.01828705267114978 0.26148082570078035
0.021847228140290303 0.018360689312812067 0.26151398402636283
0.02193348497254662 0.017949463417540716 0.2612614848935973
0.019407034648289485 0.021725044495859873 0.2651294819285883
0.019391611572258327 0.02154922310757701 0.26506707496304727
0.01938534773145617 0.02142569985101525 0.26505221631954295
0.01942602538228453 0.021889329292580313 0.26525119494838834
0.019370150835172406 0.021313735169885245 0.26507759106334006
0.019574742802719584 0.02256055690573024 0.26631088885509163
0.0193237766230648 0.021188596793519154 0.26508722083550024
0.019465478208129584 0.022249104734478387 0.26556042929162965
0.02948530410371716 -0.0024719561410890436 0.26443875667330113
0.02951885104817604 -0.0023528873792182034 0.264431246449335
0.02955750118561081 -0.002117838982809262 0.26425371107195406
0.029547391192575705 -0.0022008331015723093 0.26434532111775455
0.02954167811142702 -0.0022724948577196157 0.26443839144551623
0.02960762754487248 -0.0018119578893335438 0.26400745304576756
0.02960238533275071 -0.0018952086021241858 0.26412555161490325
0.02958754006454818 -0.0020130955203723233 0.2642367716023965
0.029585532205175746 -0.0020721973117036807 0.2643462415647703
0.029634873909303486 -0.001593326391232727 0.2638744192314064
0.029631867528681 -0.0016800622571342323 0.26397982673418424
0.029625332673908076 -0.001763268591195966 0.26409195831869586
0.02962204283358008 -0.0018319745998047693 0.2641712892592656
0.02961117779688223 -0.0019384293366103162 0.26429504603600606
0.02964600747072886 -0.001547819504667341 0.26395519943309653
0.02964408196455735 -0.0016348683485142856 0.26406791481896247
0.02964162687583419 -0.0017100065159669062 0.2641606205239174
0.029654392762109988 -0.0014206588255514623 0.2639387330833112
0.02965711754241595 -0.001495952870256016 0.26404124472315915
0.02966349537315775 -0.0013231672119847445 0.26394127019905006
0.029666572306072662 -0.0013647168013422434 0.26402579696408973
0.029652465078803657 -0.0010388452478850112 0.26376400151304796
0.02965641258734157 -0.0010889096423144248 0.26382571125609355
0.029667667710200445 -0.0011720343888539338 0.26394975646890806
0.029670515569864987 -0.001260678989015875 0.26399447746573795
0.027862368543885793 0.003200685468522664 0.26076220995274424
0.02965094894519106 -0.0009816128037861125 0.26382200345940604
0.029666384710421153 -0.0010566854070619906 0.2639686200505174
0.02789023240025728 0.0033040885855762678 0.2607111634142552
0.027887689711809528 0.003250114192868379 0.26080338811521586
0.02787489423827364 0.003180445115902811 0.26088680037134027
0.027791664131403326 0.0016297328353476281 0.26279240894291145
0.027861197680379965 0.0015701815642523587 0.2628039452151714
0.027973982429455643 0.001474766234576002 0.26282413536471755
0.028030518957660563 0.0014272466687965594 0.2628250693061839
0.0280859908778917 0.0013808277106957775 0.26282823747516765
0.029636632746914207 -0.0008285370296666147 0.26387821026366165
0.027912743799695865 0.00342498765692368 0.2607165590460658
0.027915512335312823 0.003367044250122742 0.2608069463776939
0.027904011575309456 0.0032896993383520036 0.26090325778793444
0.02842048037578565 0.0010474053542862188 0.2629753829604703
0.027904293680391292 0.0035762546053518473 0.26071858948862076
0.028942742923054484 0.0006053375482383745 0.2631684376474796
0.029003723529393587 0.0005418225854123681 0.26319205023623504
0.02959935918033016 -0.0005725361584593429 0.2638678052083885
0.01947732869279727 0.022290584425633458 0.26565534771520927
0.027893196865406426 0.0036961897973442773 0.26074830788055153
0.029005473365152593 0.000566709407999745 0.2632694192864835
0.02904479346152151 0.0005296858960307419 0.26330160551153414
0.029104047860768745 0.00046633557135521 0.2633051255020665
0.029160377335032732 0.0004107372694724898 0.2633502578015527
0.02920549301843344 0.00035122495546444234 0.26339012622380265
0.029511602847263962 -0.00025174431004874366 0.2637502116949615
0.029539407070767576 -0.0003344684485956929 0.26380292419591755
0.029564366404596854 -0.0004076386338787575 0.26388761631975693
0.027818943527861684 0.004019020636292569 0.26055129938787297
0.02784448312837049 0.003920662531891671 0.2606226263884022
0.027866314154014086 0.003861801587092745 0.2606908071759948
0.02788323266411706 0.0037974169660124285 0.26075835781170037
0.029384095823936536 5.835529034032595e-05 0.2636530554772463
0.02942103853454745 -1.5147660547720494e-05 0.26369119971984556
0.029451980729333877 -8.448088332927101e-05 0.26375367396814464
0.029484411671347986 -0.00015858237678419076 0.2637952589506241
0.027720153994020526 0.0044178158026518585 0.2603531417945492
0.027744752441348206 0.004328754119846594 0.26041266768173243
0.02776500348379562 0.004244087886420327 0.2604755655409742
0.027783632338259208 0.004189168415531523 0.2605345816963782
0.02780764512117723 0.0041124721104745555 0.26058566809718264
0.027828839194640437 0.004040473443064794 0.2606457466544328
0.02758505854255848 0.004805766504608117 0.26021650507603644
0.02762499131041238 0.00472611749420282 0.26025180038724033
0.02765468773949877 0.004651128292763325 0.26028901761130374
0.02767915950873598 0.004582074011129326 0.260346452099187
0.02771138306346495 0.0044910017021330545 0.26038676609371386
0.027492701439096608 0.00500820377900119 0.2601442090693942
0.027515623437586813 0.004976224834737412 0.2602162697314017
0.027550176293594915 0.00489838265956017 0.2602409795433266
0.027586285376415453 0.004830121201532857 0.26028043188274835
0.02713643024099325 0.005723714232426559 0.2598409419883565
0.027182298929511007 0.005633503115318907 0.25986990256611064
0.02720777472424376 0.005598758678079023 0.2599147077741072
0.027251458285311364 0.005518992345151305 0.2599507096160561
0.027276760796649827 0.005470988591829426 0.2599726015023839
0.027322562170269477 0.005389270458379194 0.2600182985103817
0.027351451858933555 0.005330676565424311 0.26005414503039825
0.02738105952224459 0.005275616448836853 0.2601203758150427
0.027461770962463848 0.005106796393863691 0.260203389022164
0.02696984576830781 0.006068607233782957 0.25974640544634514
0.026996666650179 0.0060166203406063976 0.2597832941239237
0.02678754599335124 0.0064573403111221755 0.25961917135683626
0.026833552117171783 0.0063771813020435065 0.259654984498761
0.026867807477791012 0.006307193664287769 0.259716302990509
0.026755117014144635 0.0065292032096828075 0.2596872917210315
0.026779121132208768 0.006494188012950918 0.2597130755185369
0.025812260023930163 0.007861701143587061 0.25919117844732836
0.02666091809115696 0.006686565199187093 0.2597200966439429
0.025786956430126014 0.008039752488545744 0.2591682097099009
0.02580260750437165 0.007969538511679386 0.25920639230315456
0.02577207287858076 0.00815238935469647 0.2592077163634816
0.025727894751502438 0.00831414786635235 0.25917957708675454
0.025751885960441822 0.008249870614796284 0.2592449842432898
0.02567369492548217 0.008501670954514116 0.25916787840453587
0.025700616687129384 0.008427822190053379 0.2592300110379699
0.025631899282321267 0.008658646866452575 0.25916798968727817
0.025650187759389386 0.008602738192031667 0.25919712820355856
0.02535672837680927 0.009481863823143918 0.25911226069683635
0.025303696253377063 0.009651429935573878 0.2591160174373954
0.02533256189914215 0.009563049243667734 0.25915967595652695
0.025247850098376795 0.009813342050424969 0.2591434650991563
0.025184111291384554 0.009985793178977163 0.2591463181754411
0.025214314906845406 0.009920718267031654 0.2591977069246805
0.025160818630472117 0.010076373080598564 0.25919770166763345
0.025090960573086917 0.010234882831372439 0.2592179697047356
0.025109503648172014 0.010189669569348319 0.25924887285511744
0.025056905565638683 0.01033156069286756 0.25925407313205817
0.02495826525099819 0.010576845421117385 0.25927478439747176
0.024987105673787886 0.010498232544610407 0.2592989300939954
0.024899551939049615 0.01072657241027113 0.2592948423215666
0.02492888145184 0.010660535651426026 0.2593231835699639
0.024680741155345753 0.011253577347657927 0.25949541809578863
0.024644115454075265 0.011346604010740299 0.2595829266083015
0.024677634836649618 0.011289970650451965 0.259602197614873
0.0245734182489169 0.011495311214134052 0.2596097185089733
0.024595696781227753 0.011453926875688775 0.2596332284798266
0.024475540131402233 0.011658675402058411 0.25968691780699854
0.024512950088182703 0.011608225154864473 0.2596900168055066
0.023763826984166278 0.012817613046764839 0.2599387979011581
0.02370648375804014 0.013098729568913153 0.2598784063082606
0.023726141344898456 0.01300853108759118 0.2598991035579844
0.023748892728117324 0.012933360599304174 0.2599746736238328
0.023685310850564075 0.013196359268383084 0.2598986799628502
0.023711641569132788 0.013114049159477174 0.2599378551722505
0.023660144750800076 0.013314902871752026 0.25994718821393153
0.02368423092608201 0.013248177453035985 0.2599830638540996
0.02361601313943048 0.013482507106916845 0.2599629872434184
0.023647168530582765 0.013403425495976411 0.26001293484509463
0.023594053187253012 0.013570887352236882 0.2600166826178703
0.023618870070225725 0.013504717620480363 0.26003654347179955
0.023563111576868724 0.013677491635759988 0.26006460263541353
0.023530450723010573 0.0137862967733666 0.26010275596758353
0.023478495379560448 0.013958264388353986 0.2601309015566256
0.023512255906416427 0.01386712786751812 0.2601438299090474
0.023451550614845548 0.014064463999797815 0.2601819568676486
0.02348023297602129 0.013987684964085602 0.2601950611582621
0.023428562807110746 0.014157244928562587 0.26020715832699276
0.0233817077724176 0.01433380650120937 0.2602225013185015
0.02341000420799173 0.014254175107300055 0.26024762742321056
0.023345622682490085 0.014471086980506873 0.26025490642286403
0.023359780392690318 0.014423969563940424 0.2602568145103851
0.023383561581354458 0.014370612927460802 0.26031297815796334
0.02331201353436095 0.01460377381169203 0.2602816986305387
0.02334167013980893 0.014515565981476025 0.2603278026969742
0.02328450389081512 0.014723983529551916 0.26034049903227224
0.023309679476144103 0.014648669852898262 0.260383570894459
0.023229108283255796 0.014862655127443688 0.26035992985061035
0.023254152366335323 0.014809273747165216 0.26039620779766187
0.0232870629631017 0.014725057592926416 0.2604273911615872
0.02322533486052898 0.014899292999734687 0.26045689417443574
0.023254022759283604 0.014831606126563625 0.26048775090571696
0.023183927540567043 0.015004888842055468 0.260514033181586
0.023016258133205653 0.015410784989903475 0.2605805108763205
0.023045562809361524 0.015339461811203077 0.2605688810983581
0.02298029524413624 0.015503274864068108 0.26064725419349005
0.02301575886196897 0.015430919407736632 0.2606686794157593
0.02304488607369689 0.01536995065471487 0.26069634635617434
0.02292901190400816 0.015603773817392095 0.26071787942132063
0.022971701841565578 0.015529203568775898 0.26077495634619097
0.02285480522908733 0.015759539151968247 0.260776277976453
0.022895281874644978 0.015687731044684614 0.2608025152837224
0.022927319192683707 0.015624885490583752 0.26083591290463537
0.02281677002811048 0.015839005404433296 0.26085688134056284
0.022842382897529392 0.015799949866064276 0.2608913332438898
0.022716900280385737 0.016012294670098307 0.26093777577606164
0.02276065139516418 0.01595108221873631 0.26093714185658357
0.022798511286561685 0.01587940560594972 0.26098558843234293
0.02267306608891552 0.016089341228871193 0.2610206480147149
0.022700395627411975 0.01604978027329348 0.2610326491363021
0.022748752195030645 0.015972899218072094 0.2610448378981829
0.02265064734162536 0.016118980075406242 0.26113117256016094
0.022689774742212832 0.01606067331147256 0.2611421662994175
0.019545224002947 0.02249665576725352 0.2661073286704746
0.021957706730396598 0.017879378450493352 0.26131622440803254
0.021911164369358933 0.018043316889969168 0.2613167460317186
0.021892330532212352 0.01813644168551103 0.2613702067830566
0.02190980320056587 0.018072890217542572 0.261403458578191
0.02187204085348078 0.018254007118096008 0.2614172772929123
0.02190111036129546 0.018175007778663304 0.2614430569008344
0.021847220737822852 0.018344792092047302 0.26148320060034885
0.021869839384392898 0.018295318825547333 0.26153630233129205
0.021840454569999265 0.018392054783909 0.2615728848427271
0.021862733377021947 0.01830932424799487 0.26157241656396163
0.021807945221121568 0.018494447342623146 0.2616536240020956
0.02178462725670625 0.018583863649754354 0.2617145869675298
0.02171384156327432 0.01880211760363426 0.26184133502992596
0.021736214808951267 0.018707913659863563 0.26186461064497546
0.02171627976751374 0.018827778441495146 0.26193649974113953
0.021691005258589458 0.018915609526585064 0.2620006782943373
0.021705932691725043 0.018868657237736137 0.2620253202851624
0.021657357380796795 0.019014511507864425 0.2620601655309438
0.02162949917357051 0.01913162499643508 0.26215839228893245
0.01956219238507231 0.02252787849754949 0.2662094018462894
0.02156695407165867 0.019301883543744274 0.26218186501981355
0.02152669462918968 0.019409082713158995 0.26227434863927596
0.021555838068806427 0.019343534763181888 0.26229224203417784
0.019501766824448697 0.02399076450648577 0.2675693253402336
0.019436603136171578 0.024062112132197458 0.26754654756739665
0.02149259141127471 0.019510639069261905 0.26233954617882266
0.021519200578295292 0.01944154894367598 0.26237559866385474
0.021453018401605704 0.019611449785775076 0.2624015670377482
0.02149373430075372 0.019536276329538364 0.2624581179275201
0.021447199912093408 0.019643848447469532 0.2625393190667721
0.021367715020250436 0.019805900321570893 0.262601995500692
0.021406364804846076 0.019736566647453366 0.2625994508820437
0.02136363169495494 0.019830923081879573 0.26270699537888753
0.021275141179805033 0.01999536437605119 0.2627213650170062
0.021320121930792874 0.019928677041785237 0.2627738909381222
0.019724326264526502 0.022958214957557056 0.26684586729014415
0.019694700616889903 0.022898448797057554 0.26674936131488225
0.021226238480122193 0.02010709561870069 0.2628272575147561
0.021287532301449346 0.020017805683093956 0.262855127541065
0.02117587521173212 0.020173164336140904 0.2629553181186625
0.02121301261751438 0.020129217344680032 0.26297230746924766
0.02115938080079221 0.02021096961421768 0.2630953163224271
0.019612843157187202 0.022666285363486496 0.26650641463986174
0.02110060024262544 0.020310351366568242 0.2631756312088514
0.02114479056097481 0.020242702196011826 0.2631663837450253
0.019606502477407993 0.022677310575075438 0.2663285224298317
0.025686934733472635 0.008466649883322264 0.25920224471881237
0.02572096898463036 0.008360726220376135 0.2592418079375415
0.025711558099902113 0.008375947716688445 0.2591928376792346
0.025662986143155358 0.008539804880838853 0.25916730234539326
0.025670845106334945 0.008541231706037817 0.2592412305549455
0.025741148123232357 0.008281960068402306 0.2592124423085083
0.02564019456528538 0.00864330843846016 0.2592049496724955
0.025759466032710197 0.008202520240978842 0.25919395751986235
0.025601770283097125 0.008764003296275245 0.25915907051126397
0.025789010058256054 0.00808152136717277 0.25924900746166263
0.025776980337999383 0.00809896232315744 0.25916255051639586
0.01944899103201439 0.024051682417584996 0.26757749968670513
0.01953950571498059 0.02393431534314019 0.2675832277320787
0.01951565387526421 0.02396151160181961 0.26750563358889784
0.019587554638950556 0.023848672684238313 0.26751383118979066
0.019654098160998543 0.023708155720944476 0.2674330689640899
0.019680088961945345 0.023633440829956845 0.2673569429643864
0.01971529870133314 0.023520679452745337 0.2672873798192476
0.01973996618514206 0.023415027028559923 0.2672476197097626
0.019753094951161173 0.02332222397339288 0.2672055721764879
0.02579470947441863 0.008013682313664092 0.2591973494402676
0.019769377090629755 0.023223906532878192 0.26725407723009026
0.019761938136850093 0.023233659614733376 0.26716790056062
0.019771124955133508 0.02313307838699053 0.26722475328962725
0.019766059659061513 0.023153807504882253 0.2671354178574229
0.019754116949287547 0.023158545633072906 0.267046748855373
0.019767980851795677 0.023066135290549687 0.26719498848233564
0.019763921633565676 0.02307163138338146 0.26712062456157454
0.01975414053191264 0.023071944445364465 0.2670229883559812
0.019744001433424935 0.02298854617409142 0.2670067526382415
0.019733852018178573 0.022989278395055907 0.26690135901356415
0.025802620424337817 0.007941848878696284 0.2591754377015848
0.019716774123055603 0.02291368094687515 0.26687657222218775
0.019710939051004638 0.022938071891149946 0.2667941325765581
0.019689221841619742 0.022851506877552195 0.2668106213647899
0.019678004063270815 0.02285138931139731 0.26672088142536987
0.019654502356003793 0.022778315697745372 0.26667420456554225
0.019658857678267378 0.02280014481481015 0.26659909082634503
0.01962934104952035 0.022711631253805178 0.26658318697003186
0.019626919768632834 0.02271234249546342 0.26648012516850417
0.01961255935909489 0.0226837006665719 0.26640432237386125
0.01959624879188905 0.022627289169409398 0.26635502420163043
0.019593540107501216 0.022638158867796906 0.2662884287634545
0.019573765257686993 0.02256968539626381 0.2662439903463916
0.019563938610330466 0.022572643321356202 0.2661652239983687
0.01955154785331734 0.022495624087452742 0.2661685086063464
0.019540795625120087 0.02251013804401233 0.2660477894415308
0.019534649640226616 0.022503907497565187 0.2659913244323601
0.0255491498936573 0.008922575687726668 0.2592060977819118
0.019530637627893088 0.02243917084171502 0.26604090042197565
0.019520796210170662 0.022429327119881087 0.2659476571088768
0.019507846978345535 0.022407249065640827 0.2658512470621177
0.019500353073933045 0.02232826893132376 0.2658330237040321
0.019490479811117 0.022320245388924742 0.2657414894353196
0.019468611052899796 0.02227880575778703 0.26559535692392927
0.01947156970754311 0.02220581803161764 0.2656018974660572
0.019459785507872022 0.022124562793255143 0.2655572951984381
0.019449475470846744 0.022113283743716034 0.26546143090645186
0.019443712918694945 0.022035987670285945 0.2654337315756839
0.019435518939288805 0.02194140661609543 0.265334004471095
0.019416659363700683 0.021790975792685324 0.2651878568954162
0.02566616423714188 0.007401649962865458 0.25913978467631077
0.01941136238689405 0.02163096058910825 0.26513723047483473
0.019413026382266604 0.021534766499669282 0.2651376462589128
0.019402094636862963 0.021454600924527334 0.26509968200724626
0.025820026600039413 0.007825956257449366 0.2592485129640748
0.01938459589858822 0.02138072981463869 0.26507175782090864
0.01936268628270239 0.02126502363475747 0.26509688765117106
0.025810760131995358 0.007732760136049479 0.25921216819242887
0.025799543484702144 0.0077538563712419226 0.25914146679368577
0.025531828284938485 0.008989601004932157 0.2592567195729201
0.028755469765034576 -0.003594979361486265 0.2645686749654249
0.02877121927589029 -0.003607901424605563 0.2646578673933129
0.02882896995562166 -0.003522478514717754 0.2645276021118413
0.028844021701676346 -0.0035366440660563173 0.26461808646129453
0.0288987767379368 -0.0034494239888028353 0.2644894042495167
0.028913898307150573 -0.003463926326374867 0.26458006409757234
0.02892661953574296 -0.003476143985055518 0.26467227465748533
0.02898085078908565 -0.003388443499331406 0.26454363556364263
0.028994498464520516 -0.0034021053504604062 0.2646351494138457
0.029041851665711577 -0.0033132253770549666 0.2645127712390578
0.02905672739414163 -0.003327425202520405 0.2646034752315852
0.02906758768211751 -0.0033404547839580865 0.2646975324862372
0.0291126708488821 -0.0032528528848869125 0.2645775638071846
0.029124108014823097 -0.0032659039091966226 0.264671276893249
0.029175299389645682 -0.00319015802152186 0.2646487526608729
0.0292239670327064 -0.0031142116770026 0.2646291625033167
0.029270390299868825 -0.0030377284459192303 0.26461075768522413
0.02931506861352353 -0.0029606625248739214 0.26459347754915963
0.029354534261898463 -0.0028831363368522493 0.2645806776558332
0.0293610649018967 -0.002894413785758463 0.26467521185910037
0.029388049476635845 -0.0028054266556292204 0.2645722799403507
0.029447267928500533 -0.0026494066787835302 0.26456602952565705
0.02947349839210149 -0.0025717472494227057 0.2645658143266353
0.02949533662355514 -0.0024718956060980953 0.26449877302091757
0.029501735764833982 -0.0023971749401512335 0.264404518044543
0.029514369157674348 -0.0023970908758877787 0.2644818679955356
0.02952172235068197 -0.0023136751616619836 0.26438658655887126
0.029537434567930003 -0.0023099070631133747 0.264481803653778
0.02954780905301221 -0.0022287844261806547 0.26439921101889835
0.02955795133853384 -0.0021448593046823664 0.26430676959406135
0.029568173504116113 -0.002150492362361554 0.2643792745579741
0.02957157574693674 -0.002063456457308062 0.26422754536837884
0.029580257140265152 -0.0020630808283359685 0.2642842389501386
0.029598339107314808 -0.001962894479600314 0.2642238871473929
0.029600441919988018 -0.0019925618076484333 0.2643106156290199
0.02961723478571683 -0.0018874348071680567 0.26423216369704494
0.02963231549770306 -0.001812632502380352 0.26422095394127443
0.02963455080468365 -0.0017651226378683593 0.2641724862739409
0.029634411085224056 -0.0007834454582907749 0.26391329911246286
0.02962624173461858 -0.0007085646778516991 0.26391595398186046
0.029606242982083503 -0.0006069896328570113 0.26386970833091494
0.029577578597782168 -0.0004893701348483166 0.2638379716997011
0.029586354123836443 -0.0004928981205260543 0.26390391745589165
0.029547442801105248 -0.00039330184633805333 0.2637721258964837
0.0295619304987584 -0.00042327124796182937 0.26383360525385685
0.029535418997487805 -0.0003091479736632728 0.26381341970546773
0.029550765569761245 -0.00034520907675235737 0.2638885283991287
0.029497491152615563 -0.00021743441944631044 0.26372726007016084
0.02580018582541015 0.007659965596008399 0.25921105896727203
0.025782799625741027 0.007657250239249722 0.2591408280068718
0.029361503434048253 9.132308217958392e-05 0.26354602311755837
0.029289799090294912 0.0002124034586229711 0.26343849364426275
0.02930698427546708 0.00018606288942224795 0.2635083610667484
0.027129516364424035 0.0021145952390418336 0.2612540538513386
0.027144851836524837 0.0021019046525702096 0.2613456404159125
0.027151832958741857 0.002092444228071622 0.261443422478178
0.027145172980701026 0.0020870917913561014 0.26155390024523417
0.027126876679281365 0.0020868984350246333 0.26168396444810205
0.027209247657205275 0.002185179420125372 0.26120786311165833
0.0272273870142638 0.002171384399863332 0.26129721641513093
0.02723697880945595 0.0021599084214920534 0.26139365831725564
0.02723312767409576 0.0021535181971665948 0.2615010048066695
0.027216574300939184 0.002152047537502634 0.26163042527258323
0.027182643083285715 0.0021356887462086072 0.2617177534273555
0.027304333397139717 0.0022422623620170883 0.2612535646850022
0.02731750144967041 0.0022306207640802873 0.2613463479598421
0.02731739919328775 0.002222225826633016 0.26145047722503156
0.02730119790597499 0.0022185873070721045 0.2615675124691455
0.027289702289183006 0.0022260269596526884 0.26167856881144097
0.027376439586440027 0.0023143865096894992 0.2612145748480302
0.027392040287771008 0.0023028064411161307 0.261304445661033
0.027396298362864186 0.002292718345633495 0.26140484734989355
0.02738251076600957 0.0022864702412254633 0.26152119880654223
0.027361100710704335 0.0022862493565316637 0.2616374750988024
0.02744242078802221 0.002387544546976702 0.2611807649143114
0.027459469252705947 0.0023748607742622757 0.26126972062161385
0.02746593968730481 0.002364632757449395 0.2613674926741042
0.02745770489461027 0.0023568751589153622 0.26148131937463737
0.027436865448126378 0.00235681281839464 0.26161669698018525
0.027520247078070173 0.002448316655354305 0.26124041400500636
0.027526955237905402 0.002437846087414891 0.2613377741647158
0.027522518303080654 0.002429252519756555 0.261447021789881
0.027512092426959796 0.0024337880708766467 0.2615818911191712
0.02756031134037094 0.002532549240792716 0.26112714393951386
0.0275751331710311 0.002521528164665069 0.2612172326697572
0.02758147138314345 0.0025113121620301253 0.2613145054499036
0.027578431389667646 0.002502478694246557 0.2614194217931803
0.027612781380064715 0.0026064202197142966 0.2611061449393543
0.027626852484104607 0.00259504658305313 0.261197343539235
0.027632519288470703 0.002584720734792203 0.2612950754986237
0.027661391859332862 0.0026814115716592844 0.261088696468396
0.027674404335960766 0.0026696281221216854 0.26118080389246706
0.027706872072499337 0.002756748612168711 0.2610730302806781
0.027718704622907653 0.002745227663611621 0.26116557527457407
0.027748641288722665 0.0028329919156686693 0.2610597637156555
0.027758716269506867 0.0028218539749355117 0.2611535150486512
0.027786553322670847 0.0029107615765487827 0.2610491340765031
0.02779506905021125 0.0028982888037591553 0.26114212596713576
0.02782419939478492 0.002996099963795961 0.2610489969034807
0.02782439611142673 0.002970416699080956 0.2611301091998119
0.02784755335461356 0.00309628610098446 0.260940574185494
0.027846338329536823 0.003068631371916765 0.26101668536058853
0.027861699108072444 0.0031746043717463287 0.260818547083898
0.02787152082457868 0.003159104733931419 0.26094314267496155
0.02786993658918397 0.003146165838010323 0.2610150770045306
0.027876969669773283 0.0032563695689349728 0.26073525612956283
0.027890567518763558 0.0032404243615558586 0.2608637370894928
0.027891136207914214 0.0032352455685872843 0.2609381123037516
0.02548944465113536 0.009091948792278697 0.25918725967505885
0.027906259822414684 0.0033353743643400086 0.2607586340734684
0.02790895139921411 0.003326036589877217 0.26085121846730674
0.02456815611604937 0.011509016173822367 0.2596411162547144
0.02790961695801031 0.0034960470927271974 0.26069113015807654
0.024627844286104737 0.011390190950744105 0.259627251666158
0.02460276116426924 0.01142277194478642 0.25957971005147984
0.027893855627675945 0.003661044049692494 0.2607190848510323
0.024663272760227593 0.011312685326763761 0.259578023609394
0.024643934489924937 0.011329798005941014 0.25952513073167804
0.027875314008108793 0.0037778999094908623 0.260694370576319
0.027891875703893294 0.0037525770924286515 0.260781430152293
0.025414067301619114 0.009327745565189168 0.2591599152503089
0.024715583655701475 0.011195320612931704 0.25954357984853904
0.027856023673302005 0.003864607331213594 0.2606452070969746
0.027873791544253394 0.0038427282108246317 0.26072513026666194
0.02784978357286593 0.003948926179857481 0.2606772599503566
0.024749542112095364 0.01110747144433542 0.2595294220303353
0.024736099585303446 0.011124186494671173 0.2594555730007836
0.027808379571782234 0.004074046614627822 0.26053813860369435
0.027820200743096886 0.004074537357026271 0.26062152550003104
0.027833068899701868 0.004029140774656128 0.26067959468424
0.024791362334444726 0.011010628904497378 0.25949188068139367
0.024775220190267063 0.011037636064710133 0.2594131281183967
0.027780682924793795 0.004171131251599741 0.26050440293103727
0.02779340836449002 0.004156286222651039 0.26055514389476514
0.027771153344210188 0.004256749989043073 0.2605254777286047
0.027782634875325944 0.004213164032714078 0.26056611493635967
0.02483943638272123 0.010895448410143385 0.2595298776405177
0.024819032299747783 0.0109199696735106 0.25945710669892086
0.0277269552590733 0.004378345502925328 0.26036845451256985
0.02775352142058355 0.004332815731281684 0.26046291148349665
0.027721730233495723 0.004441326071920927 0.26037563301079064
0.024863469340425506 0.01081332630061275 0.2594863368209318
0.027687523981625856 0.00454641213521959 0.2603318812550155
0.02763217605510263 0.004688663736452984 0.2602323850099803
0.0276587757454695 0.004647316626514409 0.2603280706048841
0.024910914532094836 0.010714908008883854 0.259390116117647
0.02490504561316299 0.010727369239110399 0.25933977929085184
0.027622522651316476 0.004746577193683664 0.26028818537617016
0.024936510001663338 0.010642894963024748 0.2593672056273933
0.024920725512261665 0.010671974925306015 0.25928956030179
0.027564088214863235 0.00485420464026696 0.26020598995976285
0.027516353935101337 0.004953141495687095 0.26016768098855264
0.027534490280610384 0.0049368591813685365 0.2602476400512786
0.024976076297234417 0.010535730471593145 0.2593282260053966
0.027477056409442233 0.0050563729082803545 0.26016059999772667
0.027432407373508563 0.005144282944154907 0.2601195143520252
0.027443990176695673 0.0051411510381811154 0.2601857528811098
0.02500374810300239 0.010453746868827987 0.2592844422853266
0.027386160854454403 0.005247485480846696 0.260053673780219
0.027400230340200993 0.005231160212612937 0.26014825515147094
0.02730911007303232 0.005388094548297897 0.25996824134590535
0.027338881093427716 0.005349235082244319 0.2600190153120953
0.02505438439915038 0.010349771678448057 0.2593043455839948
0.025039939654166725 0.010370149415673028 0.2592602444868662
0.027263864963475753 0.0054710713673737634 0.2599256678264682
0.02727803050931527 0.005478633732183009 0.260016960389416
0.025081646598254962 0.010272784791873314 0.259265670880434
0.027229241031606875 0.005571221601066391 0.259970879994446
0.027155198883669306 0.005692009786713797 0.25986207887020185
0.02718003260041484 0.005656362300982051 0.25991877988583306
0.0251130794923863 0.01017547897248911 0.2592047113956878
0.02710508780114353 0.0057978031650920345 0.25983727563856945
0.02705298908307468 0.005895546142356195 0.2597968963212011
0.025165266178622143 0.010067676422135045 0.25923475349143493
0.025147693658745016 0.010086104214028462 0.2591614788080096
0.02519492947913259 0.009972129332869853 0.25920995084569337
0.025777017360628932 0.007571506768970999 0.2592088075546398
0.025221025398330738 0.009892553768755861 0.2591656669942669
0.026878729195767434 0.006273260767619683 0.25969599729425996
0.0268120919826871 0.006411445648638844 0.25961940686280405
0.026828300164668483 0.006397349497985173 0.25970358248500913
0.025264379510930156 0.009784089114607916 0.259187388401249
0.026783691125936638 0.0064785519525883675 0.25966846717880454
0.02673319280079297 0.006569007918874059 0.2597088941490227
0.02528756548635999 0.009706589619148939 0.25913611117680224
0.02531487095004544 0.009609732927625405 0.25910046500084966
0.025450575504462256 0.009203267272673798 0.25911402945274986
0.025456955298136272 0.009202104953479187 0.2591787267745395
0.02576343541863443 0.007528179072118748 0.25921665355598666
0.025737601862520578 0.007516764651428335 0.25913370452357043
0.025347001839566646 0.009520062857347465 0.25915530232969547
0.02570397337298348 0.007411951087267488 0.2592999160004886
0.02537654005725232 0.009421743104404225 0.2591001247339058
0.025707338708183657 0.007419188012313469 0.25925525535075244
0.019429315388459965 0.0240770196427027 0.2676399334842356
0.019476689191411982 0.024023520618884048 0.2675800644985725
0.01957293919227634 0.0238799291279117 0.2675613269332568
0.01960731848473181 0.023812200472888657 0.2675000184710429
0.019625311803364156 0.023762448974454856 0.2674236334176085
0.0197715889981418 0.0231030632505213 0.26717618147427286
0.021272100502918594 0.020048657293280963 0.26282223664957566
0.02133892306164198 0.01988964867694024 0.2627900319763886
0.02161144191598671 0.019211471409925185 0.262226348315165
0.01935375762660332 0.0212229333801624 0.26515148528636145
0.019325774273066924 0.021170162090919785 0.2651238511198909
0.021717686616670645 0.01883875488837812 0.2620005474623268
0.021724292276029344 0.0187930196069276 0.26193115750127266
0.019299284693055745 0.02110917472377057 0.2651233051354281
0.021747633579127748 0.018699399805171473 0.26195672508991186
0.02175977674936862 0.01863176594559681 0.26188345312559036
0.021768470634616167 0.018602240873510343 0.2617959745237633
0.01928081011103127 0.021048146887768092 0.265171851497309
0.019250231552738455 0.02100407583971837 0.2651057949556455
0.021897216555620068 0.018216586917489112 0.2614869231155318
0.021892438642416353 0.018173708871367444 0.26140503114335983
0.02191319594272329 0.01808112576908118 0.2614350099884845
0.021912685337347547 0.018046844984342305 0.26136963656590445
0.02192392602988968 0.018003460865832804 0.26128699069672556
0.021940212478203946 0.01795231474811055 0.2613258606381104
0.021973849771538788 0.017785311247336174 0.2612893917318174
0.02197837405714399 0.017734221724386427 0.26121337888760987
0.02200921234641594 0.017692755481360053 0.2613202880775986
0.022015330595198185 0.01766780941711177 0.26124115476090864
0.021998694127720098 0.01762166499180598 0.2611775913117964
0.02202617575332765 0.017556545632696978 0.2612809496415196
0.022016777708857467 0.017481071420238834 0.2613058143718412
0.02199790241225081 0.017459473267385107 0.26126714780913735
0.02194386955156561 0.017401744558595788 0.2611082457495293
0.021892562092844205 0.017302806098229203 0.2610763055375726
0.022614798381569823 0.01617423022854413 0.2613070433546128
0.02265501574997669 0.016119424985804317 0.2612385074527317
0.02267522774354833 0.01608010698435018 0.26116525714367084
0.022721597996712223 0.01601622035397566 0.26106886859725115
0.022765207114177694 0.015948298184084057 0.2609989069112288
0.0227867024205417 0.015899005035845664 0.26090858069941264
0.022841383299134484 0.01579892780149171 0.2609385881948163
0.02293582913655439 0.015599310445345165 0.2607980384473275
0.022956266787156378 0.015556545280295316 0.26071167855619665
0.023007953398603898 0.015450849909624724 0.26074206302452946
0.023027901810460674 0.015404342956987088 0.2606810599031278
0.023067514716601012 0.015317559749435694 0.26070676502040435
0.023075319190014345 0.015291704812012603 0.2606530978124875
0.023091351324082077 0.015232903021234657 0.2605678301939062
0.0231227838700911 0.015179034141742417 0.2606793637506219
0.023137350174086184 0.015139701736376581 0.26059862477133633
0.023190011721320805 0.014998890981744513 0.2605485689922214
0.02320716182091141 0.014947976724681735 0.26046674386764596
0.023242285550447623 0.01486733580329988 0.2605007503952864
0.023253263963288702 0.014819498735327188 0.2604429794884278
0.023261124895303423 0.014786334090336872 0.2603444404074977
0.02328485414262177 0.01473560185048577 0.2604609110160709
0.023296343078151864 0.01469516771575261 0.2603993985392166
0.023301589201227584 0.01466693407182387 0.2603179779279244
0.023332469048165508 0.014553196325438271 0.2603419009921142
0.02333150223654547 0.014528137457639444 0.26027471996785917
0.0233519886696053 0.014488162531572651 0.2603594349886432
0.02336437497488286 0.014424782074375583 0.26028936539119146
0.023365464359312995 0.014385154993074089 0.2602204935052793
0.023394306283448886 0.014312228176930685 0.26025741242047656
0.02342287637715384 0.014229973469817603 0.26029360583014505
0.02342068191445269 0.014183391800905458 0.26020332567809146
0.023457391607570054 0.014077178896173175 0.2602357063868478
0.023463999378511697 0.014026946791284751 0.2601799979269728
0.02349750164025485 0.01390630596890489 0.26013416051393906
0.023523446096335467 0.013833357436202454 0.26015692032226984
0.023539172815184008 0.013752643661622812 0.2600893096566365
0.023571339477121707 0.013680336120239445 0.26012377567205586
0.023569247001658182 0.01364846286872855 0.26003907488879763
0.02360410826035089 0.013559390421418571 0.26007747862914377
0.02361066484745554 0.013516746739784861 0.2600005133065481
0.023636778987785434 0.013446497019333798 0.2600506919937705
0.02364825523796998 0.013378237695463478 0.2599679682088809
0.023671595209469338 0.013310920988519836 0.2600174950379403
0.02367313730801819 0.013251387067391564 0.25992331206990893
0.023700461985098405 0.013177564542003282 0.2599698394743904
0.023699898220729005 0.013145945497153982 0.2599035785751166
0.02372316134507979 0.013050538787519198 0.2599342553367137
0.02373713761184289 0.01298306480174531 0.25994909148551193
0.023764074329206398 0.012869968329971277 0.2600045207506157
0.02375127396030607 0.012875059789890168 0.2599204653564287
0.023780359925576925 0.012786557656128052 0.26003100883359404
0.023775317926918425 0.012758322949680873 0.25994999102504945
0.023786824218956594 0.012688103745433643 0.2599877641636324
0.02377208057789736 0.01264018465989882 0.25991484711151275
0.02374859744217253 0.012540426459913578 0.25988058802553204
0.0237229738561284 0.012507934332849401 0.2598198429185927
0.02374062301455037 0.012486074440773478 0.2599341690102141
0.02369618560225658 0.012422607367082545 0.2598531855949629
0.023659658620067334 0.012378750041567391 0.25979983010348534
0.02365158151945476 0.01232112930395915 0.2598513108410788
0.023617774090011742 0.012303922480328642 0.2597586475401718
0.026678708480513354 0.006668720551504924 0.2597449406431307
0.026694111839484 0.0066352984906355725 0.259712983116949
0.026758639327201076 0.006527176652326355 0.25971416227324046
0.026811492633764457 0.006426094865110592 0.2596617109197919
0.02685138302292498 0.006344621968272847 0.2597084194225885
0.026898650117856696 0.0062269275296687005 0.25972592494909774
0.026943832111845013 0.00612575021257164 0.25974856742520536
0.027025708869141265 0.0059620955832656065 0.25981104530146043
0.027027842597763137 0.0059393954678747035 0.2597591026083901
0.027077642953372852 0.005835937278559536 0.2597840867842774
0.027115893658726967 0.005765015772294691 0.2598167589986046
0.027153460598024447 0.005705516980725919 0.2599083738804398
0.02725422582676037 0.005525149474153634 0.25999358629825964
0.027243790768063048 0.005509780454471181 0.2599086889526946
0.027292490373154524 0.005454243058131774 0.2600337959843587
0.027333756361791396 0.005374042504715731 0.2600586915444766
0.027376202586225744 0.005277100770722409 0.2600699174405044
0.027410843715970117 0.00519865810529463 0.2601057714984425
0.027451322530052533 0.005110624958166974 0.26015316896585666
0.027499163501881013 0.005011926795335499 0.2601808678172445
0.02753247240128583 0.004930624131404453 0.2602121429920346
0.027569436510018794 0.004856241257864165 0.2602486482476762
0.02760683641111465 0.004783514174040721 0.26027953647159024
0.027641939396761666 0.004694830807581188 0.2602991683184737
0.027669769812521502 0.0046144022558551314 0.260334732496039
0.02769666727581725 0.00452681204305698 0.2603638413106873
0.027726648142761077 0.004446362473834849 0.2604122253641477
0.02774244441852202 0.00438604581204657 0.2604423602638954
0.027761817242372425 0.004289572030771115 0.26048672407485074
0.027780048867010416 0.004200440855245191 0.2605253503510424
0.027802169654441943 0.004117814782461215 0.2605492396176635
0.02781978688981505 0.004056368006454253 0.26058457198294194
0.027841008552671923 0.003997142039662255 0.2607006141958781
0.027838861510403698 0.003982624193980101 0.2606378610049931
0.027859452936279568 0.003922451247367954 0.2607284829321212
0.027858328792523094 0.003897801797054501 0.2606771446072551
0.02787137659599689 0.0038230415711694708 0.2606900942616956
0.027887635182919528 0.003740775892269876 0.26074385609133754
0.02788453090848869 0.0032071548483165167 0.26099943891750255
0.027872830446816495 0.0031476912649413976 0.2610803868380987
0.02785817189024736 0.003077705643680935 0.2611041004910458
0.027228742058742875 0.0021807412920823183 0.2617468186225571
0.02798657747868742 0.0014696098973923724 0.2628643789359021
0.028121334710937723 0.0013477582681195568 0.2628410241805021
0.028194587480025464 0.0012761019483099577 0.26295896471065316
0.0282107873858041 0.001239850338695057 0.26289509370821
0.028628166995568863 0.0008721229787029028 0.2630477041805436
0.028722595733956666 0.0007973859068735814 0.26309935513465743
0.02884841704345677 0.0006926455975235956 0.26311419778512624
0.029038138826528483 0.0005181242925558314 0.26323871075850835
0.029126616558414933 0.00045510712596506906 0.26335978346672584
0.029186673661881723 0.00037659076722563475 0.2633676991684303
0.029233610156952323 0.0003115786179815078 0.2634600927747087
0.029282231901302882 0.00023639762143403873 0.2634995874000955
0.029330444279737595 0.00013811462581088304 0.2635109470319999
0.029365255092805184 9.434017057431872e-05 0.2636194593785892
0.029370602323788804 7.305058949178943e-05 0.2635597831290578
0.029398661686957206 2.9468252351329472e-05 0.26368348198001446
0.029435035124395128 -4.316023122617101e-05 0.26371031591603145
0.029466807830694105 -0.00012487703836463392 0.26374188160096856
0.029499526927332077 -0.00020637016960174253 0.2637656047790094
0.029529723649950854 -0.000268368350165996 0.26387179443222386
0.029527833537048066 -0.0002775862950877961 0.26382425899213297
0.02955040042727591 -0.0003714100606328005 0.2638335169338267
0.029574637224147833 -0.0004567394260860826 0.2638713033013251
0.029597899571834563 -0.0005440040545011167 0.26391460748596934
0.02961138356368641 -0.000606593267180658 0.2639180532108407
0.02191605839055593 0.01802921504918566 0.2612950021442316
0.021793360922920016 0.018512065341217847 0.2616141406173435
0.021822711660847375 0.01843623920546257 0.2615722516233291
0.02184736018435207 0.018365385229718256 0.26154192841092894
0.02187455716384397 0.018284945957971664 0.26151880162629737
0.02190092499264645 0.018201737357200574 0.26150025563045043
0.021908628683323637 0.018131809303638353 0.26144499535109034
0.02191747949894489 0.018050463760516777 0.26141948146708377
0.021936496538213356 0.017979706064246943 0.26138375612403364
0.02176106649484128 0.018642491771549086 0.26174036113939175
0.02179410687815205 0.018543536814408807 0.261722883215372
0.022957489042705677 0.015540467123715693 0.2606467398992012
0.023000225968060145 0.015455689415482528 0.26061981608264434
0.023036102423619417 0.015372825154700932 0.26059007596123224
0.02167049758862843 0.01896970668892921 0.2619912622070884
0.0216931565308195 0.01889923432505375 0.26195399899911337
0.021717127389261917 0.018813274517657016 0.2619224864927414
0.021733870978868267 0.01873760478811788 0.2619148698308377
0.021767606610270565 0.018603359044732194 0.26183442163100246
0.022875081316318366 0.015730765709322622 0.260807090530468
0.022910329367577066 0.01564962933863164 0.2607634642971495
0.022949006303927707 0.015574081053703405 0.2607642285869699
0.022991567571352286 0.015489280874606 0.26074551222673975
0.023024208049494347 0.01541447249941726 0.260713168423805
0.023058044436563077 0.01533798442848807 0.2606681555710221
0.023092004214837324 0.015246770050323682 0.26064150335956315
0.023117673515462924 0.015189432809514061 0.26062546217750787
0.02315198030311247 0.01509410231844235 0.26058557123125187
0.021612875662798816 0.01917145705329214 0.2621411032306538
0.02163949642840046 0.019093933308547684 0.2621423455428428
0.02173253404595635 0.018794299760914384 0.26202467546443625
0.022813189149252972 0.01584962205030819 0.26094469097691897
0.02285915149885849 0.015771213395205284 0.2609092434463463
0.022893889789258236 0.01569831132413528 0.26088250505047433
0.021517922165499824 0.019439593114264082 0.2623499686386492
0.021547420940503884 0.019363910643239095 0.26231705320833437
0.02145241334168122 0.01963281677205127 0.2625206868127646
0.024552695953146447 0.011532603643990197 0.2596012305390497
0.024585895641758403 0.011461986188189206 0.2595873187809915
0.024622575199447282 0.011376972485380138 0.25955836397858456
0.024674477935552802 0.011281206508496362 0.2595462101743954
0.02470280898777001 0.011208826709490362 0.2594960451968101
0.024732881038421802 0.011138951224077097 0.2594842728687544
0.02477982723817693 0.011038664308321126 0.2594534852469446
0.02479913975842008 0.010971761324749092 0.2594458278354356
0.02488995930064916 0.010756143395411954 0.25934926719387996
0.024918412510688295 0.010691065644049978 0.2593320819642876
0.024952308418651176 0.010592428211906018 0.2593026221933548
0.02259731570300802 0.01619900285994159 0.2613541279294112
0.02265160005115186 0.016127243235879052 0.26131410619655254
0.02436882558298545 0.011794919018975445 0.2597729482440866
0.02444293180279898 0.0117087213988036 0.2597939079425976
0.02449751303209155 0.011639146601079111 0.2597548183553586
0.024541041583959124 0.011570985275490346 0.2597120818491106
0.02458278208814166 0.011489756848410816 0.25969046874325397
0.024780960029147297 0.011040870984468543 0.2595533446354115
0.024816642458459527 0.010950338509087481 0.25951286994653355
0.024843002588985738 0.010865036362538582 0.2594631565236704
0.02488587179724162 0.010765203094793356 0.2594509459776206
0.02500159640820187 0.010481505789520774 0.2593535656875247
0.025033808427950322 0.010393747627099187 0.25931300647017397
0.02509895190665045 0.010224700347919667 0.2592736373822388
0.025124949836528188 0.010150060164376357 0.25924944206776074
0.025142681409131777 0.010113398180595052 0.25921458238362244
0.02517341237572253 0.010031230529733638 0.2591778016530111
0.02519791178607412 0.009945626722884947 0.2591456309699992
0.025227244704987665 0.009859781274222818 0.25913029077730143
0.025258780452570986 0.009771481818678941 0.2591083090263473
0.021316170850321656 0.019944412682787023 0.26282803908550845
0.022512806287035794 0.016326788176937945 0.26147002315438705
0.02257441223109404 0.016239278605605444 0.26144340732672944
0.02263099029865585 0.016160728630798746 0.2614481964841544
0.0252844676376694 0.009731202102246117 0.259197768916051
0.025304542640434437 0.00966419534028498 0.25916645154362816
0.02532030875177858 0.009598471183450762 0.25913064652384715
0.025337932686557058 0.00953766919665441 0.25911156642362393
0.021262584232851035 0.020052720974356498 0.2629637673942926
0.025363060336948788 0.009479475813825976 0.2591809998988413
0.02538103985009902 0.009423082494448062 0.2591459005877879
0.025397943698171496 0.009376003030154761 0.2591516898331789
0.025440015954003255 0.00925145653540239 0.25918352391765026
0.02546957483607312 0.009154490450246976 0.2591604631236394
0.02548306459065336 0.00912183796118555 0.2592506398755185
0.0255090166405264 0.009039031110704305 0.2592194614996666
0.025530395380432957 0.008973405354720701 0.25918961748801306
0.025552902605220047 0.008931824797801063 0.25926702730856965
0.025574583396919752 0.008858106295120086 0.2592387194009511
0.025599933691128462 0.008784908866691943 0.2592116660581811
0.025624251820148953 0.008697628834001823 0.2591762721463521
0.025657417066429822 0.008589544909027828 0.2592350556329902
0.02567414565182817 0.00851460836944639 0.25920415887642695
0.025692428626612716 0.008432582263737618 0.2591616323939096
0.02573183367370664 0.008319064826025556 0.259234145819555
0.02574373954266016 0.008257737182548588 0.259181631945864
0.025779224457644124 0.00812988645846749 0.2592420954890989
0.02578705381986786 0.008062017257100065 0.25920235623529464
0.0258008546023841 0.008038476745013512 0.25928321992982223
0.025807435411477113 0.00796272771424221 0.25924351235637716
0.02581361593612028 0.007889577511535247 0.25922258441192353
0.025811966925216867 0.007807224513342113 0.2591832586461758
0.025797110967226807 0.007727290930853983 0.2591385480892255
0.02680255886888389 0.00645238364751147 0.2597078354107369
0.027118889513125893 0.00577364808615629 0.2598612611447755
0.02733448632639297 0.005371766529462087 0.260034458955091
0.02739306499986675 0.0052464691219325735 0.26009443270918786
0.02743585529965614 0.005150649555174206 0.26015631089492536
0.027490473970693846 0.005045635475971588 0.26021519544165267
0.01920895287711066 0.02431249210091773 0.26747580960719736
0.019266313748216413 0.024257509549370504 0.26755919782873583
0.01941261959177022 0.024088860974824346 0.26753637682425413
0.019469230640975176 0.024023291610396545 0.2675267840323535
0.019589129762617164 0.023835393237029958 0.2674676968330999
0.01931280442399303 0.024203554760625523 0.2676626735478071
0.01938986869219165 0.024123674406058355 0.2676278654392513
0.019459374557326367 0.024043077547992477 0.2676133540340202
0.027703583701753444 0.001720421688983233 0.262829504459338
0.027802658378066086 0.0016289209631556302 0.26283820030240057
0.02789187976649248 0.0015480469193323444 0.2628192224657763
0.02805183474472291 0.0014209249352643495 0.26289786869840015
0.02811854149739173 0.0013566296089171296 0.26289784729085824
0.02817022883607038 0.00128828394811222 0.2628972299016271
0.02823718356140013 0.0012317881979275905 0.26296948471438797
0.028300730602463284 0.0011650943863781788 0.2629611199027862
0.028385943091550563 0.001077973301749894 0.2629593028676371
0.028518129538675732 0.0009655930464442501 0.26303419350265816
0.028613963838999716 0.0008763978357651246 0.26301539863704776
0.028661988348726745 0.0008473447305846688 0.2631003673544962
0.02877680752775082 0.000751432977300569 0.26310510188828684
0.028821558103860792 0.0007041438321679894 0.2630675605085778
0.028899853868984225 0.0006533495910849846 0.2631817280343307
0.02896712382279215 0.0005771925646164807 0.2631710000925826
0.028963227129323886 0.0006022065793700773 0.2632345707143029
0.029023002337594507 0.0005407991153727286 0.26325423535876
0.02914221628907404 0.0004256997932826983 0.2633196680060169
0.0291860231003293 0.0003862644816156514 0.263442842206162
0.029226378834967336 0.00031472350571011657 0.263399357639379
0.029262472209212142 0.00026754306179143576 0.2634674517576804
0.029299006760316902 0.00019770053372053314 0.2634609026471876
0.02928159920999915 0.0002384416745719114 0.26356337585946304
0.02932218418653231 0.00016555377661755055 0.26356214159385216
0.029362028548818347 8.370075862473473e-05 0.26353186369532067
0.029342385272237734 0.00013762404688718352 0.2636305948336113
0.029389312739487368 4.191857615677523e-05 0.2636017837265547
0.029407777474803807 1.3037505057169051e-05 0.2637119936452637
0.029439739837298726 -6.568229439448894e-05 0.26366440319288054
0.029458489254397004 -9.904507819518673e-05 0.26377265949761847
0.02948326467438788 -0.00017278033100248788 0.26373557705894857
0.0295028639097934 -0.00019707781149836708 0.2638250168739811
0.0295405974826147 -0.00031481490198517184 0.26385428999314947
0.026748462499288046 0.006543314976114687 0.25971164740168706
0.026650090061280857 0.006714603403531376 0.25976068003544905
0.026545726586588988 0.00686146233786593 0.25975218284436186
0.02660096385291206 0.006799134188805934 0.25978986802770904
0.02640198424131369 0.006998897379294479 0.25975973090784016
0.02915965393704035 0.0004210141574252493 0.2634013848430215
0.029212431338445012 0.00034354356563889214 0.2634418118675131
0.029254304797835647 0.00028631183783260275 0.2635117412263758
0.02794993336000488 0.001496296508188694 0.26281975858773915
0.027805612364611994 0.0016212841334869307 0.2628118967551855
0.02788351686154436 0.0015625253326434197 0.26286341059391966
0.027928267754240885 0.0015246836596275286 0.26289550427844216
0.024558610962013644 0.011520706855047436 0.25956516199343216
0.027728688979896676 0.0017034535102490634 0.2628388641986398
0.024545190644506675 0.011554228705498605 0.25966295392162847
0.02754320780714079 0.001825653329403036 0.26282974274854426
0.024429010223508883 0.011718365337417278 0.259691344700751
0.024486271802771242 0.011649314397097196 0.25972006578153306
0.027316198209270375 0.0019186582275195457 0.26279064555170034
0.024294705706809396 0.01185287002531433 0.259686258579651
0.024416173111671 0.011740968254510953 0.2597691315254614
0.024126860816678697 0.011952174677527462 0.2596479779343348
0.024208740858012404 0.011923979684797432 0.25973194949449735
0.024285526097627217 0.0118668096332585 0.25975425978997585
0.022923878993193477 0.01562801948674484 0.26079519629751335
0.02287957139166487 0.015728448743367728 0.26085846624741826
0.02290706414019235 0.015668014978957943 0.260861641825739
0.022785844424932297 0.01589137673014739 0.2608606771818412
0.022827011454418438 0.01582629362522355 0.2609052934584313
0.02278043562932965 0.0159185477307774 0.260978797086408
0.02271437059962086 0.01602455393755038 0.26111846486642626
0.022649822975703324 0.016120182350648608 0.2611778405647794
0.022699755313243447 0.01604153499325859 0.2612061109847153
0.022629751735996767 0.01615482294485971 0.2612592589488786
0.022679476573212096 0.01607933109910736 0.26127011852478216
0.02262556279236477 0.0161625345496901 0.2613376296449465
0.02261548114377051 0.016183204621589637 0.26140050665973963
0.02254369545711311 0.016278378391493452 0.26144369514562926
0.022350497075653016 0.01648189003854262 0.26140370874398433
0.02242442369963548 0.016435658429283895 0.2614420329239742
0.022479962224689544 0.01637603984265122 0.26149957985232614
0.022314546952411973 0.01650648819982932 0.2614692470053304
0.022394151082093798 0.01646646181334466 0.2615255622814336
0.02183693701875851 0.01841116316255657 0.2616008300533853
0.021799158909248367 0.018514484004692137 0.2616543405890045
0.02177755930258717 0.018609640142238038 0.2617340958106481
0.021732193860437423 0.01873116309737363 0.2618793021911335
0.021751696090037336 0.018667970463237905 0.26191473086922923
0.02168078119297133 0.01892428039574357 0.26192178653171105
0.02171035098826163 0.018851332707966184 0.261950893694995
0.021737365379133084 0.018759146706999366 0.26197135878017896
0.021654611582874933 0.019007788638871547 0.2619906102793356
0.021688436001560788 0.01893081893040833 0.26204159492486406
0.021650152112058726 0.019038525397577746 0.2620916611783138
0.02159032707011132 0.01925685893973173 0.2622007105067227
0.021555929521716834 0.019343064909690465 0.2622582404772419
0.021492844034479163 0.0195333879315607 0.26240220858498164
0.021512973524336957 0.019469502104278877 0.262415564408078
0.021451724597706362 0.01962743257114111 0.26246555113454895
0.02147988351666072 0.019574513751215782 0.26248579816349216
0.021392892231681327 0.019734823186180563 0.2625042183507578
0.021431461871752384 0.019674443965648034 0.2625413608438441
0.021388780172299966 0.019772554045743653 0.26261107989156773
0.02134966475741659 0.019845245245370596 0.2626469500186277
0.02130646221102002 0.01993830908992839 0.2627144853710067
0.02134989108404724 0.01986425986241056 0.26276202192317033
0.02125857719654814 0.020044293497193187 0.2627675802229772
0.02130505462486994 0.019972653733174056 0.26281970777680297
0.021256528908375344 0.020074182368616172 0.26286619057172733
0.02119624935686369 0.0201470213894928 0.2629260268784923
0.021242806745198618 0.020086873104173036 0.2629843578365208
0.021172116543547823 0.020180215588245603 0.26299923702526595
0.021217729916091724 0.02012196511134524 0.26303642405373073
0.017961891325352527 0.024903963783728503 0.26809489201557246
0.018013610346138912 0.02489314240035262 0.26799886060482203
0.021170910917882944 0.020194534164066455 0.26310095452942933
0.018173584735325665 0.024853240186334166 0.26801485427296734
0.018060629877296525 0.02488253515405878 0.26794352952751654
0.01823550496093335 0.02483492280242102 0.2679794579312457
0.018089997338327522 0.02487330642155664 0.2678761059765199
0.02112209970333832 0.020276042386679616 0.2631529834365976
0.018267085846848594 0.02482643539987588 0.26789038475715377
0.018333246571497736 0.02480386624869376 0.26781145632103076
0.01835692940112862 0.024795385858178802 0.2677409407237676
0.021051213718482523 0.02041145228428368 0.2632989405692835
0.018530350130610006 0.024734237923649243 0.267729618321686
0.01839070050322204 0.02478094591875945 0.2676648354006097
0.020942217649455395 0.020554999290347886 0.2633057503406922
0.02099143146022885 0.020504785409609764 0.26332926786416705
0.018643071416473155 0.024691507707888038 0.26773600410075865
0.018527630370624912 0.02473029735211711 0.26766281364144834
0.01869159191179876 0.024668310439472298 0.2676650862999509
0.020861711018304988 0.020632317322188155 0.2633460622061062
0.020924640239142724 0.020587650059750037 0.26339133529558595
0.020991554613173567 0.02051840742218379 0.26342831655828647
0.01879024788155107 0.024619993493739986 0.26763288117943684
0.01890894222251517 0.0245554993763163 0.26758580305669555
0.020856939570663157 0.020646183910587416 0.26343052289941116
0.01894107701715802 0.02452804171464732 0.26751982238688293
0.01937489554064424 0.024138810907558525 0.26768319544155617
0.019321387820608937 0.024197399497290554 0.26760725756332776
0.019253482884911757 0.024269135262366452 0.2675941791415214
0.019194360153210296 0.024330269410644405 0.2675181379401205
0.01911201366368776 0.024398465761567636 0.267474244623043
0.01937953422544773 0.02413247686008833 0.26758676443074575
0.019288732616294636 0.024233250314915467 0.2675070052057155
0.019229206459559618 0.024288073029863657 0.2674464021019166
0.02067252382829179 0.02076827025402954 0.2635377977679059
0.020719490685090085 0.02074064938277805 0.2635433299857069
0.017536221065771563 0.024949525110543366 0.26805475192330624
0.017492711096563425 0.024952462908677187 0.2679757262994769
0.01744770660721564 0.024952034472130732 0.2678957744609696
0.017401713833434185 0.024950223204199387 0.26781541855410307
0.01735368618344228 0.024946509761497912 0.2677342715025266
0.017628433502502268 0.024944959494577635 0.2680349494849957
0.01758490246432916 0.024948721571987114 0.26795581888605235
0.017539622516965427 0.02494999434858599 0.2678757706280672
0.01749486388168911 0.024949102455621364 0.26779583786635386
0.01744907939311073 0.0249465480248156 0.26771567951002784
0.017758604446572252 0.02493333496608462 0.2680923742858857
0.017717918577904123 0.024937894992249122 0.26801398374658336
0.017675756551490892 0.024941520641668134 0.2679354609257285
0.017630608662614716 0.024943779938464288 0.26785550398289026
0.01788601846698095 0.024915503791289546 0.2681284899945001
0.017843461262498226 0.024922340511457863 0.26806767179899943
0.017802995540047915 0.02492795644003949 0.26799108664212984
0.017762828232610727 0.02493158560891477 0.26791364478557594
0.017719620574980707 0.02493420522534154 0.2678344939894215
0.017935982644158695 0.0249074928807337 0.26803754157169357
0.017888023036553086 0.024913655575879812 0.2679676139617897
0.018010034592538235 0.024894636130977695 0.2680411209888122
0.017980805303463656 0.024897082050775003 0.26794270387121305
0.018093640544453716 0.024874996417133657 0.26800288526017485
0.018042435976928863 0.024885277464190003 0.2679081664418967
0.018178641613531093 0.024851446377579255 0.26795403659598954
0.018130329022267456 0.024864461257181173 0.2679079636936029
0.01824261979263447 0.02483312272583716 0.2679264266197952
0.0182072399637393 0.024842047420029326 0.26786399903181585
0.018277280868648098 0.024822542962037654 0.2678485190783919
0.018246771684318833 0.02482810266439254 0.2677777360579612
0.01830474967426653 0.024810596957820986 0.26773007307212254
0.018393114876825586 0.02478249149672354 0.26770720753400956
0.027760974229759525 0.0016686485431025913 0.26284304490470756
0.01919392211969186 0.02088854778355186 0.26382112856276824
0.01931367985902376 0.020910811628751802 0.26380002408061337
0.019421711192173837 0.020932260980686363 0.2638041178880586
0.01952746543006385 0.02095037700209849 0.2637777338126249
0.01962857056856281 0.02096418419793586 0.2637857919583304
0.019730688004928408 0.02096495452053775 0.2637634833592438
0.0198143739803622 0.020963027050645032 0.26373216593317605
0.019921031539957466 0.02095388717577783 0.26371767036597116
0.019870120021319167 0.02094856158028377 0.26365605742980847
0.02001779066743191 0.02094627969694366 0.2637134998364875
0.026615893570938444 0.0067587999404424524 0.2597387117247874
0.020100870420269555 0.020938958374510045 0.26368378785395086
0.020076290884569737 0.020934948213219614 0.26361422920149696
0.02018805888813094 0.02092464964022547 0.2636641873617335
0.020127995795121482 0.0209233465002018 0.2635822033200899
0.020270998748413115 0.02090619281322332 0.2636446223722528
0.0202260939888755 0.020905930253471074 0.2635582311751709
0.020345529105605675 0.020889757814336593 0.2636357059117246
0.020311094294473912 0.020887303828426084 0.26351834986954764
0.02042159505899007 0.020871326942861153 0.26359681939719365
0.020386191493341938 0.020873382369825593 0.2635257021829669
0.020491890423906322 0.020849484785223325 0.2635684870778213
0.02059073100386807 0.020810331928405815 0.26353915291419167
0.02054825422379109 0.02081857159069901 0.26347563142712166
0.020636214842878024 0.02078452021592944 0.26350867657602656
0.02070516690535424 0.020743155648066645 0.26346894140010135
0.0265689884239001 0.00684413323232918 0.2597946269479124
0.020776883202122367 0.02069904704354474 0.2634211682037987
0.02086445316878101 0.020640208984784365 0.26347420076342687
0.020824414005186306 0.020664662675095327 0.2633849620307555
0.020904447071598345 0.020607168491586336 0.2634378900247031
0.020892035309465703 0.02061034410475479 0.2633520496330349
0.020965307747278242 0.02054511835054874 0.2633787196507564
0.02650273902822503 0.006908812872950487 0.2597522235027484
0.02640582565815692 0.006981427093221569 0.2597021665080677
0.02644895800657839 0.006962304540242172 0.2597809463410657
0.02630985641989465 0.007034865636543134 0.25967003657194815
0.026345704554087315 0.007032210186732599 0.2597630660939356
0.02150059927793261 0.019513225742689887 0.2624283264952908
0.021480266533112292 0.01955515993178034 0.26237919649759706
0.021511306049974484 0.019454032788354735 0.2623243122607384
0.021544452703588186 0.019371649747516734 0.2622814544943886
0.021573379714207964 0.019302058258259223 0.26223722034830743
0.02160524462765483 0.019209039216676042 0.26217501961604506
0.026217033874316162 0.007076640792147123 0.2596466031128226
0.026258405639201683 0.007073831509240731 0.2597279272070372
0.021624340104730033 0.019130341372672385 0.2621190080189921
0.026128033122487588 0.007112270309106055 0.25966055333487187
0.026181729566155602 0.007104404378992282 0.2597397277984372
0.02605512982508807 0.007134851582594901 0.2596705135314512
0.026106388145479695 0.007128161121399874 0.259766315587377
0.02601389701117582 0.007148843734954662 0.2597165803918739
0.026020449504387335 0.007147745004793957 0.2597852832013126
0.021573705081809662 0.01667210080339691 0.26134090333231913
0.02161104956593369 0.016671166213459897 0.2613261296141967
0.021764328063989747 0.01664509471282966 0.26138664570039344
0.0217173424418629 0.01664774848073875 0.2613253519761695
0.021826409770075463 0.016641491429913852 0.2613756058579256
0.02180617710930433 0.016638336777135047 0.26131034530779024
0.021914220953063567 0.01663283663952526 0.26135565203258915
0.021896291469631898 0.01662682919674096 0.2612642346045184
0.022028933852650406 0.01660830867676255 0.26138674346406293
0.02199380077695336 0.016617090031441618 0.26131829301408577
0.02198510403624835 0.016613328855207398 0.2612507757899542
0.022145592694508057 0.016567931775425666 0.261443525264447
0.022108865513152446 0.016583413091021276 0.2613657890430499
0.022077101734115222 0.016591739244445472 0.2612929080138967
0.022266714079947483 0.016523471686881595 0.261485487287943
0.022222842571830676 0.016539732408681816 0.2614213530708504
0.0221820606790031 0.016556468017172192 0.261357653664057
0.022145485307947993 0.016563868451951996 0.26125005606930096
0.02232839068778019 0.01649797650713611 0.2614326613335647
0.02226130966401221 0.016520868555798665 0.26136092022569557
0.022224504679571096 0.01653443409286313 0.26130852622676026
0.025917611296989846 0.00715812468933265 0.2597260344296109
0.022419214857013307 0.01644798252919149 0.26149519166662305
0.022383135593628003 0.016459079337172097 0.2613977078151079
0.025673853299989505 0.0071668150130146675 0.2595010009268326
0.0257732761340177 0.00716104084226269 0.25970294340360756
0.025801649797368056 0.007167019614383716 0.25977528887625084
0.02246068728206042 0.01639580798717036 0.26145301524399617
0.022540278936118027 0.016297191395537272 0.2615119441966344
0.025654660233030244 0.007191227554047358 0.25965069287859033
0.025680779051688356 0.007163759087108665 0.25971551219851846
0.02571507366097871 0.007167185556182555 0.2597646478015299
0.02564036194584321 0.007179430555874703 0.2597206887921685
0.025629562026703485 0.007178436495410922 0.2598099333695407
0.023149498249169988 0.01510852927403493 0.2606320092357369
0.023134048714771135 0.015137009913981881 0.26055697913820886
0.023172242645592003 0.015040736004779655 0.26056693392878355
0.023214623227367923 0.014939113058122245 0.26051851670250004
0.02319733770115428 0.014962697082634249 0.2604492432438645
0.023243180670704234 0.014854997890885735 0.2604609452966559
0.02322244018114056 0.014891864598873372 0.26040766832663315
0.02327020039349961 0.014772835763536541 0.2604323412181089
0.027273145032758926 0.0019320491521754998 0.2628048569917796
0.027332576176179863 0.0019116214320427892 0.26276897325811305
0.027475100457325135 0.0018628646053648415 0.2628302813043738
0.027609563733995944 0.0017818918784411415 0.2628390839358834
0.027913281967921727 0.0015324163479352646 0.262840268612972
0.027822626191253627 0.0016038616680385594 0.2627996687054347
0.019272815307362225 0.020910702757568306 0.26386082357209617
0.019364585693187605 0.020927514871685045 0.26385503429715174
0.019366291542945155 0.020918528047421142 0.26378981413948366
0.01949725279797497 0.02095017084765852 0.2638150333201632
0.019576977772802533 0.020962041946797412 0.2638098661745315
0.019665878509055785 0.020959796795165603 0.2637488214353006
0.019784023265749403 0.020966397630634376 0.26375978921706894
0.019772708679594173 0.020957273157944364 0.2637065906359011
0.01984142737761885 0.02096586426841916 0.2637645581126671
0.019840084604674294 0.020957128633338828 0.2637004351804154
0.02004254044367471 0.020940546852440203 0.2636385314293427
0.021574448211221713 0.019291646092450897 0.262195364288802
0.021628155768292075 0.016671151710698502 0.26129893684253697
0.021686048108006114 0.016652009575434768 0.26135910351154873
0.02168164323134535 0.016644037836202094 0.26126525142720736
0.021746974150189616 0.016645469750357963 0.26135011670611935
0.021762039089384108 0.01663828102587951 0.26129485390083923
0.02186126587697684 0.016634000471245268 0.2613006011850718
0.02193563045933639 0.01662584141899084 0.2612907462544885
0.02203112312821603 0.016602217403344183 0.2612429518962968
0.022084864587988744 0.0165857704530873 0.2612420082709754
0.023682766199064075 0.012050578684035935 0.2596591034010126
0.023714989902335604 0.01203315233086778 0.2595711282467773
0.02373149503046482 0.012027833225109452 0.25950993207974554
0.023784483779748476 0.0120290291355663 0.25960105602087824
0.02381878698740017 0.012021536456524293 0.25951822693114773
0.023876835383311416 0.012026310477994072 0.25962566198804776
0.023875683097714522 0.01201935943080902 0.25953175662035816
0.0239546652907455 0.012003750905724666 0.2596540326790481
0.023963962394236617 0.012002703555234008 0.25957700023443137
0.024034745576285654 0.011983335268592276 0.2596716130808717
0.024056278434709154 0.01197009261332584 0.2595828594612859
0.024114256964082748 0.011959007876754971 0.259673055445935
0.02411716886932681 0.011948080343834737 0.2596100186984608
0.024184599135305417 0.011940283624226946 0.259750081796718
0.024168575426914845 0.011937975817216864 0.2596881387866506
0.024240454487564008 0.011901217383813478 0.25976342965737154
0.024252419470317706 0.011885600774555987 0.25969289068018153
0.024328176232764818 0.011828986234605323 0.2597276512182917
0.02439335385960355 0.011762692961487499 0.25972683201196695
0.024456646355297113 0.011688757368484327 0.2597391798488687
0.024453707616963017 0.011690054962803545 0.25968914414495653
0.02718558374981371 0.0019512997077002076 0.2627964536626193
0.027358671158716368 0.001900817103096003 0.26277720874610283
0.027419113324583286 0.001880884413462946 0.26279642132972164
0.027230420340272454 0.0019395033900568048 0.2627895375404335
0.024216935405040316 0.011911557939764523 0.25969902990535443
0.024155235246321727 0.01193667679253077 0.2596383660821167
0.02412210318962837 0.011957467654034012 0.25970725130765326
0.024071868911304167 0.011971467395751946 0.2596396703494396
0.023992509747230592 0.011992632241164307 0.25968886923760004
0.024010090041677243 0.011985204173313238 0.25955898511095177
0.023959522885277043 0.012003992342327234 0.25961742463780396
0.023870510277349887 0.012025024559238756 0.25966994017057077
0.02391050198246005 0.012015946820506017 0.259555305613033
0.023835841997827654 0.012029189312917883 0.2596166251049537
0.02375297760418186 0.012029968885356582 0.25966775772304157
0.023627063898859386 0.013469824933090176 0.2600107358830122
0.02360932734174118 0.0135336559682008 0.2600429272296494
0.02358352821969257 0.013619860763301992 0.2600651209360337
0.02355687961789725 0.013714075843676704 0.26010524565226123
0.023543109957578575 0.013772865185458377 0.26015666020513867
0.021624440385271542 0.019161673734374447 0.2621984411654359
0.021596873717103497 0.01925360888388705 0.2622556893967641
0.021566538417034285 0.019318375867745183 0.26228020774033856
0.021538397055761018 0.019385097319745487 0.2623062893455165
0.02151374871162366 0.01945195093679997 0.26235521966758796
0.02149781976937235 0.019512672147685612 0.2623907827825716
0.02147683049094203 0.01957710671056874 0.2624303130772459
0.021598785524995733 0.01920556793580281 0.2621357891916027
0.021568310812075244 0.01928827201924643 0.2621650745386921
0.02196683511045964 0.017837156952966886 0.2613081269563315
0.021948751051878452 0.01794660744818405 0.2613731679651025
0.02192338430605891 0.018017945855297667 0.2613928756990418
0.021905272307688118 0.01810650530990169 0.26140738317694995
0.021927710133348127 0.01798098719218154 0.2612428163166663
0.01923942511352457 0.02096331631826543 0.2651466060727884
0.019272660102690305 0.021054336835164847 0.2651035634799468
0.023764409081943893 0.01255605989835751 0.25993076738931986
0.023709201042043243 0.012429162280428707 0.25990360380534544
0.02373913651781259 0.012529189309925077 0.2598551056243424
0.023674213695166164 0.012379809858457339 0.2598467538413696
0.02370400665443387 0.012466278562525161 0.25980881012390683
0.02363669692396031 0.012326862215261886 0.2597956092868371
0.025764886630279996 0.008196492525737453 0.25924322893927515
0.02581305100044349 0.007932394153624288 0.25926821783068554
0.025798992473396575 0.00801668348812818 0.259239113315466
0.025780458418026297 0.008105187444630459 0.2592082590552257
0.02581845770440537 0.007816617769716665 0.2592196578689727
0.02580788683226484 0.007913633201568886 0.2591966517231694
0.025792711686554604 0.007983753843310223 0.25915088579419965
0.025686706965782017 0.007352924326545215 0.25936968062835253
0.02580020322135757 0.007709712661942536 0.25916457946503374
0.025665441995198126 0.007357113355980354 0.2593288096183522
0.025738201203658894 0.007469072824863681 0.25923366715143265
0.025778601002509574 0.007597491160707373 0.2591812079647064
0.02570810903346582 0.007440194468540844 0.2591721276159358
0.023634228474791106 0.012286345245916926 0.2598117455829979
0.021803743124824967 0.017177258657779186 0.26107085063001545
0.021521449027820477 0.016813492403493096 0.26113429671373284
0.02192539113022428 0.017351473861556343 0.26109836557423255
0.021547919409893968 0.016878437086243005 0.2610882081950388
0.0215400785551183 0.01683215258278709 0.2611419413276129
0.021538969768723392 0.016823576113842262 0.26117160983908844
0.023728266566049924 0.012486796779392616 0.2598647891982557
0.021950080587759963 0.017391049451740654 0.26122141338058485
0.021634743868522342 0.016949310261516862 0.2610851930813603
0.021683961458421757 0.017028558512813364 0.26102102956438245
0.0219796275540388 0.01745097405765501 0.26123809339826237
0.021742539791037276 0.017096196988337004 0.2610344261563675
0.023679848853048666 0.012400007310165405 0.2598305882377576
0.02367518423042898 0.012431019574415019 0.2597713251011386
0.021803345097001638 0.018510818939611783 0.2616866631466082
0.02183454642063046 0.01842357916192837 0.26163395998547395
0.021850174036011766 0.01835225499190106 0.2615784497539177
0.021877225355946016 0.018277622154022302 0.2615415177163356
0.02190360933264881 0.01818150729420362 0.26147975383858013
0.02581668865508137 0.007850115923153354 0.2592189691884777
0.02581800553047042 0.007778282730196629 0.2592335044672453
0.025770089183363137 0.007553327510386665 0.2591962491822492
0.025736114704353837 0.007480967985888153 0.25918908225191667
0.025721984932845183 0.007431509397033488 0.25932220532597056
0.025680017002172945 0.007385013508953891 0.25924817657961646
0.02566410515418551 0.007325906251622638 0.2593620612753592
0.02567210169294007 0.007353064189410169 0.2593522451058886
0.024078993212227454 0.01197034797372833 0.2597033948049545
0.02172692711176963 0.018775492360578336 0.2619195989600138
0.02176871683503676 0.018614859657758782 0.2617716269926886
0.021595132491697654 0.016652592859770686 0.2613786299216291
0.0215929188548261 0.016673606688038932 0.2612774612024847
0.02171867314092692 0.016647967431550004 0.26135379052747837
0.023716631986475646 0.012034935015434373 0.25962181200152584
0.02376059767584809 0.012028647514662304 0.25955406862995295
0.023827572843010028 0.012026661082097833 0.25965664653580656
0.023850627616134084 0.012026554451528813 0.2595765110326502
0.023906285241309444 0.012017202949804283 0.25967646141121553
0.02392691346110634 0.01201556993483192 0.2596162016467776
0.024003422260061698 0.011990964795834716 0.2596253746079863
0.02566017695581974 0.0071680574212993654 0.25970971456374164
0.025675239517598262 0.007186123782488166 0.25961095472359347
0.025747963839717662 0.007166320916384774 0.25975560502316597
0.02586542517976268 0.007165668457980952 0.259773504534133
0.025968209490680988 0.0071568762763883865 0.25974253841277606
0.025982601453972982 0.007146366913985556 0.25967950086845143
0.02606909274942226 0.007137781787686553 0.25971657895386496
0.026080390301837012 0.007120793140426536 0.25962823880119523
0.021922236302390787 0.018010439343833524 0.2613316966791638
0.021899699468037354 0.01808843012208472 0.2613518729847002
0.021883477190600447 0.018169622587366513 0.26136706852010466
0.023627068900136806 0.01229664945276502 0.2597871272623404
0.021647455841418303 0.019058791719616445 0.262125086404052
0.02161782295008841 0.019129956451901627 0.26208327219199196
0.02169955592395056 0.018891394985462967 0.262048149563755
0.021672370002432478 0.018974920386991435 0.262042380926938
0.02165253366983593 0.019021866363333164 0.2620236491193787
0.0217253411395099 0.018808507958238338 0.26196778359660206
0.02170545416310213 0.01887426520316722 0.2619852242275746
0.021674738928925113 0.01894791917399322 0.2619490164069965
0.025694098471684527 0.007165484693596457 0.2596690950569302
0.025713674553875965 0.007164296733747053 0.25972768838724547
0.025648444431551468 0.007178432957553145 0.2596868542089382
0.025670306444449034 0.007169496994376142 0.2597623021933656
0.021642850805769928 0.016659353436299332 0.26135452161378514
0.021632695552242003 0.01665798415538677 0.2612634218393861
0.021720169064722992 0.016646599759853734 0.2613866348738126
0.021712797944376524 0.016643808025894317 0.2612896150546706
0.027287684478019377 0.0019611090657964654 0.26238843594806094
0.02152112956488633 0.016811540464298728 0.26114233278720267
0.021506296761702178 0.016820780775250163 0.26111357462482715
0.025709575601196643 0.007463361481293111 0.25913277818901204
0.02568593419982969 0.007393002877142416 0.2592318508187509
0.025670868563133185 0.00737294120001361 0.25928871756036426
0.025760691879568632 0.00754333186087833 0.25917707496851566
0.0257395651014056 0.007462339876951006 0.25926868625757965
0.02569684772128451 0.007391800320529833 0.2593396327537264
0.021822419191916083 0.017220201124232996 0.26103747890856027
0.021772516046063346 0.017125728258355188 0.26107703668588467
0.02176298340181999 0.017140489524100692 0.26100904007841536
0.021727632139026086 0.017063469631036755 0.2610588643906665
0.021723324857895656 0.017086464573211342 0.2610032321979751
0.021674535345449553 0.01698967442176861 0.2610614329312949
0.02161360354212778 0.016947671493423234 0.2610443338946445
0.0271486629091962 0.0019604601367762126 0.26281054400921716
0.02183119850041523 0.018392982490235552 0.2615091631200823
0.021858933706267604 0.018325142236408205 0.26152833749926285
0.021850947069263528 0.01831016941691867 0.26143064277675493
0.021886998381663577 0.018252592539626997 0.2615207556530579
0.021887604494547734 0.018241626401204865 0.261466787330541
0.021875275481690038 0.018207387466592145 0.2613786951691499
0.02190667465585332 0.018154108054011377 0.26145432105795086
0.021651656469802723 0.016651074591318878 0.2613914988866258
0.021665981986142273 0.016658630378814706 0.26131189387888815
0.02178321271716112 0.01664351560139969 0.26134382308508697
0.021997636083993057 0.017658198019083436 0.26117687789647714
0.022007729350351606 0.017589429399894652 0.2612129883380292
0.022003434191991446 0.017492157697265368 0.2612549968274363
0.021958583588300714 0.01741820556101061 0.2612214435654201
0.02373277468015699 0.012529424517935962 0.25983627082148075
0.023684109862653156 0.012419579795613584 0.25981311189630624
0.023679138710992136 0.012375288590567034 0.25988466137433835
0.02192172314071676 0.017355090227022932 0.2610391636937405
0.021989532557061157 0.017692959284770143 0.2611774763604494
0.022021396852607067 0.017623769685154902 0.26123659893713924
0.025771773294733576 0.007565767705759911 0.25918824169150834
0.025696143928554405 0.00741410167922465 0.2592053406963434
0.025708814092875735 0.007388532856681238 0.2593713619710338
0.021934382734991358 0.01737422175825578 0.2611661880870101
0.02194051635125712 0.017385583767699286 0.261062314324717
0.02183491381569451 0.017227662959331896 0.26106762974260495
0.021893124494985493 0.01732540933001606 0.2610049174397089
0.021752685503523512 0.017100338953428728 0.2610623058719924
0.02165604274993539 0.01698512443752459 0.26103829280047136
0.02572721610301387 0.0074261156585905454 0.2593621561074935
0.02572683635163811 0.0074405909573418754 0.25929021705471295
0.025680614429832643 0.007251908626406453 0.2594201870302357
0.02568423810741948 0.0073003746493844396 0.25952496320776414
0.025673764045243058 0.007174294856908092 0.2593810292619742
0.02565459002108341 0.007267280084998328 0.2593659330487227
0.025656717460696733 0.0072451646475999235 0.2596081445536712
0.02567668803045435 0.007219785451687655 0.2594788462471919
0.025701423473002895 0.007334955745513077 0.259453669196092
0.025702869668285944 0.007356482210023248 0.25939699432295665
0.02567796854123705 0.007199218884182245 0.2595474989528426
0.021606409559694693 0.019162464425009816 0.26209468172327605
0.021598072260239822 0.019190744202740667 0.262109348942143
0.023633886228168484 0.01216087758267188 0.2597680877710154
0.023656903510768077 0.012088703752473107 0.2597188595053934
0.0236193995573452 0.012246708503288664 0.2597686380750532
0.021543430833216116 0.0167356874266107 0.2612947465146171
0.021540430806947213 0.016693555461218517 0.26134190532540147
0.021565632278578595 0.01668696599184428 0.2613012896803741
0.0218496817445857 0.017264872519925523 0.2610188403187849
