-0.08842374 -0.02309303 0.27735069 125 125 125
-0.08528189 -0.01911505 0.27399695 135 135 135
-0.08964441 -0.02611212 0.28137305 121 121 121
-0.08481572 -0.01851935 0.27330083 130 130 130
-0.08886554 -0.02492823 0.27996600 119 119 119
-0.08941384 -0.02553186 0.28101292 122 122 122
-0.08490527 -0.01834331 0.27353796 131 131 131
-0.08522987 -0.01919979 0.27380544 135 135 135
-0.08861649 -0.02466686 0.27963635 119 119 119
-0.08846320 -0.02300895 0.27755541 121 121 121
-0.08477463 -0.01863970 0.27317995 129 129 129
-0.08507110 -0.01850153 0.27378345 131 131 131
-0.08842226 -0.02349025 0.27701461 127 127 127
-0.09033272 -0.02923986 0.28581223 114 114 114
-0.09007669 -0.02758101 0.28464052 118 118 118
-0.08670019 -0.02093213 0.27636603 111 111 111
-0.08757070 -0.02250266 0.27614361 125 125 125
-0.09012228 -0.02812462 0.28361851 122 122 122
-0.08966257 -0.02585992 0.28195223 121 121 121
-0.08530109 -0.01871939 0.27430359 131 131 131
-0.08417046 -0.01823476 0.27263418 122 122 122
-0.08802832 -0.02438761 0.27919734 119 119 119
-0.08389780 -0.01806904 0.27250260 116 116 116
-0.08903416 -0.02559056 0.27971590 120 120 120
-0.08678668 -0.02085878 0.27653620 110 110 110
-0.08530259 -0.01985011 0.27368271 138 138 138
-0.08945527 -0.02631685 0.28029296 121 121 121
-0.08883748 -0.02431792 0.28057322 120 120 120
-0.08813290 -0.02351250 0.27640137 127 127 127
-0.09030028 -0.02891542 0.28405058 123 123 123
-0.08867840 -0.02533471 0.27906907 122 122 122
-0.08963546 -0.02573958 0.28241625 109 109 109
-0.08535679 -0.01860755 0.27465600 128 128 128
-0.08393954 -0.01844856 0.27230656 120 120 120
-0.08877466 -0.02471780 0.27725616 117 117 117
-0.09037220 -0.02995554 0.28558975 116 116 116
-0.08425507 -0.01885595 0.27240327 128 128 128
-0.08818415 -0.02215008 0.27756810 127 127 127
-0.09037542 -0.02979369 0.28505588 118 118 118
-0.08342032 -0.01815750 0.27209648 107 107 107
-0.08838737 -0.02419596 0.27646476 130 130 130
-0.09031913 -0.02918933 0.28369221 122 122 122
-0.08673268 -0.02051617 0.27683914 110 110 110
-0.08777759 -0.02347964 0.27577448 131 131 131
-0.09003317 -0.02853464 0.28260440 121 121 121
-0.08862752 -0.02376691 0.28073725 117 117 117
-0.08697843 -0.02267676 0.27519572 122 122 122
-0.08992776 -0.02780175 0.28099638 118 118 118
-0.08471478 -0.01980211 0.27271146 136 136 136
-0.08655878 -0.02235057 0.27497306 116 116 116
-0.08924491 -0.02656104 0.27932915 125 125 125
-0.08337332 -0.01854550 0.27183023 107 107 107
-0.08786474 -0.02397018 0.27567115 127 127 127
-0.08943958 -0.03106117 0.28760123 128 128 128
-0.08813361 -0.02170743 0.27786013 125 125 125
-0.08864783 -0.02515639 0.27648261 132 132 132
-0.08619674 -0.02243539 0.27459487 117 117 117
-0.08799113 -0.02435664 0.27565619 126 126 126
-0.09039066 -0.03018742 0.28380969 125 125 125
-0.07211879 -0.04086417 0.29653633 108 108 108
-0.07368649 -0.04031835 0.29682383 122 122 122
-0.07372554 -0.03916069 0.29672605 115 115 115
-0.07333295 -0.03849931 0.29683873 106 106 106
-0.07318220 -0.03803910 0.29714945 95 95 95
-0.07872049 -0.03980648 0.29508859 101 101 101
-0.07957277 -0.04048284 0.29568604 115 115 115
-0.07900762 -0.03963005 0.29503223 109 109 109
-0.07993871 -0.04024068 0.29579413 112 112 112
-0.07988376 -0.03983898 0.29576072 112 112 112
-0.08045553 -0.04019003 0.29577914 109 109 109
-0.07904015 -0.03821865 0.29421601 107 107 107
-0.07982778 -0.03905297 0.29513055 103 103 103
-0.07989840 -0.03843370 0.29448718 123 123 123
-0.08381075 -0.01939492 0.27173579 123 123 123
-0.08095586 -0.03953602 0.29546797 106 106 106
-0.08195208 -0.03989029 0.29575235 132 132 132
-0.08430812 -0.03957867 0.29177108 81 81 81
-0.09040995 -0.03050339 0.28396907 123 123 123
-0.08492004 -0.03888063 0.29063454 97 97 97
-0.08538394 -0.03876176 0.29063681 107 107 107
-0.08537422 -0.03938354 0.29198670 112 112 112
-0.08563784 -0.03813528 0.29030651 97 97 97
-0.08567426 -0.03800573 0.29025134 105 105 105
-0.08603563 -0.03879276 0.29145932 129 129 129
-0.08617029 -0.03699977 0.28988850 132 132 132
-0.08642652 -0.03811320 0.29194835 125 125 125
-0.08840121 -0.02198940 0.27871254 111 111 111
-0.08765855 -0.02088681 0.27770796 122 122 122
-0.08666825 -0.03757259 0.29272693 126 126 126
-0.08825355 -0.03616553 0.28773820 114 114 114
-0.08863160 -0.03547179 0.28657621 104 104 104
-0.08872510 -0.03536653 0.28647622 102 102 102
-0.08885497 -0.03516772 0.28629431 107 107 107
-0.08893579 -0.03541537 0.28691968 114 114 114
-0.08378422 -0.01945947 0.27168399 124 124 124
-0.08199222 -0.02175399 0.27089846 96 96 96
-0.08921898 -0.03436038 0.28547379 101 101 101
-0.08710992 -0.03597081 0.29241058 125 125 125
-0.08208590 -0.02127453 0.27066323 117 117 117
-0.08933342 -0.03389308 0.28523213 121 121 121
-0.08708958 -0.03586105 0.29426816 120 120 120
-0.08898228 -0.02679189 0.27843153 130 130 130
-0.08705992 -0.03474104 0.29223269 132 132 132
-0.08246214 -0.02056585 0.27066350 118 118 118
-0.08723573 -0.03490008 0.29279193 124 124 124
-0.08382234 -0.02218125 0.27231723 108 108 108
-0.08932919 -0.03409184 0.28808853 115 115 115
-0.08383682 -0.02203905 0.27216867 113 113 113
-0.08700057 -0.03423242 0.29250860 129 129 129
-0.08649989 -0.02495740 0.27441031 102 102 102
-0.08372205 -0.02130107 0.27152050 135 135 135
-0.08992267 -0.03337817 0.28663492 114 114 114
-0.08814619 -0.02774591 0.27791139 107 107 107
-0.08287276 -0.02018618 0.27081260 118 118 118
-0.09032949 -0.03230692 0.28403711 116 116 116
-0.08256690 -0.01983391 0.27077508 117 117 117
-0.09035110 -0.03239229 0.28433347 124 124 124
-0.08795163 -0.02714457 0.27747351 118 118 118
-0.08324874 -0.02035468 0.27097318 124 124 124
-0.08998578 -0.03307921 0.28653073 121 121 121
-0.08860150 -0.02786666 0.27813420 126 126 126
-0.08417367 -0.02142566 0.27195957 135 135 135
-0.08880155 -0.02805006 0.27844456 125 125 125
-0.08448771 -0.02177170 0.27239507 130 130 130
-0.08933580 -0.02907330 0.27985388 113 113 113
-0.08620203 -0.02374589 0.27391481 115 115 115
-0.09012040 -0.03053415 0.28182730 133 133 133
-0.08742961 -0.02509616 0.27497998 132 132 132
-0.07927182 -0.01702657 0.27134389 140 140 140
-0.09042786 -0.03195470 0.28441596 110 110 110
-0.08842646 -0.02703414 0.27762604 126 126 126
-0.08418356 -0.02093818 0.27183399 148 148 148
-0.08921255 -0.02812320 0.27881867 130 130 130
-0.08488088 -0.02197657 0.27307972 135 135 135
-0.08970802 -0.02964485 0.28133869 125 125 125
-0.08706856 -0.02426968 0.27449366 131 131 131
-0.09027462 -0.03035710 0.28209719 131 131 131
-0.08772077 -0.02499523 0.27523848 193 193 193
-0.08967167 -0.03197756 0.28661254 132 132 132
-0.08881721 -0.02712220 0.27803034 140 140 140
-0.08454052 -0.02095435 0.27220780 142 142 142
-0.08977563 -0.02885096 0.28027004 128 128 128
-0.08687466 -0.02375152 0.27442661 125 125 125
-0.08960794 -0.03178149 0.28680170 135 135 135
-0.08887862 -0.02700066 0.27812490 134 134 134
-0.08480688 -0.02108901 0.27251658 143 143 143
-0.08982360 -0.02927940 0.28160214 122 122 122
-0.08745857 -0.02419187 0.27491662 129 129 129
-0.08983837 -0.03193714 0.28713536 123 123 123
-0.08908683 -0.02712416 0.27849585 130 130 130
-0.08507855 -0.02129416 0.27289680 143 143 143
-0.09025935 -0.02969121 0.28208867 131 131 131
-0.08786929 -0.02456535 0.27538654 125 125 125
-0.08220676 -0.03779753 0.29755816 113 113 113
-0.08674267 -0.03668978 0.29434803 132 132 132
-0.08668671 -0.03707208 0.29390723 135 135 135
-0.08575168 -0.03740660 0.29537609 126 126 126
-0.08886776 -0.03269115 0.29053089 117 117 117
-0.08539926 -0.03821585 0.29484597 128 128 128
-0.08624581 -0.03776310 0.29393303 135 135 135
-0.08576272 -0.03823432 0.29423040 133 133 133
-0.08200162 -0.03795017 0.29648313 102 102 102
-0.08963812 -0.03159639 0.28887904 113 113 113
-0.08926191 -0.03265962 0.28952375 123 123 123
-0.08629691 -0.03808608 0.29330793 133 133 133
-0.08931752 -0.03281727 0.28924355 123 123 123
-0.08207231 -0.03848836 0.29613164 116 116 116
-0.08938830 -0.03274292 0.28906885 125 125 125
-0.08218723 -0.03915413 0.29610756 124 124 124
-0.08207134 -0.03884789 0.29598123 122 122 122
-0.08836436 -0.03459372 0.28992188 118 118 118
-0.08968313 -0.03253666 0.28819555 120 120 120
-0.08884772 -0.03430442 0.28930715 121 121 121
-0.08500811 -0.03930056 0.29370400 130 130 130
-0.09025932 -0.02938442 0.28642422 113 113 113
-0.08939325 -0.03340114 0.28848788 124 124 124
-0.08792051 -0.03514971 0.29001901 117 117 117
-0.08191956 -0.03980260 0.29568985 127 127 127
-0.09030361 -0.02950039 0.28624994 113 113 113
-0.08669336 -0.03536022 0.29079971 118 118 118
-0.08942162 -0.03366295 0.28816047 127 127 127
-0.08602042 -0.03894262 0.29237917 126 126 126
-0.08789595 -0.03561901 0.28958857 118 118 118
-0.08894662 -0.03481786 0.28851524 119 119 119
-0.08935855 -0.03416174 0.28789431 117 117 117
-0.09013385 -0.03121922 0.28616485 119 119 119
-0.08081584 -0.03914616 0.29521006 109 109 109
-0.09038306 -0.03049247 0.28564721 114 114 114
-0.08480687 -0.03959031 0.29269215 121 121 121
-0.08551589 -0.03934466 0.29203784 138 138 138
-0.09023470 -0.03141388 0.28588977 110 110 110
-0.08018433 -0.03901669 0.29516274 99 99 99
-0.08824734 -0.03592198 0.28867862 125 125 125
-0.08491973 -0.03953464 0.29196873 122 122 122
-0.09043371 -0.03129121 0.28498411 118 118 118
-0.08441351 -0.03963929 0.29204401 106 106 106
-0.08789042 -0.03642797 0.28837815 124 124 124
-0.08559464 -0.03747405 0.28993228 95 95 95
-0.09029947 -0.03247435 0.28492847 126 126 126
-0.08958885 -0.02598193 0.28270558 110 110 110
-0.08959313 -0.02618827 0.28267252 109 109 109
-0.08802977 -0.03615957 0.28739789 93 93 93
-0.08862685 -0.03552811 0.28664979 109 109 109
-0.08968293 -0.02613476 0.28231627 108 108 108
-0.09029670 -0.03254608 0.28425646 131 131 131
-0.08976304 -0.02670786 0.28196040 111 111 111
-0.08988030 -0.02750810 0.28145030 111 111 111
-0.08988879 -0.02751519 0.28124136 113 113 113
-0.08978867 -0.03189909 0.28282863 99 99 99
-0.08997189 -0.02865577 0.28070953 127 127 127
-0.08838616 -0.02310319 0.27889785 129 129 129
-0.08848809 -0.02255177 0.27828297 114 114 114
-0.08842752 -0.02363159 0.27864414 132 132 132
-0.08838162 -0.02417975 0.27847880 133 133 133
-0.08864445 -0.02355779 0.27801204 114 114 114
-0.08869715 -0.02390629 0.27775007 112 112 112
-0.08869252 -0.02512345 0.27742434 119 119 119
-0.08876646 -0.02481414 0.27703783 119 119 119
-0.08851612 -0.02609438 0.27658632 118 118 118
-0.08528526 -0.01883537 0.27553001 118 118 118
-0.08533581 -0.01897812 0.27528137 116 116 116
-0.07629698 -0.01859724 0.27119952 122 122 122
-0.08755962 -0.02564776 0.27537197 107 107 107
-0.07702594 -0.01826080 0.27168536 110 110 110
-0.07630306 -0.01927497 0.27264580 127 127 127
-0.08702444 -0.02531314 0.27484271 105 105 105
-0.08239643 -0.02204870 0.27123773 94 94 94
-0.08966116 -0.03257017 0.28369486 102 102 102
-0.07691924 -0.01829480 0.27200672 127 127 127
-0.07644834 -0.01879290 0.27227396 123 123 123
-0.08266451 -0.02238870 0.27216524 118 118 118
-0.08211289 -0.02224904 0.27252480 103 103 103
-0.07710794 -0.01894187 0.27293992 130 130 130
-0.08366860 -0.02243165 0.27280280 113 113 113
-0.07491925 -0.01964540 0.27327958 114 114 114
-0.08132122 -0.02178763 0.27313977 106 106 106
-0.07539073 -0.01957973 0.27353647 103 103 103
-0.07720023 -0.01895254 0.27356029 138 138 138
-0.07505327 -0.01944620 0.27397490 115 115 115
-0.07668833 -0.01901096 0.27401814 127 127 127
-0.07403468 -0.01916433 0.27444467 104 104 104
-0.07689580 -0.01858725 0.27444690 117 117 117
-0.07416448 -0.01905585 0.27470106 100 100 100
-0.07688739 -0.01820024 0.27489567 115 115 115
-0.07686156 -0.01805531 0.27507204 114 114 114
-0.08437111 -0.03744312 0.29644495 122 122 122
-0.07433291 -0.01859828 0.27538723 98 98 98
-0.08147894 -0.02111690 0.27519998 102 102 102
-0.07528128 -0.01815090 0.27581769 101 101 101
-0.08125888 -0.02098363 0.27563718 102 102 102
-0.08543911 -0.03740462 0.29575458 121 121 121
-0.08107755 -0.02089841 0.27590275 103 103 103
-0.07685968 -0.01845089 0.27623704 62 62 62
-0.08389636 -0.03845991 0.29547080 125 125 125
-0.07720730 -0.01849421 0.27649531 64 64 64
-0.08484569 -0.03832239 0.29524741 133 133 133
-0.07710670 -0.01860196 0.27671492 60 60 60
-0.08334461 -0.03877193 0.29521501 121 121 121
-0.08420424 -0.03868312 0.29510066 128 128 128
-0.07979934 -0.02037103 0.27683386 84 84 84
-0.07709999 -0.01883130 0.27723193 54 54 54
-0.08512035 -0.03848474 0.29479617 134 134 134
-0.08532135 -0.03845752 0.29461306 128 128 128
-0.08019795 -0.03868371 0.29476914 105 105 105
-0.08027926 -0.02046858 0.27748677 89 89 89
-0.08376192 -0.03948179 0.29415235 132 132 132
-0.08002772 -0.02030960 0.27793217 106 106 106
-0.08484430 -0.03938992 0.29367810 130 130 130
-0.08402506 -0.03972295 0.29328737 137 137 137
-0.07874379 -0.02075892 0.27902997 60 60 60
-0.08379800 -0.03965632 0.29216644 124 124 124
-0.08122897 -0.02169158 0.27929920 57 57 57
-0.08385492 -0.03958715 0.29191989 118 118 118
-0.07994176 -0.02157156 0.27972916 47 47 47
-0.08112046 -0.02172723 0.27983910 59 59 59
-0.08091771 -0.02198845 0.28025892 54 54 54
-0.08096638 -0.02206809 0.28042260 57 57 57
-0.08814100 -0.03432501 0.29045084 114 114 114
-0.08710673 -0.03533540 0.29035953 107 107 107
-0.08806784 -0.03497291 0.29000121 117 117 117
-0.08783936 -0.03580391 0.28944877 119 119 119
-0.08780103 -0.03626490 0.28886366 124 124 124
-0.08998591 -0.03051260 0.28670201 96 96 96
-0.08998016 -0.03097618 0.28649095 124 124 124
-0.09019077 -0.03126106 0.28604969 107 107 107
-0.09005069 -0.03224761 0.28564742 122 122 122
-0.08955114 -0.03220791 0.28319523 106 106 106
-0.08942873 -0.03310598 0.28511369 113 113 113
-0.08171117 -0.02188439 0.27097428 108 108 108
-0.08203276 -0.02233341 0.27214739 116 116 116
-0.08330344 -0.02230364 0.27316344 112 112 112
-0.08179843 -0.02221558 0.27232519 113 113 113
-0.08565547 -0.02474189 0.27459341 103 103 103
-0.08722832 -0.02584422 0.27558124 121 121 121
-0.08620622 -0.02520485 0.27509692 105 105 105
-0.08279099 -0.02201097 0.27339190 109 109 109
-0.08516724 -0.02431363 0.27473357 113 113 113
-0.08620110 -0.02519520 0.27539867 112 112 112
-0.08605169 -0.02503948 0.27541822 109 109 109
-0.08590388 -0.02486940 0.27542263 111 111 111
-0.08523863 -0.02424232 0.27519473 102 102 102
-0.08311730 -0.02216731 0.27427080 119 119 119
-0.08132105 -0.02174323 0.27327862 112 112 112
-0.08636128 -0.02518137 0.27620101 102 102 102
-0.08567769 -0.02446265 0.27596679 109 109 109
-0.08503068 -0.02391076 0.27570146 103 103 103
-0.08352465 -0.02223958 0.27502376 117 117 117
-0.08249129 -0.02160666 0.27455091 115 115 115
-0.08112681 -0.02149777 0.27377817 109 109 109
-0.07729741 -0.01821280 0.27186301 138 138 138
-0.08622628 -0.02490874 0.27675560 105 105 105
-0.08248295 -0.02156763 0.27485353 113 113 113
-0.08003229 -0.02081100 0.27369392 107 107 107
-0.08764023 -0.02764147 0.27785006 105 105 105
-0.08452697 -0.02343624 0.27644679 112 112 112
-0.08192242 -0.02123985 0.27515247 110 110 110
-0.08003277 -0.02077127 0.27411377 107 107 107
-0.07739996 -0.01875937 0.27280548 126 126 126
-0.08618987 -0.02476502 0.27766004 118 118 118
-0.08445791 -0.02334195 0.27681839 115 115 115
-0.08230285 -0.02135373 0.27578780 102 102 102
-0.07897545 -0.02002920 0.27395368 128 128 128
-0.08815366 -0.02843481 0.27877218 109 109 109
-0.07457449 -0.01837176 0.27148923 99 99 99
-0.08272518 -0.02142985 0.27624625 123 123 123
-0.08000156 -0.02070316 0.27472159 99 99 99
-0.08558693 -0.02419422 0.27795178 123 123 123
-0.07550944 -0.01944342 0.27225369 109 109 109
-0.08388414 -0.02303429 0.27710742 118 118 118
-0.07748571 -0.01853761 0.27391487 112 112 112
-0.08704341 -0.02737298 0.27889991 110 110 110
-0.08043849 -0.02077330 0.27561688 103 103 103
-0.07362825 -0.01790447 0.27175379 97 97 97
-0.08203910 -0.02103423 0.27667388 124 124 124
-0.07528553 -0.01970528 0.27270716 114 114 114
-0.08354504 -0.02284803 0.27750918 118 118 118
-0.07729525 -0.01829309 0.27443081 113 113 113
-0.08712151 -0.02746815 0.27955446 109 109 109
-0.07720795 -0.01834665 0.27445680 117 117 117
-0.08670430 -0.02699753 0.27943486 105 105 105
-0.07460825 -0.01948417 0.27281564 121 121 121
-0.08236700 -0.02091099 0.27749586 76 76 76
-0.07912961 -0.02005513 0.27578294 109 109 109
-0.08856142 -0.02948347 0.28061572 109 109 109
-0.07689793 -0.01838936 0.27468044 114 114 114
-0.08646526 -0.02673479 0.27971676 107 107 107
-0.08377159 -0.02290653 0.27857676 114 114 114
-0.08202191 -0.02119222 0.27780285 71 71 71
-0.07922008 -0.02010059 0.27625135 106 106 106
-0.08496369 -0.02377202 0.27952874 126 126 126
-0.07418152 -0.01941894 0.27336839 108 108 108
-0.07670224 -0.01790214 0.27535436 109 109 109
-0.08637775 -0.02666559 0.28037277 105 105 105
-0.08440559 -0.02343458 0.27961874 133 133 133
-0.08293561 -0.02248530 0.27890235 131 131 131
-0.08041686 -0.02046672 0.27767032 105 105 105
-0.07715160 -0.01823203 0.27599257 64 64 64
-0.08660137 -0.02695776 0.28086352 104 104 104
-0.08294825 -0.02252729 0.27921388 127 127 127
-0.07855480 -0.01963701 0.27691731 117 117 117
-0.07735471 -0.01846839 0.27663782 62 62 62
-0.07596791 -0.01817086 0.27631265 63 63 63
-0.07456381 -0.01851985 0.27551726 100 100 100
-0.08508834 -0.02555353 0.28124103 127 127 127
-0.08192779 -0.03899358 0.29416192 120 120 120
-0.07378320 -0.01875797 0.27505198 96 96 96
-0.08316782 -0.02275905 0.28045842 113 113 113
-0.08028214 -0.02146158 0.27890635 60 60 60
-0.07461045 -0.01788977 0.27613643 98 98 98
-0.08569095 -0.02615587 0.28203109 102 102 102
-0.08372890 -0.02437793 0.28111029 56 56 56
-0.07954305 -0.02130030 0.27941254 50 50 50
-0.08485304 -0.02569112 0.28238136 107 107 107
-0.07958845 -0.02138937 0.27971381 50 50 50
-0.08443606 -0.02543170 0.28234726 116 116 116
-0.08279067 -0.02448349 0.28165871 52 52 52
-0.08334889 -0.02451985 0.28222367 62 62 62
-0.08437486 -0.02563617 0.28290826 102 102 102
-0.08177965 -0.02377656 0.28173172 53 53 53
-0.08455494 -0.02590456 0.28329042 113 113 113
-0.08262771 -0.03952378 0.29331568 120 120 120
-0.08225863 -0.02451537 0.28232032 52 52 52
-0.08723863 -0.02995165 0.28495836 122 122 122
-0.08390552 -0.02563580 0.28352362 130 130 130
-0.08700640 -0.02976570 0.28510880 116 116 116
-0.08184157 -0.02445436 0.28279907 54 54 54
-0.08679795 -0.02972580 0.28540409 116 116 116
-0.08482841 -0.02775219 0.28456628 65 65 65
-0.08612972 -0.02918407 0.28566468 120 120 120
-0.08602750 -0.02917558 0.28580427 118 118 118
-0.08584236 -0.02905004 0.28590500 119 119 119
-0.08390643 -0.02792192 0.28542376 63 63 63
-0.08594263 -0.02962178 0.28690350 126 126 126
-0.08486583 -0.02842686 0.28660166 121 121 121
-0.07577568 -0.03927526 0.29640010 115 115 115
-0.08496642 -0.02879027 0.28709522 118 118 118
-0.08554053 -0.03002513 0.28763598 70 70 70
-0.08437482 -0.02984540 0.28748026 72 72 72
-0.07648338 -0.03890780 0.29570884 124 124 124
-0.08377960 -0.02956013 0.28757110 66 66 66
-0.07657679 -0.03891412 0.29569173 125 125 125
-0.08417868 -0.03009370 0.28824154 74 74 74
-0.07620335 -0.03866131 0.29521769 115 115 115
-0.07626731 -0.03863040 0.29513812 115 115 115
-0.07767703 -0.03960091 0.29556629 111 111 111
-0.08685571 -0.03570207 0.29006618 108 108 108
-0.08679479 -0.03547432 0.29037803 86 86 86
-0.07883143 -0.04051324 0.29552549 106 106 106
-0.08147043 -0.04012500 0.29565501 107 107 107
-0.08450130 -0.03916223 0.29092309 99 99 99
-0.08039380 -0.03881898 0.29492396 103 103 103
-0.08332993 -0.03798179 0.29609120 111 111 111
-0.08360689 -0.03977876 0.29280379 135 135 135
-0.08141392 -0.03852707 0.29453963 121 121 121
-0.08320031 -0.03973917 0.29296446 112 112 112
-0.08229993 -0.03896321 0.29492569 129 129 129
-0.08802404 -0.02776697 0.27792582 106 106 106
-0.08735275 -0.02597108 0.27719584 107 107 107
-0.08973344 -0.03276749 0.28399503 102 102 102
-0.08927915 -0.03205503 0.28305891 123 123 123
-0.08862827 -0.02948384 0.28115949 107 107 107
-0.08791489 -0.02851815 0.27962294 111 111 111
-0.08708582 -0.02725029 0.27779821 126 126 126
-0.08942836 -0.03296882 0.28424710 113 113 113
-0.08892786 -0.03171051 0.28302595 125 125 125
-0.08849487 -0.03060379 0.28203344 122 122 122
-0.08840785 -0.03043731 0.28193170 121 121 121
-0.08784744 -0.02871823 0.28071079 106 106 106
-0.08754268 -0.02812170 0.28010967 112 112 112
-0.08663074 -0.02689751 0.27830160 117 117 117
-0.08897001 -0.03301895 0.28479233 118 118 118
-0.08633181 -0.02493088 0.27731472 115 115 115
-0.08861701 -0.03167646 0.28391829 116 116 116
-0.08557744 -0.02437593 0.27585247 106 106 106
-0.08810613 -0.03015538 0.28261828 121 121 121
-0.08749326 -0.02828864 0.28100988 102 102 102
-0.08884484 -0.03483182 0.28590959 103 103 103
-0.08640572 -0.02493870 0.27823991 117 117 117
-0.08850106 -0.03232809 0.28465703 122 122 122
-0.08813986 -0.03043420 0.28353986 121 121 121
-0.08479632 -0.02391847 0.27503079 116 116 116
-0.08761757 -0.02852772 0.28209415 119 119 119
-0.08856556 -0.03519583 0.28626111 107 107 107
-0.08811796 -0.03076890 0.28417712 122 122 122
-0.08702362 -0.02763757 0.28123999 105 105 105
-0.08620260 -0.02466538 0.27885550 120 120 120
-0.08840009 -0.03228911 0.28556550 116 116 116
-0.08772016 -0.02991928 0.28371498 122 122 122
-0.08694838 -0.02762529 0.28165382 108 108 108
-0.08611874 -0.02636108 0.27978584 108 108 108
-0.08803656 -0.03403155 0.28598371 114 114 114
-0.08760274 -0.02989753 0.28404611 128 128 128
-0.08382415 -0.02252760 0.27444530 118 118 118
-0.08668157 -0.02717677 0.28154826 108 108 108
-0.08583671 -0.02436784 0.27928942 127 127 127
-0.08798548 -0.03179001 0.28573743 118 118 118
-0.08412363 -0.02334707 0.27566344 122 122 122
-0.08712526 -0.02771740 0.28309053 99 99 99
-0.08555963 -0.02419013 0.27900440 128 128 128
-0.08775146 -0.03135061 0.28552777 125 125 125
-0.08777831 -0.03593053 0.28715411 119 119 119
-0.08568791 -0.02596410 0.28031340 125 125 125
-0.08371583 -0.02293115 0.27570501 125 125 125
-0.08539420 -0.02401659 0.27960879 126 126 126
-0.08751562 -0.03325174 0.28658694 117 117 117
-0.08364867 -0.02293093 0.27598402 124 124 124
-0.08536444 -0.02563023 0.28037897 124 124 124
-0.08740358 -0.03324939 0.28673726 118 118 118
-0.08360419 -0.02293728 0.27626446 124 124 124
-0.08658624 -0.02853012 0.28393072 125 125 125
-0.08508119 -0.02383467 0.27968872 126 126 126
-0.08716638 -0.03611390 0.28768903 127 127 127
-0.08337373 -0.02164289 0.27594775 98 98 98
-0.08652607 -0.02895233 0.28467035 120 120 120
-0.08688203 -0.03019505 0.28592256 120 120 120
-0.08500341 -0.02540361 0.28095904 134 134 134
-0.08699074 -0.03354551 0.28731820 120 120 120
-0.08684213 -0.03614254 0.28799289 139 139 139
-0.08331545 -0.02271436 0.27719897 134 134 134
-0.08475758 -0.02515047 0.28109282 127 127 127
-0.08672816 -0.03254124 0.28728485 117 117 117
-0.08571301 -0.02734754 0.28415471 66 66 66
-0.08014689 -0.02056343 0.27106893 128 128 128
-0.08446210 -0.02413536 0.28105858 70 70 70
-0.08649544 -0.03293334 0.28770047 116 116 116
-0.08630212 -0.03554185 0.28825429 119 119 119
-0.08301724 -0.02250490 0.27806345 134 134 134
-0.08574714 -0.02851709 0.28531006 135 135 135
-0.08420658 -0.02430324 0.28139719 71 71 71
-0.08624566 -0.03349688 0.28813851 115 115 115
-0.08613837 -0.03599285 0.28881076 121 121 121
-0.07956631 -0.02020672 0.27132687 126 126 126
-0.08297063 -0.02251930 0.27900764 135 135 135
-0.08591490 -0.02967037 0.28729507 114 114 114
-0.08329152 -0.02282749 0.28028062 129 129 129
-0.08587272 -0.03004783 0.28762597 76 76 76
-0.08338277 -0.02435466 0.28111306 64 64 64
-0.08577950 -0.03191405 0.28809732 116 116 116
-0.08316148 -0.02419318 0.28099525 69 69 69
-0.08563548 -0.03142308 0.28806198 112 112 112
-0.08379551 -0.02503935 0.28271145 125 125 125
-0.08548944 -0.03492139 0.28892308 121 121 121
-0.08387755 -0.02546022 0.28320974 118 118 118
-0.08552309 -0.03826055 0.29032621 97 97 97
-0.08483778 -0.02816564 0.28630036 117 117 117
-0.08375345 -0.02756796 0.28446287 71 71 71
-0.08357234 -0.02541880 0.28370473 114 114 114
-0.08502895 -0.03697246 0.28989577 113 113 113
-0.08495398 -0.03666232 0.28986323 119 119 119
-0.08499347 -0.03281950 0.28909206 111 111 111
-0.07816794 -0.01813057 0.27128610 124 124 124
-0.08446429 -0.02972213 0.28733799 74 74 74
-0.08329252 -0.02719431 0.28446272 68 68 68
-0.08471603 -0.03885740 0.29058942 113 113 113
-0.08479030 -0.03322743 0.28938729 113 113 113
-0.07851862 -0.01965700 0.27300036 124 124 124
-0.08206236 -0.02365064 0.28134355 63 63 63
-0.08467398 -0.03038462 0.28858012 110 110 110
-0.07513900 -0.03915185 0.29653248 109 109 109
-0.08082796 -0.02152838 0.27841508 69 69 69
-0.08298359 -0.02688762 0.28452510 68 68 68
-0.08436999 -0.03896490 0.29071158 112 112 112
-0.07548328 -0.03939671 0.29649064 102 102 102
-0.07863404 -0.01979533 0.27383262 147 147 147
-0.08454083 -0.03245015 0.28943017 119 119 119
-0.07782920 -0.01828716 0.27195016 129 129 129
-0.08385117 -0.02948723 0.28739053 69 69 69
-0.08273387 -0.02666952 0.28458098 64 64 64
-0.08410725 -0.03887606 0.29074290 127 127 127
-0.07801298 -0.01850657 0.27283892 111 111 111
-0.08430064 -0.03254419 0.28976262 120 120 120
-0.07642039 -0.03929008 0.29655418 111 111 111
-0.08249447 -0.02636729 0.28454021 60 60 60
-0.08414780 -0.03635583 0.29066172 116 116 116
-0.07656396 -0.03921225 0.29641396 111 111 111
-0.07847887 -0.01961346 0.27486354 128 128 128
-0.07629693 -0.03819815 0.29479975 114 114 114
-0.08208144 -0.02548841 0.28410155 61 61 61
-0.08429625 -0.03272103 0.29059383 113 113 113
-0.08002083 -0.02137937 0.27889770 65 65 65
-0.08246745 -0.02686097 0.28540513 54 54 54
-0.08261067 -0.02760256 0.28612354 55 55 55
-0.08358349 -0.03884585 0.29112467 125 125 125
-0.07702692 -0.03905533 0.29574612 126 126 126
-0.08253513 -0.02752439 0.28611517 59 59 59
-0.08352312 -0.03903699 0.29126281 138 138 138
-0.08282790 -0.02839977 0.28720331 59 59 59
-0.07692879 -0.03834447 0.29455432 116 116 116
-0.08302833 -0.02919649 0.28803170 57 57 57
-0.07715094 -0.03833831 0.29445621 116 116 116
-0.07839275 -0.01943882 0.27608022 129 129 129
-0.08372454 -0.03190566 0.29058120 98 98 98
-0.08332468 -0.03940731 0.29187858 130 130 130
-0.07817188 -0.04070491 0.29577032 103 103 103
-0.07803860 -0.01887006 0.27600503 117 117 117
-0.08291330 -0.03010653 0.28904995 72 72 72
-0.07840402 -0.04065990 0.29566652 106 106 106
-0.07856741 -0.01962959 0.27744260 120 120 120
-0.08339536 -0.03228312 0.29090449 64 64 64
-0.08301366 -0.03888600 0.29191142 126 126 126
-0.07864789 -0.04061227 0.29558665 113 113 113
-0.07836509 -0.03924397 0.29446086 107 107 107
-0.07891899 -0.03485817 0.29440776 63 63 63
-0.08288916 -0.03860097 0.29197231 119 119 119
-0.08303349 -0.03235426 0.29103684 65 65 65
-0.08271246 -0.03787953 0.29204017 118 118 118
-0.08251256 -0.03109286 0.29020566 64 64 64
-0.07509842 -0.01922821 0.27211419 120 120 120
-0.08018904 -0.03872287 0.29480746 105 105 105
-0.08246187 -0.03224796 0.29133263 65 65 65
-0.08031239 -0.03490230 0.29393536 115 115 115
-0.08064582 -0.04001507 0.29571554 99 99 99
-0.08050129 -0.03678706 0.29424575 120 120 120
-0.08226349 -0.03410491 0.29188776 117 117 117
-0.08214372 -0.03488685 0.29208153 116 116 116
-0.08063433 -0.03428777 0.29329556 105 105 105
-0.08210867 -0.03451623 0.29205006 106 106 106
-0.08072103 -0.03543576 0.29355714 112 112 112
-0.08204932 -0.03414730 0.29203248 107 107 107
-0.08080687 -0.03688762 0.29388988 113 113 113
-0.08199089 -0.03363012 0.29198456 116 116 116
-0.07422941 -0.01925944 0.27290016 125 125 125
-0.08181326 -0.03670172 0.29318246 110 110 110
-0.08134213 -0.03435061 0.29260081 105 105 105
-0.08161832 -0.03424286 0.29235068 104 104 104
-0.08156304 -0.03674834 0.29345426 111 111 111
-0.07525133 -0.03883023 0.29620484 118 118 118
-0.08897044 -0.03425042 0.28533345 99 99 99
-0.08861051 -0.03411099 0.28533736 139 139 139
-0.07511346 -0.03795255 0.29623213 97 97 97
-0.08797668 -0.03432072 0.28619289 118 118 118
-0.08821296 -0.03379523 0.28557992 128 128 128
-0.08746032 -0.03470744 0.28695589 122 122 122
-0.08647791 -0.03593839 0.28822684 125 125 125
-0.08457743 -0.03885403 0.29059446 122 122 122
-0.08719230 -0.03451052 0.28727973 123 123 123
-0.08444886 -0.03871321 0.29052836 123 123 123
-0.08705268 -0.03445312 0.28744748 115 115 115
-0.08780084 -0.03291079 0.28598642 125 125 125
-0.08732264 -0.03352807 0.28693751 119 119 119
-0.08907899 -0.03041448 0.28122291 118 118 118
-0.08639230 -0.03485791 0.28817073 126 126 126
-0.08802929 -0.03185094 0.28564259 121 121 121
-0.08397844 -0.03837521 0.29075775 129 129 129
-0.08864560 -0.03048252 0.28151059 126 126 126
-0.08621273 -0.03451782 0.28831601 127 127 127
-0.08505321 -0.03620758 0.28973749 127 127 127
-0.08354936 -0.03840104 0.29106829 121 121 121
-0.08573760 -0.03462746 0.28865585 127 127 127
-0.08489519 -0.03581578 0.28982300 128 128 128
-0.08424127 -0.03669547 0.29062879 124 124 124
-0.08268790 -0.03852086 0.29231736 126 126 126
-0.08481161 -0.03506025 0.29000875 116 116 116
-0.08232726 -0.03880863 0.29302847 125 125 125
-0.08545265 -0.03367355 0.28884792 126 126 126
-0.08656763 -0.03158533 0.28712270 128 128 128
-0.08252756 -0.03802807 0.29248071 117 117 117
-0.08785006 -0.02923399 0.28224194 123 123 123
-0.08499103 -0.03393196 0.28930503 114 114 114
-0.07489229 -0.03914230 0.29738787 85 85 85
-0.08298962 -0.03695074 0.29147917 117 117 117
-0.08404184 -0.03497696 0.29052863 123 123 123
-0.08312666 -0.03626990 0.29137704 130 130 130
-0.08819328 -0.02776364 0.27792478 122 122 122
-0.08120362 -0.03904220 0.29509187 113 113 113
-0.08364819 -0.03494456 0.29093486 112 112 112
-0.08706385 -0.02876660 0.28332987 126 126 126
-0.08383026 -0.03408836 0.29080358 117 117 117
-0.08270331 -0.03566915 0.29169473 122 122 122
-0.08779736 -0.02716426 0.27744839 112 112 112
-0.08565596 -0.03063857 0.28786954 127 127 127
-0.08547594 -0.03076987 0.28802288 127 127 127
-0.08583274 -0.03002901 0.28759259 76 76 76
-0.08725496 -0.02736739 0.27775782 118 118 118
-0.07792238 -0.01817373 0.27547359 101 101 101
-0.08218732 -0.03552417 0.29208598 123 123 123
-0.08272538 -0.03453987 0.29162911 113 113 113
-0.07803938 -0.01882754 0.27572194 118 118 118
-0.08244724 -0.03480805 0.29184201 115 115 115
-0.08278649 -0.03409089 0.29153514 112 112 112
-0.08651952 -0.02795595 0.28388926 125 125 125
-0.07827216 -0.01935531 0.27332813 123 123 123
-0.07849414 -0.01913345 0.27200240 133 133 133
-0.08059208 -0.03729693 0.29470545 108 108 108
-0.07847705 -0.01950353 0.27234179 130 130 130
-0.08492500 -0.03021150 0.28837782 117 117 117
-0.08404820 -0.02299971 0.27496958 129 129 129
-0.08483675 -0.03020549 0.28843096 103 103 103
-0.08229499 -0.02580773 0.28423068 66 66 66
-0.08666528 -0.02693793 0.27827340 117 117 117
-0.08226711 -0.03399492 0.29186976 116 116 116
-0.07938199 -0.01921699 0.27123880 122 122 122
-0.07542913 -0.03837945 0.29562661 111 111 111
-0.08598652 -0.02783824 0.28447825 123 123 123
-0.07600586 -0.03752333 0.29494897 109 109 109
-0.08311593 -0.02421918 0.28104395 68 68 68
-0.08417288 -0.03061423 0.28901270 127 127 127
-0.08038126 -0.03661613 0.29440546 118 118 118
-0.07962557 -0.01942858 0.27112988 127 127 127
-0.08656675 -0.02645385 0.27803606 121 121 121
-0.08700389 -0.02557403 0.27516037 105 105 105
-0.08558318 -0.02797445 0.28504676 120 120 120
-0.08279986 -0.03250691 0.29171470 79 79 79
-0.07960584 -0.02025416 0.27133387 129 129 129
-0.08409352 -0.03008439 0.28814605 70 70 70
-0.08057876 -0.03568181 0.29375136 119 119 119
-0.07994562 -0.02002112 0.27101362 129 129 129
-0.08541357 -0.02773313 0.28512108 108 108 108
-0.08235507 -0.03272350 0.29183075 116 116 116
-0.08042742 -0.01988399 0.27079773 125 125 125
-0.08056768 -0.01996715 0.27073410 126 126 126
-0.08596055 -0.02613766 0.27947235 119 119 119
-0.08032676 -0.03529068 0.29399517 122 122 122
-0.08070863 -0.02018075 0.27067393 125 125 125
-0.08520833 -0.02731495 0.28391150 71 71 71
-0.08339863 -0.03005705 0.28892753 73 73 73
-0.08119852 -0.03343874 0.29251519 117 117 117
-0.08112501 -0.02017207 0.27055427 129 129 129
-0.08572178 -0.02578311 0.27958113 122 122 122
-0.08009330 -0.03488971 0.29439121 115 115 115
-0.08461022 -0.02739208 0.28398138 73 73 73
-0.08102917 -0.02125781 0.27081746 125 125 125
-0.07949869 -0.03548216 0.29511374 66 66 66
-0.08116928 -0.02132702 0.27076122 118 118 118
-0.08011270 -0.03436513 0.29410857 121 121 121
-0.08137601 -0.02110858 0.27788368 72 72 72
-0.08416692 -0.02769778 0.28439003 69 69 69
-0.08143388 -0.02126015 0.27068985 121 121 121
-0.08492221 -0.02627314 0.28385592 104 104 104
-0.08093727 -0.02217404 0.28055149 57 57 57
-0.08526038 -0.02558117 0.28062236 125 125 125
-0.07919601 -0.03532654 0.29486373 64 64 64
-0.08389772 -0.02310217 0.28045517 110 110 110
-0.07747418 -0.03770038 0.29434603 116 116 116
-0.08552993 -0.02440515 0.27395898 129 129 129
-0.08386584 -0.02712817 0.28410012 70 70 70
-0.08216912 -0.02171100 0.27966404 119 119 119
-0.08157773 -0.02278986 0.28100935 65 65 65
-0.08538996 -0.02432002 0.27396110 138 138 138
-0.08359629 -0.02726139 0.28428981 71 71 71
-0.08238989 -0.02181827 0.27897459 130 130 130
-0.08478808 -0.02524053 0.28114757 130 130 130
-0.07646029 -0.03838573 0.29479846 132 132 132
-0.08294771 -0.02151426 0.27726573 122 122 122
-0.08307087 -0.02166907 0.27691507 111 111 111
-0.07679318 -0.03753914 0.29455870 115 115 115
-0.07221904 -0.03949483 0.29579929 122 122 122
-0.07440952 -0.03630469 0.29730165 69 69 69
-0.07818770 -0.03501134 0.29512730 64 64 64
-0.08339841 -0.02211715 0.27612713 119 119 119
-0.07443690 -0.03654205 0.29749086 67 67 67
-0.07441898 -0.03685939 0.29773885 67 67 67
-0.07451114 -0.03686713 0.29777771 68 68 68
-0.08459433 -0.02443857 0.28127077 112 112 112
-0.08357607 -0.02264355 0.27577788 131 131 131
-0.08354532 -0.02286273 0.27623367 125 125 125
-0.08299742 -0.02391697 0.28089580 70 70 70
-0.07490521 -0.03708993 0.29767126 76 76 76
-0.08384799 -0.02284385 0.27527377 126 126 126
-0.08062550 -0.01673180 0.27252927 101 101 101
-0.07923694 -0.01779043 0.27210990 103 103 103
-0.07937565 -0.01791612 0.27192429 109 109 109
-0.08006238 -0.01765646 0.27192098 116 116 116
-0.08014556 -0.01785132 0.27175093 118 118 118
-0.07968123 -0.01832572 0.27152130 128 128 128
-0.08114148 -0.01791022 0.27157870 119 119 119
-0.07989798 -0.01875371 0.27127218 129 129 129
-0.07953777 -0.01899773 0.27125251 133 133 133
-0.08038648 -0.01872995 0.27120042 124 124 124
-0.08177432 -0.01822794 0.27137798 119 119 119
-0.08038359 -0.01925864 0.27098519 128 128 128
-0.08180702 -0.01865665 0.27112758 121 121 121
-0.08064060 -0.01934267 0.27089837 126 126 126
-0.08029609 -0.01958919 0.27089611 123 123 123
-0.08120666 -0.01940364 0.27075708 128 128 128
-0.08270337 -0.01882830 0.27128404 108 108 108
-0.08277913 -0.01921763 0.27111387 110 110 110
-0.07886762 -0.03768637 0.29423377 115 115 115
-0.08197384 -0.02269991 0.28092158 61 61 61
-0.08490483 -0.02320601 0.27401406 114 114 114
-0.08578746 -0.02285685 0.27405605 120 120 120
-0.08502838 -0.02342994 0.27391523 119 119 119
-0.08494021 -0.03518496 0.28991354 123 123 123
-0.08552758 -0.02353385 0.27377722 120 120 120
-0.08551054 -0.02398405 0.27378342 128 128 128
-0.08355277 -0.02357078 0.28069413 70 70 70
-0.08299248 -0.02396692 0.28091726 73 73 73
-0.08935361 -0.03375890 0.28521064 119 119 119
-0.07856143 -0.03680170 0.29451302 123 123 123
-0.08219096 -0.02539507 0.28395361 60 60 60
-0.08545987 -0.02503786 0.27992576 117 117 117
-0.08439558 -0.03478980 0.29027995 120 120 120
-0.08313733 -0.02621272 0.28428143 65 65 65
-0.07661667 -0.03739015 0.29465088 114 114 114
-0.07982275 -0.03746700 0.29454353 131 131 131
-0.08300555 -0.02657098 0.28431493 68 68 68
-0.08366138 -0.02634071 0.28437805 62 62 62
-0.08722537 -0.02646586 0.27751198 123 123 123
-0.08803587 -0.02666874 0.27740577 132 132 132
-0.08773761 -0.02701372 0.27737749 114 114 114
-0.07805801 -0.03651249 0.29468039 113 113 113
-0.08463506 -0.02705832 0.28394827 73 73 73
-0.08380098 -0.03437964 0.29076913 120 120 120
-0.08869439 -0.03306460 0.28529033 121 121 121
-0.08481270 -0.02789423 0.28604412 122 122 122
-0.07434878 -0.03691638 0.29776672 65 65 65
-0.07576693 -0.03658291 0.29563013 93 93 93
-0.07797456 -0.03556199 0.29539466 96 96 96
-0.08407947 -0.03356506 0.29096615 113 113 113
-0.08356345 -0.03373452 0.29104891 116 116 116
-0.07719615 -0.03568437 0.29544914 101 101 101
-0.07914295 -0.03455228 0.29420242 67 67 67
-0.07315537 -0.03639987 0.29768425 67 67 67
-0.08018992 -0.03825837 0.29455030 129 129 129
-0.08621060 -0.03053616 0.28754824 120 120 120
-0.08712990 -0.03161710 0.28662738 126 126 126
-0.08030538 -0.03825093 0.29459178 129 129 129
-0.08662572 -0.02045403 0.27679756 111 111 111
-0.08544305 -0.02123162 0.27525243 122 122 122
-0.08603457 -0.02179261 0.27497244 126 126 126
-0.08273476 -0.01740308 0.27223104 122 122 122
-0.08280899 -0.01732602 0.27232748 123 123 123
-0.08253410 -0.01693144 0.27248538 122 122 122
-0.08206356 -0.01672956 0.27249357 120 120 120
-0.08788414 -0.02643477 0.27743018 118 118 118
-0.08993780 -0.02811508 0.28298327 120 120 120
-0.08967587 -0.03006792 0.28126624 140 140 140
-0.07911367 -0.03389379 0.29386505 63 63 63
-0.07936309 -0.03412846 0.29409835 65 65 65
-0.08022774 -0.03768820 0.29464385 130 130 130
-0.07287150 -0.03705293 0.29800165 85 85 85
-0.07278879 -0.03723578 0.29773623 104 104 104
-0.07316355 -0.03766420 0.29758057 93 93 93
-0.07273197 -0.03774054 0.29713035 93 93 93
-0.07305358 -0.03797930 0.29708353 92 92 92
-0.07377579 -0.03898743 0.29690331 111 111 111
-0.08953918 -0.03104648 0.28674912 143 143 143
-0.08924435 -0.03090499 0.28693342 141 141 141
-0.08972812 -0.02888597 0.28133699 135 135 135
-0.08983035 -0.02999672 0.28707677 112 112 112
-0.08959646 -0.02858326 0.28170353 141 141 141
-0.08905648 -0.03033691 0.28731927 140 140 140
-0.08928020 -0.02996083 0.28744051 143 143 143
-0.08962192 -0.02748362 0.28222880 128 128 128
-0.08927056 -0.02739136 0.28264347 153 153 153
-0.08925332 -0.02691765 0.28291667 153 153 153
-0.08935078 -0.02668450 0.28294551 150 150 150
-0.08936619 -0.02641787 0.28304136 153 153 153
-0.08908828 -0.02620639 0.28342554 149 149 149
-0.08853482 -0.02387258 0.27841556 132 132 132
-0.08806243 -0.02394614 0.27886599 153 153 153
-0.08800457 -0.02288737 0.27938277 155 155 155
-0.08524103 -0.02018760 0.27491695 134 134 134
-0.08995130 -0.02809788 0.28303477 130 130 130
-0.07933044 -0.01662925 0.27173260 141 141 141
-0.08934238 -0.02677996 0.28415430 130 130 130
-0.08674997 -0.03406724 0.29222569 137 137 137
-0.08682423 -0.03424021 0.29215845 145 145 145
-0.08804735 -0.02417884 0.27943504 129 129 129
-0.08552545 -0.02060619 0.27596706 123 123 123
-0.08555008 -0.02092781 0.27561194 119 119 119
-0.08927622 -0.02709870 0.28362492 130 130 130
-0.08966656 -0.02823845 0.28249398 124 124 124
-0.09012134 -0.03224207 0.28555727 122 122 122
-0.07385641 -0.03891696 0.29704970 106 106 106
-0.07426100 -0.03881900 0.29764751 86 86 86
-0.07280605 -0.03682688 0.29816484 84 84 84
-0.08060104 -0.03812708 0.29471755 133 133 133
-0.07968447 -0.03672605 0.29486707 104 104 104
-0.08603264 -0.03610745 0.28967544 121 121 121
-0.08216850 -0.02540985 0.28397912 60 60 60
-0.08092932 -0.02184067 0.27984741 53 53 53
-0.08336777 -0.02362185 0.28071946 69 69 69
-0.08426864 -0.02244640 0.27432007 102 102 102
-0.08164913 -0.02148304 0.27874124 61 61 61
-0.08642470 -0.03584803 0.29015195 98 98 98
-0.08152070 -0.02142565 0.27925789 60 60 60
-0.08358392 -0.02796033 0.28583443 60 60 60
-0.08499496 -0.02371753 0.27999514 119 119 119
-0.08551126 -0.02412628 0.27938771 126 126 126
-0.08718392 -0.02791942 0.28270501 110 110 110
-0.08939969 -0.03312877 0.28508365 110 110 110
-0.07773258 -0.01868394 0.27309808 124 124 124
-0.08536258 -0.02781432 0.28525838 105 105 105
-0.08500369 -0.02759930 0.28564274 120 120 120
-0.07793367 -0.01834793 0.27563831 108 108 108
-0.08304445 -0.02818176 0.28668985 67 67 67
-0.08521891 -0.02381807 0.27996570 120 120 120
-0.08830163 -0.03218412 0.28556663 118 118 118
-0.08561509 -0.02419202 0.27939790 127 127 127
-0.08665351 -0.02508324 0.27831945 115 115 115
-0.08023176 -0.03588054 0.29441094 124 124 124
-0.08541249 -0.02506072 0.27997902 117 117 117
-0.08013336 -0.03534517 0.29447353 118 118 118
-0.08487285 -0.02439475 0.28096652 111 111 111
-0.08388688 -0.02284531 0.27520254 130 130 130
-0.08372293 -0.02274971 0.27549857 129 129 129
-0.07568583 -0.03741436 0.29527137 105 105 105
-0.07490817 -0.03863651 0.29699811 107 107 107
-0.08326431 -0.02167856 0.27656716 109 109 109
-0.08483601 -0.03362779 0.29063231 97 97 97
-0.08299498 -0.02266215 0.28066549 114 114 114
-0.07540146 -0.03617151 0.29671764 89 89 89
-0.08300869 -0.02122954 0.27728924 101 101 101
-0.08283719 -0.02136579 0.27758905 114 114 114
-0.08485393 -0.03401115 0.29015779 108 108 108
-0.08227248 -0.02144328 0.27912611 111 111 111
-0.08757367 -0.02901633 0.28258976 126 126 126
-0.08092979 -0.02053837 0.27780318 93 93 93
-0.07981592 -0.02122665 0.27874497 67 67 67
-0.08032371 -0.02024535 0.27830178 90 90 90
-0.08815769 -0.02961626 0.28185803 124 124 124
-0.08834576 -0.02990119 0.28164291 125 125 125
-0.08508596 -0.03542789 0.28978780 128 128 128
-0.08488689 -0.03486733 0.29007113 121 121 121
-0.07558436 -0.03704661 0.29555857 105 105 105
-0.08464458 -0.03465651 0.29022291 118 118 118
-0.07536864 -0.03675214 0.29616705 95 95 95
-0.07586887 -0.03647497 0.29559451 96 96 96
-0.08873438 -0.03331740 0.28519061 124 124 124
-0.07989482 -0.02123301 0.27870834 67 67 67
-0.08812740 -0.03232724 0.28582773 119 119 119
-0.08715103 -0.03137617 0.28669399 123 123 123
-0.08659937 -0.03089069 0.28718379 126 126 126
-0.08521451 -0.02903612 0.28749543 96 96 96
-0.08720206 -0.02829416 0.28311366 107 107 107
-0.08669330 -0.02798469 0.28371233 123 123 123
-0.08525990 -0.02645969 0.28391775 94 94 94
-0.08742026 -0.02660853 0.27741352 127 127 127
-0.08662797 -0.02670045 0.27801690 123 123 123
-0.08535320 -0.02486201 0.28014943 119 119 119
-0.08676668 -0.02637737 0.27784243 115 115 115
-0.08561585 -0.02562495 0.27967632 123 123 123
-0.08563056 -0.02525446 0.27963710 116 116 116
-0.07847501 -0.01813720 0.27159387 106 106 106
-0.08064555 -0.02057448 0.27840206 64 64 64
-0.07945868 -0.02036470 0.27872410 66 66 66
-0.08711323 -0.02582989 0.27796519 101 101 101
-0.08707842 -0.02811179 0.28330186 109 109 109
-0.08763954 -0.02887996 0.28252971 111 111 111
-0.08719566 -0.03090926 0.28690794 103 103 103
-0.08752248 -0.03129129 0.28657109 109 109 109
-0.07985619 -0.03648565 0.29512465 107 107 107
-0.08018722 -0.03743481 0.29473367 122 122 122
-0.08476214 -0.03486731 0.29010051 119 119 119
-0.08476139 -0.03507840 0.29002324 121 121 121
-0.08477344 -0.01911840 0.27638236 107 107 107
-0.08487388 -0.01909370 0.27624494 138 138 138
-0.08464604 -0.01939096 0.27641854 121 121 121
-0.08479911 -0.02010976 0.27573371 156 156 156
-0.08494193 -0.02068984 0.27515927 148 148 148
-0.08817834 -0.02532308 0.27788466 126 126 126
-0.08829405 -0.02530370 0.27778265 133 133 133
-0.08925505 -0.02765209 0.28250355 150 150 150
-0.08693513 -0.03515673 0.29143187 135 135 135
-0.08694048 -0.03575723 0.29096547 137 137 137
-0.07919208 -0.01662184 0.27268097 127 127 127
-0.07915908 -0.01735211 0.27190089 135 135 135
-0.08505908 -0.02014075 0.27643225 122 122 122
-0.08525950 -0.02102525 0.27545801 118 118 118
-0.08942315 -0.03149331 0.28650358 146 146 146
-0.08902876 -0.03091902 0.28701359 146 146 146
-0.08672389 -0.03429244 0.29123777 121 121 121
-0.08827141 -0.02616482 0.27772179 119 119 119
-0.08972188 -0.02924535 0.28156081 122 122 122
-0.08988909 -0.03223422 0.28738564 120 120 120
-0.08987840 -0.03216946 0.28747308 119 119 119
-0.08960932 -0.02854836 0.28210583 116 116 116
-0.08809671 -0.02629733 0.27637970 89 89 89
-0.08725041 -0.03334413 0.29176700 98 98 98
-0.07840162 -0.01820029 0.27177939 107 107 107
-0.08551775 -0.02707459 0.28388250 69 69 69
-0.08481022 -0.02773525 0.28595364 126 126 126
-0.08696010 -0.02536846 0.27802771 110 110 110
-0.08718695 -0.02565981 0.27776712 90 90 90
-0.08404332 -0.02275898 0.27493742 116 116 116
-0.08335572 -0.02454823 0.28205344 63 63 63
-0.08731294 -0.02867625 0.28290260 112 112 112
-0.08762827 -0.02880022 0.28255612 114 114 114
-0.07494236 -0.03930325 0.29730439 97 97 97
-0.08528578 -0.02924012 0.28751174 76 76 76
-0.07958020 -0.01713797 0.27255785 98 98 98
-0.08966266 -0.02926046 0.28151163 122 122 122
-0.08956221 -0.03325577 0.28538769 142 142 142
-0.07433162 -0.03958828 0.29720148 115 115 115
-0.07914829 -0.01716419 0.27235153 132 132 132
-0.07914211 -0.01752432 0.27162346 137 137 137
-0.08501909 -0.02141575 0.27456129 120 120 120
-0.08806353 -0.02610954 0.27752578 123 123 123
-0.08811942 -0.02537925 0.27824995 130 130 130
-0.08942889 -0.02815104 0.28234014 109 109 109
-0.08958566 -0.02790918 0.28279960 134 134 134
-0.08921716 -0.02696316 0.28378516 128 128 128
-0.08973597 -0.03237490 0.28615898 126 126 126
-0.08209694 -0.03859384 0.29537705 112 112 112
-0.08238003 -0.03874506 0.29529336 122 122 122
-0.08183731 -0.02142284 0.27852109 67 67 67
-0.08170184 -0.03860543 0.29499283 103 103 103
-0.08438624 -0.03264575 0.29092285 105 105 105
-0.08565285 -0.02422414 0.27936253 127 127 127
-0.08650673 -0.02711159 0.28385940 77 77 77
-0.08772869 -0.02888124 0.28244162 111 111 111
-0.07582808 -0.03680997 0.29542905 99 99 99
-0.08407255 -0.03262646 0.29113504 67 67 67
-0.08782621 -0.03156224 0.28606740 117 117 117
-0.08659182 -0.02494970 0.27866691 110 110 110
-0.08028018 -0.03593281 0.29427603 117 117 117
-0.08838943 -0.03228448 0.28553772 116 116 116
-0.08509700 -0.02376462 0.28000566 122 122 122
-0.08501424 -0.03439602 0.28994209 108 108 108
-0.08351677 -0.02243669 0.27585059 132 132 132
-0.08347858 -0.02185086 0.27607971 117 117 117
-0.08228673 -0.02113663 0.27902904 98 98 98
-0.08060699 -0.02028889 0.27837917 76 76 76
-0.07801900 -0.01832076 0.27445641 107 107 107
-0.08835267 -0.03274143 0.28556573 119 119 119
-0.08811452 -0.03206929 0.28594998 106 106 106
-0.08100177 -0.02077945 0.27809703 64 64 64
-0.08904029 -0.02977262 0.28124136 117 117 117
-0.08303886 -0.02134029 0.27717087 101 101 101
-0.08595190 -0.02504897 0.27942342 109 109 109
-0.08632015 -0.02463344 0.27928627 80 80 80
-0.08344929 -0.02286602 0.28078857 97 97 97
-0.07351421 -0.03725741 0.29827276 58 58 58
-0.08026344 -0.03775754 0.29464138 130 130 130
-0.07956988 -0.03581021 0.29547572 91 91 91
-0.08500017 -0.03533337 0.28983888 124 124 124
-0.08435789 -0.03434387 0.29045299 118 118 118
-0.08669733 -0.03064440 0.28727680 115 115 115
-0.08754568 -0.02840240 0.28277194 81 81 81
-0.08805776 -0.02643785 0.27748078 128 128 128
-0.08601018 -0.03605069 0.28968146 114 114 114
-0.08824672 -0.02633785 0.27672371 108 108 108
-0.07471111 -0.03745702 0.29793340 68 68 68
-0.08963487 -0.03221802 0.28605780 124 124 124
-0.08949656 -0.02958493 0.28125077 116 116 116
-0.08755440 -0.02601064 0.27750739 96 96 96
-0.08119748 -0.03829427 0.29481214 112 112 112
-0.07877344 -0.01814718 0.27207845 105 105 105
-0.08070124 -0.03763283 0.29474083 114 114 114
-0.08778530 -0.02857119 0.28237569 106 106 106
-0.08600432 -0.02434592 0.27979016 93 93 93
-0.08655237 -0.02739673 0.28408036 99 99 99
