-0.08446506 -0.03956712 0.29176944 87 87 87
-0.08449456 -0.03951596 0.29162675 84 84 84
-0.08449820 -0.03948032 0.29153222 86 86 86
-0.08452716 -0.03943256 0.29143092 83 83 83
-0.08453588 -0.03937313 0.29130894 94 94 94
-0.08452427 -0.03932494 0.29120439 85 85 85
-0.08454877 -0.03926885 0.29110777 92 92 92
-0.08451224 -0.03922971 0.29103476 95 95 95
-0.08465936 -0.03946291 0.29151461 87 87 87
-0.08463495 -0.03917024 0.29096583 99 99 99
-0.08464236 -0.03913102 0.29090080 97 97 97
-0.08462381 -0.03909431 0.29084244 95 95 95
-0.08470192 -0.03898574 0.29071966 94 94 94
-0.08480553 -0.03893388 0.29067084 96 96 96
-0.08488418 -0.03883829 0.29058123 97 97 97
-0.08498134 -0.03873781 0.29049274 104 104 104
-0.08543240 -0.03801515 0.29015255 97 97 97
-0.08555215 -0.03759198 0.28998369 98 98 98
-0.08787873 -0.03628756 0.28759471 100 100 100
-0.08801150 -0.03623953 0.28754506 103 103 103
-0.08800401 -0.03620656 0.28747350 98 98 98
-0.08799058 -0.03615669 0.28738421 93 93 93
-0.08810423 -0.03614376 0.28739592 104 104 104
-0.08811403 -0.03609808 0.28731772 100 100 100
-0.08838788 -0.03584066 0.28694960 107 107 107
-0.08840469 -0.03577266 0.28686175 101 101 101
-0.08847060 -0.03566822 0.28675693 105 105 105
-0.08851987 -0.03546262 0.28652507 104 104 104
-0.08860454 -0.03542954 0.28650463 101 101 101
-0.08859611 -0.03536484 0.28642491 99 99 99
-0.08869183 -0.03531388 0.28639230 99 99 99
-0.08867367 -0.03526923 0.28633276 102 102 102
-0.08875083 -0.03516892 0.28624296 100 100 100
-0.08880562 -0.03506788 0.28614953 100 100 100
-0.08888216 -0.03496369 0.28605220 101 101 101
-0.08885890 -0.03493338 0.28601485 98 98 98
-0.08892617 -0.03482952 0.28591526 103 103 103
-0.08891868 -0.03477224 0.28585148 99 99 99
-0.08899078 -0.03466940 0.28575134 99 99 99
-0.08906075 -0.03456994 0.28564227 105 105 105
-0.08211512 -0.02205485 0.27115479 92 92 92
-0.08205672 -0.02200167 0.27109453 92 92 92
-0.08202779 -0.02195011 0.27104461 95 95 95
-0.08198949 -0.02191950 0.27101192 94 94 94
-0.08199222 -0.02175399 0.27089846 96 96 96
-0.08193410 -0.02171956 0.27087185 99 99 99
-0.08189169 -0.02164643 0.27082539 111 111 111
-0.08196001 -0.02158987 0.27079684 110 110 110
-0.08191458 -0.02155646 0.27077866 110 110 110
-0.08201559 -0.02150173 0.27075106 113 113 113
-0.08210595 -0.02143938 0.27073520 117 117 117
-0.08205304 -0.02140451 0.27071056 117 117 117
-0.08212843 -0.02134516 0.27070051 117 117 117
-0.08208590 -0.02127453 0.27066323 117 117 117
-0.08210104 -0.02117024 0.27063727 109 109 109
-0.08206029 -0.02109377 0.27061647 107 107 107
-0.08199360 -0.02105089 0.27059916 106 106 106
-0.08191717 -0.02102825 0.27058193 114 114 114
-0.08185888 -0.02092874 0.27055988 111 111 111
-0.08180554 -0.02086914 0.27055052 109 109 109
-0.08185785 -0.02081200 0.27055061 110 110 110
-0.08178141 -0.02075231 0.27054229 110 110 110
-0.08192953 -0.02078978 0.27055845 109 109 109
-0.08186164 -0.02074080 0.27054852 106 106 106
-0.08178815 -0.02063656 0.27053836 107 107 107
-0.08186755 -0.02060100 0.27054369 117 117 117
-0.08177981 -0.02055858 0.27053705 116 116 116
-0.08186767 -0.02048382 0.27054366 117 117 117
-0.08964649 -0.03278616 0.28400224 104 104 104
-0.08963105 -0.03273161 0.28391701 101 101 101
-0.08964194 -0.03268597 0.28384960 100 100 100
-0.08961443 -0.03264137 0.28377220 97 97 97
-0.08974100 -0.03223366 0.28324965 100 100 100
-0.08961983 -0.03143799 0.28224364 96 96 96
-0.08960117 -0.03138345 0.28217781 93 93 93
-0.08958740 -0.03133453 0.28211254 94 94 94
-0.08948433 -0.03112456 0.28186858 93 93 93
-0.08946430 -0.03108359 0.28182045 106 106 106
-0.08941944 -0.03101772 0.28174344 106 106 106
-0.08938710 -0.03097140 0.28168660 101 101 101
-0.08937066 -0.03076279 0.28147343 119 119 119
-0.08610418 -0.02458622 0.27406418 106 106 106
-0.08607749 -0.02455364 0.27403471 104 104 104
-0.08601641 -0.02448825 0.27396917 104 104 104
-0.08596366 -0.02446117 0.27394146 102 102 102
-0.08591445 -0.02438294 0.27388969 115 115 115
-0.08588618 -0.02434834 0.27387387 112 112 112
-0.08646380 -0.02491604 0.27435893 92 92 92
-0.08641094 -0.02486526 0.27430758 100 100 100
-0.08639707 -0.02481018 0.27426073 96 96 96
-0.08633796 -0.02475453 0.27421910 96 96 96
-0.08627648 -0.02470900 0.27418447 95 95 95
-0.08623713 -0.02466095 0.27414310 95 95 95
-0.08601087 -0.02434843 0.27388144 100 100 100
-0.08596218 -0.02429139 0.27385309 108 108 108
-0.08589318 -0.02422212 0.27382463 106 106 106
-0.08585331 -0.02416118 0.27380678 109 109 109
-0.08777782 -0.02741798 0.27761120 103 103 103
-0.08773599 -0.02736071 0.27756661 99 99 99
-0.08667149 -0.02508033 0.27454370 103 103 103
-0.08665549 -0.02504331 0.27450740 99 99 99
-0.08660872 -0.02497431 0.27443686 106 106 106
-0.08657626 -0.02491633 0.27437356 97 97 97
-0.08654054 -0.02489219 0.27433991 98 98 98
-0.08651787 -0.02482852 0.27427667 93 93 93
-0.08645257 -0.02477470 0.27424046 105 105 105
-0.08598568 -0.02417829 0.27382180 108 108 108
-0.08593868 -0.02411658 0.27380526 111 111 111
-0.08586329 -0.02405891 0.27378473 111 111 111
-0.08580758 -0.02401084 0.27376947 107 107 107
-0.08850773 -0.02832209 0.27855018 100 100 100
-0.08847041 -0.02826572 0.27848482 100 100 100
-0.08845343 -0.02822669 0.27843344 105 105 105
-0.08842297 -0.02816891 0.27836978 102 102 102
-0.08841058 -0.02813393 0.27832788 102 102 102
-0.08798718 -0.02753116 0.27771434 105 105 105
-0.08794633 -0.02747440 0.27766624 105 105 105
-0.08794047 -0.02741516 0.27761853 111 111 111
-0.08767793 -0.02715368 0.27741453 112 112 112
-0.08761990 -0.02713289 0.27740452 113 113 113
-0.08698126 -0.02537418 0.27490830 101 101 101
-0.08695474 -0.02531925 0.27484378 101 101 101
-0.08693168 -0.02527354 0.27478418 102 102 102
-0.08688874 -0.02523204 0.27472025 100 100 100
-0.08686084 -0.02519076 0.27467164 102 102 102
-0.08683043 -0.02513357 0.27462113 100 100 100
-0.08677769 -0.02508830 0.27457020 101 101 101
-0.08588552 -0.02396638 0.27377525 111 111 111
-0.08581436 -0.02390296 0.27375975 111 111 111
-0.08896698 -0.02921917 0.27986041 97 97 97
-0.08892371 -0.02913379 0.27973321 94 94 94
-0.08890992 -0.02907488 0.27965155 94 94 94
-0.08890307 -0.02903231 0.27959508 94 94 94
-0.08886771 -0.02899698 0.27953485 95 95 95
-0.08887835 -0.02894812 0.27946898 89 89 89
-0.08882638 -0.02889925 0.27939129 94 94 94
-0.08881359 -0.02884913 0.27931818 95 95 95
-0.08881772 -0.02880774 0.27925500 92 92 92
-0.08876509 -0.02875981 0.27917165 99 99 99
-0.08880297 -0.02870380 0.27909997 94 94 94
-0.08875567 -0.02865826 0.27902472 99 99 99
-0.08872694 -0.02862386 0.27896976 96 96 96
-0.08872583 -0.02857459 0.27889556 98 98 98
-0.08872357 -0.02852315 0.27881810 104 104 104
-0.08870318 -0.02848970 0.27877241 106 106 106
-0.08867710 -0.02841651 0.27868271 104 104 104
-0.08866547 -0.02836471 0.27862036 104 104 104
-0.08862815 -0.02832487 0.27857119 115 115 115
-0.08858050 -0.02829012 0.27852669 106 106 106
-0.08856675 -0.02823589 0.27846077 117 117 117
-0.08854707 -0.02819519 0.27840856 117 117 117
-0.08851242 -0.02812741 0.27832875 108 108 108
-0.08850084 -0.02809103 0.27828357 117 117 117
-0.08847525 -0.02804614 0.27823091 108 108 108
-0.08843242 -0.02799121 0.27816635 114 114 114
-0.08841998 -0.02795185 0.27812478 119 119 119
-0.08836149 -0.02788084 0.27805424 119 119 119
-0.08831923 -0.02784803 0.27801579 118 118 118
-0.08829025 -0.02780932 0.27797216 116 116 116
-0.08828354 -0.02775259 0.27791765 117 117 117
-0.08824139 -0.02768335 0.27785215 117 117 117
-0.08819439 -0.02764965 0.27781618 112 112 112
-0.08815958 -0.02758394 0.27775431 111 111 111
-0.08813598 -0.02754782 0.27772647 113 113 113
-0.08807101 -0.02749073 0.27767515 126 126 126
-0.08769926 -0.02705821 0.27738082 112 112 112
-0.08719046 -0.02551914 0.27511650 103 103 103
-0.08714767 -0.02542416 0.27498868 106 106 106
-0.08709704 -0.02538124 0.27492556 105 105 105
-0.08583488 -0.02380449 0.27376434 112 112 112
-0.08910077 -0.02927076 0.27996612 99 99 99
-0.08908071 -0.02924294 0.27991703 100 100 100
-0.08906648 -0.02918182 0.27982843 107 107 107
-0.08894676 -0.02900468 0.27956671 104 104 104
-0.08883426 -0.02852338 0.27884260 117 117 117
-0.08879717 -0.02848976 0.27878669 114 114 114
-0.08839311 -0.02779808 0.27797976 131 131 131
-0.08824943 -0.02756474 0.27775314 129 129 129
-0.08779479 -0.02699866 0.27738526 115 115 115
-0.08774461 -0.02696642 0.27737480 116 116 116
-0.08748303 -0.02583070 0.27557012 94 94 94
-0.08738670 -0.02570238 0.27538779 91 91 91
-0.08738584 -0.02567080 0.27534068 91 91 91
-0.08579622 -0.02368090 0.27377057 110 110 110
-0.08781531 -0.02690342 0.27737483 114 114 114
-0.08763694 -0.02595356 0.27573946 92 92 92
-0.08762562 -0.02589864 0.27566653 94 94 94
-0.08759686 -0.02584222 0.27559587 97 97 97
-0.08757538 -0.02580485 0.27553898 96 96 96
-0.08787972 -0.02683664 0.27737588 117 117 117
-0.08787668 -0.02615572 0.27608439 85 85 85
-0.08785690 -0.02611086 0.27601537 85 85 85
-0.08782133 -0.02608611 0.27595216 87 87 87
-0.08780373 -0.02605659 0.27589506 95 95 95
-0.08776782 -0.02601045 0.27582666 95 95 95
-0.08773794 -0.02596413 0.27576312 92 92 92
-0.08797230 -0.02618122 0.27613494 98 98 98
-0.08428111 -0.02251534 0.27321333 110 110 110
-0.08433607 -0.02255774 0.27338719 113 113 113
-0.08434570 -0.02259133 0.27350676 109 109 109
-0.08416639 -0.02247890 0.27304697 108 108 108
-0.08431567 -0.02261204 0.27361667 115 115 115
-0.08313542 -0.02238712 0.27232289 102 102 102
-0.08430097 -0.02260767 0.27374959 112 112 112
-0.08387252 -0.02239629 0.27268168 105 105 105
-0.08389196 -0.03977176 0.29295182 113 113 113
-0.08390435 -0.03976586 0.29282865 117 117 117
-0.08409151 -0.03973106 0.29260057 120 120 120
-0.08399651 -0.03974617 0.29267886 116 116 116
-0.08390051 -0.03976182 0.29274496 112 112 112
-0.08435028 -0.03968589 0.29230440 111 111 111
-0.08422878 -0.03970521 0.29238036 111 111 111
-0.08411273 -0.03972656 0.29249245 117 117 117
-0.08400086 -0.03974143 0.29254484 116 116 116
-0.08449234 -0.03964468 0.29209378 110 110 110
-0.08438336 -0.03966746 0.29217282 113 113 113
-0.08426783 -0.03968565 0.29224938 108 108 108
-0.08418567 -0.03970291 0.29231244 116 116 116
-0.08405756 -0.03972417 0.29241195 112 112 112
-0.08441351 -0.03963929 0.29204401 106 106 106
-0.08429721 -0.03966306 0.29212272 102 102 102
-0.08420141 -0.03968291 0.29219109 113 113 113
-0.08443532 -0.03960713 0.29192153 102 102 102
-0.08432969 -0.03963176 0.29198802 97 97 97
-0.08443688 -0.03958473 0.29182619 87 87 87
-0.08435065 -0.03959930 0.29186130 97 97 97
-0.08462612 -0.03948717 0.29156724 87 87 87
-0.08456232 -0.03950569 0.29161102 84 84 84
-0.08443480 -0.03954050 0.29168138 84 84 84
-0.08438634 -0.03957055 0.29176271 81 81 81
-0.08781438 -0.03649797 0.28823730 112 112 112
-0.08457061 -0.03946648 0.29151127 86 86 86
-0.08442086 -0.03950228 0.29157180 84 84 84
-0.08786963 -0.03649246 0.28813246 118 118 118
-0.08777521 -0.03650551 0.28818083 112 112 112
-0.08768898 -0.03651399 0.28824767 107 107 107
-0.08571967 -0.03689293 0.28966936 110 110 110
-0.08570526 -0.03697756 0.28970319 110 110 110
-0.08568046 -0.03711443 0.28975689 102 102 102
-0.08567722 -0.03718311 0.28978387 99 99 99
-0.08567180 -0.03725039 0.28981006 101 101 101
-0.08452103 -0.03940323 0.29136866 83 83 83
-0.08786926 -0.03647528 0.28801057 116 116 116
-0.08777648 -0.03649466 0.28806108 107 107 107
-0.08767703 -0.03650657 0.28813428 107 107 107
-0.08550892 -0.03767074 0.29001373 98 98 98
-0.08787370 -0.03641916 0.28786990 103 103 103
-0.08529460 -0.03830278 0.29025877 100 100 100
-0.08526800 -0.03838034 0.29029861 100 100 100
-0.08454249 -0.03928673 0.29113844 92 92 92
-0.08377939 -0.02239260 0.27263495 105 105 105
-0.08784916 -0.03636998 0.28775868 111 111 111
-0.08519175 -0.03837267 0.29027149 92 92 92
-0.08515782 -0.03842112 0.29029280 93 93 93
-0.08515131 -0.03849736 0.29033381 93 93 93
-0.08510357 -0.03856760 0.29036680 105 105 105
-0.08506098 -0.03862855 0.29040727 105 105 105
-0.08467405 -0.03910375 0.29086706 95 95 95
-0.08461773 -0.03915543 0.29093453 97 97 97
-0.08452988 -0.03920079 0.29099262 102 102 102
-0.08806008 -0.03620061 0.28748414 108 108 108
-0.08798451 -0.03625477 0.28756642 103 103 103
-0.08791378 -0.03629292 0.28761259 100 100 100
-0.08784347 -0.03632818 0.28766558 106 106 106
-0.08478494 -0.03888611 0.29061767 103 103 103
-0.08474352 -0.03894379 0.29067406 103 103 103
-0.08467800 -0.03899401 0.29072747 94 94 94
-0.08463314 -0.03904754 0.29078573 100 100 100
-0.08827550 -0.03598386 0.28714550 109 109 109
-0.08821212 -0.03603439 0.28721973 107 107 107
-0.08814558 -0.03607934 0.28729105 100 100 100
-0.08808419 -0.03611337 0.28733486 100 100 100
-0.08802977 -0.03615957 0.28739789 93 93 93
-0.08796658 -0.03620144 0.28745702 98 98 98
-0.08842918 -0.03573501 0.28682631 105 105 105
-0.08839033 -0.03579753 0.28688768 101 101 101
-0.08834981 -0.03584883 0.28694782 105 105 105
-0.08828937 -0.03589292 0.28700322 104 104 104
-0.08824506 -0.03595167 0.28707767 102 102 102
-0.08851048 -0.03558445 0.28666675 103 103 103
-0.08843701 -0.03561502 0.28668696 104 104 104
-0.08840884 -0.03567206 0.28674874 103 103 103
-0.08836634 -0.03572726 0.28680038 103 103 103
-0.08884568 -0.03502489 0.28611413 101 101 101
-0.08881268 -0.03509651 0.28618386 100 100 100
-0.08876631 -0.03513088 0.28620693 101 101 101
-0.08872673 -0.03519698 0.28626719 100 100 100
-0.08870269 -0.03523582 0.28630376 102 102 102
-0.08865333 -0.03530437 0.28636482 102 102 102
-0.08861488 -0.03534972 0.28640974 102 102 102
-0.08854622 -0.03539407 0.28644991 99 99 99
-0.08845570 -0.03552271 0.28658092 99 99 99
-0.08895563 -0.03475910 0.28584412 101 101 101
-0.08891643 -0.03480037 0.28588340 99 99 99
-0.08910019 -0.03446508 0.28553885 101 101 101
-0.08906077 -0.03453351 0.28559875 100 100 100
-0.08899636 -0.03458710 0.28565177 100 100 100
-0.08903535 -0.03441025 0.28547847 100 100 100
-0.08900798 -0.03444366 0.28550300 98 98 98
-0.08959242 -0.03310208 0.28453559 113 113 113
-0.08900974 -0.03427034 0.28535813 99 99 99
-0.08962306 -0.03302193 0.28437588 97 97 97
-0.08958185 -0.03305838 0.28443593 107 107 107
-0.08958845 -0.03297130 0.28427240 105 105 105
-0.08962366 -0.03287853 0.28413433 104 104 104
-0.08955546 -0.03292050 0.28418505 104 104 104
-0.08964359 -0.03276777 0.28397441 104 104 104
-0.08957824 -0.03281562 0.28403339 102 102 102
-0.08965036 -0.03267826 0.28383902 100 100 100
-0.08961878 -0.03271283 0.28388503 101 101 101
-0.08974241 -0.03215681 0.28314900 102 102 102
-0.08974613 -0.03205258 0.28300512 99 99 99
-0.08969861 -0.03210723 0.28307796 96 96 96
-0.08972587 -0.03194768 0.28286847 98 98 98
-0.08973067 -0.03183240 0.28272530 98 98 98
-0.08967641 -0.03188077 0.28277534 98 98 98
-0.08968330 -0.03178059 0.28264493 93 93 93
-0.08967014 -0.03166362 0.28251624 98 98 98
-0.08963725 -0.03169500 0.28255197 96 96 96
-0.08963835 -0.03159995 0.28243411 99 99 99
-0.08962858 -0.03142811 0.28223237 96 96 96
-0.08960097 -0.03147999 0.28229672 90 90 90
-0.08961520 -0.03132450 0.28210846 94 94 94
-0.08958393 -0.03137277 0.28216058 93 93 93
-0.08943831 -0.03094591 0.28167117 98 98 98
-0.08935502 -0.03088002 0.28159133 104 104 104
-0.08933319 -0.03092944 0.28163356 96 96 96
-0.08933493 -0.03076525 0.28147194 103 103 103
-0.08930957 -0.03079909 0.28150314 88 88 88
-0.08926524 -0.03061913 0.28134537 109 109 109
-0.08925981 -0.03067057 0.28138113 102 102 102
-0.08906645 -0.02957151 0.28046441 98 98 98
-0.08913902 -0.02942892 0.28021872 102 102 102
-0.08911441 -0.02947584 0.28029710 99 99 99
-0.08903560 -0.02951991 0.28035814 97 97 97
-0.08912302 -0.02937745 0.28013220 104 104 104
-0.08908025 -0.02942785 0.28020027 99 99 99
-0.08907972 -0.02931503 0.28002605 96 96 96
-0.08904092 -0.02935841 0.28008020 99 99 99
-0.08907128 -0.02921964 0.27988073 100 100 100
-0.08901786 -0.02927339 0.27994379 101 101 101
-0.08902150 -0.02916975 0.27980193 107 107 107
-0.08899872 -0.02921394 0.27985594 101 101 101
-0.08897831 -0.02910566 0.27970895 104 104 104
-0.08894498 -0.02903942 0.27961481 103 103 103
-0.08892443 -0.02893500 0.27946737 95 95 95
-0.08890747 -0.02899573 0.27954245 95 95 95
-0.08887807 -0.02887477 0.27937338 94 94 94
-0.08886157 -0.02892612 0.27943647 89 89 89
-0.08885695 -0.02882303 0.27929184 95 95 95
-0.08884936 -0.02872222 0.27913892 99 99 99
-0.08882073 -0.02877389 0.27920437 99 99 99
-0.08882300 -0.02864379 0.27901912 113 113 113
-0.08881902 -0.02867215 0.27905917 94 94 94
-0.08876052 -0.02871062 0.27909997 94 94 94
-0.08880204 -0.02856927 0.27890310 114 114 114
-0.08875208 -0.02862457 0.27897543 96 96 96
-0.08874854 -0.02850391 0.27879572 104 104 104
-0.08870218 -0.02855092 0.27885738 98 98 98
-0.08873530 -0.02840697 0.27868125 109 109 109
-0.08869666 -0.02844701 0.27872244 104 104 104
-0.08866176 -0.02850440 0.27879053 96 96 96
-0.08864000 -0.02838997 0.27864400 104 104 104
-0.08860615 -0.02843811 0.27869779 96 96 96
-0.08858761 -0.02831611 0.27855495 104 104 104
-0.08853929 -0.02802695 0.27822128 113 113 113
-0.08854773 -0.02807761 0.27827996 117 117 117
-0.08847672 -0.02796224 0.27814254 114 114 114
-0.08845206 -0.02801846 0.27819896 108 108 108
-0.08842168 -0.02806494 0.27824637 108 108 108
-0.08841069 -0.02788039 0.27806094 119 119 119
-0.08835028 -0.02794351 0.27811578 109 109 109
-0.08835934 -0.02775947 0.27793476 131 131 131
-0.08832987 -0.02782018 0.27798888 118 118 118
-0.08829367 -0.02786991 0.27803692 118 118 118
-0.08828238 -0.02769668 0.27786848 111 111 111
-0.08824617 -0.02773274 0.27789599 117 117 117
-0.08820943 -0.02754545 0.27773300 129 129 129
-0.08820724 -0.02760639 0.27777708 124 124 124
-0.08815560 -0.02766417 0.27783105 112 112 112
-0.08813013 -0.02747789 0.27767077 119 119 119
-0.08811632 -0.02751615 0.27769908 113 113 113
-0.08810063 -0.02758620 0.27775604 111 111 111
-0.08802108 -0.02744519 0.27764556 105 105 105
-0.08800742 -0.02750061 0.27768791 105 105 105
-0.08333623 -0.02238318 0.27240068 103 103 103
-0.08791451 -0.02622545 0.27619150 97 97 97
-0.08792119 -0.02612922 0.27605101 98 98 98
-0.08787183 -0.02608079 0.27596673 95 95 95
-0.08783582 -0.02611694 0.27602008 85 85 85
-0.08782990 -0.02602333 0.27586001 95 95 95
-0.08780064 -0.02607552 0.27592459 87 87 87
-0.08776802 -0.02596974 0.27577937 107 107 107
-0.08771275 -0.02600593 0.27581698 95 95 95
-0.08768046 -0.02594666 0.27573329 92 92 92
-0.08767730 -0.02599408 0.27580458 92 92 92
-0.08760431 -0.02588182 0.27564353 94 94 94
-0.08754732 -0.02583018 0.27556390 96 96 96
-0.08743032 -0.02569139 0.27537480 94 94 94
-0.08740295 -0.02574211 0.27545601 99 99 99
-0.08733632 -0.02568380 0.27534604 97 97 97
-0.08727606 -0.02563075 0.27526841 101 101 101
-0.08724937 -0.02565937 0.27530718 98 98 98
-0.08722100 -0.02556633 0.27518314 98 98 98
-0.08712798 -0.02550090 0.27507728 95 95 95
-0.08323549 -0.02238747 0.27236176 102 102 102
-0.08711208 -0.02538707 0.27493501 105 105 105
-0.08702444 -0.02531314 0.27484271 105 105 105
-0.08700363 -0.02536127 0.27489483 101 101 101
-0.08193926 -0.02184033 0.27094278 93 93 93
-0.08196538 -0.02175630 0.27089682 96 96 96
-0.08696379 -0.02524734 0.27475485 100 100 100
-0.08692470 -0.02529386 0.27481043 104 104 104
-0.08690631 -0.02517665 0.27466956 102 102 102
-0.08684641 -0.02523810 0.27472562 100 100 100
-0.08677009 -0.02515831 0.27463540 100 100 100
-0.08671476 -0.02503031 0.27450478 102 102 102
-0.08671416 -0.02508903 0.27455825 103 103 103
-0.08661094 -0.02501656 0.27447832 99 99 99
-0.08660402 -0.02488015 0.27435017 98 98 98
-0.08654848 -0.02494302 0.27439699 97 97 97
-0.08261706 -0.02239273 0.27187794 105 105 105
-0.08271109 -0.02238541 0.27194771 108 108 108
-0.08650322 -0.02479634 0.27425581 93 93 93
-0.08647127 -0.02488231 0.27431980 93 93 93
-0.08637834 -0.02472525 0.27420431 99 99 99
-0.08635931 -0.02477411 0.27423346 96 96 96
-0.08624016 -0.02469503 0.27416834 95 95 95
-0.08294437 -0.02238605 0.27220306 104 104 104
-0.08616444 -0.02460625 0.27408981 97 97 97
-0.08617058 -0.02466981 0.27414018 96 96 96
-0.08312260 -0.02237980 0.27220151 108 108 108
-0.08960770 -0.03279082 0.28400204 104 104 104
-0.08956350 -0.03285602 0.28409001 102 102 102
-0.08961312 -0.03284316 0.28408048 104 104 104
-0.08964584 -0.03274551 0.28394172 101 101 101
-0.08957200 -0.03275115 0.28393501 101 101 101
-0.08958939 -0.03290072 0.28415933 104 104 104
-0.08961274 -0.03269032 0.28384948 100 100 100
-0.08960439 -0.03294367 0.28422946 105 105 105
-0.08966390 -0.03261638 0.28374916 97 97 97
-0.08954410 -0.03300912 0.28433254 111 111 111
-0.08963128 -0.03299376 0.28432319 110 110 110
-0.08193395 -0.02177079 0.27090156 99 99 99
-0.08192278 -0.02189379 0.27098370 94 94 94
-0.08200158 -0.02186396 0.27096853 93 93 93
-0.08198823 -0.02196783 0.27105221 95 95 95
-0.08206261 -0.02207705 0.27116725 92 92 92
-0.08213536 -0.02212683 0.27123269 95 95 95
-0.08219989 -0.02219732 0.27133098 98 98 98
-0.08223500 -0.02225501 0.27142474 101 101 101
-0.08227300 -0.02229772 0.27151009 104 104 104
-0.08959280 -0.03303703 0.28439698 107 107 107
-0.08222028 -0.02234351 0.27159616 117 117 117
-0.08230683 -0.02233494 0.27159262 108 108 108
-0.08224571 -0.02237457 0.27168277 117 117 117
-0.08233587 -0.02236482 0.27166820 111 111 111
-0.08242472 -0.02235362 0.27167094 114 114 114
-0.08227262 -0.02239341 0.27174833 120 120 120
-0.08234717 -0.02238918 0.27174729 113 113 113
-0.08244478 -0.02238160 0.27175388 113 113 113
-0.08245751 -0.02239879 0.27183673 115 115 115
-0.08256289 -0.02239087 0.27184334 116 116 116
-0.08961160 -0.03306776 0.28446335 117 117 117
-0.08258453 -0.02239916 0.27192134 117 117 117
-0.08266796 -0.02238739 0.27190328 105 105 105
-0.08264792 -0.02239401 0.27199155 118 118 118
-0.08273763 -0.02238506 0.27199870 108 108 108
-0.08278128 -0.02238686 0.27207720 119 119 119
-0.08285723 -0.02238543 0.27205804 108 108 108
-0.08286951 -0.02238587 0.27215189 119 119 119
-0.08297252 -0.02238524 0.27215597 117 117 117
-0.08304711 -0.02238212 0.27219060 108 108 108
-0.08309405 -0.02238549 0.27225113 104 104 104
-0.08316106 -0.02238069 0.27224427 108 108 108
-0.08320265 -0.02238452 0.27231714 102 102 102
-0.08328152 -0.02237571 0.27232051 108 108 108
-0.08327503 -0.02238838 0.27239728 103 103 103
-0.08339631 -0.02237579 0.27239162 117 117 117
-0.08345249 -0.02237298 0.27240166 108 108 108
-0.08962392 -0.03251524 0.28361389 103 103 103
-0.08340023 -0.02238884 0.27246234 116 116 116
-0.08349302 -0.02238435 0.27247840 116 116 116
-0.08358847 -0.02238086 0.27250716 107 107 107
-0.08360336 -0.02239919 0.27258506 116 116 116
-0.08369452 -0.02239406 0.27259934 114 114 114
-0.08383887 -0.02238918 0.27265120 115 115 115
-0.08382922 -0.02241506 0.27271914 105 105 105
-0.08387039 -0.02243053 0.27280158 118 118 118
-0.08396574 -0.02242610 0.27281925 110 110 110
-0.08399016 -0.02244571 0.27289537 116 116 116
-0.08408582 -0.02246983 0.27299142 116 116 116
-0.08422554 -0.02250244 0.27314556 110 110 110
-0.08962497 -0.03311073 0.28501984 116 116 116
-0.08426935 -0.02254920 0.27330077 119 119 119
-0.08426484 -0.02258134 0.27339134 119 119 119
-0.08429942 -0.02259715 0.27347222 109 109 109
-0.08953358 -0.03311975 0.28456476 114 114 114
-0.08432427 -0.02260455 0.27354884 118 118 118
-0.08429436 -0.02262009 0.27366444 115 115 115
-0.08956598 -0.03314125 0.28465739 118 118 118
-0.08963757 -0.03312521 0.28464371 116 116 116
-0.08957628 -0.03247659 0.28355396 104 104 104
-0.08371818 -0.03943440 0.29424283 126 126 126
-0.08362844 -0.03945180 0.29424661 128 128 128
-0.08376192 -0.03948179 0.29415235 132 132 132
-0.08367084 -0.03949890 0.29415748 129 129 129
-0.08380283 -0.03952545 0.29406241 131 131 131
-0.08371156 -0.03954273 0.29406783 130 130 130
-0.08361885 -0.03955698 0.29407179 129 129 129
-0.08375082 -0.03958288 0.29397643 132 132 132
-0.08365874 -0.03959848 0.29398149 128 128 128
-0.08378454 -0.03961737 0.29388696 131 131 131
-0.08369324 -0.03963432 0.29389217 129 129 129
-0.08359866 -0.03964703 0.29389742 129 129 129
-0.08372201 -0.03966413 0.29380473 131 131 131
-0.08362777 -0.03967740 0.29380983 128 128 128
-0.08365323 -0.03970227 0.29372266 130 130 130
-0.08367578 -0.03972463 0.29363599 133 133 133
-0.08369718 -0.03974467 0.29354948 130 130 130
-0.08371749 -0.03976285 0.29346293 132 132 132
-0.08373337 -0.03977586 0.29337743 130 130 130
-0.08363841 -0.03978390 0.29338238 126 126 126
-0.08374489 -0.03978309 0.29329348 130 130 130
-0.08375746 -0.03978976 0.29312709 127 127 127
-0.08376084 -0.03978995 0.29304519 127 127 127
-0.08383195 -0.03978015 0.29294625 113 113 113
-0.08392926 -0.03976420 0.29287708 120 120 120
-0.08385192 -0.03977473 0.29286999 113 113 113
-0.08395062 -0.03975694 0.29279232 117 117 117
-0.08385557 -0.03976889 0.29278007 112 112 112
-0.08394148 -0.03975446 0.29270312 116 116 116
-0.08403735 -0.03973910 0.29262397 120 120 120
-0.08396462 -0.03974925 0.29262325 131 131 131
-0.08411989 -0.03972760 0.29254559 117 117 117
-0.08406322 -0.03973467 0.29254028 116 116 116
-0.08412768 -0.03972108 0.29244196 117 117 117
-0.08403976 -0.03973091 0.29246604 112 112 112
-0.08412252 -0.03971486 0.29236415 116 116 116
-0.08413682 -0.03970559 0.29228893 110 110 110
-0.08418725 -0.03969350 0.29224509 113 113 113
-0.08448790 -0.03938615 0.29132530 94 94 94
-0.08448847 -0.03935456 0.29125687 95 95 95
-0.08453909 -0.03930417 0.29116881 92 92 92
-0.08457594 -0.03924020 0.29106775 99 99 99
-0.08450986 -0.03924843 0.29106575 95 95 95
-0.08464596 -0.03918231 0.29098889 99 99 99
-0.08458319 -0.03920444 0.29101029 102 102 102
-0.08460834 -0.03914341 0.29091141 97 97 97
-0.08453169 -0.03916804 0.29093778 99 99 99
-0.08469851 -0.03907989 0.29083994 95 95 95
-0.08956405 -0.03315438 0.28472975 119 119 119
-0.08963419 -0.03314005 0.28474057 121 121 121
-0.08489339 -0.03885618 0.29059777 98 98 98
-0.08500633 -0.03875170 0.29051006 100 100 100
-0.08493532 -0.03877508 0.29052684 97 97 97
-0.08728059 -0.03613937 0.28948030 124 124 124
-0.08718847 -0.03615626 0.28948390 120 120 120
-0.08709034 -0.03616409 0.28948686 120 120 120
-0.08697977 -0.03615745 0.28948978 113 113 113
-0.08684991 -0.03613778 0.28949076 108 108 108
-0.08732933 -0.03619337 0.28938985 124 124 124
-0.08723938 -0.03621331 0.28939369 121 121 121
-0.08714249 -0.03622428 0.28939778 119 119 119
-0.08703499 -0.03622069 0.28940091 115 115 115
-0.08690571 -0.03620309 0.28940257 109 109 109
-0.08681794 -0.03617452 0.28942549 111 111 111
-0.08728561 -0.03626453 0.28930375 122 122 122
-0.08719235 -0.03627901 0.28930700 122 122 122
-0.08708796 -0.03627967 0.28931096 115 115 115
-0.08697096 -0.03626332 0.28931504 110 110 110
-0.08686038 -0.03624802 0.28930736 110 110 110
-0.08732726 -0.03631068 0.28921399 124 124 124
-0.08723690 -0.03632750 0.28921652 123 123 123
-0.08713614 -0.03633290 0.28922084 117 117 117
-0.08701970 -0.03631968 0.28922665 114 114 114
-0.08690363 -0.03629732 0.28922918 106 106 106
-0.08736381 -0.03635060 0.28912500 122 122 122
-0.08727431 -0.03636916 0.28912815 121 121 121
-0.08717616 -0.03637675 0.28913200 121 121 121
-0.08706215 -0.03636932 0.28913757 114 114 114
-0.08692700 -0.03634710 0.28913903 111 111 111
-0.08730640 -0.03640397 0.28904036 124 124 124
-0.08720865 -0.03641187 0.28904438 119 119 119
-0.08709916 -0.03640839 0.28904971 115 115 115
-0.08696466 -0.03639459 0.28904352 109 109 109
-0.08742294 -0.03641726 0.28895220 125 125 125
-0.08733239 -0.03643316 0.28895444 122 122 122
-0.08723474 -0.03644063 0.28895834 119 119 119
-0.08712956 -0.03643863 0.28896362 115 115 115
-0.08744679 -0.03644391 0.28886634 125 125 125
-0.08735512 -0.03645919 0.28886911 123 123 123
-0.08725701 -0.03646605 0.28887331 123 123 123
-0.08746716 -0.03646648 0.28878051 125 125 125
-0.08737457 -0.03648087 0.28878397 123 123 123
-0.08748578 -0.03648594 0.28869528 123 123 123
-0.08739277 -0.03649912 0.28869885 123 123 123
-0.08750206 -0.03650155 0.28861028 123 123 123
-0.08740787 -0.03651292 0.28861400 122 122 122
-0.08751579 -0.03651297 0.28852496 124 124 124
-0.08742231 -0.03652330 0.28853047 119 119 119
-0.08751936 -0.03652154 0.28843215 120 120 120
-0.08743723 -0.03652840 0.28845328 125 125 125
-0.08763182 -0.03651383 0.28833401 123 123 123
-0.08755461 -0.03652007 0.28835765 120 120 120
-0.08775699 -0.03650459 0.28826004 115 115 115
-0.08763180 -0.03651654 0.28826678 107 107 107
-0.08755939 -0.03651783 0.28827676 118 118 118
-0.08784360 -0.03649461 0.28818095 118 118 118
-0.08771449 -0.03651021 0.28818676 112 112 112
-0.08763996 -0.03651103 0.28818861 118 118 118
-0.08965024 -0.03240516 0.28347319 106 106 106
-0.08782345 -0.03649684 0.28809589 107 107 107
-0.08773054 -0.03650066 0.28810030 107 107 107
-0.08930417 -0.03075533 0.28145942 103 103 103
-0.08789770 -0.03645020 0.28794524 123 123 123
-0.08931267 -0.03084993 0.28155351 88 88 88
-0.08936168 -0.03081667 0.28153247 104 104 104
-0.08787686 -0.03638231 0.28779289 111 111 111
-0.08935838 -0.03090905 0.28161755 98 98 98
-0.08941205 -0.03088625 0.28160954 98 98 98
-0.08790661 -0.03632805 0.28768906 111 111 111
-0.08781847 -0.03635020 0.28770441 106 106 106
-0.08968796 -0.03225927 0.28327489 105 105 105
-0.08938754 -0.03099657 0.28171340 101 101 101
-0.08795951 -0.03628311 0.28761497 103 103 103
-0.08787864 -0.03630544 0.28762695 100 100 100
-0.08793110 -0.03624981 0.28753585 103 103 103
-0.08939778 -0.03105694 0.28178635 107 107 107
-0.08947234 -0.03104024 0.28177765 106 106 106
-0.08807562 -0.03617335 0.28743589 104 104 104
-0.08799227 -0.03618287 0.28742844 98 98 98
-0.08793226 -0.03620843 0.28746510 98 98 98
-0.08943096 -0.03112805 0.28186622 93 93 93
-0.08951087 -0.03110561 0.28184882 97 97 97
-0.08811359 -0.03611686 0.28735405 103 103 103
-0.08806220 -0.03613271 0.28736210 93 93 93
-0.08809622 -0.03608023 0.28727517 100 100 100
-0.08805371 -0.03610422 0.28731123 101 101 101
-0.08938786 -0.03120953 0.28195855 101 101 101
-0.08946171 -0.03118373 0.28194463 97 97 97
-0.08825849 -0.03600257 0.28718013 109 109 109
-0.08816205 -0.03604049 0.28721115 107 107 107
-0.08825402 -0.03597747 0.28712186 103 103 103
-0.08942775 -0.03125921 0.28203037 102 102 102
-0.08830237 -0.03591245 0.28703490 104 104 104
-0.08840810 -0.03581660 0.28692162 107 107 107
-0.08831061 -0.03585320 0.28694862 104 104 104
-0.08951946 -0.03133723 0.28211221 99 99 99
-0.08957031 -0.03132863 0.28210422 94 94 94
-0.08835486 -0.03578802 0.28686768 101 101 101
-0.08953916 -0.03138480 0.28217316 101 101 101
-0.08961805 -0.03136202 0.28215364 93 93 93
-0.08844185 -0.03569993 0.28678751 103 103 103
-0.08848457 -0.03562394 0.28671047 104 104 104
-0.08840390 -0.03564484 0.28671703 104 104 104
-0.08957335 -0.03145708 0.28226358 90 90 90
-0.08849623 -0.03555401 0.28662547 103 103 103
-0.08854124 -0.03548450 0.28655800 104 104 104
-0.08847487 -0.03549526 0.28655472 99 99 99
-0.08961347 -0.03151017 0.28233412 94 94 94
-0.08861164 -0.03540907 0.28647751 99 99 99
-0.08851638 -0.03542586 0.28648484 97 97 97
-0.08870336 -0.03529291 0.28637215 105 105 105
-0.08865083 -0.03533255 0.28639752 102 102 102
-0.08958891 -0.03159085 0.28241572 100 100 100
-0.08963391 -0.03157149 0.28240272 99 99 99
-0.08874965 -0.03522443 0.28630960 106 106 106
-0.08865869 -0.03523378 0.28629440 102 102 102
-0.08962414 -0.03164187 0.28248146 98 98 98
-0.08870891 -0.03515895 0.28622401 100 100 100
-0.08882312 -0.03505237 0.28613737 100 100 100
-0.08876483 -0.03508620 0.28616104 101 101 101
-0.08968075 -0.03170371 0.28256598 96 96 96
-0.08885265 -0.03497170 0.28605407 101 101 101
-0.08889741 -0.03489199 0.28597963 103 103 103
-0.08964589 -0.03178689 0.28265032 93 93 93
-0.08971997 -0.03176572 0.28264129 93 93 93
-0.08966646 -0.03184583 0.28273234 91 91 91
-0.08956266 -0.03316057 0.28482100 113 113 113
-0.08970719 -0.03189667 0.28280112 98 98 98
-0.08901515 -0.03460861 0.28568122 99 99 99
-0.08909788 -0.03450293 0.28557450 101 101 101
-0.08901310 -0.03452123 0.28557944 100 100 100
-0.08968066 -0.03197184 0.28288922 101 101 101
-0.08905186 -0.03445378 0.28551808 101 101 101
-0.08901557 -0.03437642 0.28544691 100 100 100
-0.08972848 -0.03201939 0.28295723 99 99 99
-0.08975984 -0.03207671 0.28304166 99 99 99
-0.08972833 -0.03233428 0.28338295 105 105 105
-0.08966361 -0.03233951 0.28337952 105 105 105
-0.08955305 -0.03316132 0.28486606 111 111 111
-0.08963557 -0.03314198 0.28488830 111 111 111
-0.08970108 -0.03213466 0.28311425 104 104 104
-0.08946523 -0.03314036 0.28499186 115 115 115
-0.08975188 -0.03219492 0.28320011 100 100 100
-0.08951014 -0.03314207 0.28498566 113 113 113
-0.08187275 -0.02174294 0.27088141 94 94 94
-0.08193005 -0.02180595 0.27091932 93 93 93
-0.08194218 -0.02194317 0.27102542 94 94 94
-0.08200038 -0.02199841 0.27108100 95 95 95
-0.08207449 -0.02203268 0.27112535 92 92 92
-0.08229296 -0.02238544 0.27171293 120 120 120
-0.08650552 -0.02485848 0.27429676 93 93 93
-0.08653060 -0.02497295 0.27442735 97 97 97
-0.08706357 -0.02545716 0.27500477 105 105 105
-0.08423807 -0.02262400 0.27370504 134 134 134
-0.08426358 -0.02261475 0.27376500 112 112 112
-0.08727279 -0.02568047 0.27533272 97 97 97
-0.08734014 -0.02570254 0.27537662 104 104 104
-0.08426167 -0.02260903 0.27383122 125 125 125
-0.08731050 -0.02575395 0.27545688 105 105 105
-0.08738077 -0.02578830 0.27551991 100 100 100
-0.08746687 -0.02580753 0.27554849 101 101 101
-0.08421067 -0.02261002 0.27389303 125 125 125
-0.08427495 -0.02259625 0.27394706 133 133 133
-0.08775860 -0.02605781 0.27588475 95 95 95
-0.08783862 -0.02606841 0.27593005 95 95 95
-0.08780463 -0.02611696 0.27600998 99 99 99
-0.08786849 -0.02612857 0.27604514 85 85 85
-0.08794916 -0.02615453 0.27608585 98 98 98
-0.08790807 -0.02618551 0.27612761 104 104 104
-0.08793724 -0.02627114 0.27627650 104 104 104
-0.08801099 -0.02629306 0.27632639 85 85 85
-0.08790226 -0.02633351 0.27635172 104 104 104
-0.08798023 -0.02634869 0.27637646 103 103 103
-0.08804186 -0.02634875 0.27642792 111 111 111
-0.08793569 -0.02639360 0.27647686 113 113 113
-0.08790769 -0.02640822 0.27655038 117 117 117
-0.08794550 -0.02639790 0.27657834 124 124 124
-0.08810208 -0.02636794 0.27665636 118 118 118
-0.08813005 -0.02635133 0.27676764 108 108 108
-0.08784790 -0.02739042 0.27759784 103 103 103
-0.08791384 -0.02744722 0.27763960 111 111 111
-0.08798525 -0.02748022 0.27767324 105 105 105
-0.08807860 -0.02754625 0.27772272 117 117 117
-0.08814539 -0.02761046 0.27777588 111 111 111
-0.08823343 -0.02764816 0.27781922 111 111 111
-0.08819892 -0.02773125 0.27789545 105 105 105
-0.08833038 -0.02788680 0.27805990 109 109 109
-0.08841474 -0.02792135 0.27809724 119 119 119
-0.08837963 -0.02800338 0.27817973 104 104 104
-0.08843850 -0.02803819 0.27821979 108 108 108
-0.08840893 -0.02810285 0.27828839 108 108 108
-0.08846141 -0.02811945 0.27831247 108 108 108
-0.08854402 -0.02815490 0.27836636 117 117 117
-0.08843014 -0.02819977 0.27840307 109 109 109
-0.08850906 -0.02822756 0.27843881 108 108 108
-0.08855282 -0.02832315 0.27855736 104 104 104
-0.08863232 -0.02835709 0.27860329 115 115 115
-0.08859474 -0.02841539 0.27866718 96 96 96
-0.08865037 -0.02844206 0.27871123 104 104 104
-0.08874737 -0.02846186 0.27874395 106 106 106
-0.08862873 -0.02849834 0.27877995 96 96 96
-0.08868841 -0.02852321 0.27881697 104 104 104
-0.08876853 -0.02853865 0.27884519 117 117 117
-0.08873964 -0.02860363 0.27894217 96 96 96
-0.08880570 -0.02861191 0.27896881 116 116 116
-0.08871926 -0.02864248 0.27899688 100 100 100
-0.08878651 -0.02867565 0.27905568 94 94 94
-0.08885363 -0.02869054 0.27909553 104 104 104
-0.08881350 -0.02874038 0.27915400 99 99 99
-0.08877370 -0.02879294 0.27922142 92 92 92
-0.08886193 -0.02880732 0.27926973 95 95 95
-0.08882488 -0.02887528 0.27935740 95 95 95
-0.08887837 -0.02889853 0.27940503 94 94 94
-0.08891887 -0.02896947 0.27951041 95 95 95
-0.08889290 -0.02901683 0.27957037 94 94 94
-0.08895694 -0.02905863 0.27964443 103 103 103
-0.08891927 -0.02911147 0.27970135 94 94 94
-0.08900255 -0.02912117 0.27973548 104 104 104
-0.08896022 -0.02918182 0.27980727 95 95 95
-0.08903527 -0.02920300 0.27984855 101 101 101
-0.08898202 -0.02924916 0.27990484 97 97 97
-0.08906171 -0.02928325 0.27996904 101 101 101
-0.08900925 -0.02932586 0.28002346 106 106 106
-0.08910081 -0.02934797 0.28008300 96 96 96
-0.08905105 -0.02939648 0.28014243 99 99 99
-0.08911591 -0.02940721 0.28017512 104 104 104
-0.08908109 -0.02945902 0.28025690 99 99 99
-0.08906333 -0.02949344 0.28031579 97 97 97
-0.08900301 -0.02955390 0.28041220 97 97 97
-0.08908727 -0.02954169 0.28041470 98 98 98
-0.08897292 -0.02959536 0.28048500 120 120 120
-0.08905269 -0.02960104 0.28051648 118 118 118
-0.08901191 -0.02963357 0.28057787 127 127 127
-0.08908280 -0.02963616 0.28063077 131 131 131
-0.08911291 -0.02964623 0.28073406 114 114 114
-0.08917235 -0.02963338 0.28077534 114 114 114
-0.08905711 -0.02965496 0.28078601 121 121 121
-0.08913555 -0.02963449 0.28086340 110 110 110
-0.08918718 -0.02961478 0.28091863 110 110 110
-0.08913334 -0.02962449 0.28097379 103 103 103
-0.08922536 -0.02959961 0.28100443 103 103 103
-0.08898407 -0.03429242 0.28536841 110 110 110
-0.08901450 -0.03431823 0.28539640 105 105 105
-0.08900840 -0.03441374 0.28547823 100 100 100
-0.08905624 -0.03449693 0.28555918 100 100 100
-0.08900591 -0.03455978 0.28562185 100 100 100
-0.08898318 -0.03464167 0.28571761 99 99 99
-0.08895603 -0.03471624 0.28579819 99 99 99
-0.08888624 -0.03484472 0.28592473 103 103 103
-0.08893716 -0.03485491 0.28594756 103 103 103
-0.08890755 -0.03493454 0.28602874 103 103 103
-0.08887170 -0.03499274 0.28608248 101 101 101
-0.08877745 -0.03504558 0.28612334 101 101 101
-0.08868414 -0.03519686 0.28625882 100 100 100
-0.08876836 -0.03519341 0.28627998 106 106 106
-0.08864076 -0.03525493 0.28631225 102 102 102
-0.08861227 -0.03531908 0.28637412 102 102 102
-0.08859672 -0.03538992 0.28645200 99 99 99
-0.08855739 -0.03544703 0.28651389 104 104 104
-0.08850609 -0.03551251 0.28658256 104 104 104
-0.08847398 -0.03558872 0.28665975 103 103 103
-0.08843911 -0.03564556 0.28672495 104 104 104
-0.08839929 -0.03570357 0.28678223 103 103 103
-0.08836515 -0.03576157 0.28683802 101 101 101
-0.08834159 -0.03582267 0.28691009 105 105 105
-0.08830250 -0.03587396 0.28697604 104 104 104
-0.08826956 -0.03592676 0.28704932 102 102 102
-0.08821765 -0.03597986 0.28711411 103 103 103
-0.08818490 -0.03601345 0.28716505 107 107 107
-0.08813638 -0.03606166 0.28724855 100 100 100
-0.08809391 -0.03610656 0.28732568 100 100 100
-0.08806642 -0.03615335 0.28739598 104 104 104
-0.08802842 -0.03618893 0.28744721 108 108 108
-0.08790986 -0.03622574 0.28749207 103 103 103
-0.08797195 -0.03622947 0.28750893 103 103 103
-0.08787875 -0.03626645 0.28755587 95 95 95
-0.08792900 -0.03627416 0.28758156 100 100 100
-0.08791282 -0.03631005 0.28764772 106 106 106
-0.08785553 -0.03635062 0.28771839 111 111 111
-0.08757753 -0.03651257 0.28821495 119 119 119
-0.08749419 -0.03651889 0.28827187 118 118 118
-0.08746760 -0.03652680 0.28834191 123 123 123
-0.08679058 -0.03620337 0.28936702 111 111 111
-0.08563997 -0.03712727 0.28975621 102 102 102
-0.08565744 -0.03729417 0.28982964 101 101 101
-0.08553619 -0.03738422 0.28986964 99 99 99
-0.08559838 -0.03741227 0.28990129 99 99 99
-0.08542816 -0.03792200 0.29011086 97 97 97
-0.08537290 -0.03803432 0.29014960 98 98 98
-0.08535298 -0.03818661 0.29020819 96 96 96
-0.08522020 -0.03841964 0.29030830 101 101 101
-0.08509611 -0.03852132 0.29033515 93 93 93
-0.08508456 -0.03860306 0.29039010 105 105 105
-0.08498925 -0.03866652 0.29043317 112 112 112
-0.08494635 -0.03873578 0.29048738 104 104 104
-0.08493058 -0.03881251 0.29056469 97 97 97
-0.08482013 -0.03885743 0.29059088 110 110 110
-0.08487882 -0.03887036 0.29061165 98 98 98
-0.08475324 -0.03890854 0.29063922 103 103 103
-0.08472316 -0.03896561 0.29069540 105 105 105
-0.08468799 -0.03902112 0.29076147 94 94 94
-0.08466066 -0.03907760 0.29082733 95 95 95
-0.08455178 -0.03912398 0.29087234 97 97 97
-0.08459889 -0.03912599 0.29088351 97 97 97
-0.08458554 -0.03917703 0.29096484 102 102 102
-0.08454404 -0.03922643 0.29103649 102 102 102
-0.08449695 -0.03927542 0.29111007 95 95 95
-0.08449078 -0.03930803 0.29116493 95 95 95
-0.08794229 -0.02613874 0.27606365 98 98 98
-0.08764458 -0.02586312 0.27563301 95 95 95
-0.08768306 -0.02591581 0.27569711 95 95 95
-0.08771022 -0.02596225 0.27575755 92 92 92
-0.08772977 -0.02601402 0.27582598 95 95 95
-0.08774463 -0.02606580 0.27589712 95 95 95
-0.08779683 -0.02609634 0.27596304 87 87 87
-0.08781882 -0.02613105 0.27603826 99 99 99
-0.08785141 -0.02617222 0.27610061 85 85 85
-0.08752418 -0.02578874 0.27551487 96 96 96
-0.08753727 -0.02585183 0.27559876 97 97 97
-0.08847893 -0.02792881 0.27811459 123 123 123
-0.08850201 -0.02799676 0.27818233 124 124 124
-0.08852802 -0.02805765 0.27825055 113 113 113
-0.08728787 -0.02559429 0.27522406 97 97 97
-0.08732199 -0.02563885 0.27528504 91 91 91
-0.08734970 -0.02568947 0.27536005 91 91 91
-0.08735401 -0.02572953 0.27542669 99 99 99
-0.08742851 -0.02580565 0.27554622 101 101 101
-0.08832723 -0.02778727 0.27795437 116 116 116
-0.08836719 -0.02784727 0.27802169 118 118 118
-0.08836302 -0.02790793 0.27808091 119 119 119
-0.08837790 -0.02797557 0.27814841 109 109 109
-0.08840687 -0.02803088 0.27821013 108 108 108
-0.08844842 -0.02808809 0.27827355 108 108 108
-0.08847100 -0.02814976 0.27835017 109 109 109
-0.08848446 -0.02819261 0.27839693 108 108 108
-0.08852009 -0.02825616 0.27847785 100 100 100
-0.08714703 -0.02547280 0.27504551 103 103 103
-0.08714236 -0.02552265 0.27511042 95 95 95
-0.08724672 -0.02570823 0.27536917 106 106 106
-0.08819512 -0.02768830 0.27785617 105 105 105
-0.08822697 -0.02775744 0.27791718 110 110 110
-0.08825041 -0.02781403 0.27797621 103 103 103
-0.08695023 -0.02529374 0.27481368 110 110 110
-0.08697975 -0.02534636 0.27487725 101 101 101
-0.08678821 -0.02516710 0.27464491 100 100 100
-0.08934510 -0.03073391 0.28144354 103 103 103
-0.08935583 -0.03078808 0.28150040 104 104 104
-0.08938096 -0.03085040 0.28157037 104 104 104
-0.08938877 -0.03093026 0.28164503 98 98 98
-0.08943567 -0.03098104 0.28170651 101 101 101
-0.08944431 -0.03103197 0.28176358 106 106 106
-0.08947057 -0.03110891 0.28184482 97 97 97
-0.08947528 -0.03114862 0.28190234 97 97 97
-0.08956213 -0.03130501 0.28208140 94 94 94
-0.08957639 -0.03135298 0.28213465 93 93 93
-0.08960146 -0.03141700 0.28221843 93 93 93
-0.08780200 -0.02736511 0.27757812 103 103 103
-0.08783866 -0.02744011 0.27763036 111 111 111
-0.08918562 -0.03047309 0.28124696 116 116 116
-0.08916064 -0.03057035 0.28130421 110 110 110
-0.08919646 -0.03064492 0.28135425 113 113 113
-0.08923604 -0.03070863 0.28140661 102 102 102
-0.08925397 -0.03077441 0.28147110 115 115 115
-0.08937089 -0.03110745 0.28183851 99 99 99
-0.08940730 -0.03117079 0.28191447 101 101 101
-0.08945321 -0.03122380 0.28198880 101 101 101
-0.08946095 -0.03129639 0.28207019 102 102 102
-0.08954560 -0.03149804 0.28230584 99 99 99
-0.08958223 -0.03155721 0.28238028 99 99 99
-0.08961405 -0.03167341 0.28252119 96 96 96
-0.08963492 -0.03172222 0.28258455 93 93 93
-0.08966810 -0.03175132 0.28261498 93 93 93
-0.08970120 -0.03180724 0.28268445 93 93 93
-0.08972958 -0.03185826 0.28275898 98 98 98
-0.08974111 -0.03191363 0.28283155 98 98 98
-0.08975916 -0.03197199 0.28290600 97 97 97
-0.08649507 -0.02493328 0.27438125 92 92 92
-0.08769207 -0.02724226 0.27747950 118 118 118
-0.08771463 -0.02732896 0.27754381 118 118 118
-0.08770622 -0.02740747 0.27760002 99 99 99
-0.08966794 -0.03200750 0.28293252 99 99 99
-0.08969628 -0.03204840 0.28299081 99 99 99
-0.08972918 -0.03208489 0.28304943 96 96 96
-0.08974557 -0.03212127 0.28310215 100 100 100
-0.08636434 -0.02484557 0.27429047 102 102 102
-0.08967360 -0.03216231 0.28314659 104 104 104
-0.08970618 -0.03219792 0.28319564 100 100 100
-0.08969831 -0.03222880 0.28323463 106 106 106
-0.08966100 -0.03230768 0.28333798 105 105 105
-0.08967977 -0.03236694 0.28342131 105 105 105
-0.08958822 -0.03238845 0.28344446 106 106 106
-0.08961572 -0.03243994 0.28351584 106 106 106
-0.08964264 -0.03248161 0.28357235 103 103 103
-0.08956342 -0.03251474 0.28360158 103 103 103
-0.08958846 -0.03255924 0.28366560 102 102 102
-0.08961225 -0.03260703 0.28372791 103 103 103
-0.08964378 -0.03265847 0.28380421 97 97 97
-0.08958029 -0.03272318 0.28389376 101 101 101
-0.08960789 -0.03276342 0.28396061 104 104 104
-0.08964680 -0.03280760 0.28403413 104 104 104
-0.08956933 -0.03287970 0.28412631 102 102 102
-0.08961913 -0.03291144 0.28418264 104 104 104
-0.08955311 -0.03298460 0.28429011 111 111 111
-0.08958989 -0.03301432 0.28435344 97 97 97
-0.08950803 -0.03303340 0.28436822 107 107 107
-0.08954445 -0.03306444 0.28443941 107 107 107
-0.08956222 -0.03309393 0.28450754 113 113 113
-0.08959802 -0.03311926 0.28458759 116 116 116
-0.08963937 -0.03313140 0.28466976 121 121 121
-0.08901132 -0.03447926 0.28553534 98 98 98
-0.08882759 -0.03499202 0.28607163 102 102 102
-0.08863638 -0.03532094 0.28637698 102 102 102
-0.08857084 -0.03541519 0.28647470 99 99 99
-0.08850473 -0.03548507 0.28654945 104 104 104
-0.08844116 -0.03556914 0.28662926 103 103 103
-0.08204785 -0.02146222 0.27073485 113 113 113
-0.08196191 -0.02153254 0.27076545 110 110 110
-0.08197680 -0.02172525 0.27087951 99 99 99
-0.08198331 -0.02179993 0.27092397 96 96 96
-0.08203375 -0.02197439 0.27106607 95 95 95
-0.08185600 -0.02159186 0.27079776 110 110 110
-0.08188699 -0.02169094 0.27085024 111 111 111
-0.08189771 -0.02178271 0.27090502 94 94 94
-0.08568691 -0.03677993 0.28961006 125 125 125
-0.08567383 -0.03690277 0.28966486 110 110 110
-0.08568890 -0.03701340 0.28971380 110 110 110
-0.08560411 -0.03720399 0.28978026 113 113 113
-0.08560106 -0.03728766 0.28981993 101 101 101
-0.08559851 -0.03735839 0.28986824 99 99 99
-0.08552358 -0.03743849 0.28989765 99 99 99
-0.08552878 -0.03752008 0.28994092 97 97 97
-0.08552646 -0.03762858 0.28999639 98 98 98
-0.08544619 -0.03778823 0.29005787 93 93 93
-0.08546069 -0.03790777 0.29011258 97 97 97
-0.08537432 -0.03796097 0.29012153 106 106 106
-0.08536493 -0.03810021 0.29017565 98 98 98
-0.08540020 -0.03815835 0.29020765 96 96 96
-0.08528358 -0.03824662 0.29022643 108 108 108
-0.08529072 -0.03833479 0.29027757 100 100 100
-0.08522829 -0.03832198 0.29025266 92 92 92
-0.08520573 -0.03839780 0.29029104 101 101 101
-0.08513486 -0.03854619 0.29035959 107 107 107
-0.08500990 -0.03859799 0.29037824 105 105 105
-0.08505010 -0.03865978 0.29043484 97 97 97
-0.08497988 -0.03870774 0.29046541 104 104 104
-0.08498327 -0.03876469 0.29052019 100 100 100
-0.08488271 -0.03873336 0.29048318 117 117 117
-0.08488064 -0.03879502 0.29053935 97 97 97
-0.08490721 -0.03885936 0.29060537 98 98 98
-0.08481096 -0.03882179 0.29055673 110 110 110
-0.08483544 -0.03889722 0.29063356 98 98 98
-0.08472401 -0.03892188 0.29065078 103 103 103
-0.08476805 -0.03897807 0.29071701 105 105 105
-0.08465838 -0.03900446 0.29073846 106 106 106
-0.08469217 -0.03905206 0.29080185 94 94 94
-0.08460168 -0.03907672 0.29081517 100 100 100
-0.08456724 -0.03914937 0.29091355 99 99 99
-0.08901165 -0.03439901 0.28546628 100 100 100
-0.08897044 -0.03425042 0.28533345 99 99 99
-0.08898570 -0.03410497 0.28522789 107 107 107
-0.08894512 -0.03417645 0.28526789 122 122 122
-0.08898473 -0.03392489 0.28514317 121 121 121
-0.08505293 -0.03856271 0.29035532 105 105 105
-0.08500898 -0.03863662 0.29041034 112 112 112
-0.08493647 -0.03869322 0.29044852 117 117 117
-0.08568587 -0.03708487 0.28974432 102 102 102
-0.08569977 -0.03690848 0.28967217 110 110 110
-0.08564541 -0.03700006 0.28970104 110 110 110
-0.08561151 -0.03705392 0.28972140 117 117 117
-0.08938060 -0.03074396 0.28145432 119 119 119
-0.08567671 -0.03680895 0.28961778 125 125 125
-0.08928439 -0.03071879 0.28142306 102 102 102
-0.08569196 -0.03659445 0.28956142 127 127 127
-0.08926359 -0.03055597 0.28130347 113 113 113
-0.08923167 -0.03063167 0.28134954 109 109 109
-0.08573613 -0.03635041 0.28954709 134 134 134
-0.08927507 -0.03038600 0.28121901 118 118 118
-0.08918690 -0.03053519 0.28128314 110 110 110
-0.08931839 -0.03019603 0.28117985 122 122 122
-0.08923288 -0.03028107 0.28117725 125 125 125
-0.08920777 -0.03037162 0.28120610 124 124 124
-0.08833450 -0.02786640 0.27803662 118 118 118
-0.08827578 -0.02779132 0.27795315 110 110 110
-0.08826990 -0.02783653 0.27800152 103 103 103
-0.08828097 -0.02765065 0.27782857 111 111 111
-0.08823342 -0.02770954 0.27787539 117 117 117
-0.08816414 -0.02763472 0.27779999 112 112 112
-0.08802944 -0.02753584 0.27771521 117 117 117
-0.08797451 -0.02744317 0.27764288 105 105 105
-0.08794267 -0.02751498 0.27770039 105 105 105
-0.08789474 -0.02741164 0.27761331 111 111 111
-0.08788043 -0.02748257 0.27766857 118 118 118
-0.08781679 -0.02740378 0.27760431 103 103 103
-0.08775490 -0.02738650 0.27758551 99 99 99
-0.08771616 -0.02728741 0.27751654 118 118 118
-0.08776574 -0.02704032 0.27738681 115 115 115
-0.08772511 -0.02712439 0.27740559 127 127 127
-0.08766480 -0.02719493 0.27744216 112 112 112
-0.08770149 -0.02699722 0.27737242 114 114 114
-0.08764312 -0.02708437 0.27738282 113 113 113
-0.08765337 -0.02593674 0.27571523 92 92 92
-0.08760449 -0.02586711 0.27562732 97 97 97
-0.08752896 -0.02581493 0.27554098 96 96 96
-0.08738928 -0.02573064 0.27543470 99 99 99
-0.08735110 -0.02576856 0.27548698 100 100 100
-0.08735530 -0.02561975 0.27526650 97 97 97
-0.08732297 -0.02567043 0.27532506 97 97 97
-0.08729847 -0.02572496 0.27540299 106 106 106
-0.08729022 -0.02556714 0.27519307 105 105 105
-0.08723584 -0.02562273 0.27525324 101 101 101
-0.08719059 -0.02555129 0.27516147 98 98 98
-0.08709122 -0.02542319 0.27496949 105 105 105
-0.08703758 -0.02536213 0.27489656 112 112 112
-0.08690215 -0.02523920 0.27473080 100 100 100
-0.08688599 -0.02527834 0.27478439 94 94 94
-0.08684307 -0.02516917 0.27465236 102 102 102
-0.08682045 -0.02521231 0.27469274 100 100 100
-0.08680930 -0.02507856 0.27456787 101 101 101
-0.08676943 -0.02513363 0.27461135 100 100 100
-0.08670416 -0.02506071 0.27452931 103 103 103
-0.08667161 -0.02499987 0.27447152 106 106 106
-0.08660831 -0.02492810 0.27439451 97 97 97
-0.08655745 -0.02499193 0.27444899 110 110 110
-0.08656001 -0.02484805 0.27430731 98 98 98
-0.08650465 -0.02491392 0.27435836 92 92 92
-0.08646277 -0.02483480 0.27427584 93 93 93
-0.08640639 -0.02475341 0.27422372 99 99 99
-0.08634532 -0.02481559 0.27426362 96 96 96
-0.08633478 -0.02471864 0.27419713 96 96 96
-0.08629492 -0.02477971 0.27423635 96 96 96
-0.08146082 -0.02008070 0.27054760 121 121 121
-0.08155604 -0.02013493 0.27054510 122 122 122
-0.08623377 -0.02471108 0.27418002 95 95 95
-0.08153755 -0.02029897 0.27053136 125 125 125
-0.08161063 -0.02018389 0.27054232 124 124 124
-0.08157182 -0.02036414 0.27053037 126 126 126
-0.08167745 -0.02021590 0.27054432 124 124 124
-0.08618550 -0.02463795 0.27411634 97 97 97
-0.08166029 -0.02039841 0.27053180 128 128 128
-0.08173785 -0.02046975 0.27053517 129 129 129
-0.08180782 -0.02049619 0.27053839 116 116 116
-0.08604579 -0.02452504 0.27400500 104 104 104
-0.08181565 -0.02068023 0.27054155 107 107 107
-0.08188307 -0.02053419 0.27054426 117 117 117
-0.08604564 -0.02437597 0.27390346 100 100 100
-0.08601976 -0.02443815 0.27393445 102 102 102
-0.08180688 -0.02080055 0.27054590 110 110 110
-0.08188224 -0.02068013 0.27054873 106 106 106
-0.08187650 -0.02085522 0.27055517 110 110 110
-0.08600906 -0.02427434 0.27385429 108 108 108
-0.08596161 -0.02434736 0.27387482 119 119 119
-0.08592138 -0.02443212 0.27391768 115 115 115
-0.08190612 -0.02096469 0.27057078 114 114 114
-0.08194981 -0.02109857 0.27059591 116 116 116
-0.08592529 -0.02426386 0.27383941 106 106 106
-0.08201440 -0.02113897 0.27061424 113 113 113
-0.08183243 -0.02167092 0.27083853 111 111 111
-0.08191106 -0.02160297 0.27080300 110 110 110
-0.08192752 -0.02151604 0.27075717 110 110 110
-0.08200639 -0.02144196 0.27072102 113 113 113
-0.08205356 -0.02134303 0.27068433 117 117 117
-0.08192848 -0.02167910 0.27084678 99 99 99
-0.08201291 -0.02156246 0.27078331 112 112 112
-0.08207609 -0.02148972 0.27075267 112 112 112
-0.08582424 -0.02404827 0.27377832 107 107 107
-0.08581730 -0.02410147 0.27378932 109 109 109
-0.08150503 -0.01966343 0.27064148 132 132 132
-0.08158433 -0.01962270 0.27065560 135 135 135
-0.08166442 -0.01958164 0.27067342 133 133 133
-0.08174486 -0.01954009 0.27069288 133 133 133
-0.08182602 -0.01949723 0.27071482 129 129 129
-0.08152415 -0.01975266 0.27061722 134 134 134
-0.08160359 -0.01971165 0.27063057 136 136 136
-0.08168385 -0.01966979 0.27064687 133 133 133
-0.08176390 -0.01962911 0.27066505 134 134 134
-0.08184411 -0.01958799 0.27068514 132 132 132
-0.08146562 -0.01987870 0.27058458 136 136 136
-0.08154434 -0.01984012 0.27059624 134 134 134
-0.08162316 -0.01980044 0.27060926 135 135 135
-0.08170337 -0.01975839 0.27062458 134 134 134
-0.08142813 -0.02000449 0.27055952 122 122 122
-0.08148940 -0.01996309 0.27056894 136 136 136
-0.08156636 -0.01992435 0.27057946 135 135 135
-0.08164409 -0.01988654 0.27059180 135 135 135
-0.08172350 -0.01984620 0.27060613 135 135 135
-0.08151840 -0.02005607 0.27055472 137 137 137
-0.08158877 -0.02000993 0.27056685 137 137 137
-0.08151390 -0.02013029 0.27054319 122 122 122
-0.08161248 -0.02010361 0.27055398 139 139 139
-0.08155084 -0.02021649 0.27053666 139 139 139
-0.08164617 -0.02016642 0.27054688 124 124 124
-0.08159821 -0.02030545 0.27053380 125 125 125
-0.08164504 -0.02025636 0.27053863 124 124 124
-0.08162469 -0.02037243 0.27053186 126 126 126
-0.08168762 -0.02033720 0.27053708 123 123 123
-0.08170190 -0.02041008 0.27053386 129 129 129
-0.08177301 -0.02038069 0.27054104 123 123 123
-0.08181959 -0.02044209 0.27054101 116 116 116
-0.08184079 -0.02053521 0.27054039 117 117 117
-0.08567089 -0.03685054 0.28964031 134 134 134
-0.08555382 -0.02260316 0.27412406 120 120 120
-0.08557524 -0.02271000 0.27406567 120 120 120
-0.08557151 -0.02280552 0.27401081 120 120 120
-0.08559810 -0.02290050 0.27396101 120 120 120
-0.08559012 -0.02299181 0.27391544 124 124 124
-0.08561192 -0.02308878 0.27388307 122 122 122
-0.08564270 -0.02316930 0.27385947 122 122 122
-0.08565625 -0.02327358 0.27383474 120 120 120
-0.08571784 -0.02322814 0.27385837 122 122 122
-0.08565960 -0.02336780 0.27381131 120 120 120
-0.08899444 -0.03420436 0.28530332 107 107 107
-0.08568855 -0.02344943 0.27379295 124 124 124
-0.08575800 -0.02342868 0.27380726 124 124 124
-0.08570708 -0.02353699 0.27377951 123 123 123
-0.08578924 -0.02348197 0.27380303 122 122 122
-0.08572542 -0.02362184 0.27377135 123 123 123
-0.08581195 -0.02358094 0.27378923 121 121 121
-0.08573325 -0.02369788 0.27376354 123 123 123
-0.08585057 -0.02366817 0.27378136 110 110 110
-0.08577093 -0.02377656 0.27375829 112 112 112
-0.08584225 -0.02374365 0.27377036 111 111 111
-0.08579795 -0.02385066 0.27375770 110 110 110
-0.08582509 -0.02395734 0.27376446 111 111 111
-0.08588912 -0.02391562 0.27377263 114 114 114
-0.08585421 -0.02400922 0.27377561 107 107 107
-0.08589180 -0.02408846 0.27379438 111 111 111
-0.08894244 -0.03413175 0.28523526 122 122 122
-0.08593729 -0.02417134 0.27381518 111 111 111
-0.08588136 -0.02427208 0.27384099 106 106 106
-0.08597176 -0.02422799 0.27383402 108 108 108
-0.08591603 -0.02432116 0.27386096 108 108 108
-0.08600199 -0.02430996 0.27386522 108 108 108
-0.08597220 -0.02439966 0.27390265 119 119 119
-0.08898789 -0.03404917 0.28519672 119 119 119
-0.08904148 -0.03393514 0.28516072 121 121 121
-0.08896174 -0.03398066 0.28516206 125 125 125
-0.08907634 -0.03382777 0.28514189 125 125 125
-0.08898310 -0.03386089 0.28512940 121 121 121
-0.08687516 -0.02525248 0.27474642 100 100 100
-0.08692613 -0.02522078 0.27471507 100 100 100
-0.08697651 -0.02528335 0.27480310 110 110 110
-0.08701566 -0.02534174 0.27487224 105 105 105
-0.08705675 -0.02539209 0.27493066 105 105 105
-0.08711478 -0.02545300 0.27501103 103 103 103
-0.08910200 -0.03372693 0.28513277 125 125 125
-0.08902042 -0.03376555 0.28511912 130 130 130
-0.08716730 -0.02549714 0.27508166 95 95 95
-0.08909003 -0.03363098 0.28512681 125 125 125
-0.08901032 -0.03368293 0.28511411 129 129 129
-0.08908141 -0.03355451 0.28512824 127 127 127
-0.08898515 -0.03360347 0.28511456 128 128 128
-0.08903619 -0.03351013 0.28512633 127 127 127
-0.08896747 -0.03351543 0.28512263 129 129 129
-0.08784053 -0.02624464 0.27745631 114 114 114
-0.08785506 -0.02628061 0.27744588 119 119 119
-0.08779271 -0.02643309 0.27741945 120 120 120
-0.08785430 -0.02638883 0.27743426 119 119 119
-0.08780327 -0.02649329 0.27740353 120 120 120
-0.08786844 -0.02647631 0.27741548 118 118 118
-0.08782239 -0.02657965 0.27738455 127 127 127
-0.08791356 -0.02656624 0.27739948 125 125 125
-0.08778970 -0.02669562 0.27737007 129 129 129
-0.08785864 -0.02666078 0.27737558 125 125 125
-0.08792598 -0.02665497 0.27738452 125 125 125
-0.08773066 -0.02681800 0.27736899 134 134 134
-0.08780917 -0.02677969 0.27736902 132 132 132
-0.08788250 -0.02674827 0.27737406 136 136 136
-0.08768623 -0.02694618 0.27737093 116 116 116
-0.08775122 -0.02690060 0.27737197 136 136 136
-0.08781578 -0.02685779 0.27737156 114 114 114
-0.08792378 -0.02682274 0.27738035 117 117 117
-0.08773761 -0.02701372 0.27737749 114 114 114
-0.08781060 -0.02694417 0.27737993 115 115 115
-0.08786371 -0.02690593 0.27738082 117 117 117
-0.08902763 -0.03341573 0.28514782 125 125 125
-0.08767255 -0.02711456 0.27739352 127 127 127
-0.08777060 -0.02707862 0.27739826 112 112 112
-0.08925407 -0.03318602 0.28522587 110 110 110
-0.08905156 -0.03327840 0.28519189 123 123 123
-0.08897939 -0.03330207 0.28517440 123 123 123
-0.08771226 -0.02717123 0.27743137 112 112 112
-0.08764879 -0.02727694 0.27749717 118 118 118
-0.08910565 -0.03315732 0.28520307 114 114 114
-0.08903959 -0.03318962 0.28521827 118 118 118
-0.08899047 -0.03322014 0.28520221 124 124 124
-0.08903529 -0.03314623 0.28521609 118 118 118
-0.08894614 -0.03313467 0.28521702 121 121 121
-0.08847432 -0.02824837 0.27846318 100 100 100
-0.08855057 -0.02822605 0.27844402 117 117 117
-0.08853634 -0.02829267 0.27852267 100 100 100
-0.08858018 -0.02836603 0.27860731 101 101 101
-0.08865048 -0.02834342 0.27859315 115 115 115
-0.08863398 -0.02842089 0.27868012 104 104 104
-0.08868888 -0.02839049 0.27865386 104 104 104
-0.08865893 -0.02847314 0.27875045 104 104 104
-0.08572272 -0.03630508 0.28954756 134 134 134
-0.08575740 -0.03636857 0.28954938 134 134 134
-0.08569335 -0.03651805 0.28954783 129 129 129
-0.08568043 -0.03667109 0.28958139 129 129 129
-0.08566710 -0.03703827 0.28972098 110 110 110
-0.08571116 -0.03693037 0.28968373 110 110 110
-0.08551470 -0.02267018 0.27407643 120 120 120
-0.08552073 -0.02275194 0.27403152 120 120 120
-0.08558550 -0.02275761 0.27404201 120 120 120
-0.08556098 -0.02287124 0.27396938 120 120 120
-0.08556624 -0.02294314 0.27393296 122 122 122
-0.08562668 -0.02302925 0.27390915 124 124 124
-0.08561540 -0.02313895 0.27386487 122 122 122
-0.08566822 -0.02313210 0.27387917 123 123 123
-0.08561032 -0.02319345 0.27384692 122 122 122
-0.08567402 -0.02319613 0.27385810 122 122 122
-0.08573413 -0.02339446 0.27381176 124 124 124
-0.08709812 -0.02539718 0.27494180 106 106 106
-0.08788214 -0.02629733 0.27744150 109 109 109
-0.08782092 -0.02635719 0.27743888 119 119 119
-0.08791437 -0.02635727 0.27745146 119 119 119
-0.08782931 -0.02641719 0.27742603 120 120 120
-0.08788414 -0.02643477 0.27743018 118 118 118
-0.08787771 -0.02653009 0.27740243 125 125 125
-0.08788683 -0.02660336 0.27738687 127 127 127
-0.08793309 -0.02670227 0.27738070 132 132 132
-0.08793306 -0.02675846 0.27737921 136 136 136
-0.08931372 -0.02974356 0.28122756 119 119 119
-0.08940071 -0.02978126 0.28123721 125 125 125
-0.08946154 -0.02979972 0.28123936 127 127 127
-0.08937028 -0.02984790 0.28121784 124 124 124
-0.08945254 -0.02988432 0.28121722 129 129 129
-0.08934511 -0.02993586 0.28119007 127 127 127
-0.08943864 -0.02993870 0.28120065 130 130 130
-0.08931541 -0.03001629 0.28118557 126 126 126
-0.08939228 -0.03002685 0.28118658 130 130 130
-0.08929657 -0.03009837 0.28117874 125 125 125
-0.08938457 -0.03012462 0.28118786 130 130 130
-0.08929369 -0.03018145 0.28117642 122 122 122
-0.08935619 -0.03018884 0.28118828 131 131 131
-0.08921558 -0.03025267 0.28116879 121 121 121
-0.08927745 -0.03023935 0.28117847 125 125 125
-0.08920030 -0.03031779 0.28118750 124 124 124
-0.08927005 -0.03033539 0.28120121 127 127 127
-0.08923253 -0.03042456 0.28122938 118 118 118
-0.08923020 -0.03050743 0.28127146 116 116 116
-0.08921440 -0.03059070 0.28132087 110 110 110
-0.08926446 -0.03058842 0.28132251 113 113 113
-0.08573238 -0.03621611 0.28955752 125 125 125
-0.08574858 -0.03639659 0.28955099 134 134 134
-0.08572823 -0.03645987 0.28954989 126 126 126
-0.08573856 -0.03626249 0.28955469 134 134 134
-0.08926520 -0.03029339 0.28118768 127 127 127
-0.08932719 -0.03022803 0.28118587 125 125 125
-0.08925942 -0.03018875 0.28117406 122 122 122
-0.08932779 -0.03013792 0.28117940 125 125 125
-0.08927994 -0.03005506 0.28118271 125 125 125
-0.08940930 -0.03007647 0.28118917 130 130 130
-0.08935197 -0.03002149 0.28118521 126 126 126
-0.08930085 -0.02992946 0.28119159 127 127 127
-0.08941479 -0.02997236 0.28119189 130 130 130
-0.08935447 -0.02989625 0.28120074 124 124 124
-0.08930384 -0.02981651 0.28122440 121 121 121
-0.08902298 -0.02923327 0.27988738 101 101 101
-0.08899362 -0.02919558 0.27983132 95 95 95
-0.08897524 -0.02914332 0.27975702 104 104 104
-0.08893929 -0.02908738 0.27967471 94 94 94
-0.08889049 -0.02905470 0.27962142 103 103 103
-0.08708927 -0.02548582 0.27504888 102 102 102
-0.08703612 -0.02542942 0.27496836 105 105 105
-0.08701453 -0.02537963 0.27491572 105 105 105
-0.08699145 -0.02533127 0.27486047 101 101 101
-0.08694553 -0.02528576 0.27480310 110 110 110
-0.08691266 -0.02525071 0.27474928 102 102 102
-0.08687601 -0.02520961 0.27469340 102 102 102
-0.08715386 -0.02544870 0.27501789 103 103 103
-0.08712827 -0.02539299 0.27494812 106 106 106
-0.08792076 -0.02624767 0.27622890 104 104 104
-0.08786052 -0.02619455 0.27612847 104 104 104
-0.08784399 -0.02614747 0.27606821 85 85 85
-0.08783335 -0.02610189 0.27598953 95 95 95
-0.08799232 -0.02616607 0.27610764 98 98 98
-0.08423250 -0.02259821 0.27398753 114 114 114
-0.08427920 -0.02260158 0.27389240 113 113 113
-0.08906336 -0.02965533 0.28071228 114 114 114
-0.08908539 -0.02964382 0.28085110 110 110 110
-0.08913794 -0.02964130 0.28074870 114 114 114
-0.08914027 -0.02962738 0.28091118 110 110 110
-0.08918170 -0.02962884 0.28082126 114 114 114
-0.08918931 -0.02960958 0.28097525 103 103 103
-0.08955488 -0.03294982 0.28423154 105 105 105
-0.08951845 -0.03307895 0.28446540 118 118 118
-0.08955118 -0.03303937 0.28439116 107 107 107
-0.08958586 -0.03299424 0.28431442 111 111 111
-0.08956202 -0.03312176 0.28457522 114 114 114
-0.08958918 -0.03308133 0.28448758 113 113 113
-0.08963796 -0.03304550 0.28442776 117 117 117
-0.08939311 -0.03314147 0.28505057 79 79 79
-0.08961260 -0.03313944 0.28468442 116 116 116
-0.08943423 -0.03312073 0.28505495 82 82 82
-0.08953367 -0.03315587 0.28492942 111 111 111
-0.08959133 -0.03315432 0.28479695 111 111 111
-0.08959408 -0.03313765 0.28496873 116 116 116
-0.08917148 -0.02961982 0.28101379 103 103 103
-0.08813062 -0.02630713 0.27691504 109 109 109
-0.08805322 -0.02615396 0.27734700 99 99 99
-0.08810991 -0.02636658 0.27671024 103 103 103
-0.08810189 -0.02615926 0.27727884 105 105 105
-0.08804628 -0.02616555 0.27732310 104 104 104
-0.08801628 -0.02616668 0.27733043 98 98 98
-0.08912652 -0.02964429 0.28079194 110 110 110
-0.08798853 -0.02637515 0.27666014 120 120 120
-0.08810747 -0.02621910 0.27718419 101 101 101
-0.08817469 -0.02624175 0.27709594 102 102 102
-0.08797426 -0.02638381 0.27659333 124 124 124
-0.08816388 -0.02627554 0.27701271 109 109 109
-0.08915725 -0.02962660 0.28089088 110 110 110
-0.08921780 -0.02961341 0.28086528 110 110 110
-0.08757202 -0.02587165 0.27562821 97 97 97
-0.08762081 -0.02592992 0.27570295 92 92 92
-0.08767316 -0.02596842 0.27576768 92 92 92
-0.08770675 -0.02601846 0.27583119 95 95 95
-0.08776424 -0.02607515 0.27591622 95 95 95
-0.08956414 -0.03310945 0.28454408 113 113 113
-0.08954656 -0.03313326 0.28461114 114 114 114
-0.08957447 -0.03316001 0.28484091 111 111 111
-0.08957873 -0.03315093 0.28492054 111 111 111
-0.08944370 -0.03315081 0.28496674 115 115 115
-0.08951590 -0.03312716 0.28502700 113 113 113
-0.08939969 -0.03312877 0.28508365 110 110 110
-0.08941061 -0.03312790 0.28505576 108 108 108
-0.08926404 -0.03014386 0.28117573 122 122 122
-0.08735093 -0.02571082 0.27539283 104 104 104
-0.08749173 -0.02580420 0.27553740 96 96 96
-0.08780190 -0.02627046 0.27746651 114 114 114
-0.08790388 -0.02626354 0.27745122 120 120 120
-0.08782589 -0.02638950 0.27743253 119 119 119
-0.08935014 -0.02978132 0.28123304 125 125 125
-0.08941733 -0.02982624 0.28122762 127 127 127
-0.08931442 -0.02988848 0.28120422 124 124 124
-0.08939436 -0.02991184 0.28120008 124 124 124
-0.08929382 -0.02996574 0.28118736 127 127 127
-0.08935385 -0.02998692 0.28118467 127 127 127
-0.08934325 -0.03006710 0.28118327 125 125 125
-0.08904567 -0.03316883 0.28522098 118 118 118
-0.08914503 -0.03317918 0.28520289 114 114 114
-0.08899930 -0.03325176 0.28519291 124 124 124
-0.08898079 -0.03336299 0.28515545 127 127 127
-0.08901083 -0.03346379 0.28513226 127 127 127
-0.08907329 -0.03348193 0.28514007 126 126 126
-0.08903544 -0.03356597 0.28511924 127 127 127
-0.08912292 -0.03358370 0.28513515 124 124 124
-0.08790480 -0.02614989 0.27607805 85 85 85
-0.08788807 -0.02610337 0.27601057 95 95 95
-0.08787642 -0.02606191 0.27593824 91 91 91
-0.08919655 -0.02961021 0.28100726 103 103 103
-0.08715807 -0.02554168 0.27514184 98 98 98
-0.08720302 -0.02549174 0.27508548 103 103 103
-0.08722756 -0.02564568 0.27528679 98 98 98
-0.08723701 -0.02559347 0.27521655 101 101 101
-0.08725782 -0.02556009 0.27517912 105 105 105
-0.08730420 -0.02569794 0.27536020 106 106 106
-0.08728967 -0.02565787 0.27530357 97 97 97
-0.08732913 -0.02560601 0.27524498 97 97 97
-0.08908597 -0.03320255 0.28521419 114 114 114
-0.08902728 -0.03322041 0.28520682 124 124 124
-0.08906901 -0.03315483 0.28521577 118 118 118
-0.08899314 -0.03317701 0.28521436 121 121 121
-0.08782603 -0.02631399 0.27744585 119 119 119
-0.08791704 -0.02630647 0.27745390 120 120 120
-0.08779301 -0.02639075 0.27743208 119 119 119
-0.08788986 -0.02638643 0.27744082 119 119 119
-0.08613992 -0.03631727 0.28953150 133 133 133
-0.08804511 -0.02615413 0.27734864 115 115 115
-0.08807431 -0.02613766 0.27734572 110 110 110
-0.08963437 -0.03313240 0.28494784 116 116 116
-0.08953252 -0.03313053 0.28501818 113 113 113
-0.08947493 -0.03312158 0.28503978 114 114 114
-0.08959325 -0.03315463 0.28485411 111 111 111
-0.08949839 -0.03315866 0.28493401 111 111 111
-0.08942473 -0.03313928 0.28501168 115 115 115
-0.08816569 -0.02631180 0.27686971 108 108 108
-0.08812241 -0.02629379 0.27697355 109 109 109
-0.08819102 -0.02628131 0.27696523 109 109 109
-0.08813815 -0.02627136 0.27704751 100 100 100
-0.08819473 -0.02626099 0.27702925 107 107 107
-0.08813272 -0.02624443 0.27713421 101 101 101
-0.08814833 -0.02620033 0.27719405 101 101 101
-0.08571888 -0.03617794 0.28956005 121 121 121
-0.08774421 -0.02593876 0.27573782 92 92 92
-0.08772203 -0.02598626 0.27579251 95 95 95
-0.08781904 -0.02598524 0.27581301 95 95 95
-0.08772638 -0.02603606 0.27585259 97 97 97
-0.08777983 -0.02604111 0.27586487 95 95 95
-0.08786645 -0.02604192 0.27590463 91 91 91
-0.08778847 -0.02608723 0.27594218 87 87 87
-0.08778869 -0.02632429 0.27744946 114 114 114
-0.08786847 -0.02633693 0.27744082 119 119 119
-0.08783533 -0.02645228 0.27741659 120 120 120
-0.08804413 -0.02633615 0.27639368 97 97 97
-0.08800508 -0.02636691 0.27645421 113 113 113
-0.08795900 -0.02639298 0.27654609 124 124 124
-0.08798961 -0.02637458 0.27663171 120 120 120
-0.08915680 -0.02963554 0.28075123 114 114 114
-0.08917552 -0.02962474 0.28087166 110 110 110
-0.08910218 -0.02963279 0.28091243 117 117 117
-0.08816923 -0.02636304 0.27671027 103 103 103
-0.08804505 -0.02631741 0.27636331 111 111 111
-0.08798288 -0.02636852 0.27641642 103 103 103
-0.08958299 -0.03315780 0.28482890 113 113 113
-0.08955985 -0.03313399 0.28499597 113 113 113
-0.08939283 -0.03315108 0.28500974 96 96 96
-0.08804307 -0.02636663 0.27668321 118 118 118
-0.08814730 -0.02637074 0.27667451 103 103 103
-0.08813582 -0.02632072 0.27685750 108 108 108
-0.08820233 -0.02634599 0.27674881 110 110 110
-0.08813615 -0.02628333 0.27700448 109 109 109
-0.08815574 -0.02622877 0.27714530 101 101 101
-0.08940353 -0.03315675 0.28496864 96 96 96
-0.08947602 -0.03315311 0.28495783 111 111 111
-0.08933839 -0.03316687 0.28514624 108 108 108
-0.08923575 -0.03315298 0.28509513 112 112 112
-0.08937425 -0.03318576 0.28522345 112 112 112
-0.08939338 -0.03313831 0.28514206 106 106 106
-0.08915044 -0.03314291 0.28515297 112 112 112
-0.08927844 -0.03317228 0.28517565 110 110 110
-0.08930836 -0.03315959 0.28505966 109 109 109
-0.08936589 -0.03315516 0.28504100 100 100 100
-0.08920897 -0.03317877 0.28519207 111 111 111
-0.08719306 -0.02547038 0.27505788 101 101 101
-0.08717965 -0.02545322 0.27503318 102 102 102
-0.08920977 -0.02966017 0.28113443 109 109 109
-0.08925577 -0.02970583 0.28119737 114 114 114
-0.08921294 -0.02961915 0.28105772 104 104 104
-0.08788950 -0.02619658 0.27740750 109 109 109
-0.08784061 -0.02620626 0.27744654 107 107 107
-0.08788078 -0.02623299 0.27744633 114 114 114
-0.08818607 -0.02632379 0.27681944 108 108 108
